  2015.0   14.068037379937198 
  2016.0   13.450477132915912 
  2017.0   13.443221991284208 
  2018.0   14.43031733148814 
  2019.0   14.456588788943119 
  2020.0   14.026363133340926 
  2021.0   14.20641194475795 
  2022.0   14.963273394667969 
  2023.0   15.136994594628131 
  2024.0   14.787757956841105 
  2025.0   14.201128306547036 
  2026.0   14.323043198096231 
  2027.0   14.441818268239054 
  2028.0   14.609279164977666 
  2029.0   13.518139583195504 
  2030.0   14.449107227044598 
  2031.0   14.165155727633898 
  2032.0   14.786355971217864 
  2033.0   14.183427793996533 
  2034.0   14.045879380012536 
  2035.0   15.258715814626722 
  2036.0   13.978167574691556 
  2037.0   14.459656219311794 
  2038.0   14.77814006752847 
  2039.0   15.96166290743553 
  2040.0   15.893011729217902 
  2041.0   14.568838330788733 
  2042.0   14.218923961674472 
  2043.0   15.268876602157317 
  2044.0   15.650314261672197 
  2045.0   14.63663309766789 
  2046.0   13.654033357513732 
  2047.0   15.135239798657599 
  2048.0   14.660435170013779 
  2049.0   14.636214343015013 
  2050.0   14.93604574431967 
  2051.0   14.618211416062667 
  2052.0   14.707379916077295 
  2053.0   15.518717987030584 
  2054.0   13.875384046474387 
  2055.0   13.852203646079474 
  2056.0   14.398499333974089 
  2057.0   15.576821343629101 
  2058.0   15.443270485879577 
  2059.0   15.079737606354893 
  2060.0   14.373393116530892 
  2061.0   14.082974135043452 
  2062.0   15.126504567736927 
  2063.0   15.611171261325298 
  2064.0   16.120573358500994 
  2065.0   15.991526772494135 
  2066.0   14.688729553212506 
  2067.0   15.706160250872589 
  2068.0   15.053270221699306 
  2069.0   14.926209857219346 
  2070.0   16.421314476429476 
  2071.0   15.979639133332277 
  2072.0   16.55797958636778 
  2073.0   16.0228303683075 
  2074.0   15.936565761520018 
  2075.0   15.80733512822247 
  2076.0   15.851371386127845 
  2077.0   14.723997734396837 
  2078.0   14.623024469965603 
  2079.0   15.46189810180602 
  2080.0   15.158009141425401 
  2081.0   14.415616766578244 
  2082.0   14.499132432347738 
  2083.0   14.965261662616708 
  2084.0   16.74488239664279 
  2085.0   15.713246017982664 
  2086.0   14.594999904429113 
  2087.0   15.688675159009588 
  2088.0   15.568122843059568 
  2089.0   15.135603994986596 
  2090.0   14.63352373793329 
  2091.0   15.223564955262955 
  2092.0   15.204705957551209 
  2093.0   14.564295835570197 
  2094.0   15.591788107412599 
  2095.0   15.598834965603768 
  2096.0   15.173592160421977 
  2097.0   14.917306851487838 
  2098.0   14.667789299135018 
  2099.0   14.185931871829215 
  2100.0   14.414130330934869 
