  2015.0   1.3799482990870524e-09 
  2016.0   1.3592037477913936e-09 
  2017.0   1.380034644846526e-09 
  2018.0   1.325268856992384e-09 
  2019.0   1.3441550471563577e-09 
  2020.0   1.2921763618351237e-09 
  2021.0   1.3556423758373672e-09 
  2022.0   1.2953554446541382e-09 
  2023.0   1.3223760776318219e-09 
  2024.0   1.3175155473460113e-09 
  2025.0   1.3336370427895208e-09 
  2026.0   1.2791799978010375e-09 
  2027.0   1.2693976766524429e-09 
  2028.0   1.2993511098833546e-09 
  2029.0   1.3179188394170754e-09 
  2030.0   1.318801236585971e-09 
  2031.0   1.2808100437633318e-09 
  2032.0   1.2793677824576669e-09 
  2033.0   1.319937756306813e-09 
  2034.0   1.331734953185256e-09 
  2035.0   1.3086467685785566e-09 
  2036.0   1.3062978160287873e-09 
  2037.0   1.3696970929201136e-09 
  2038.0   1.3213340807840556e-09 
  2039.0   1.404803488113256e-09 
  2040.0   1.3317596603525867e-09 
  2041.0   1.3991097573960159e-09 
  2042.0   1.373488612893299e-09 
  2043.0   1.4050505315492364e-09 
  2044.0   1.3994407730092165e-09 
  2045.0   1.3843262800919052e-09 
  2046.0   1.4059486246770284e-09 
  2047.0   1.402347356676385e-09 
  2048.0   1.4455232215917328e-09 
  2049.0   1.428555915344898e-09 
  2050.0   1.326513427765682e-09 
  2051.0   1.4775159843256756e-09 
  2052.0   1.4639301964303939e-09 
  2053.0   1.4180622636111973e-09 
  2054.0   1.415368057823643e-09 
  2055.0   1.4326362645187632e-09 
  2056.0   1.452114785807467e-09 
  2057.0   1.435847379893926e-09 
  2058.0   1.4573414016900484e-09 
  2059.0   1.4356913588647447e-09 
  2060.0   1.3725316211409885e-09 
  2061.0   1.5291149232466253e-09 
  2062.0   1.437150955340554e-09 
  2063.0   1.5209390312245457e-09 
  2064.0   1.4359737385618818e-09 
  2065.0   1.4779465534780746e-09 
  2066.0   1.4761510896551364e-09 
  2067.0   1.5294108473330715e-09 
  2068.0   1.4968810643223753e-09 
  2069.0   1.4984333562140297e-09 
  2070.0   1.556501424691585e-09 
  2071.0   1.573232278850917e-09 
  2072.0   1.5239926166841465e-09 
  2073.0   1.6295045451604812e-09 
  2074.0   1.581668407504418e-09 
  2075.0   1.675168307657464e-09 
  2076.0   1.6108453748221618e-09 
  2077.0   1.6237302437905845e-09 
  2078.0   1.6353421987625342e-09 
  2079.0   1.7154994013528067e-09 
  2080.0   1.6949551365548039e-09 
  2081.0   1.680104185274618e-09 
  2082.0   1.7119633164738923e-09 
  2083.0   1.7584287457615784e-09 
  2084.0   1.7464172538995203e-09 
  2085.0   1.7335272813156289e-09 
  2086.0   1.763971066849706e-09 
  2087.0   1.8556270286329928e-09 
  2088.0   1.7479913648625925e-09 
  2089.0   1.8702974770444146e-09 
  2090.0   1.806498006872884e-09 
  2091.0   1.9131102121382513e-09 
  2092.0   1.8240775024503724e-09 
  2093.0   1.9318131211186634e-09 
  2094.0   1.935159245882612e-09 
  2095.0   1.871093361798546e-09 
  2096.0   1.8403077423474202e-09 
  2097.0   1.888181511158871e-09 
  2098.0   1.8642592662683895e-09 
  2099.0   1.8664306999734735e-09 
  2100.0   1.8996101044843734e-09 
