  2015.0   200.82103638041454 
  2016.0   200.76061123345758 
  2017.0   200.75546039552754 
  2018.0   200.75424851076696 
  2019.0   200.68862067268827 
  2020.0   200.5800563308446 
  2021.0   200.53840836208903 
  2022.0   200.4313878000141 
  2023.0   200.30430622591086 
  2024.0   200.21666882371792 
  2025.0   200.275455955963 
  2026.0   200.23410716995102 
  2027.0   200.06786407996833 
  2028.0   200.02842316786845 
  2029.0   200.11798246832794 
  2030.0   200.1710664947399 
  2031.0   200.14743505529106 
  2032.0   200.10036552989837 
  2033.0   200.03643788359435 
  2034.0   199.9025600722343 
  2035.0   199.81571263941598 
  2036.0   199.7455862413908 
  2037.0   199.74613778729451 
  2038.0   199.77644521182174 
  2039.0   199.78707890620583 
  2040.0   199.75263473976594 
  2041.0   199.74776446917448 
  2042.0   199.75026440301036 
  2043.0   199.70193367574103 
  2044.0   199.77238522144825 
  2045.0   199.84121128639305 
  2046.0   199.88642435733925 
  2047.0   199.91270533064724 
  2048.0   199.93562564487135 
  2049.0   199.92338534284298 
  2050.0   199.772683154847 
  2051.0   199.74169612578675 
  2052.0   199.80259716573758 
  2053.0   199.80585669893568 
  2054.0   199.8871006871619 
  2055.0   199.89045381181387 
  2056.0   199.86657470628683 
  2057.0   199.8724271370851 
  2058.0   199.9720922562131 
  2059.0   199.99623394451893 
  2060.0   199.80172148936688 
  2061.0   199.8152837930738 
  2062.0   199.7830252395815 
  2063.0   199.72865438690465 
  2064.0   199.67925698436474 
  2065.0   199.52819216407298 
  2066.0   199.40122855175932 
  2067.0   199.34718513771026 
  2068.0   199.280036040116 
  2069.0   199.2390760455837 
  2070.0   199.27549803596952 
  2071.0   199.267364001429 
  2072.0   199.18018463119898 
  2073.0   199.1272264187069 
  2074.0   199.15036725039428 
  2075.0   199.1963222298275 
  2076.0   199.188447077632 
  2077.0   199.168503774624 
  2078.0   199.15682605055312 
  2079.0   199.17588945684145 
  2080.0   199.1475708137907 
  2081.0   199.0654840032678 
  2082.0   198.93096083849056 
  2083.0   198.82521350514878 
  2084.0   198.76955310430264 
  2085.0   198.7192655327801 
  2086.0   198.610548188904 
  2087.0   198.55439023134417 
  2088.0   198.4533502772514 
  2089.0   198.4296292911052 
  2090.0   198.49054483675363 
  2091.0   198.5376172095965 
  2092.0   198.48208618371473 
  2093.0   198.45831408893093 
  2094.0   198.5339456101852 
  2095.0   198.5455420452643 
  2096.0   198.455175244998 
  2097.0   198.26939393608868 
  2098.0   198.14543671467123 
  2099.0   198.08107403335146 
  2100.0   197.95105638303636 
