  2015.0   4.162633973918837 
  2016.0   4.256015787367431 
  2017.0   4.266422503496543 
  2018.0   4.215475076696639 
  2019.0   4.100089541282352 
  2020.0   4.1875515021100504 
  2021.0   4.170366139393389 
  2022.0   4.174503968186947 
  2023.0   4.187951853080607 
  2024.0   4.266654591694087 
  2025.0   4.288961326012004 
  2026.0   4.239811383784632 
  2027.0   4.120888610804856 
  2028.0   4.326845044969102 
  2029.0   4.3373618112470895 
  2030.0   4.340478064872972 
  2031.0   4.148717051801306 
  2032.0   4.245606889945345 
  2033.0   4.224672620577447 
  2034.0   4.162200610210273 
  2035.0   4.189236616074794 
  2036.0   4.309825964494513 
  2037.0   4.237488302153713 
  2038.0   4.292141930688702 
  2039.0   4.274574809236517 
  2040.0   4.272723507031995 
  2041.0   4.365629024258225 
  2042.0   4.28489976114193 
  2043.0   4.291286376758712 
  2044.0   4.4029151244793905 
  2045.0   4.346512027424667 
  2046.0   4.3556983614454055 
  2047.0   4.3420559148098965 
  2048.0   4.370765730080509 
  2049.0   4.212510895636374 
  2050.0   4.133918389149033 
  2051.0   4.296164856141425 
  2052.0   4.346661525181385 
  2053.0   4.33500081249833 
  2054.0   4.354681955199958 
  2055.0   4.366699048222589 
  2056.0   4.315353027960369 
  2057.0   4.355410466902273 
  2058.0   4.382398820956679 
  2059.0   4.301304871877354 
  2060.0   4.074068006445279 
  2061.0   4.316637540591197 
  2062.0   4.222850769801334 
  2063.0   4.279766042494731 
  2064.0   4.146912631321631 
  2065.0   4.152322851654792 
  2066.0   4.076393475385407 
  2067.0   4.231579656011543 
  2068.0   4.231372637812622 
  2069.0   4.2055528772249255 
  2070.0   4.272718461713218 
  2071.0   4.153145734414898 
  2072.0   4.176302376341429 
  2073.0   4.215129603689266 
  2074.0   4.2490381487494995 
  2075.0   4.269075634944298 
  2076.0   4.161575325541977 
  2077.0   4.23529080685734 
  2078.0   4.172080366949071 
  2079.0   4.182076548895293 
  2080.0   4.120567522724167 
  2081.0   4.096329218644419 
  2082.0   4.068618519541747 
  2083.0   4.063807320602672 
  2084.0   4.114615016928613 
  2085.0   4.095252911403143 
  2086.0   4.022950822762402 
  2087.0   4.139330588125721 
  2088.0   4.055003600795415 
  2089.0   4.100916212736992 
  2090.0   4.1480539735495014 
  2091.0   4.185317805416764 
  2092.0   4.1469698947980635 
  2093.0   4.1261075044703395 
  2094.0   4.169873662378769 
  2095.0   4.073143745898466 
  2096.0   3.8787209747049043 
  2097.0   3.871873807616859 
  2098.0   3.94214403899286 
  2099.0   3.9794979994077093 
  2100.0   3.959304860774733 
