  2015.0   119.02239170881403 
  2016.0   119.15926053191524 
  2017.0   119.1968602738305 
  2018.0   119.27261496996725 
  2019.0   119.33647321747081 
  2020.0   119.27885327661116 
  2021.0   119.03306965769697 
  2022.0   119.15364912010918 
  2023.0   119.18793491646309 
  2024.0   119.32294904678484 
  2025.0   119.90976404733449 
  2026.0   120.31607210499152 
  2027.0   120.32535243282764 
  2028.0   120.45277947272726 
  2029.0   120.3944321466482 
  2030.0   120.70232548149382 
  2031.0   120.89288329338356 
  2032.0   120.74343226120189 
  2033.0   120.54684704288243 
  2034.0   120.84703863298532 
  2035.0   121.34791237519852 
  2036.0   121.45994097238348 
  2037.0   121.12828243360721 
  2038.0   121.53857612607162 
  2039.0   121.8314818008661 
  2040.0   122.23433128718874 
  2041.0   122.40192275242636 
  2042.0   122.7242151100963 
  2043.0   122.9355160499954 
  2044.0   122.56960897526235 
  2045.0   122.7132670366416 
  2046.0   122.74160356342817 
  2047.0   122.76295823539196 
  2048.0   122.91231940259563 
  2049.0   122.75493250461247 
  2050.0   122.54726269721445 
  2051.0   122.71427932195687 
  2052.0   123.18300826476371 
  2053.0   123.18212077183031 
  2054.0   123.42222851626329 
  2055.0   123.67474780190543 
  2056.0   123.79578179664837 
  2057.0   123.91319734291544 
  2058.0   123.90973626080873 
  2059.0   124.30477710759847 
  2060.0   124.27407669222963 
  2061.0   124.58494500686233 
  2062.0   124.1047180550898 
  2063.0   124.15736349997181 
  2064.0   124.59871540862395 
  2065.0   124.49103733315238 
  2066.0   124.54660755753116 
  2067.0   124.32834778195206 
  2068.0   124.6188879829439 
  2069.0   124.51291084005085 
  2070.0   124.50280945071793 
  2071.0   124.36684884124719 
  2072.0   124.5629695159879 
  2073.0   124.76253474151049 
  2074.0   124.62683641480297 
  2075.0   124.798450023572 
  2076.0   125.77284181340292 
  2077.0   125.76637085464696 
  2078.0   125.70463238268945 
  2079.0   125.5819156786771 
  2080.0   125.3349473104392 
  2081.0   125.20941277980806 
  2082.0   125.07812424923785 
  2083.0   125.39149996745746 
  2084.0   125.36782199288224 
  2085.0   125.35145916264628 
  2086.0   125.4332639951429 
  2087.0   125.31144296486734 
  2088.0   125.1826684134551 
  2089.0   124.98432207214245 
  2090.0   124.66493508302271 
  2091.0   124.72502609738724 
  2092.0   124.80822562377917 
  2093.0   124.92895063567627 
  2094.0   124.9340718933734 
  2095.0   124.6382357194723 
  2096.0   124.56010948109538 
  2097.0   124.74387420901326 
  2098.0   124.91863875757701 
  2099.0   124.99092536779474 
  2100.0   124.73194139623871 
