  2015.0   2.243380283184365 
  2016.0   2.217505752094637 
  2017.0   2.1857323649167997 
  2018.0   2.2232270479437117 
  2019.0   2.332721444170816 
  2020.0   2.3674482267454393 
  2021.0   2.3252176846857084 
  2022.0   2.323603632041446 
  2023.0   2.2754173612067747 
  2024.0   2.107327647265858 
  2025.0   2.273369583012682 
  2026.0   2.405055394374145 
  2027.0   2.356481632310869 
  2028.0   2.301987117094687 
  2029.0   2.364221115000161 
  2030.0   2.3907582497741706 
  2031.0   2.303320040836133 
  2032.0   2.277843406888971 
  2033.0   2.336709002155494 
  2034.0   2.3469658639863042 
  2035.0   2.3377279611228596 
  2036.0   2.5074577213026057 
  2037.0   2.601088450283701 
  2038.0   2.4048307678900684 
  2039.0   2.313644921347193 
  2040.0   2.359556729155433 
  2041.0   2.302098522633567 
  2042.0   2.4200783188448702 
  2043.0   2.491525462391156 
  2044.0   2.4971772365096285 
  2045.0   2.297298280940128 
  2046.0   2.2190585852140705 
  2047.0   2.323783991580249 
  2048.0   2.398391266995938 
  2049.0   2.333556526056224 
  2050.0   2.336310001052507 
  2051.0   2.375937255369825 
  2052.0   2.505659379759002 
  2053.0   2.4089274444172255 
  2054.0   2.3423304401418905 
  2055.0   2.2840357102344955 
  2056.0   2.2928425997042283 
  2057.0   2.2660055050167327 
  2058.0   2.2930819715793023 
  2059.0   2.424203949097194 
  2060.0   2.302102380259963 
  2061.0   2.313001663432851 
  2062.0   2.3308334984626744 
  2063.0   2.240778889872606 
  2064.0   2.309077852443731 
  2065.0   2.34288689828222 
  2066.0   2.3016367761075047 
  2067.0   2.393683988440768 
  2068.0   2.4475692078028506 
  2069.0   2.4085469483445907 
  2070.0   2.3317379050510807 
  2071.0   2.328927343054119 
  2072.0   2.519983028158317 
  2073.0   2.358114972191164 
  2074.0   2.310321915972328 
  2075.0   2.3140484547139066 
  2076.0   2.3907303933325545 
  2077.0   2.390626356566677 
  2078.0   2.4320915669999335 
  2079.0   2.305469071204894 
  2080.0   2.4052007764542207 
  2081.0   2.413104627450009 
  2082.0   2.450409730363862 
  2083.0   2.2495428557011468 
  2084.0   2.3337320894142395 
  2085.0   2.231623154304255 
  2086.0   2.023551945570017 
  2087.0   2.3723558371087434 
  2088.0   2.454184588950306 
  2089.0   2.3835654230064245 
  2090.0   2.20825594274886 
  2091.0   2.234391240940869 
  2092.0   2.396347469494408 
  2093.0   2.299113956171366 
  2094.0   2.2703873555268133 
  2095.0   2.299056824336409 
  2096.0   2.195452061629078 
  2097.0   2.229858200180835 
  2098.0   2.392887092900129 
  2099.0   2.2641500534573398 
  2100.0   2.1195424249523276 
