  2015.0   20.773220723748725 
  2016.0   20.739716749283208 
  2017.0   20.69058186911101 
  2018.0   20.62680669181434 
  2019.0   20.574939451136437 
  2020.0   20.646349622233572 
  2021.0   20.644787250153712 
  2022.0   20.726830427804998 
  2023.0   20.705625314846 
  2024.0   20.695219196758575 
  2025.0   20.632493251394184 
  2026.0   20.686540162139984 
  2027.0   20.757567558865727 
  2028.0   20.825950006905558 
  2029.0   20.842508628752306 
  2030.0   20.79071991192053 
  2031.0   20.737818344716754 
  2032.0   20.793071963664605 
  2033.0   20.722895524934945 
  2034.0   20.740568754838225 
  2035.0   20.902429335751478 
  2036.0   20.83740316930215 
  2037.0   20.877886099602428 
  2038.0   20.912793877450948 
  2039.0   20.902089492986377 
  2040.0   21.000547792917672 
  2041.0   21.14189085450933 
  2042.0   21.203675114449293 
  2043.0   21.194293150624436 
  2044.0   21.155659003378585 
  2045.0   21.225243267689713 
  2046.0   21.212137936232303 
  2047.0   21.265168898346417 
  2048.0   21.193743840572214 
  2049.0   21.254189268654166 
  2050.0   21.175462274130417 
  2051.0   21.135310872010322 
  2052.0   21.074843464765493 
  2053.0   21.148137657928096 
  2054.0   21.27787095749616 
  2055.0   21.28336581895779 
  2056.0   21.280134074746073 
  2057.0   21.298866055305286 
  2058.0   21.268089923265464 
  2059.0   21.389255453343512 
  2060.0   21.44077610706193 
  2061.0   21.505508643922077 
  2062.0   21.49226481493177 
  2063.0   21.585007692579175 
  2064.0   21.51346969370207 
  2065.0   21.53641889553651 
  2066.0   21.513113396120524 
  2067.0   21.556348182221907 
  2068.0   21.70267855799126 
  2069.0   21.647747458148405 
  2070.0   21.710790684903376 
  2071.0   21.700990658600215 
  2072.0   21.621595790043422 
  2073.0   21.6049492858502 
  2074.0   21.680835128182505 
  2075.0   21.670961445499945 
  2076.0   21.73925799925242 
  2077.0   21.67505718073544 
  2078.0   21.643703930671442 
  2079.0   21.622275092964706 
  2080.0   21.608179482473297 
  2081.0   21.659906782222112 
  2082.0   21.678533272380257 
  2083.0   21.63263666429331 
  2084.0   21.58319250191346 
  2085.0   21.67833397322379 
  2086.0   21.875256324665937 
  2087.0   21.778697454545206 
  2088.0   21.71911753742833 
  2089.0   21.648106079505954 
  2090.0   21.786690144204517 
  2091.0   21.78544217490233 
  2092.0   21.919292922955883 
  2093.0   21.901770526194277 
  2094.0   21.857844570149023 
  2095.0   21.851344566883387 
  2096.0   21.970114813310033 
  2097.0   21.99854159564631 
  2098.0   21.918809825250914 
  2099.0   21.866027076212085 
  2100.0   21.804861669425406 
