  2015.0   294.60405133718496 
  2016.0   294.53251768233264 
  2017.0   294.89449850038983 
  2018.0   295.242220448605 
  2019.0   294.51513117198573 
  2020.0   295.1711319117166 
  2021.0   295.21661845440786 
  2022.0   295.4429974191224 
  2023.0   294.76514696547963 
  2024.0   294.83707956622504 
  2025.0   295.03844089594514 
  2026.0   294.70858618788253 
  2027.0   295.4512070974059 
  2028.0   295.10188454106867 
  2029.0   294.60290189614403 
  2030.0   294.8437344060765 
  2031.0   295.3601072061802 
  2032.0   295.36024799536114 
  2033.0   295.7759875608394 
  2034.0   295.65992406677714 
  2035.0   295.0685644803805 
  2036.0   295.6083801643654 
  2037.0   295.3140923765663 
  2038.0   294.9413853303884 
  2039.0   295.08036204137454 
  2040.0   295.3162926827311 
  2041.0   295.0244167335201 
  2042.0   295.41335514576 
  2043.0   295.85076379386567 
  2044.0   295.43164450574375 
  2045.0   295.45068044288337 
  2046.0   295.7286897487901 
  2047.0   295.18030884766694 
  2048.0   295.7591036127846 
  2049.0   295.74797187936355 
  2050.0   295.8266878860459 
  2051.0   295.86491026276303 
  2052.0   295.8520404498962 
  2053.0   295.89491252328025 
  2054.0   295.98270118712514 
  2055.0   295.1793415360332 
  2056.0   294.9469391573709 
  2057.0   295.371809628908 
  2058.0   295.9873922187268 
  2059.0   296.03968428438753 
  2060.0   295.94760929022135 
  2061.0   295.8864807856476 
  2062.0   296.0165484642011 
  2063.0   296.2562458233514 
  2064.0   295.5583048959731 
  2065.0   296.11484675746203 
  2066.0   296.0902790143263 
  2067.0   295.00652735720405 
  2068.0   295.30895327469403 
  2069.0   295.72228038749336 
  2070.0   295.8749530452487 
  2071.0   296.31177489679015 
  2072.0   296.1374885838698 
  2073.0   295.8565341137743 
  2074.0   295.6420438989686 
  2075.0   296.09951956764934 
  2076.0   295.689780526353 
  2077.0   295.9096571571947 
  2078.0   296.24181308397766 
  2079.0   296.2163760958096 
  2080.0   295.97480705904593 
  2081.0   296.55642277618364 
  2082.0   296.1181123249479 
  2083.0   295.806410437186 
  2084.0   295.41141240160283 
  2085.0   295.56578793349877 
  2086.0   296.0523039305913 
  2087.0   295.27539109381297 
  2088.0   295.70168865665124 
  2089.0   295.68734234353195 
  2090.0   296.07610181452344 
  2091.0   296.02920208849497 
  2092.0   295.64085214901286 
  2093.0   296.2416601388811 
  2094.0   295.802991470443 
  2095.0   295.84453418682654 
  2096.0   295.63503126886167 
  2097.0   296.35355373197194 
  2098.0   295.7912589428729 
  2099.0   295.8031071243098 
  2100.0   296.266500545872 
