  2015.0   2.1450218458755526 
  2016.0   2.2307316380076756 
  2017.0   2.15676287335742 
  2018.0   2.194508277372545 
  2019.0   2.5982196236275295 
  2020.0   2.326452304296398 
  2021.0   2.028842030106826 
  2022.0   2.3067657545589535 
  2023.0   2.4805929744898716 
  2024.0   2.250537836549983 
  2025.0   1.978061014189937 
  2026.0   2.32884680734441 
  2027.0   2.549941349418796 
  2028.0   2.210773238560776 
  2029.0   2.2161088234689172 
  2030.0   2.306701102456192 
  2031.0   2.324979858224734 
  2032.0   2.2119903032530974 
  2033.0   2.3886187334300053 
  2034.0   2.3452985413633396 
  2035.0   1.9771561920838165 
  2036.0   2.278552542773226 
  2037.0   2.489249266355786 
  2038.0   2.2608720639423843 
  2039.0   2.128044568269888 
  2040.0   2.182558718814673 
  2041.0   2.062044326647557 
  2042.0   2.352450833816451 
  2043.0   2.423879216999705 
  2044.0   2.198102862539383 
  2045.0   2.4623403184598316 
  2046.0   2.198277843579017 
  2047.0   2.037910743316193 
  2048.0   2.3517462595667764 
  2049.0   2.337985489137824 
  2050.0   2.129610380559228 
  2051.0   2.289785827643066 
  2052.0   2.3241572163872153 
  2053.0   2.4088565450752593 
  2054.0   2.0505023146971673 
  2055.0   2.1577473220889125 
  2056.0   2.317160968042605 
  2057.0   2.3166231516936424 
  2058.0   1.9948286287082626 
  2059.0   2.09207806424066 
  2060.0   2.266405213143919 
  2061.0   2.5722346202349096 
  2062.0   2.1864699320672947 
  2063.0   1.9854329305689247 
  2064.0   2.2444001924705956 
  2065.0   2.408494904021059 
  2066.0   2.229137042369713 
  2067.0   2.1282708481386288 
  2068.0   2.196638054194991 
  2069.0   2.1383826351433086 
  2070.0   2.230218401361381 
  2071.0   2.2625073907876554 
  2072.0   2.1454345976260347 
  2073.0   2.0189718164862858 
  2074.0   2.1507243416593593 
  2075.0   2.491809778392465 
  2076.0   2.1078419473507553 
  2077.0   2.0829184478394187 
  2078.0   2.3265799756780994 
  2079.0   2.035686909293648 
  2080.0   2.2415932070090734 
  2081.0   2.173618760749275 
  2082.0   2.187280163921439 
  2083.0   2.176787542448958 
  2084.0   2.221698055966876 
  2085.0   2.010159431649866 
  2086.0   2.3027190366001746 
  2087.0   2.160944808066404 
  2088.0   2.232599827526063 
  2089.0   2.277669104025796 
  2090.0   2.1808240706750173 
  2091.0   2.13735422526856 
  2092.0   2.2429132559433738 
  2093.0   2.11965722617841 
  2094.0   2.0617731477119268 
  2095.0   2.1773435137307975 
  2096.0   2.3220214520313602 
  2097.0   2.21159915978479 
  2098.0   2.0729875675956473 
  2099.0   2.1201958450711937 
  2100.0   2.18738731875291 
