  2015.0   0.2143067851502427 
  2016.0   0.1946033268522743 
  2017.0   0.17565970148536628 
  2018.0   0.1571388895112367 
  2019.0   0.13289837324775633 
  2020.0   0.11863994309210339 
  2021.0   0.1072415711674083 
  2022.0   0.09491053305842011 
  2023.0   0.08603986667485812 
  2024.0   0.08116439158306579 
  2025.0   0.07972282040869916 
  2026.0   0.07786815775221184 
  2027.0   0.07589169109319166 
  2028.0   0.07370410545756416 
  2029.0   0.07150746294540346 
  2030.0   0.06904689882401706 
  2031.0   0.06753062841610138 
  2032.0   0.06767939885271018 
  2033.0   0.0677939737732736 
  2034.0   0.06877227834778439 
  2035.0   0.07037033016943953 
  2036.0   0.07038432859174898 
  2037.0   0.07039634098816962 
  2038.0   0.07036450710616758 
  2039.0   0.07087965540738658 
  2040.0   0.07163479889862077 
  2041.0   0.06509084391966685 
  2042.0   0.05854180955616618 
  2043.0   0.05233303225016223 
  2044.0   0.046602546324239796 
  2045.0   0.04143289353768516 
  2046.0   0.039416800855903024 
  2047.0   0.037812853830956984 
  2048.0   0.03609499164918976 
  2049.0   0.034012333172496814 
  2050.0   0.03359166220437845 
  2051.0   0.036572471244716936 
  2052.0   0.038209588860676956 
  2053.0   0.039093853861885804 
  2054.0   0.03919178630529075 
  2055.0   0.03861988192867516 
  2056.0   0.03900947950863659 
  2057.0   0.03860947518614969 
  2058.0   0.03749355331346045 
  2059.0   0.036442966081201865 
  2060.0   0.03471371284489025 
  2061.0   0.03561814611476529 
  2062.0   0.03610194386058733 
  2063.0   0.03615527895077466 
  2064.0   0.03609274035606235 
  2065.0   0.0359344588371104 
  2066.0   0.034712488404094466 
  2067.0   0.03353062143108574 
  2068.0   0.032287333763119826 
  2069.0   0.03077844635956118 
  2070.0   0.029138393709161305 
  2071.0   0.029802919715654227 
  2072.0   0.030566476092860034 
  2073.0   0.03274593165168041 
  2074.0   0.03589219492804693 
  2075.0   0.03885391371928955 
  2076.0   0.04584339130195344 
  2077.0   0.051914408861772794 
  2078.0   0.05679587200281143 
  2079.0   0.06216988620627573 
  2080.0   0.0663519544403658 
  2081.0   0.06829089592094004 
  2082.0   0.07032164292377825 
  2083.0   0.07186894439857451 
  2084.0   0.07292587270871 
  2085.0   0.07312247244291317 
  2086.0   0.06875658399131333 
  2087.0   0.06455754239522303 
  2088.0   0.06090038884886585 
  2089.0   0.05823282938215042 
  2090.0   0.05843768084918715 
  2091.0   0.05463663595106026 
  2092.0   0.051355811285143334 
  2093.0   0.048501427704367 
  2094.0   0.04608441252846786 
  2095.0   0.04460035585585499 
  2096.0   0.04289120125830581 
  2097.0   0.041126387712372196 
  2098.0   0.039416630646508445 
  2099.0   0.03778057572124598 
  2100.0   0.03664117115215085 
