  2015.0   0.0 
  2016.0   1.8123623242688861e-10 
  2017.0   1.7952049817989762e-10 
  2018.0   1.7547550410010988e-10 
  2019.0   1.7243913418142057e-10 
  2020.0   1.5879194035546638e-10 
  2021.0   1.5703993505683165e-10 
  2022.0   1.557804455056522e-10 
  2023.0   1.549217816372763e-10 
  2024.0   1.5437681974622945e-10 
  2025.0   1.540644352987089e-10 
  2026.0   1.5406271056082645e-10 
  2027.0   1.5422420401086244e-10 
  2028.0   1.5419549259430275e-10 
  2029.0   1.5435176096445283e-10 
  2030.0   1.5442149000104756e-10 
  2031.0   1.5442190832238962e-10 
  2032.0   1.5476133605524299e-10 
  2033.0   1.5505202420054242e-10 
  2034.0   1.550334365117251e-10 
  2035.0   1.5502893853489097e-10 
  2036.0   1.5505494819822606e-10 
  2037.0   1.5506451298483645e-10 
  2038.0   1.550255978922184e-10 
  2039.0   1.54868866982796e-10 
  2040.0   1.54590217635871e-10 
  2041.0   1.5426429750824113e-10 
  2042.0   1.5409053736373947e-10 
  2043.0   1.5363869985973291e-10 
  2044.0   1.532318523318144e-10 
  2045.0   1.5437894440054665e-10 
  2046.0   1.5373565014340328e-10 
  2047.0   1.5284363785882581e-10 
  2048.0   1.5216211849364869e-10 
  2049.0   1.5114358400899885e-10 
  2050.0   1.503137014582592e-10 
  2051.0   1.469237441792598e-10 
  2052.0   1.469621287725545e-10 
  2053.0   1.4599732344635674e-10 
  2054.0   1.449260361149199e-10 
  2055.0   1.4403904323503166e-10 
  2056.0   1.4308883597201908e-10 
  2057.0   1.422410812479663e-10 
  2058.0   1.4144222069104038e-10 
  2059.0   1.415087306935068e-10 
  2060.0   1.406900363521856e-10 
  2061.0   1.4000062269031504e-10 
  2062.0   1.3915952145976528e-10 
  2063.0   1.3852494551841478e-10 
  2064.0   1.3782970573734452e-10 
  2065.0   1.3725523557366213e-10 
  2066.0   1.3620196774350781e-10 
  2067.0   1.3678447908884372e-10 
  2068.0   1.362043717398896e-10 
  2069.0   1.3559263805436947e-10 
  2070.0   1.350511527731006e-10 
  2071.0   1.3442258600326216e-10 
  2072.0   1.3373770212702506e-10 
  2073.0   1.3367858744262436e-10 
  2074.0   1.329896994827484e-10 
  2075.0   1.323297008448968e-10 
  2076.0   1.3179280775956003e-10 
  2077.0   1.3092251089948133e-10 
  2078.0   1.2826593709210197e-10 
  2079.0   1.2729549674909562e-10 
  2080.0   1.2532698142457214e-10 
  2081.0   1.2470477966581543e-10 
  2082.0   1.2448801122721082e-10 
  2083.0   1.2400127393262853e-10 
  2084.0   1.2329027901819503e-10 
  2085.0   1.2227688884292277e-10 
  2086.0   1.2169069757700142e-10 
  2087.0   1.2137700958904314e-10 
  2088.0   1.208130561604419e-10 
  2089.0   1.2027018153407933e-10 
  2090.0   1.1972449815925817e-10 
  2091.0   1.1932500064122017e-10 
  2092.0   1.1890556164870427e-10 
  2093.0   1.1823330952041327e-10 
  2094.0   1.1777165941480865e-10 
  2095.0   1.173575103913785e-10 
  2096.0   1.1674610068244883e-10 
  2097.0   1.1604225138111978e-10 
  2098.0   1.1563692064591341e-10 
  2099.0   1.151284133926442e-10 
  2100.0   1.1806083592940018e-10 
