  2015.0   183.59610791156393 
  2016.0   182.97463369676726 
  2017.0   183.6961757740837 
  2018.0   184.3667145437217 
  2019.0   185.22534022129923 
  2020.0   185.69665797275425 
  2021.0   185.51699125483321 
  2022.0   186.05963897663315 
  2023.0   186.15135945997355 
  2024.0   185.7389529671311 
  2025.0   185.07659851008304 
  2026.0   184.45549963663294 
  2027.0   184.7395629396897 
  2028.0   184.94943756787438 
  2029.0   185.32544643255804 
  2030.0   185.5788404304006 
  2031.0   185.66809743592842 
  2032.0   185.24621474283944 
  2033.0   184.6949224878544 
  2034.0   185.23571407435597 
  2035.0   185.4657456079151 
  2036.0   185.81398339363656 
  2037.0   186.03929626908484 
  2038.0   186.1561549578717 
  2039.0   184.91063042256738 
  2040.0   184.9275044849998 
  2041.0   185.08565982091645 
  2042.0   184.7084832213334 
  2043.0   183.8172383460011 
  2044.0   183.56272942371248 
  2045.0   184.40407413993253 
  2046.0   184.64819429729965 
  2047.0   185.2808063239165 
  2048.0   186.0105264238512 
  2049.0   185.27077566354868 
  2050.0   183.62610283658475 
  2051.0   183.35419289583814 
  2052.0   183.12082184623435 
  2053.0   182.71055501948933 
  2054.0   183.11396781358957 
  2055.0   184.5503388899633 
  2056.0   186.26292239398035 
  2057.0   186.3777806948892 
  2058.0   185.29696223542936 
  2059.0   184.2892318575644 
  2060.0   184.6491339668117 
  2061.0   184.6033384026952 
  2062.0   184.08534623753837 
  2063.0   184.57811521340224 
  2064.0   184.888678779677 
  2065.0   185.84201995500962 
  2066.0   186.2734752791118 
  2067.0   185.71603978978425 
  2068.0   186.22314866878963 
  2069.0   186.48068043261117 
  2070.0   185.05609686343746 
  2071.0   185.02268453240964 
  2072.0   185.78536615952362 
  2073.0   186.16107971537915 
  2074.0   185.7352811723936 
  2075.0   185.5520865864158 
  2076.0   186.0571440672468 
  2077.0   186.90440837025434 
  2078.0   186.68755086142843 
  2079.0   186.82758846015093 
  2080.0   187.06997440076577 
  2081.0   186.52385245497382 
  2082.0   186.01099826124508 
  2083.0   186.49879475242602 
  2084.0   185.82254036663593 
  2085.0   184.35841291915762 
  2086.0   182.92348538641392 
  2087.0   182.41866725630248 
  2088.0   183.1631826267504 
  2089.0   183.65049786479068 
  2090.0   183.89798197042538 
  2091.0   184.18145134594602 
  2092.0   184.22658894692793 
  2093.0   184.46518240162086 
  2094.0   185.3897805413941 
  2095.0   184.5296249398615 
  2096.0   183.26872025424365 
  2097.0   183.20022111149527 
  2098.0   183.8316086352304 
  2099.0   183.80338837588548 
  2100.0   184.0951390285396 
