  2015.0   2.7949177195100012 
  2016.0   2.799057955600679 
  2017.0   2.868775940064916 
  2018.0   2.9668939764302382 
  2019.0   2.970777314872516 
  2020.0   2.9791146331466747 
  2021.0   2.9940235029970057 
  2022.0   2.9988583247717497 
  2023.0   2.9628027318511596 
  2024.0   3.013296683321084 
  2025.0   3.031352010990823 
  2026.0   3.061571215443574 
  2027.0   3.064299875383219 
  2028.0   3.0799759731118215 
  2029.0   3.0606708156623554 
  2030.0   3.1208665346500064 
  2031.0   3.1541367845059067 
  2032.0   3.0701022553079973 
  2033.0   3.109542125575934 
  2034.0   3.2197701224266613 
  2035.0   3.2189071447246866 
  2036.0   3.2428033322450296 
  2037.0   3.2241533525881114 
  2038.0   3.15992036351504 
  2039.0   3.1611552990212397 
  2040.0   3.205369190868171 
  2041.0   3.178006020616695 
  2042.0   3.2181021682612116 
  2043.0   3.2320504730055006 
  2044.0   3.2693444453454004 
  2045.0   3.285832359187201 
  2046.0   3.2776060652360943 
  2047.0   3.2527750812767358 
  2048.0   3.2012723125630487 
  2049.0   3.233491854923312 
  2050.0   3.2390415310401894 
  2051.0   3.176793314352823 
  2052.0   3.19064799737551 
  2053.0   3.276179009678287 
  2054.0   3.307666916010915 
  2055.0   3.279680541576606 
  2056.0   3.3236826246547597 
  2057.0   3.3357721652774024 
  2058.0   3.236654331689102 
  2059.0   3.2699531491118115 
  2060.0   3.2828015142509073 
  2061.0   3.3082283229544878 
  2062.0   3.2846795651347898 
  2063.0   3.25407791739169 
  2064.0   3.1486742902939446 
  2065.0   3.184211913258415 
  2066.0   3.295582012700439 
  2067.0   3.349092085248605 
  2068.0   3.2780749693956177 
  2069.0   3.204469348013368 
  2070.0   3.180347101798409 
  2071.0   3.138613404350857 
  2072.0   3.1482785942860128 
  2073.0   3.1742824416666546 
  2074.0   3.2298020406278187 
  2075.0   3.2343276358168995 
  2076.0   3.178846331004543 
  2077.0   3.2506951333506375 
  2078.0   3.2749570155369043 
  2079.0   3.25108521792871 
  2080.0   3.2486995883589653 
  2081.0   3.2168661715303473 
  2082.0   3.243212986189056 
  2083.0   3.159420227502349 
  2084.0   3.204694498449158 
  2085.0   3.25292028127831 
  2086.0   3.1398781440866794 
  2087.0   3.1014998946436068 
  2088.0   3.1476061065300525 
  2089.0   3.1712493037434877 
  2090.0   3.162034355759923 
  2091.0   3.136891898232205 
  2092.0   3.1175559799052146 
  2093.0   3.18054751895883 
  2094.0   3.1676643676787926 
  2095.0   3.151825105205621 
  2096.0   3.1921105768122207 
  2097.0   3.1954324295901637 
  2098.0   3.1010635743339328 
  2099.0   3.1653326389729495 
  2100.0   3.2062164601049226 
