  2015.0   34.497593154072526 
  2016.0   34.73867466135794 
  2017.0   36.042098132290974 
  2018.0   36.96566812826958 
  2019.0   37.563643892249935 
  2020.0   36.77645356649616 
  2021.0   35.979472059403534 
  2022.0   36.7659669423609 
  2023.0   35.952146514484475 
  2024.0   34.1726854513886 
  2025.0   33.29338448670219 
  2026.0   33.41591497787533 
  2027.0   35.45253024368143 
  2028.0   35.652508344176205 
  2029.0   35.69133819959653 
  2030.0   36.063017754627765 
  2031.0   35.33777835829264 
  2032.0   34.142869349327604 
  2033.0   34.36649427332837 
  2034.0   36.587304248402816 
  2035.0   36.35680009514535 
  2036.0   36.56148709549988 
  2037.0   36.67499108958594 
  2038.0   35.3356372723696 
  2039.0   33.052739879172556 
  2040.0   35.490116634197996 
  2041.0   35.15045990251632 
  2042.0   33.912013007195014 
  2043.0   31.815181933222593 
  2044.0   34.616917052103645 
  2045.0   36.15867446114271 
  2046.0   36.1142995515515 
  2047.0   36.669286603877794 
  2048.0   36.77443712683268 
  2049.0   33.473065285676014 
  2050.0   30.529398729827808 
  2051.0   34.14274825275622 
  2052.0   32.49644233716355 
  2053.0   33.270128030387504 
  2054.0   34.852232353613424 
  2055.0   38.565961214773424 
  2056.0   38.615983371815034 
  2057.0   35.89002267058365 
  2058.0   32.07294826983351 
  2059.0   32.68886439154339 
  2060.0   34.7276107145925 
  2061.0   34.10941469338983 
  2062.0   33.91374184599091 
  2063.0   36.26492827672064 
  2064.0   35.661481136984854 
  2065.0   37.81338350559613 
  2066.0   35.80944706389491 
  2067.0   34.480660362123025 
  2068.0   36.575749666654154 
  2069.0   35.90747730832284 
  2070.0   32.085836994669194 
  2071.0   35.309843169249106 
  2072.0   36.601733477666855 
  2073.0   36.08791641368675 
  2074.0   34.300395942713386 
  2075.0   35.25331576173312 
  2076.0   36.48156342350633 
  2077.0   37.2088397108727 
  2078.0   35.141419559933965 
  2079.0   36.194673018253006 
  2080.0   36.228700825902166 
  2081.0   33.6274299402463 
  2082.0   34.53320971146997 
  2083.0   35.66833488117563 
  2084.0   32.553965007369335 
  2085.0   31.060864367976784 
  2086.0   29.97812658369052 
  2087.0   32.21954467076349 
  2088.0   35.810363882286914 
  2089.0   35.081030985767626 
  2090.0   35.19126382223848 
  2091.0   35.202292816589605 
  2092.0   34.84942337474091 
  2093.0   35.088346710678806 
  2094.0   36.657768444651985 
  2095.0   31.450667279735715 
  2096.0   31.425337113286815 
  2097.0   33.74825056166288 
  2098.0   34.666397712367115 
  2099.0   34.03259133045588 
  2100.0   34.94825973062234 
