  2015.0   27.72126073407354 
  2016.0   29.291201900485888 
  2017.0   29.974942703657426 
  2018.0   30.03008362574723 
  2019.0   30.087510543038153 
  2020.0   30.001883350069882 
  2021.0   30.563552431108853 
  2022.0   30.281196944509777 
  2023.0   30.43571319824248 
  2024.0   30.88343754740215 
  2025.0   30.755636056460844 
  2026.0   30.81216090831041 
  2027.0   31.913555875834252 
  2028.0   30.37388521268836 
  2029.0   31.15500676722123 
  2030.0   31.824445569739805 
  2031.0   30.782170435488556 
  2032.0   31.23858462366599 
  2033.0   31.853041304912743 
  2034.0   32.10010203092272 
  2035.0   31.20308905858012 
  2036.0   32.21508493576086 
  2037.0   31.433289301449108 
  2038.0   31.650616792750785 
  2039.0   31.9872375674593 
  2040.0   31.64874259476894 
  2041.0   31.176507115871477 
  2042.0   32.35839406550869 
  2043.0   31.70614554754013 
  2044.0   32.359632073250665 
  2045.0   32.47638520716134 
  2046.0   31.85982664989467 
  2047.0   31.417427041227292 
  2048.0   32.36891265683802 
  2049.0   31.463531994700304 
  2050.0   31.34910111434084 
  2051.0   31.323299356931106 
  2052.0   31.833393758919158 
  2053.0   32.49068905180114 
  2054.0   32.32040165668514 
  2055.0   31.966974179727387 
  2056.0   32.50428941440034 
  2057.0   32.260932574695445 
  2058.0   31.638501556424927 
  2059.0   32.478839546517875 
  2060.0   32.08239920426784 
  2061.0   32.48201334915249 
  2062.0   31.015296716279117 
  2063.0   31.501693343475946 
  2064.0   30.80652232373616 
  2065.0   31.900749666757097 
  2066.0   32.652626378822845 
  2067.0   32.140346307106434 
  2068.0   31.130985358260798 
  2069.0   30.907089265825118 
  2070.0   30.571160682060047 
  2071.0   30.40058444559687 
  2072.0   31.189294374864343 
  2073.0   31.31003906041449 
  2074.0   31.05039767772357 
  2075.0   31.51165896943747 
  2076.0   31.12014351887393 
  2077.0   32.16273923055447 
  2078.0   31.968697755788284 
  2079.0   31.34084878473853 
  2080.0   31.927112071331063 
  2081.0   30.931756179754867 
  2082.0   31.59861871055978 
  2083.0   30.81730976276952 
  2084.0   31.364502462362648 
  2085.0   31.302578436612084 
  2086.0   29.617846814852165 
  2087.0   30.734037655873752 
  2088.0   30.502928677231377 
  2089.0   30.71393878717104 
  2090.0   30.932706193921202 
  2091.0   30.091809674301732 
  2092.0   30.89417765918114 
  2093.0   31.3630964398515 
  2094.0   30.746938872568236 
  2095.0   30.81820131607761 
  2096.0   31.380510135350608 
  2097.0   30.857300459372087 
  2098.0   30.32686857773467 
  2099.0   31.349290446829407 
  2100.0   30.751395224279403 
