  2015.0   17.439305862637006 
  2016.0   17.246715876155083 
  2017.0   19.67270342438395 
  2018.0   19.39136636368251 
  2019.0   17.822679039623004 
  2020.0   20.009464036925774 
  2021.0   19.49206578613356 
  2022.0   18.986550264393358 
  2023.0   17.908450221606522 
  2024.0   18.672681519366574 
  2025.0   20.827048379403497 
  2026.0   20.057725355814636 
  2027.0   17.79237723900351 
  2028.0   18.2843469077823 
  2029.0   21.292173560195852 
  2030.0   21.39092841597265 
  2031.0   20.026888437370815 
  2032.0   20.39318872937879 
  2033.0   20.08200347264093 
  2034.0   19.44389458265852 
  2035.0   20.064766921837624 
  2036.0   20.277001341886276 
  2037.0   18.49352487159429 
  2038.0   20.834702110814536 
  2039.0   19.504585905319683 
  2040.0   20.251780523795226 
  2041.0   21.31412269376907 
  2042.0   19.448399084333545 
  2043.0   18.454088583771078 
  2044.0   18.463758896914676 
  2045.0   17.291402003729946 
  2046.0   18.445595677147278 
  2047.0   19.49443024920336 
  2048.0   21.27141069433389 
  2049.0   20.565882393118354 
  2050.0   19.575029534894743 
  2051.0   20.231150965651963 
  2052.0   19.65591340306707 
  2053.0   20.159350068180675 
  2054.0   19.63968355866975 
  2055.0   20.101819976022416 
  2056.0   19.419338466130903 
  2057.0   20.061689156793896 
  2058.0   20.741094067916386 
  2059.0   18.444628305272325 
  2060.0   21.205459355679256 
  2061.0   22.383528264091588 
  2062.0   22.104558384004594 
  2063.0   19.2743165649703 
  2064.0   19.833355809582642 
  2065.0   21.91025446687617 
  2066.0   19.932248716774996 
  2067.0   18.714830116269095 
  2068.0   19.66585771035185 
  2069.0   20.405165185319508 
  2070.0   19.85383002498591 
  2071.0   20.170553846474647 
  2072.0   19.804392170711125 
  2073.0   19.785177628462712 
  2074.0   19.20759445102901 
  2075.0   19.59704424473191 
  2076.0   20.188554808801435 
  2077.0   21.99962625840171 
  2078.0   19.7330544042135 
  2079.0   19.252419918762286 
  2080.0   18.9306268384168 
  2081.0   19.658567812617402 
  2082.0   19.117677051997866 
  2083.0   20.025872191204762 
  2084.0   18.96187933605263 
  2085.0   18.705894308948576 
  2086.0   18.30712028299916 
  2087.0   21.868667503233766 
  2088.0   21.489382393240145 
  2089.0   20.25016093350725 
  2090.0   19.009376456712456 
  2091.0   19.766565914558083 
  2092.0   19.3318425293976 
  2093.0   20.03339963619762 
  2094.0   20.091160462889906 
  2095.0   20.02627358473938 
  2096.0   20.362323281807505 
  2097.0   21.864373792611985 
  2098.0   20.98918017766054 
  2099.0   18.51888692159518 
  2100.0   18.55060245278998 
