  2015.0   0.21535200583976227 
  2016.0   0.02115347389647809 
  2017.0   0.5460111921545995 
  2018.0   -0.22962466448192528 
  2019.0   -1.2182107168195264 
  2020.0   -0.04055235826496599 
  2021.0   1.084981312051017 
  2022.0   -0.06938524693755475 
  2023.0   -1.1834199303389983 
  2024.0   -0.4208157474224497 
  2025.0   0.8876927047856976 
  2026.0   -0.9227503458786215 
  2027.0   -1.2919333898859153 
  2028.0   0.3908765396220621 
  2029.0   -0.002473317133918026 
  2030.0   -0.6430534427537151 
  2031.0   0.032879561634754466 
  2032.0   0.11271310486340985 
  2033.0   -0.9001329316662475 
  2034.0   -0.35832014822242186 
  2035.0   0.9682027271313002 
  2036.0   -0.5837258227381252 
  2037.0   -1.5520279374877057 
  2038.0   -0.24792586906350372 
  2039.0   0.35509198307289896 
  2040.0   0.14702652845698494 
  2041.0   0.5098154428876851 
  2042.0   -0.7082112818782673 
  2043.0   -0.22726203105817405 
  2044.0   0.01704888041703104 
  2045.0   -0.9564313436945998 
  2046.0   0.3126926263705111 
  2047.0   0.5201077498433713 
  2048.0   -0.814316052491717 
  2049.0   -0.7270238817186337 
  2050.0   0.8585269827553281 
  2051.0   -0.5532547716368819 
  2052.0   -1.1349783619835296 
  2053.0   -1.221573282465771 
  2054.0   0.43587189865982806 
  2055.0   -0.1191853717079859 
  2056.0   -1.2250192640693638 
  2057.0   -1.218619884323895 
  2058.0   -0.03314144965212352 
  2059.0   -0.6598077977803943 
  2060.0   -0.6448674103426787 
  2061.0   -1.5166939436780942 
  2062.0   -0.3468391855209387 
  2063.0   0.9145920751127087 
  2064.0   -0.9392161959709732 
  2065.0   -1.3196089110335356 
  2066.0   0.3700700470055181 
  2067.0   0.40488344087509853 
  2068.0   -0.7916400183055372 
  2069.0   -0.4454460914705662 
  2070.0   0.2840720256287092 
  2071.0   -0.056345345901268745 
  2072.0   -0.6822869113675503 
  2073.0   -0.13884870178181713 
  2074.0   0.20470798564056406 
  2075.0   -1.7074728963318302 
  2076.0   0.4540979931534676 
  2077.0   -0.02747101578561657 
  2078.0   -0.6333685763350998 
  2079.0   0.9208269798804355 
  2080.0   -0.49183078545693165 
  2081.0   0.29773902033466215 
  2082.0   0.7078462621002204 
  2083.0   -0.2001900516258052 
  2084.0   -0.38946425486205066 
  2085.0   -0.4621080877358621 
  2086.0   -0.65015926824152 
  2087.0   -0.025086668214314944 
  2088.0   -0.6142467331697118 
  2089.0   -0.6849370199886946 
  2090.0   -0.6018268952839406 
  2091.0   -0.532842845905638 
  2092.0   -0.7892314038639173 
  2093.0   0.17282269926741098 
  2094.0   -0.10598906256371571 
  2095.0   -0.2426836500181697 
  2096.0   -0.6610593291984453 
  2097.0   -0.3465940953007907 
  2098.0   0.14200418356764538 
  2099.0   0.022798117909743693 
  2100.0   -0.3342067630063829 
