  2015.0   9.613709421728396 
  2016.0   9.55860853094635 
  2017.0   9.915086019037624 
  2018.0   10.066573971279976 
  2019.0   9.845381180447303 
  2020.0   10.151391647324076 
  2021.0   9.87699978771801 
  2022.0   9.797459676539074 
  2023.0   10.236460222443858 
  2024.0   9.785622586292451 
  2025.0   10.13818843924459 
  2026.0   10.213115356804698 
  2027.0   10.099277094407881 
  2028.0   10.359283018368052 
  2029.0   10.177329031053988 
  2030.0   10.065361449046236 
  2031.0   10.231981984501134 
  2032.0   10.552189347302903 
  2033.0   10.43235268252978 
  2034.0   10.404202476005574 
  2035.0   10.593077751743929 
  2036.0   10.283678551604952 
  2037.0   10.310101853374228 
  2038.0   10.087440072363785 
  2039.0   10.211082187650115 
  2040.0   10.216737457275796 
  2041.0   10.569533323708594 
  2042.0   10.774296556899488 
  2043.0   10.405859419298029 
  2044.0   10.668322320019154 
  2045.0   10.34817607377072 
  2046.0   10.348509944605835 
  2047.0   10.515987817161093 
  2048.0   10.329442004553451 
  2049.0   9.918915532398515 
  2050.0   10.34450622827242 
  2051.0   10.821968289203017 
  2052.0   10.354791802815395 
  2053.0   10.496759176768812 
  2054.0   10.490983980417086 
  2055.0   10.799032596013536 
  2056.0   10.672465660494572 
  2057.0   10.969715705254876 
  2058.0   11.00323376294444 
  2059.0   10.705215328943476 
  2060.0   10.672106877681106 
  2061.0   10.701763236381844 
  2062.0   10.732487613909099 
  2063.0   10.938398320842431 
  2064.0   10.67885508658121 
  2065.0   11.036700705479861 
  2066.0   10.893961608523101 
  2067.0   10.536116646053962 
  2068.0   10.642982673875666 
  2069.0   10.729352510547304 
  2070.0   10.884907302597785 
  2071.0   10.765530643585599 
  2072.0   11.265367494261005 
  2073.0   10.821510307963782 
  2074.0   10.373310278412537 
  2075.0   10.88553428545774 
  2076.0   10.709781387749922 
  2077.0   10.957613170287367 
  2078.0   10.941661581903476 
  2079.0   10.606445567154108 
  2080.0   10.433050081063875 
  2081.0   11.16663819916219 
  2082.0   10.819650902819777 
  2083.0   10.96347297880939 
  2084.0   10.756960705128906 
  2085.0   10.78497378429574 
  2086.0   10.721543505634378 
  2087.0   10.994573245950727 
  2088.0   10.720430031764577 
  2089.0   10.71599136028265 
  2090.0   10.437847561835982 
  2091.0   10.476779551641757 
  2092.0   10.835232408669071 
  2093.0   10.523469285826048 
  2094.0   10.050953935322061 
  2095.0   10.54113647993991 
  2096.0   10.613772737795514 
  2097.0   10.49996708540897 
  2098.0   10.753985226102616 
  2099.0   10.863491198066951 
  2100.0   11.058957983912132 
