  2015.0   11.083276452510896 
  2016.0   10.758459439320164 
  2017.0   11.577620302300714 
  2018.0   11.564912065782396 
  2019.0   11.307424120967989 
  2020.0   11.986551305065683 
  2021.0   11.255375819527854 
  2022.0   11.16788501669972 
  2023.0   11.992743814966557 
  2024.0   11.2583137950308 
  2025.0   11.567660762965831 
  2026.0   12.229478394975816 
  2027.0   12.095006512189286 
  2028.0   12.20782771676794 
  2029.0   11.976430047731736 
  2030.0   11.622576824166678 
  2031.0   12.107888217905403 
  2032.0   12.649356909604588 
  2033.0   12.285908541443101 
  2034.0   11.90133754752225 
  2035.0   12.553727149894515 
  2036.0   11.667570388846041 
  2037.0   12.282669648190014 
  2038.0   11.667036636877322 
  2039.0   11.88758389571809 
  2040.0   11.9804240302826 
  2041.0   12.359712217240816 
  2042.0   12.857411020380987 
  2043.0   11.985884327687076 
  2044.0   12.2533715008647 
  2045.0   12.316113732654946 
  2046.0   11.807864601541699 
  2047.0   12.27431389286107 
  2048.0   11.99081258426337 
  2049.0   11.3149963927578 
  2050.0   11.875589730620737 
  2051.0   12.911859196701565 
  2052.0   11.754859146319971 
  2053.0   12.2319696961027 
  2054.0   12.204290592685384 
  2055.0   12.339213041568994 
  2056.0   12.604594424078089 
  2057.0   12.76743731791538 
  2058.0   12.56608836679547 
  2059.0   12.650898006308694 
  2060.0   12.233155403920868 
  2061.0   12.028018611566685 
  2062.0   12.542788498275257 
  2063.0   12.56257148035197 
  2064.0   12.22159305059163 
  2065.0   12.530922763999923 
  2066.0   12.856025437956314 
  2067.0   11.961900553678028 
  2068.0   11.687604624141146 
  2069.0   12.184760382014435 
  2070.0   12.713022433481022 
  2071.0   12.41068970664436 
  2072.0   12.776804802588895 
  2073.0   12.71387735754769 
  2074.0   11.425577045383033 
  2075.0   12.336208399175243 
  2076.0   12.391278371738622 
  2077.0   12.451468463945044 
  2078.0   12.817106796869798 
  2079.0   11.755755791805685 
  2080.0   11.42495836111568 
  2081.0   13.033310266873396 
  2082.0   12.543711020234122 
  2083.0   12.005997789435783 
  2084.0   11.989091051016393 
  2085.0   12.08675811503667 
  2086.0   11.82882830310591 
  2087.0   12.233924969130165 
  2088.0   12.158832645463425 
  2089.0   11.813445014536335 
  2090.0   11.702685859321084 
  2091.0   11.470793590272823 
  2092.0   12.154498968617267 
  2093.0   11.952191888457255 
  2094.0   10.997911171793277 
  2095.0   12.050754299357475 
  2096.0   11.879263674501676 
  2097.0   11.572323852783194 
  2098.0   12.176183496116648 
  2099.0   11.86299727764173 
  2100.0   12.423997969600027 
