  2015.0   25.52181508212074 
  2016.0   24.73246787411519 
  2017.0   25.21571613393368 
  2018.0   25.45594597932092 
  2019.0   25.673148878838035 
  2020.0   25.453797140844454 
  2021.0   25.104759847426617 
  2022.0   25.666043832779987 
  2023.0   25.6514834298836 
  2024.0   25.936574284587117 
  2025.0   25.037569969661362 
  2026.0   25.745571790027793 
  2027.0   25.25860075756135 
  2028.0   24.708886241407196 
  2029.0   26.419648160300785 
  2030.0   26.239284977760697 
  2031.0   26.757370834950173 
  2032.0   25.62237741860744 
  2033.0   26.156926651962866 
  2034.0   25.80676603894464 
  2035.0   25.264177004427413 
  2036.0   26.267550788981794 
  2037.0   25.527441078526884 
  2038.0   26.249849636496496 
  2039.0   25.961050362197064 
  2040.0   26.125083154629625 
  2041.0   26.35768137871622 
  2042.0   26.205385960598328 
  2043.0   26.120030854691837 
  2044.0   25.750580556234794 
  2045.0   26.494769482984644 
  2046.0   25.609345055693307 
  2047.0   25.92144349617694 
  2048.0   25.841982330811135 
  2049.0   24.616526460219834 
  2050.0   25.624183429043757 
  2051.0   25.920733618161147 
  2052.0   25.466024270068324 
  2053.0   26.138353747314962 
  2054.0   25.52782232467216 
  2055.0   25.706891570456055 
  2056.0   26.094831156269443 
  2057.0   26.800635499498767 
  2058.0   26.16754319222348 
  2059.0   26.668021512917903 
  2060.0   26.144100220394346 
  2061.0   27.11150869681114 
  2062.0   26.261093283147343 
  2063.0   25.407752720808965 
  2064.0   26.261578554846 
  2065.0   26.849909609088066 
  2066.0   25.462002905417176 
  2067.0   26.530981364679093 
  2068.0   26.786870424614953 
  2069.0   26.674214916048733 
  2070.0   25.462766956576754 
  2071.0   25.965654071059458 
  2072.0   26.16707814854311 
  2073.0   25.968069343905487 
  2074.0   26.574605535389892 
  2075.0   26.845037012918958 
  2076.0   26.448626179517376 
  2077.0   26.498408646157763 
  2078.0   25.123566091036587 
  2079.0   25.63836655602418 
  2080.0   26.80610048211221 
  2081.0   27.085501492217535 
  2082.0   26.191982574555738 
  2083.0   25.57980354377448 
  2084.0   25.9380216432249 
  2085.0   25.162337652123814 
  2086.0   25.818195270956902 
  2087.0   26.177003811308442 
  2088.0   26.201309395300978 
  2089.0   26.27364528663568 
  2090.0   26.00017412875357 
  2091.0   26.191568714601654 
  2092.0   25.757552442491253 
  2093.0   25.89332021551449 
  2094.0   26.458483812680505 
  2095.0   25.45483153321623 
  2096.0   25.620945334502125 
  2097.0   26.902998411073387 
  2098.0   26.485447413168217 
  2099.0   26.074301275119556 
  2100.0   25.48086464183018 
