  2015.0   294.2876328670079 
  2016.0   294.5292888480032 
  2017.0   294.4276079626506 
  2018.0   294.3944943346536 
  2019.0   294.6409928790003 
  2020.0   294.44698862724374 
  2021.0   294.5891147109678 
  2022.0   294.65976443028876 
  2023.0   294.4195280864996 
  2024.0   294.6635823475028 
  2025.0   294.9085967458638 
  2026.0   294.6129484776738 
  2027.0   294.5646249800143 
  2028.0   294.63303192376173 
  2029.0   294.7112683206803 
  2030.0   294.775670924003 
  2031.0   295.04699017980937 
  2032.0   294.8817434439113 
  2033.0   294.76308487394044 
  2034.0   294.81542695907535 
  2035.0   294.7780800051353 
  2036.0   294.60909322212206 
  2037.0   294.7852368219888 
  2038.0   294.75661339088776 
  2039.0   294.9387578516367 
  2040.0   294.8404898210687 
  2041.0   294.7822935815183 
  2042.0   294.7482243732104 
  2043.0   294.7617413196003 
  2044.0   294.71680338069535 
  2045.0   295.0305166281448 
  2046.0   295.0343913564622 
  2047.0   294.8881142395117 
  2048.0   295.1564191990182 
  2049.0   294.8316912548921 
  2050.0   294.99391203395805 
  2051.0   294.95514408841893 
  2052.0   294.89558259024477 
  2053.0   294.913679265647 
  2054.0   295.0197773895278 
  2055.0   294.7827906199818 
  2056.0   294.947731814436 
  2057.0   295.00888102013243 
  2058.0   294.86855089625794 
  2059.0   294.76281829438113 
  2060.0   294.9784676964347 
  2061.0   294.6401991030147 
  2062.0   294.94526510684 
  2063.0   294.9631902026496 
  2064.0   294.7476277090235 
  2065.0   294.97651387411855 
  2066.0   294.95617271612656 
  2067.0   294.84850104506603 
  2068.0   295.09264325673786 
  2069.0   294.7829007227628 
  2070.0   294.64067371885193 
  2071.0   294.8964804408256 
  2072.0   294.8013539285949 
  2073.0   295.08933203930883 
  2074.0   294.846644619418 
  2075.0   294.94391196454313 
  2076.0   295.04904682405066 
  2077.0   294.66325603994346 
  2078.0   294.74321136993655 
  2079.0   295.105594139079 
  2080.0   294.79388379898916 
  2081.0   295.0162873329654 
  2082.0   294.7933876301001 
  2083.0   294.8752222199914 
  2084.0   294.6309472254841 
  2085.0   294.91395210066617 
  2086.0   294.7856848168518 
  2087.0   294.83937007738456 
  2088.0   294.72222422219056 
  2089.0   294.8308971239192 
  2090.0   294.7192154675991 
  2091.0   294.6638240031043 
  2092.0   295.0563889894745 
  2093.0   294.7859822338598 
  2094.0   294.73087577492237 
  2095.0   294.5577944243996 
  2096.0   294.72228243436274 
  2097.0   294.5531739091925 
  2098.0   294.80083100464054 
  2099.0   294.59444971555075 
  2100.0   294.90976678545945 
