  2015.0   3.9202612649877167 
  2016.0   4.109567870275042 
  2017.0   3.9634994349723875 
  2018.0   3.878333899503648 
  2019.0   4.1273093320646765 
  2020.0   3.7096781383134045 
  2021.0   3.82436246311016 
  2022.0   3.7951778652434225 
  2023.0   4.157490679529201 
  2024.0   4.036924220646207 
  2025.0   4.145879432184296 
  2026.0   4.284909510882728 
  2027.0   3.852339000580055 
  2028.0   3.9835021158812354 
  2029.0   4.157854541159588 
  2030.0   4.0763849182267 
  2031.0   3.9443366312650068 
  2032.0   3.7767426483110706 
  2033.0   3.8276780356484084 
  2034.0   3.967070358830033 
  2035.0   4.1798813471547875 
  2036.0   4.048319753291593 
  2037.0   4.1732702807521385 
  2038.0   4.19546875611918 
  2039.0   4.105362484236355 
  2040.0   4.021053832097092 
  2041.0   4.061204640336128 
  2042.0   4.314503988846572 
  2043.0   3.9516076550336985 
  2044.0   4.091816267977193 
  2045.0   4.119263173938552 
  2046.0   4.313348575742372 
  2047.0   4.2704000025142586 
  2048.0   4.187177639538151 
  2049.0   3.8703159370037596 
  2050.0   4.085903631863223 
  2051.0   3.916809046387385 
  2052.0   3.919366903466004 
  2053.0   3.837560863394749 
  2054.0   3.930014108419107 
  2055.0   4.1591777476013325 
  2056.0   4.308237082506464 
  2057.0   4.027255703781247 
  2058.0   3.793409308564606 
  2059.0   3.7933504026707277 
  2060.0   4.064522959191305 
  2061.0   3.9927189688204976 
  2062.0   3.8376819568340412 
  2063.0   3.841841156898473 
  2064.0   3.906198295754371 
  2065.0   3.8344946183141313 
  2066.0   4.24684098606905 
  2067.0   4.376090053020433 
  2068.0   3.968805759760784 
  2069.0   4.090023493573292 
  2070.0   4.004734178713496 
  2071.0   4.083036440499323 
  2072.0   3.759359397170091 
  2073.0   4.1703462555046595 
  2074.0   3.970348600716468 
  2075.0   3.8827350432214187 
  2076.0   4.0399243022855735 
  2077.0   4.036409993280106 
  2078.0   3.8631818055686638 
  2079.0   4.2043111253975045 
  2080.0   3.715889880984115 
  2081.0   3.9904111986956643 
  2082.0   3.9335494063874 
  2083.0   3.926218416497791 
  2084.0   4.1753884575663145 
  2085.0   4.230784156458588 
  2086.0   4.110968624088608 
  2087.0   4.077494811333658 
  2088.0   3.7953868656962557 
  2089.0   4.035178026576688 
  2090.0   3.9182749209358927 
  2091.0   4.096997198604017 
  2092.0   4.120646054498019 
  2093.0   4.118879927493652 
  2094.0   4.222988500808742 
  2095.0   4.247520788000037 
  2096.0   4.069618458644727 
  2097.0   4.060462872360529 
  2098.0   4.384778342076284 
  2099.0   4.120886257666935 
  2100.0   4.108568149826381 
