  2015.0   4.1252765489442424 
  2016.0   4.244811451468984 
  2017.0   4.223710855715952 
  2018.0   4.204503813669672 
  2019.0   4.276111050455671 
  2020.0   4.033784559591889 
  2021.0   3.9134370336698683 
  2022.0   4.134788498555642 
  2023.0   4.253796528307907 
  2024.0   4.28718553529325 
  2025.0   4.086952661700276 
  2026.0   4.182978516615628 
  2027.0   4.000449123721415 
  2028.0   4.170460029879257 
  2029.0   4.2728620012471 
  2030.0   4.1691354542696715 
  2031.0   4.026769302141738 
  2032.0   3.743471836629633 
  2033.0   4.310257713785286 
  2034.0   4.338770244024915 
  2035.0   4.054627323836906 
  2036.0   3.862565320722412 
  2037.0   3.874393542133159 
  2038.0   4.1955349106090205 
  2039.0   3.9239101364667683 
  2040.0   4.1561929001358235 
  2041.0   3.9132916554777695 
  2042.0   3.905459038853147 
  2043.0   4.2242266364164704 
  2044.0   4.150671618942344 
  2045.0   4.2776708310352625 
  2046.0   4.239527892356282 
  2047.0   3.7114290825433747 
  2048.0   3.9793578625609225 
  2049.0   3.7267055538234195 
  2050.0   3.9508003903139075 
  2051.0   3.9362515886990233 
  2052.0   3.9720468338059036 
  2053.0   3.7150083647895045 
  2054.0   4.07180970971986 
  2055.0   4.264181039635509 
  2056.0   4.261158106686811 
  2057.0   3.9591281448254763 
  2058.0   4.221779522340561 
  2059.0   4.0208910639294135 
  2060.0   4.186682421728176 
  2061.0   3.9593928063582107 
  2062.0   3.977946470514895 
  2063.0   4.208786446412469 
  2064.0   4.253943762573557 
  2065.0   4.0811286201694745 
  2066.0   4.108679356577378 
  2067.0   4.1162332677131905 
  2068.0   3.8622045182891713 
  2069.0   4.017575532202641 
  2070.0   4.041750494114808 
  2071.0   4.327976095353408 
  2072.0   4.335401077995533 
  2073.0   3.5392808560504285 
  2074.0   3.8802588314458073 
  2075.0   4.0410568218625835 
  2076.0   3.807469562051112 
  2077.0   3.7871785170721393 
  2078.0   3.9734356091858287 
  2079.0   3.905837070772484 
  2080.0   3.8406840382331406 
  2081.0   4.033954661494503 
  2082.0   4.1755214011464705 
  2083.0   4.036644328741797 
  2084.0   4.102285904131101 
  2085.0   4.423060329950028 
  2086.0   4.108006593608887 
  2087.0   4.062791773906306 
  2088.0   4.16296860492624 
  2089.0   3.780087322733763 
  2090.0   4.059483932560832 
  2091.0   3.7269392119586433 
  2092.0   4.192552990881184 
  2093.0   3.9363070824211266 
  2094.0   3.797526781978769 
  2095.0   3.9391870475440953 
  2096.0   4.259524893408833 
  2097.0   4.344133050011411 
  2098.0   3.9236333322466783 
  2099.0   4.195199570154769 
  2100.0   4.125000324078194 
