  2015.0   322.5693878319337 
  2016.0   322.85671012000665 
  2017.0   323.0272486652288 
  2018.0   324.08870033664317 
  2019.0   324.4372420013173 
  2020.0   324.150401822665 
  2021.0   323.97409076361583 
  2022.0   324.7610840377732 
  2023.0   325.49577877624375 
  2024.0   327.0513229845964 
  2025.0   328.0507334992887 
  2026.0   328.14133724561424 
  2027.0   328.5572218932886 
  2028.0   329.3919921617475 
  2029.0   330.34329289035594 
  2030.0   330.8927407679836 
  2031.0   330.05821299301164 
  2032.0   329.442188092462 
  2033.0   330.788454025696 
  2034.0   333.05548608708773 
  2035.0   333.8011918035224 
  2036.0   333.1132004231943 
  2037.0   333.7399945381135 
  2038.0   335.4787608808031 
  2039.0   336.2743326746709 
  2040.0   336.94246456487053 
  2041.0   337.7143695282119 
  2042.0   337.72359885490374 
  2043.0   337.3547367312246 
  2044.0   337.22125585876586 
  2045.0   337.8122770743693 
  2046.0   338.4166091953418 
  2047.0   338.8431900631091 
  2048.0   338.61035124173736 
  2049.0   338.80202840201827 
  2050.0   339.32159449776776 
  2051.0   340.5967705239586 
  2052.0   341.22794167825066 
  2053.0   342.2727002558185 
  2054.0   343.1961251650393 
  2055.0   343.74636702039726 
  2056.0   343.39795979894666 
  2057.0   342.7491488879734 
  2058.0   342.8668274665036 
  2059.0   343.29736055651335 
  2060.0   343.45147861595296 
  2061.0   342.7147892885574 
  2062.0   342.43030380279066 
  2063.0   343.58159234637867 
  2064.0   344.3888041902772 
  2065.0   344.40431244614155 
  2066.0   344.06984259730075 
  2067.0   344.08968147888123 
  2068.0   344.15070437811875 
  2069.0   344.060266271432 
  2070.0   344.56221893235227 
  2071.0   344.74065194843945 
  2072.0   344.7628142090884 
  2073.0   344.7615271447833 
  2074.0   345.2734856963589 
  2075.0   346.1120660655824 
  2076.0   345.8120571606125 
  2077.0   345.1169727549735 
  2078.0   344.08509371075286 
  2079.0   343.2170737588509 
  2080.0   343.13800615660443 
  2081.0   343.29406509246195 
  2082.0   343.4938491812693 
  2083.0   343.8364881789519 
  2084.0   343.55551273301097 
  2085.0   343.7499567626472 
  2086.0   343.8791212630146 
  2087.0   343.36217468627 
  2088.0   342.5100912509839 
  2089.0   342.2475713542499 
  2090.0   342.317905833287 
  2091.0   342.3917150190893 
  2092.0   342.5703914879478 
  2093.0   342.8645659291473 
  2094.0   342.964489721822 
  2095.0   342.96298030088946 
  2096.0   343.2379996650912 
  2097.0   343.4525051939811 
  2098.0   342.9685266761497 
  2099.0   342.3768399822402 
  2100.0   342.2848592535307 
