  2015.0   0.878568984432713 
  2016.0   0.8464622336383287 
  2017.0   0.814266687016465 
  2018.0   0.8155033044028689 
  2019.0   0.7838632511560848 
  2020.0   0.777018544002661 
  2021.0   0.7407986164533596 
  2022.0   0.7519274396577003 
  2023.0   0.7370605413009302 
  2024.0   0.713930954266285 
  2025.0   0.7079434485062341 
  2026.0   0.7159350393493504 
  2027.0   0.6941426344860655 
  2028.0   0.7110263301932865 
  2029.0   0.691660129285335 
  2030.0   0.7157059171922061 
  2031.0   0.6875374335806927 
  2032.0   0.6979593685603547 
  2033.0   0.7118471596870934 
  2034.0   0.7020469982837404 
  2035.0   0.6943857411328436 
  2036.0   0.7164299239419207 
  2037.0   0.6866146993558723 
  2038.0   0.7246446254999652 
  2039.0   0.7135576473192821 
  2040.0   0.7087736710047154 
  2041.0   0.7296122596283049 
  2042.0   0.7147082114085603 
  2043.0   0.7032098898825413 
  2044.0   0.7049619959051874 
  2045.0   0.7000203052207224 
  2046.0   0.6998672975259519 
  2047.0   0.674462763241527 
  2048.0   0.698921420743903 
  2049.0   0.6700386793977938 
  2050.0   0.6701716553169221 
  2051.0   0.6970812896729106 
  2052.0   0.712292382115603 
  2053.0   0.6932367367762367 
  2054.0   0.6910104873562235 
  2055.0   0.6943323272119005 
  2056.0   0.6948661838751239 
  2057.0   0.6939556793083889 
  2058.0   0.7218436595805927 
  2059.0   0.7085998706146579 
  2060.0   0.7098940209717297 
  2061.0   0.7236767822030405 
  2062.0   0.7323166533032837 
  2063.0   0.7316064259121298 
  2064.0   0.7611375615073154 
  2065.0   0.7483688381881842 
  2066.0   0.7574726767254492 
  2067.0   0.7353858890040423 
  2068.0   0.7068299695300626 
  2069.0   0.703407603323611 
  2070.0   0.7187606291661037 
  2071.0   0.7246396467781281 
  2072.0   0.7345477432961346 
  2073.0   0.7353991651974772 
  2074.0   0.7414044763776807 
  2075.0   0.7247077469217803 
  2076.0   0.7617619324809393 
  2077.0   0.7512372162462669 
  2078.0   0.7522000273107722 
  2079.0   0.7383478192951133 
  2080.0   0.7359484318160986 
  2081.0   0.7523592148645144 
  2082.0   0.776187654361338 
  2083.0   0.7828878522567926 
  2084.0   0.7551943592979563 
  2085.0   0.7756891596876289 
  2086.0   0.7825213478760973 
  2087.0   0.7729302548536157 
  2088.0   0.7814453747234514 
  2089.0   0.7603636254667228 
  2090.0   0.7732481971900598 
  2091.0   0.7176951944071872 
  2092.0   0.748542495932384 
  2093.0   0.7430719949962785 
  2094.0   0.7142938266852414 
  2095.0   0.7022415327944594 
  2096.0   0.7359791179805095 
  2097.0   0.7165915595458091 
  2098.0   0.6818818098305715 
  2099.0   0.7003359094089131 
  2100.0   0.6774501434482454 
