  2015.0   4.41065964633019 
  2016.0   4.105599407157164 
  2017.0   3.7647074640351827 
  2018.0   4.1264564682085165 
  2019.0   4.25825491628828 
  2020.0   4.350022679940369 
  2021.0   4.170023241784178 
  2022.0   4.227237443041969 
  2023.0   3.870588054387639 
  2024.0   3.5562324765042 
  2025.0   4.160617113059742 
  2026.0   4.364470647467888 
  2027.0   4.275966501553039 
  2028.0   4.269045789745691 
  2029.0   4.1398198924191405 
  2030.0   3.753672990178807 
  2031.0   3.9393679399863184 
  2032.0   3.94565350284613 
  2033.0   4.15250418011363 
  2034.0   4.008141453308359 
  2035.0   4.201738774971358 
  2036.0   4.9541552097541075 
  2037.0   4.459003638351662 
  2038.0   3.93359076358129 
  2039.0   3.8687089655066873 
  2040.0   3.8876854327201666 
  2041.0   4.261887828242075 
  2042.0   4.162768200868121 
  2043.0   4.355194122835598 
  2044.0   4.056847803782435 
  2045.0   3.6632212552437795 
  2046.0   3.105491229241074 
  2047.0   3.96106543456196 
  2048.0   4.135709656215176 
  2049.0   4.056014060534864 
  2050.0   3.8386466883947676 
  2051.0   4.443759314431121 
  2052.0   3.9445512951598003 
  2053.0   3.6312351818280275 
  2054.0   4.1148271900391995 
  2055.0   3.460639327017068 
  2056.0   3.6815206979402895 
  2057.0   3.51615557703492 
  2058.0   4.260523293829174 
  2059.0   3.7889775403756496 
  2060.0   3.8973006442956946 
  2061.0   3.790940020019774 
  2062.0   3.6934230224154665 
  2063.0   3.832091138109709 
  2064.0   3.9275771475458003 
  2065.0   4.0847292167432645 
  2066.0   3.872604370868838 
  2067.0   4.253885470929812 
  2068.0   4.120458772940533 
  2069.0   4.0291834480009205 
  2070.0   3.9613103556434233 
  2071.0   4.319540808208115 
  2072.0   4.458115891901882 
  2073.0   3.740203618137833 
  2074.0   3.7244652798839093 
  2075.0   4.034847812967783 
  2076.0   4.012068903936732 
  2077.0   4.207511394183138 
  2078.0   4.015311211087592 
  2079.0   3.998087015933076 
  2080.0   4.060096130687295 
  2081.0   4.270866994881099 
  2082.0   3.788243272113965 
  2083.0   4.041387017002145 
  2084.0   3.7123562100742618 
  2085.0   3.5190524235018827 
  2086.0   2.8296527624637213 
  2087.0   4.6469638632367065 
  2088.0   4.550545066303518 
  2089.0   3.965064372993396 
  2090.0   3.820761252735039 
  2091.0   3.9974332879611216 
  2092.0   4.519208054691124 
  2093.0   3.644435721487228 
  2094.0   4.092903502454514 
  2095.0   3.9201465413277403 
  2096.0   3.662348609995956 
  2097.0   4.260621215574523 
  2098.0   4.111719331290028 
  2099.0   3.760953512943728 
  2100.0   3.6140913220116317 
