  2015.0   12.61738804670276 
  2016.0   11.822957676975845 
  2017.0   11.839451282733956 
  2018.0   12.267191482168768 
  2019.0   12.882900167384483 
  2020.0   12.326288367632408 
  2021.0   12.069585097993667 
  2022.0   12.270509425669927 
  2023.0   12.52546230401486 
  2024.0   12.851582675282692 
  2025.0   12.48248125902814 
  2026.0   12.194095829182066 
  2027.0   12.255604297910851 
  2028.0   12.753515438961392 
  2029.0   13.03083052799762 
  2030.0   12.263197955074968 
  2031.0   12.153104018753352 
  2032.0   12.311066384067662 
  2033.0   12.64046436880862 
  2034.0   13.188667105499496 
  2035.0   12.572438805039747 
  2036.0   12.280530675957793 
  2037.0   12.592146919449528 
  2038.0   13.147847737289693 
  2039.0   13.265586252788122 
  2040.0   12.579036185448086 
  2041.0   12.464214357546382 
  2042.0   12.962151350726579 
  2043.0   13.360793491954897 
  2044.0   12.901564743316214 
  2045.0   12.71951266706428 
  2046.0   12.914347492892125 
  2047.0   13.508625153012748 
  2048.0   13.064910245885473 
  2049.0   12.913836741897695 
  2050.0   13.232036507364178 
  2051.0   13.440275464255434 
  2052.0   12.703288116954967 
  2053.0   12.496779259878654 
  2054.0   12.646091421977795 
  2055.0   13.19430236882235 
  2056.0   13.214446910402364 
  2057.0   12.906837018380338 
  2058.0   13.143989149226911 
  2059.0   13.062526061363714 
  2060.0   13.072828508665074 
  2061.0   12.974955449180273 
  2062.0   12.915912138910185 
  2063.0   13.53893738544258 
  2064.0   13.621224293983595 
  2065.0   12.70626051518396 
  2066.0   12.842281494164652 
  2067.0   13.237848703321804 
  2068.0   13.715680684523486 
  2069.0   13.067126537261352 
  2070.0   12.588279252349393 
  2071.0   12.723202246687354 
  2072.0   12.897649230767218 
  2073.0   13.34646085864893 
  2074.0   13.687704948330268 
  2075.0   13.050974733147141 
  2076.0   12.939130878049227 
  2077.0   12.964437824798113 
  2078.0   13.152519093702512 
  2079.0   13.499893877203798 
  2080.0   13.682049434567642 
  2081.0   12.89926587519809 
  2082.0   12.77017808109034 
  2083.0   13.078858640225276 
  2084.0   13.670535246946775 
  2085.0   13.278849004493143 
  2086.0   12.778875232116178 
  2087.0   12.988449671735328 
  2088.0   13.610553016820809 
  2089.0   12.89639814747496 
  2090.0   12.741398334592239 
  2091.0   13.316392001598889 
  2092.0   13.569016354681072 
  2093.0   12.769349129849978 
  2094.0   12.573603887256006 
  2095.0   12.829025646520693 
  2096.0   13.132359111830358 
  2097.0   13.54042925562314 
  2098.0   12.561912617629037 
  2099.0   12.528809810677837 
  2100.0   12.971965520871748 
