  2015.0   153.8855036824762 
  2016.0   154.3590324197335 
  2017.0   155.3000590332348 
  2018.0   156.13999002147312 
  2019.0   156.75474460367562 
  2020.0   157.32072556608279 
  2021.0   157.89209575086815 
  2022.0   158.3111399754927 
  2023.0   159.24193981599737 
  2024.0   160.02806001296594 
  2025.0   160.52005979808993 
  2026.0   161.2167563807264 
  2027.0   161.8362538729385 
  2028.0   162.4310816158899 
  2029.0   163.36676568728242 
  2030.0   164.23107190106907 
  2031.0   164.60735273830159 
  2032.0   164.90215111831057 
  2033.0   165.17192526614863 
  2034.0   166.31579481146898 
  2035.0   167.022953461042 
  2036.0   167.5581199593152 
  2037.0   167.54417513440725 
  2038.0   167.44495075565285 
  2039.0   167.87521478357732 
  2040.0   168.55984590308793 
  2041.0   169.47371498991984 
  2042.0   170.0466860447092 
  2043.0   170.42246099145277 
  2044.0   171.3144270631737 
  2045.0   172.32267865066157 
  2046.0   173.46187160461977 
  2047.0   174.100412633693 
  2048.0   174.57318153869568 
  2049.0   174.85833898724746 
  2050.0   174.93877577346368 
  2051.0   175.47632284778246 
  2052.0   176.13458934426836 
  2053.0   176.90001637159227 
  2054.0   177.21771063547806 
  2055.0   178.24866701315858 
  2056.0   179.50809958815822 
  2057.0   180.2204707245236 
  2058.0   180.92337353100643 
  2059.0   181.28872767437917 
  2060.0   181.4951672342141 
  2061.0   182.0522376108682 
  2062.0   181.61161191081482 
  2063.0   182.03344532284555 
  2064.0   182.5764676255985 
  2065.0   182.5457809338651 
  2066.0   182.87097981712495 
  2067.0   183.35107406214294 
  2068.0   183.65215010064048 
  2069.0   183.61897588550931 
  2070.0   184.3350125487038 
  2071.0   184.65421121936856 
  2072.0   185.26866714580024 
  2073.0   185.30506626815355 
  2074.0   184.7304755715637 
  2075.0   184.82298625968255 
  2076.0   184.84288251302425 
  2077.0   184.51284243084044 
  2078.0   184.4019325750149 
  2079.0   184.57682309373476 
  2080.0   184.71498128237852 
  2081.0   184.62911665035702 
  2082.0   184.65489491191687 
  2083.0   184.77027316370499 
  2084.0   184.60037977065738 
  2085.0   184.95370820374472 
  2086.0   185.3145728853917 
  2087.0   185.51658700028122 
  2088.0   185.80485816220997 
  2089.0   185.93774346826234 
  2090.0   185.83980498388615 
  2091.0   185.61356829647033 
  2092.0   185.30885961758239 
  2093.0   185.26241431267286 
  2094.0   185.6882568827053 
  2095.0   185.5419094955205 
  2096.0   185.88879380543727 
  2097.0   186.50137708545455 
  2098.0   187.10123936410162 
  2099.0   187.2587748263527 
  2100.0   187.3924844272505 
