  2015.0   28.86512478289361 
  2016.0   29.10288715401993 
  2017.0   29.013177078535836 
  2018.0   29.100943296794807 
  2019.0   29.376043115557238 
  2020.0   29.46775252027016 
  2021.0   29.46554612309265 
  2022.0   29.54403057307319 
  2023.0   29.866085074996914 
  2024.0   29.94153854382038 
  2025.0   30.026218838236314 
  2026.0   29.93740025289528 
  2027.0   29.962751396311635 
  2028.0   30.0628042122362 
  2029.0   29.888964607066875 
  2030.0   29.374839787509107 
  2031.0   29.29576166747829 
  2032.0   29.11724298879438 
  2033.0   29.464246974029017 
  2034.0   29.425954210449383 
  2035.0   29.178311763752184 
  2036.0   29.28152846304809 
  2037.0   29.138228612847616 
  2038.0   29.17097959621176 
  2039.0   29.049282106062936 
  2040.0   29.357669004036875 
  2041.0   29.849048450910576 
  2042.0   29.398187045051472 
  2043.0   28.92306769003103 
  2044.0   29.202697857199194 
  2045.0   29.335519227295148 
  2046.0   29.18375755739746 
  2047.0   28.67048810576649 
  2048.0   28.675532366641104 
  2049.0   28.805950722567157 
  2050.0   28.914066759752494 
  2051.0   28.98017276922677 
  2052.0   28.831175009160102 
  2053.0   28.670917286534845 
  2054.0   29.005352660185558 
  2055.0   28.64413173035167 
  2056.0   27.959386674967952 
  2057.0   27.911401421509197 
  2058.0   28.33759280491345 
  2059.0   28.71841489551926 
  2060.0   28.71813517712599 
  2061.0   28.191694625714216 
  2062.0   27.801827752335708 
  2063.0   27.942922426379443 
  2064.0   28.21309311278245 
  2065.0   28.654798479946216 
  2066.0   28.97488837254154 
  2067.0   29.022754522973628 
  2068.0   29.31738143471993 
  2069.0   29.462190122688067 
  2070.0   29.490918347204712 
  2071.0   30.20234368197596 
  2072.0   30.392725113484126 
  2073.0   30.67348102405946 
  2074.0   30.628469984507703 
  2075.0   30.77219358467813 
  2076.0   30.938618215248272 
  2077.0   31.140592739629472 
  2078.0   30.921841042233257 
  2079.0   30.54118148173108 
  2080.0   30.553046790752898 
  2081.0   30.56871598363651 
  2082.0   30.52863279603236 
  2083.0   30.24733079835579 
  2084.0   30.1594107804968 
  2085.0   30.920707554340325 
  2086.0   30.871913409082108 
  2087.0   30.665635585859498 
  2088.0   30.966778520576028 
  2089.0   31.181745886153703 
  2090.0   31.073750140557596 
  2091.0   30.97418547202817 
  2092.0   30.97973648802854 
  2093.0   30.87935116203351 
  2094.0   30.317830573658362 
  2095.0   30.541410581116217 
  2096.0   31.028720247638635 
  2097.0   31.2586632990865 
  2098.0   30.91107787540921 
  2099.0   30.51106823768369 
  2100.0   30.094215645315437 
