  2015.0   7.350510168107138e-10 
  2016.0   7.060380846666181e-10 
  2017.0   6.604161521505132e-10 
  2018.0   7.387167591794835e-10 
  2019.0   6.736258168766319e-10 
  2020.0   7.176461387118264e-10 
  2021.0   6.228601064629281e-10 
  2022.0   7.122623723077081e-10 
  2023.0   6.899150202396131e-10 
  2024.0   6.291387087765739e-10 
  2025.0   6.341632767272987e-10 
  2026.0   6.888452384838628e-10 
  2027.0   6.209866052420328e-10 
  2028.0   7.059901733828788e-10 
  2029.0   6.419962614236673e-10 
  2030.0   7.502864225793593e-10 
  2031.0   6.277418600362796e-10 
  2032.0   6.64403539286296e-10 
  2033.0   7.155665246090765e-10 
  2034.0   6.71223063468651e-10 
  2035.0   6.356274899729739e-10 
  2036.0   7.085285743071487e-10 
  2037.0   5.743425219154435e-10 
  2038.0   7.164024841332856e-10 
  2039.0   6.607280204176456e-10 
  2040.0   6.326850060285197e-10 
  2041.0   7.509267093544926e-10 
  2042.0   7.187300853081882e-10 
  2043.0   6.956089171395481e-10 
  2044.0   7.221142522535391e-10 
  2045.0   7.180002341841633e-10 
  2046.0   7.239752657002299e-10 
  2047.0   6.277096201785998e-10 
  2048.0   7.338657961242571e-10 
  2049.0   6.262138127576544e-10 
  2050.0   6.36130765177623e-10 
  2051.0   7.410868036057932e-10 
  2052.0   8.020053664360732e-10 
  2053.0   7.256021423775981e-10 
  2054.0   7.189050540354097e-10 
  2055.0   7.358865084731754e-10 
  2056.0   7.240711278742859e-10 
  2057.0   7.112675793082074e-10 
  2058.0   8.185888990771653e-10 
  2059.0   7.587064631056018e-10 
  2060.0   7.609700581921804e-10 
  2061.0   7.746320659413643e-10 
  2062.0   7.814977193641002e-10 
  2063.0   7.610428882889142e-10 
  2064.0   8.676770346823305e-10 
  2065.0   8.089772943725255e-10 
  2066.0   8.815905676873079e-10 
  2067.0   8.202505164460618e-10 
  2068.0   7.291792566770819e-10 
  2069.0   7.373947866901019e-10 
  2070.0   8.186239608790155e-10 
  2071.0   8.218431483071358e-10 
  2072.0   8.470787727511526e-10 
  2073.0   8.389683274027954e-10 
  2074.0   8.562962204691286e-10 
  2075.0   7.842113549195069e-10 
  2076.0   9.418761467644837e-10 
  2077.0   9.067597156939393e-10 
  2078.0   9.191655949832229e-10 
  2079.0   8.759790000602757e-10 
  2080.0   8.754614562243413e-10 
  2081.0   9.044270923935599e-10 
  2082.0   9.703869689962775e-10 
  2083.0   9.840067995714454e-10 
  2084.0   8.667469278043904e-10 
  2085.0   9.462110871197932e-10 
  2086.0   9.867241756046547e-10 
  2087.0   9.617967284794082e-10 
  2088.0   1.0091106077715585e-09 
  2089.0   9.361133153119128e-10 
  2090.0   9.99088834846874e-10 
  2091.0   8.288129597912346e-10 
  2092.0   9.985598664991038e-10 
  2093.0   1.0149380769726016e-09 
  2094.0   9.318173088142593e-10 
  2095.0   9.088392562040558e-10 
  2096.0   1.0890584651906416e-09 
  2097.0   1.047710640771344e-09 
  2098.0   9.387070695614412e-10 
  2099.0   1.0403431967182762e-09 
  2100.0   9.665254328658862e-10 
