  2015.0   294.42275943418457 
  2016.0   294.8319247093287 
  2017.0   294.32432117983524 
  2018.0   294.17839712971903 
  2019.0   294.8789503213571 
  2020.0   294.89579618020036 
  2021.0   294.81681300382036 
  2022.0   294.8782703349244 
  2023.0   294.1989492248405 
  2024.0   294.30416468427467 
  2025.0   294.71580469908633 
  2026.0   295.1240183493769 
  2027.0   294.5215455249113 
  2028.0   294.4744543922738 
  2029.0   294.8577713919316 
  2030.0   295.34440156954713 
  2031.0   295.94310199260855 
  2032.0   294.93789472940006 
  2033.0   294.00527885268156 
  2034.0   294.0774860656534 
  2035.0   295.33972677970803 
  2036.0   295.2844737080194 
  2037.0   294.4886512415329 
  2038.0   294.6096766051337 
  2039.0   294.9950873398499 
  2040.0   294.57551324945814 
  2041.0   295.17385419723803 
  2042.0   295.5315865585163 
  2043.0   295.1083842358217 
  2044.0   295.1246035779586 
  2045.0   295.0297058968605 
  2046.0   294.8214361244905 
  2047.0   295.2483747350107 
  2048.0   295.30405638685903 
  2049.0   295.15478925171806 
  2050.0   294.95047859431594 
  2051.0   295.18749096112214 
  2052.0   294.88444728102996 
  2053.0   294.6023196648058 
  2054.0   294.7007126057138 
  2055.0   295.0153453813631 
  2056.0   295.5056142422153 
  2057.0   295.52508854180303 
  2058.0   294.9727161299729 
  2059.0   295.3750720654133 
  2060.0   295.9708289918735 
  2061.0   295.8340109058879 
  2062.0   294.50636434733843 
  2063.0   294.486918706556 
  2064.0   295.0201784545179 
  2065.0   294.7950714199808 
  2066.0   295.05266284700326 
  2067.0   294.86272286649313 
  2068.0   295.56661958041093 
  2069.0   294.734313535774 
  2070.0   294.71414897759416 
  2071.0   294.9525614241973 
  2072.0   295.304458774549 
  2073.0   295.15884781238725 
  2074.0   294.6333886232746 
  2075.0   295.1038514396696 
  2076.0   295.13578357210923 
  2077.0   295.41414590523453 
  2078.0   295.53599167090135 
  2079.0   295.49776901803773 
  2080.0   294.66739713119114 
  2081.0   295.2055652103305 
  2082.0   294.6721160013062 
  2083.0   295.17357636203604 
  2084.0   294.9346791682444 
  2085.0   294.65130471834703 
  2086.0   294.66728009729485 
  2087.0   295.05832058897823 
  2088.0   295.2627401284711 
  2089.0   294.78402121430526 
  2090.0   295.0486487026023 
  2091.0   295.04343250805255 
  2092.0   294.98803025110107 
  2093.0   295.00034795127016 
  2094.0   294.8354640624117 
  2095.0   294.45964896419497 
  2096.0   294.29409843956836 
  2097.0   295.0125270784939 
  2098.0   295.15274807061854 
  2099.0   294.8636997662786 
  2100.0   295.15339840058596 
