  2015.0   1.9461943665265034e-10 
  2016.0   1.9883930223508895e-10 
  2017.0   1.8968801998009551e-10 
  2018.0   1.8427150092075347e-10 
  2019.0   1.8185344545569332e-10 
  2020.0   1.2555359456178818e-10 
  2021.0   1.1421770693772632e-10 
  2022.0   1.0301668700503159e-10 
  2023.0   7.53682693300538e-11 
  2024.0   5.1195875958914255e-11 
  2025.0   3.921542648930143e-11 
  2026.0   3.869341688100358e-11 
  2027.0   3.8097702198682593e-11 
  2028.0   3.759512098554156e-11 
  2029.0   3.7120999651256756e-11 
  2030.0   3.666133389682869e-11 
  2031.0   3.601532352052069e-11 
  2032.0   3.6471490026283126e-11 
  2033.0   3.7659907720750935e-11 
  2034.0   3.88439247726129e-11 
  2035.0   4.03189989760994e-11 
  2036.0   4.286181337846338e-11 
  2037.0   4.444987689687399e-11 
  2038.0   4.619118632995338e-11 
  2039.0   4.7798759816343855e-11 
  2040.0   4.9451155710688976e-11 
  2041.0   5.0438815451279786e-11 
  2042.0   4.8182675708584066e-11 
  2043.0   4.539742499149075e-11 
  2044.0   4.208123073748264e-11 
  2045.0   3.829234866400505e-11 
  2046.0   3.51002466614141e-11 
  2047.0   3.219530954459647e-11 
  2048.0   2.977991805241735e-11 
  2049.0   2.7422711802652693e-11 
  2050.0   2.012225575821533e-11 
  2051.0   1.9475550828459738e-11 
  2052.0   2.0478388392439715e-11 
  2053.0   1.9925487606157916e-11 
  2054.0   1.966052389846303e-11 
  2055.0   2.026231703504725e-11 
  2056.0   2.1330681384465743e-11 
  2057.0   2.329213697774448e-11 
  2058.0   2.5279453140337543e-11 
  2059.0   2.7194822394683274e-11 
  2060.0   2.987213729826707e-11 
  2061.0   3.119463779563145e-11 
  2062.0   3.16991436513533e-11 
  2063.0   3.220699320010016e-11 
  2064.0   3.278753699861134e-11 
  2065.0   3.34618635635166e-11 
  2066.0   3.3247017603936984e-11 
  2067.0   3.167961300082336e-11 
  2068.0   3.022255267639472e-11 
  2069.0   2.7984047709798924e-11 
  2070.0   2.5496864255991996e-11 
  2071.0   2.3763171682686573e-11 
  2072.0   2.3188229573148265e-11 
  2073.0   2.282653345704873e-11 
  2074.0   2.2794835277244574e-11 
  2075.0   2.2943528136812847e-11 
  2076.0   2.4429024230513503e-11 
  2077.0   2.7574824605673788e-11 
  2078.0   3.104425313790101e-11 
  2079.0   3.460203814413797e-11 
  2080.0   3.839936467973294e-11 
  2081.0   4.146547173100385e-11 
  2082.0   4.3077482168494366e-11 
  2083.0   4.4762147588171674e-11 
  2084.0   4.62309421442262e-11 
  2085.0   4.762304646524144e-11 
  2086.0   4.738957525799864e-11 
  2087.0   4.4525720461172926e-11 
  2088.0   4.1659284161712674e-11 
  2089.0   3.8663671518104394e-11 
  2090.0   3.5642309591386744e-11 
  2091.0   3.4521011823336694e-11 
  2092.0   3.146630095826886e-11 
  2093.0   2.8403793359962932e-11 
  2094.0   2.543454339926484e-11 
  2095.0   2.2455781982010063e-11 
  2096.0   2.1667016931874224e-11 
  2097.0   2.0549428034669423e-11 
  2098.0   1.9340255968125368e-11 
  2099.0   1.800105549901549e-11 
  2100.0   1.6010650707048008e-11 
