  2015.0   19.544871322439448 
  2016.0   20.281811751075885 
  2017.0   19.44426489174735 
  2018.0   19.709738785493446 
  2019.0   20.632652946241645 
  2020.0   20.634052041644882 
  2021.0   20.2219286964909 
  2022.0   19.418532333925047 
  2023.0   20.970458922074698 
  2024.0   19.460858917338022 
  2025.0   20.455083899020945 
  2026.0   20.130807832219446 
  2027.0   19.469532571489317 
  2028.0   20.331859251645543 
  2029.0   20.286779975478527 
  2030.0   20.701276560431566 
  2031.0   19.538383546811055 
  2032.0   20.052917005439234 
  2033.0   20.273667688509736 
  2034.0   20.435110137836595 
  2035.0   20.464551105354317 
  2036.0   19.542940968374953 
  2037.0   20.627716198656163 
  2038.0   19.834014110119046 
  2039.0   19.98160462137871 
  2040.0   20.14141772420545 
  2041.0   20.517698762038933 
  2042.0   20.144029696138457 
  2043.0   20.39236377285035 
  2044.0   20.895008847808487 
  2045.0   21.41390214890041 
  2046.0   21.234907078108233 
  2047.0   21.494168271365293 
  2048.0   21.20094917871897 
  2049.0   20.640603638807406 
  2050.0   20.974345069915206 
  2051.0   19.44097682040336 
  2052.0   20.213669184242796 
  2053.0   21.09726535898104 
  2054.0   21.45931617564545 
  2055.0   21.27368460813762 
  2056.0   21.924158799927408 
  2057.0   20.539449904821943 
  2058.0   20.23975541491145 
  2059.0   20.48146661213504 
  2060.0   20.42668686035951 
  2061.0   21.426524725766757 
  2062.0   20.782207424526174 
  2063.0   20.40215821379461 
  2064.0   19.892188419874216 
  2065.0   19.844426540283738 
  2066.0   20.541955558674672 
  2067.0   20.315308199602796 
  2068.0   21.482730608773785 
  2069.0   21.42002139623195 
  2070.0   21.009913634647408 
  2071.0   21.704625696343093 
  2072.0   20.40714466514694 
  2073.0   20.459850637484493 
  2074.0   20.13739681140711 
  2075.0   20.16982720936674 
  2076.0   19.075292439119405 
  2077.0   20.56513039863573 
  2078.0   20.12706108726584 
  2079.0   20.60497202693485 
  2080.0   20.64159980297096 
  2081.0   20.24658938826532 
  2082.0   20.61767923125954 
  2083.0   20.34058152570571 
  2084.0   20.701013364943137 
  2085.0   20.55096386551387 
  2086.0   20.108610751245592 
  2087.0   20.79972309365528 
  2088.0   20.941652004520893 
  2089.0   20.89729513714199 
  2090.0   20.775641178361855 
  2091.0   20.358921477814675 
  2092.0   20.360347415241456 
  2093.0   19.981283795997 
  2094.0   20.467853582764334 
  2095.0   20.065236391005378 
  2096.0   20.863227983876545 
  2097.0   20.5788368859381 
  2098.0   19.288920842703348 
  2099.0   20.30362545821521 
  2100.0   20.45087894552542 
