  2015.0   41.83133592356667 
  2016.0   41.05158405321032 
  2017.0   43.14395399577762 
  2018.0   42.722979269660215 
  2019.0   41.468980119353766 
  2020.0   41.566383229738996 
  2021.0   42.692595191044674 
  2022.0   42.5195163479281 
  2023.0   43.86719773585366 
  2024.0   44.59869533706671 
  2025.0   42.5406205496893 
  2026.0   41.72231180429602 
  2027.0   43.046888415984675 
  2028.0   43.463238986351925 
  2029.0   44.081675253571554 
  2030.0   42.57500967539342 
  2031.0   40.318415927921095 
  2032.0   42.03606989858146 
  2033.0   45.366433682739135 
  2034.0   44.63884106733775 
  2035.0   42.59114728827305 
  2036.0   42.82642875410135 
  2037.0   46.26518200529255 
  2038.0   46.18939832154557 
  2039.0   44.779030709113094 
  2040.0   44.95712561404307 
  2041.0   44.86241732191299 
  2042.0   43.18236825595365 
  2043.0   41.94879214860399 
  2044.0   43.88674599513384 
  2045.0   44.046917731658375 
  2046.0   44.69769793910716 
  2047.0   44.23760971226254 
  2048.0   44.09195383048907 
  2049.0   45.09180459887501 
  2050.0   46.79173506373445 
  2051.0   45.8953966214034 
  2052.0   45.76799340113865 
  2053.0   46.70625063947686 
  2054.0   46.305471516088176 
  2055.0   44.85566990528335 
  2056.0   44.40235523261104 
  2057.0   42.930294416443914 
  2058.0   45.05744753143642 
  2059.0   44.512986337717784 
  2060.0   44.68696628687733 
  2061.0   43.05768138467253 
  2062.0   45.627002415068894 
  2063.0   46.5989486522503 
  2064.0   45.29099071343028 
  2065.0   45.61731668834835 
  2066.0   44.26631124529197 
  2067.0   46.08438913412895 
  2068.0   44.12692081784254 
  2069.0   44.99785071786414 
  2070.0   46.255867923775746 
  2071.0   45.711418109297966 
  2072.0   44.67952066657145 
  2073.0   46.527128789801914 
  2074.0   46.54246596533406 
  2075.0   46.71156280723731 
  2076.0   42.65668204471344 
  2077.0   43.172718539053186 
  2078.0   42.2617617784295 
  2079.0   43.85752181823789 
  2080.0   45.65841681031407 
  2081.0   45.81818193292249 
  2082.0   46.59545316013627 
  2083.0   44.67409435603901 
  2084.0   46.14280610543506 
  2085.0   46.41000619914568 
  2086.0   45.112165131400104 
  2087.0   44.00292309265794 
  2088.0   45.1254381003101 
  2089.0   45.38764868962846 
  2090.0   46.71880113320156 
  2091.0   46.070744195164636 
  2092.0   46.08846839540027 
  2093.0   45.99181376525245 
  2094.0   45.98802589365141 
  2095.0   46.09798991911285 
  2096.0   46.004892676761 
  2097.0   45.063325680360286 
  2098.0   43.69466618570256 
  2099.0   44.35741778857169 
  2100.0   44.34071366559693 
