  2015.0   -0.5528711490876128 
  2016.0   0.7284500271505476 
  2017.0   0.8377861116903315 
  2018.0   0.5308145523832499 
  2019.0   -0.7312832545409015 
  2020.0   0.15326883413867676 
  2021.0   0.6251947062058602 
  2022.0   0.7461742761755523 
  2023.0   0.3970000996469105 
  2024.0   -0.27325203129713027 
  2025.0   -0.14707645428776842 
  2026.0   0.6458605757478493 
  2027.0   0.7196249367553387 
  2028.0   0.4425487702101377 
  2029.0   -0.6779797420606725 
  2030.0   0.9023077730622291 
  2031.0   1.293014329229845 
  2032.0   0.9833401103756794 
  2033.0   0.9466646247705637 
  2034.0   -0.4807916291933767 
  2035.0   0.44481681471987 
  2036.0   1.0140831036214242 
  2037.0   0.8375883924219937 
  2038.0   -0.256893625606301 
  2039.0   -0.640424574224209 
  2040.0   0.44253008376900416 
  2041.0   0.8624170328364448 
  2042.0   0.5821004556081175 
  2043.0   -0.32141893775562064 
  2044.0   0.14106511600507352 
  2045.0   0.7881549959254045 
  2046.0   0.5119505197652773 
  2047.0   -0.4597708173993363 
  2048.0   -0.06809396188727256 
  2049.0   0.177678218093293 
  2050.0   0.1218502264080606 
  2051.0   -0.5493049688885265 
  2052.0   0.5051274912055269 
  2053.0   0.8234037379962201 
  2054.0   0.9664440040632152 
  2055.0   0.10822313488093746 
  2056.0   -0.37231007845470077 
  2057.0   0.43369270599295573 
  2058.0   0.1445238547892517 
  2059.0   0.024038025257358854 
  2060.0   0.09571420126058991 
  2061.0   0.3011267762507044 
  2062.0   0.4690855995837411 
  2063.0   -0.5422505374110159 
  2064.0   -0.5985211338365556 
  2065.0   0.533160058643903 
  2066.0   0.5998069900896249 
  2067.0   0.13715061122131822 
  2068.0   -0.772221454757201 
  2069.0   0.10488249146847932 
  2070.0   0.5652394128383015 
  2071.0   0.9075077822645472 
  2072.0   0.783143969078691 
  2073.0   -0.03949644668735235 
  2074.0   -1.057206031538318 
  2075.0   -0.13878550019080382 
  2076.0   0.28725234186353193 
  2077.0   0.3006229454360824 
  2078.0   -0.11911405221421381 
  2079.0   -0.3257339370467642 
  2080.0   -0.948672555528885 
  2081.0   -0.05686734202183352 
  2082.0   0.1556383092839918 
  2083.0   0.00991418252745698 
  2084.0   -0.9901677553384214 
  2085.0   -0.7709714385901849 
  2086.0   -0.04504206568543446 
  2087.0   0.3942079792322134 
  2088.0   -0.78174488971783 
  2089.0   -0.04533262346147541 
  2090.0   0.4855583038975512 
  2091.0   -0.842424456287051 
  2092.0   -1.4144960184261033 
  2093.0   0.0828369341779869 
  2094.0   0.46128917185783214 
  2095.0   0.12764629282053483 
  2096.0   -0.25146351237258197 
  2097.0   -1.042431555638257 
  2098.0   0.35456660204847407 
  2099.0   0.40796695213349093 
  2100.0   0.27566450343572846 
