  2015.0   25.978409101468166 
  2016.0   26.125202371606733 
  2017.0   26.3523151831926 
  2018.0   26.77994639185494 
  2019.0   26.260587866664398 
  2020.0   26.19130360449682 
  2021.0   26.33106755368299 
  2022.0   26.959493210365082 
  2023.0   27.07074219671433 
  2024.0   26.89069467144934 
  2025.0   26.134556504323264 
  2026.0   26.617582977976983 
  2027.0   26.895361183753575 
  2028.0   27.706437645719742 
  2029.0   26.42928632695049 
  2030.0   27.193430099224695 
  2031.0   27.547346846477694 
  2032.0   27.424639329412788 
  2033.0   28.340682186590662 
  2034.0   27.44930263847632 
  2035.0   27.28765462675391 
  2036.0   27.482325367969352 
  2037.0   27.97314906134353 
  2038.0   27.75557433093318 
  2039.0   27.2029335220764 
  2040.0   27.21810070438999 
  2041.0   27.632991585453688 
  2042.0   28.314786095204532 
  2043.0   27.781277650250555 
  2044.0   27.413562065592956 
  2045.0   27.952122419428242 
  2046.0   28.323214280928166 
  2047.0   27.895342415275852 
  2048.0   27.561207629638485 
  2049.0   27.5820601707488 
  2050.0   28.210383613444527 
  2051.0   27.59582143475994 
  2052.0   27.502996516312333 
  2053.0   27.492857158795328 
  2054.0   28.080084435997378 
  2055.0   28.059264125548548 
  2056.0   27.28190939581793 
  2057.0   27.872206723434115 
  2058.0   27.91700209854442 
  2059.0   27.643055427365177 
  2060.0   27.854945358480045 
  2061.0   27.857360770361364 
  2062.0   28.11343176777899 
  2063.0   27.91669313461252 
  2064.0   27.768593814188183 
  2065.0   27.606103125038825 
  2066.0   27.90036056173919 
  2067.0   28.181712564089867 
  2068.0   27.886885286363636 
  2069.0   27.610654614516918 
  2070.0   27.39199595003021 
  2071.0   28.122689090288674 
  2072.0   28.445817517303507 
  2073.0   28.372099331569466 
  2074.0   27.272363397246476 
  2075.0   27.20368880816697 
  2076.0   27.66887723932694 
  2077.0   27.85042768792389 
  2078.0   27.581709898343295 
  2079.0   28.097180119576148 
  2080.0   27.459514042694654 
  2081.0   27.098625632017338 
  2082.0   27.23266164370387 
  2083.0   27.576831309181074 
  2084.0   27.57287391473409 
  2085.0   26.809541722998475 
  2086.0   26.812773401874054 
  2087.0   27.946728838859215 
  2088.0   27.54209915132291 
  2089.0   27.096549745006797 
  2090.0   27.566640430729688 
  2091.0   26.998957273068843 
  2092.0   26.346749158350775 
  2093.0   26.891913646350048 
  2094.0   27.065465918077443 
  2095.0   27.08078907460999 
  2096.0   27.345176329446982 
  2097.0   26.94546790737702 
  2098.0   26.926159680206904 
  2099.0   26.915720543788304 
  2100.0   27.649916889543654 
