  2015.0   144.31330111971312 
  2016.0   145.07252932233393 
  2017.0   145.55301985504792 
  2018.0   145.57824013747802 
  2019.0   146.40232263153862 
  2020.0   147.40526773415164 
  2021.0   148.09002580528144 
  2022.0   148.2614055859164 
  2023.0   148.8361326733739 
  2024.0   149.27840563619614 
  2025.0   149.3875846567838 
  2026.0   150.16387783637796 
  2027.0   150.13121619863531 
  2028.0   150.2034564151973 
  2029.0   150.5903294301531 
  2030.0   151.26395137844366 
  2031.0   151.33119227499992 
  2032.0   151.4987128078571 
  2033.0   151.52532279913513 
  2034.0   151.82146073817842 
  2035.0   152.31522816733158 
  2036.0   152.2536361231109 
  2037.0   152.42544690296478 
  2038.0   152.52166979359095 
  2039.0   152.51497955106584 
  2040.0   152.44001687213375 
  2041.0   152.87154922407686 
  2042.0   152.94812586948126 
  2043.0   153.22046991964135 
  2044.0   153.5423569679517 
  2045.0   154.38170932803664 
  2046.0   155.22974197919856 
  2047.0   155.90009268898146 
  2048.0   156.76025501897692 
  2049.0   156.88121706642488 
  2050.0   157.17166696518888 
  2051.0   156.79276802767427 
  2052.0   156.08830293979 
  2053.0   156.47759022311868 
  2054.0   157.2398019580553 
  2055.0   158.03180385358687 
  2056.0   158.69169233693702 
  2057.0   158.8862336528635 
  2058.0   158.50857349840456 
  2059.0   158.1594200127584 
  2060.0   158.01390623196696 
  2061.0   158.4679281146536 
  2062.0   158.73308044263902 
  2063.0   158.6263778999618 
  2064.0   157.79376660308245 
  2065.0   157.3815818545575 
  2066.0   157.33060881623607 
  2067.0   157.09746020426184 
  2068.0   157.3961455868413 
  2069.0   158.25413237357665 
  2070.0   158.55712059985134 
  2071.0   159.11030232546526 
  2072.0   159.197213643579 
  2073.0   158.68788234951793 
  2074.0   158.62888777997307 
  2075.0   158.09426979420215 
  2076.0   157.3637265335259 
  2077.0   156.74680529452905 
  2078.0   156.7146413566962 
  2079.0   156.7901797180195 
  2080.0   156.9841702490819 
  2081.0   156.9304628743015 
  2082.0   156.79534664788227 
  2083.0   156.6614424792522 
  2084.0   156.7785473805275 
  2085.0   156.89729243859915 
  2086.0   156.59996956629072 
  2087.0   156.7778417468041 
  2088.0   156.96217201599458 
  2089.0   157.46835461032163 
  2090.0   157.6037939851023 
  2091.0   157.31122294954952 
  2092.0   157.42091424468558 
  2093.0   156.97598431743165 
  2094.0   156.85431392594916 
  2095.0   156.58475349710287 
  2096.0   156.68179751605624 
  2097.0   156.6413604128427 
  2098.0   156.23721735791034 
  2099.0   155.98147144174945 
  2100.0   155.99689028732044 
