  2015.0   43.142375612335805 
  2016.0   42.567725092970186 
  2017.0   44.214863017912045 
  2018.0   43.94852107561458 
  2019.0   44.35650979773098 
  2020.0   44.98685195406826 
  2021.0   43.20387556966485 
  2022.0   42.59286936666895 
  2023.0   44.95229390294103 
  2024.0   43.775903636078645 
  2025.0   42.43145120358841 
  2026.0   43.62844315270639 
  2027.0   44.69264697998478 
  2028.0   44.00310089984528 
  2029.0   43.687293561065026 
  2030.0   44.26145451508702 
  2031.0   42.46614429612069 
  2032.0   44.88078609497343 
  2033.0   45.13250667278836 
  2034.0   45.11968813507955 
  2035.0   43.449277623866145 
  2036.0   44.723975861582076 
  2037.0   44.09272632526466 
  2038.0   44.798067831672206 
  2039.0   44.96214199793245 
  2040.0   44.73933191026804 
  2041.0   44.387013254313565 
  2042.0   45.00134789474837 
  2043.0   44.736665796122104 
  2044.0   44.709094303329 
  2045.0   43.8008470331065 
  2046.0   44.5602503652443 
  2047.0   45.43357715435945 
  2048.0   43.304695566888455 
  2049.0   45.451990937738906 
  2050.0   44.83488501831699 
  2051.0   43.76741313121089 
  2052.0   44.1347598607347 
  2053.0   44.91273199447161 
  2054.0   43.90530459382889 
  2055.0   44.832325642384475 
  2056.0   44.536970843549355 
  2057.0   44.08236647106591 
  2058.0   44.67865681301507 
  2059.0   45.17440516530815 
  2060.0   44.883091651465634 
  2061.0   44.76533989218286 
  2062.0   43.46804162060708 
  2063.0   44.2248786462137 
  2064.0   44.31209181913159 
  2065.0   44.01785246270167 
  2066.0   44.16685418381898 
  2067.0   45.62522947074934 
  2068.0   44.10212957742186 
  2069.0   44.784457323753706 
  2070.0   45.212239640077165 
  2071.0   45.47260932777228 
  2072.0   45.54913069396451 
  2073.0   45.28942061179717 
  2074.0   44.952643202958775 
  2075.0   44.34925930948391 
  2076.0   42.93809932288822 
  2077.0   44.096759731585294 
  2078.0   45.17523734081312 
  2079.0   43.51892348158936 
  2080.0   44.85148727646034 
  2081.0   43.695481620184886 
  2082.0   45.663111573074175 
  2083.0   44.21990137141005 
  2084.0   44.516562021537354 
  2085.0   44.161439146531045 
  2086.0   44.43245788197993 
  2087.0   45.25801302139511 
  2088.0   45.35896091118779 
  2089.0   43.958325449367244 
  2090.0   43.19732386683442 
  2091.0   43.6784943070235 
  2092.0   42.803115277577525 
  2093.0   42.5208420919925 
  2094.0   43.90458539948006 
  2095.0   44.32735286929137 
  2096.0   44.478604607411675 
  2097.0   44.45744671084591 
  2098.0   43.23423384028378 
  2099.0   44.46420647172897 
  2100.0   42.61243386987633 
