  2015.0   1.382736574449384e-09 
  2016.0   1.2716463694140635e-09 
  2017.0   1.238734091955429e-09 
  2018.0   1.2462287070643525e-09 
  2019.0   1.2341660840621585e-09 
  2020.0   1.2040861940571198e-09 
  2021.0   1.1896404111254526e-09 
  2022.0   1.1529548062353914e-09 
  2023.0   1.1301778099431008e-09 
  2024.0   1.1146312144250833e-09 
  2025.0   1.1220029668887333e-09 
  2026.0   1.1313198838483524e-09 
  2027.0   1.1220248350354159e-09 
  2028.0   1.1055443236646147e-09 
  2029.0   1.1086697144925184e-09 
  2030.0   1.133975980652929e-09 
  2031.0   1.1520829998325397e-09 
  2032.0   1.1418027810203264e-09 
  2033.0   1.1398746521969995e-09 
  2034.0   1.1746956838595758e-09 
  2035.0   1.2116393598270262e-09 
  2036.0   1.2120486719777173e-09 
  2037.0   1.23975971298365e-09 
  2038.0   1.2492642247482873e-09 
  2039.0   1.2567170910195955e-09 
  2040.0   1.1874987072311824e-09 
  2041.0   1.146507520561265e-09 
  2042.0   1.1431001662259215e-09 
  2043.0   1.1239300701472532e-09 
  2044.0   1.1110483825645472e-09 
  2045.0   1.0987252223334732e-09 
  2046.0   1.1083805450071625e-09 
  2047.0   1.1096295255223917e-09 
  2048.0   1.128020680147968e-09 
  2049.0   1.1240651380599195e-09 
  2050.0   1.1591291936150742e-09 
  2051.0   1.1553200357054152e-09 
  2052.0   1.1624949875321626e-09 
  2053.0   1.1622096471236196e-09 
  2054.0   1.1467116056713949e-09 
  2055.0   1.1953365856278213e-09 
  2056.0   1.2178709442480182e-09 
  2057.0   1.214673145268122e-09 
  2058.0   1.21486564513671e-09 
  2059.0   1.2318549776041248e-09 
  2060.0   1.2567151348772275e-09 
  2061.0   1.2788411220913418e-09 
  2062.0   1.2997008309364133e-09 
  2063.0   1.3004587610798619e-09 
  2064.0   1.301521511185215e-09 
  2065.0   1.2846044557546158e-09 
  2066.0   1.2456678810886524e-09 
  2067.0   1.241551201651466e-09 
  2068.0   1.2636875105271187e-09 
  2069.0   1.2563893895587546e-09 
  2070.0   1.3046053729637126e-09 
  2071.0   1.3559008397300925e-09 
  2072.0   1.3597894471430463e-09 
  2073.0   1.3702307400351086e-09 
  2074.0   1.3830840378965998e-09 
  2075.0   1.3748071666971234e-09 
  2076.0   1.3633345569796087e-09 
  2077.0   1.3667732124786933e-09 
  2078.0   1.3743155635114366e-09 
  2079.0   1.3968137461018136e-09 
  2080.0   1.4529806905666285e-09 
  2081.0   1.4653895089588277e-09 
  2082.0   1.451348696305273e-09 
  2083.0   1.4232476524346737e-09 
  2084.0   1.42385587159321e-09 
  2085.0   1.4460232721501673e-09 
  2086.0   1.4418057928071082e-09 
  2087.0   1.4322695540104472e-09 
  2088.0   1.4319625149520798e-09 
  2089.0   1.4283563541673952e-09 
  2090.0   1.3814059998456376e-09 
  2091.0   1.3745029225869593e-09 
  2092.0   1.3831928568530554e-09 
  2093.0   1.3609351325415342e-09 
  2094.0   1.3513638756602363e-09 
  2095.0   1.3175093638917998e-09 
  2096.0   1.2952389488615687e-09 
  2097.0   1.2860858231788407e-09 
  2098.0   1.3088637420801788e-09 
  2099.0   1.2828208710844752e-09 
  2100.0   1.2438010333545793e-09 
