  2015.0   1.888702379729993e-09 
  2016.0   2.0230432164747138e-09 
  2017.0   1.4427345342846001e-09 
  2018.0   1.49166688675521e-09 
  2019.0   2.220534571974834e-09 
  2020.0   1.9267447289279637e-09 
  2021.0   1.6807477907871634e-09 
  2022.0   1.7832089959996834e-09 
  2023.0   2.6881558250982586e-09 
  2024.0   2.2552653236580185e-09 
  2025.0   2.7405073753280624e-09 
  2026.0   2.3212531513937276e-09 
  2027.0   2.5998554525600727e-09 
  2028.0   1.7957606257257095e-09 
  2029.0   3.9988897445068685e-09 
  2030.0   2.0274772858436137e-09 
  2031.0   2.7978965515630498e-09 
  2032.0   2.059973001393511e-09 
  2033.0   2.865705729580282e-09 
  2034.0   2.915675953512882e-09 
  2035.0   2.363447715561622e-09 
  2036.0   2.912036833070022e-09 
  2037.0   2.3694343227653822e-09 
  2038.0   3.7268524230109695e-09 
  2039.0   2.139661808595846e-09 
  2040.0   2.456266207983066e-09 
  2041.0   3.1253215006603827e-09 
  2042.0   3.614341190805419e-09 
  2043.0   2.185085999877486e-09 
  2044.0   2.322619059018158e-09 
  2045.0   3.46295687800292e-09 
  2046.0   3.939746520543766e-09 
  2047.0   2.9980293782861653e-09 
  2048.0   2.8286208445086953e-09 
  2049.0   2.6217477332010504e-09 
  2050.0   2.5654757308290955e-09 
  2051.0   3.0276040996252452e-09 
  2052.0   3.510799585965998e-09 
  2053.0   2.4942026735399513e-09 
  2054.0   3.522052685361883e-09 
  2055.0   4.680193440863517e-09 
  2056.0   2.867925752603061e-09 
  2057.0   2.1804792358229594e-09 
  2058.0   2.9255570098668277e-09 
  2059.0   3.1667730874829636e-09 
  2060.0   5.120115973228701e-09 
  2061.0   3.1706001718562722e-09 
  2062.0   3.2195410641338277e-09 
  2063.0   2.5095682682482383e-09 
  2064.0   2.469462886384398e-09 
  2065.0   2.4865274269405873e-09 
  2066.0   3.1169953918861296e-09 
  2067.0   2.6503262066846524e-09 
  2068.0   3.269098382063775e-09 
  2069.0   2.7725466274416246e-09 
  2070.0   1.8821300257002444e-09 
  2071.0   3.0346291685030745e-09 
  2072.0   2.768050356025613e-09 
  2073.0   2.870585862724254e-09 
  2074.0   3.192495765268787e-09 
  2075.0   3.2570226820254625e-09 
  2076.0   2.911849796463269e-09 
  2077.0   3.3517020779628217e-09 
  2078.0   2.9912414432216306e-09 
  2079.0   2.677904925803939e-09 
  2080.0   2.7104660315228233e-09 
  2081.0   2.965915555219847e-09 
  2082.0   2.680532579419644e-09 
  2083.0   2.9891267467946005e-09 
  2084.0   2.2621283992165738e-09 
  2085.0   3.419577461481565e-09 
  2086.0   3.18123493513053e-09 
  2087.0   2.485884571557584e-09 
  2088.0   2.1659956102302977e-09 
  2089.0   2.9024099091689737e-09 
  2090.0   3.0513173899400016e-09 
  2091.0   3.239841772037251e-09 
  2092.0   2.610523186783708e-09 
  2093.0   4.724743525882704e-09 
  2094.0   2.2511178825967003e-09 
  2095.0   2.3973329134516307e-09 
  2096.0   2.590928829731531e-09 
  2097.0   2.5841526531953694e-09 
  2098.0   4.984825004140706e-09 
  2099.0   3.076261340202213e-09 
  2100.0   2.4588681890038986e-09 
