  2015.0   294.4524330308676 
  2016.0   294.949539347221 
  2017.0   295.3096532936374 
  2018.0   294.5204817933501 
  2019.0   294.66814856326243 
  2020.0   295.12540131863034 
  2021.0   295.23607845499544 
  2022.0   294.75576843054915 
  2023.0   294.3920679086659 
  2024.0   294.5977339590845 
  2025.0   294.905568731842 
  2026.0   295.2096875940258 
  2027.0   294.902331210689 
  2028.0   294.8688927830136 
  2029.0   295.5338735652927 
  2030.0   295.35426293485136 
  2031.0   295.3680426006554 
  2032.0   294.78525998079925 
  2033.0   295.5446231977297 
  2034.0   295.5078561563393 
  2035.0   294.9372708898064 
  2036.0   295.47887811226275 
  2037.0   295.55855932368127 
  2038.0   295.1800854657214 
  2039.0   294.7766082770739 
  2040.0   294.6756686455249 
  2041.0   295.6338840365161 
  2042.0   295.59979129390655 
  2043.0   295.27613964845773 
  2044.0   295.095127275092 
  2045.0   295.3723397152722 
  2046.0   295.89525799085226 
  2047.0   295.20877957207637 
  2048.0   295.4468040936081 
  2049.0   295.7816534637828 
  2050.0   295.47547293419905 
  2051.0   295.68261546820344 
  2052.0   295.54336439314255 
  2053.0   294.9765575451968 
  2054.0   295.67103193261227 
  2055.0   296.19574016893887 
  2056.0   295.6989256859582 
  2057.0   295.4457743470727 
  2058.0   295.01380830371255 
  2059.0   295.59081936842733 
  2060.0   295.68821968405825 
  2061.0   295.9008608009723 
  2062.0   295.3979259987002 
  2063.0   295.26195153234977 
  2064.0   294.98657929466657 
  2065.0   295.12005548853995 
  2066.0   295.83712969134115 
  2067.0   295.50970461641225 
  2068.0   295.6659741561891 
  2069.0   295.7653684566346 
  2070.0   295.36375263418194 
  2071.0   295.24914262248495 
  2072.0   295.05205100698646 
  2073.0   295.1251716866984 
  2074.0   295.19835604484194 
  2075.0   295.1591470936007 
  2076.0   294.8087052640151 
  2077.0   295.725882788659 
  2078.0   296.01298595013907 
  2079.0   295.30193569320755 
  2080.0   295.37897534672015 
  2081.0   295.5876290288548 
  2082.0   295.97098963273356 
  2083.0   295.4214390586494 
  2084.0   294.6855813348098 
  2085.0   294.9788500898122 
  2086.0   295.8047930811126 
  2087.0   295.193481569599 
  2088.0   295.1827227969654 
  2089.0   295.42761733185466 
  2090.0   295.57795641210976 
  2091.0   295.04301198547796 
  2092.0   295.29960141302394 
  2093.0   295.4178306455302 
  2094.0   294.9649332196697 
  2095.0   295.0035131952028 
  2096.0   295.0656676034143 
  2097.0   295.59409055067266 
  2098.0   295.21254079094234 
  2099.0   295.66134385727673 
  2100.0   295.38699508362436 
