  2015.0   8.876017667088712 
  2016.0   8.549938502438224 
  2017.0   8.720842528925164 
  2018.0   8.904626665834591 
  2019.0   8.808084358326777 
  2020.0   8.678949781936156 
  2021.0   8.571611359499865 
  2022.0   8.72294221488016 
  2023.0   8.798512717625497 
  2024.0   8.799322248696742 
  2025.0   8.860199171798879 
  2026.0   8.879319658413502 
  2027.0   8.683108788681428 
  2028.0   8.697270264357764 
  2029.0   8.846664661688976 
  2030.0   9.04688190971073 
  2031.0   8.917968923077039 
  2032.0   8.753604931808457 
  2033.0   9.043019220483941 
  2034.0   8.854044716608474 
  2035.0   8.797373168891834 
  2036.0   9.007368304526668 
  2037.0   8.67433363403421 
  2038.0   9.1110193556338 
  2039.0   8.893630195644375 
  2040.0   9.1737506521099 
  2041.0   9.0197298361792 
  2042.0   8.953593352050527 
  2043.0   9.155562484703166 
  2044.0   8.88065674029881 
  2045.0   9.079498963252654 
  2046.0   8.803796177084905 
  2047.0   8.917210009720867 
  2048.0   8.998087493872692 
  2049.0   8.879102295702133 
  2050.0   8.988886207485812 
  2051.0   8.79938484770377 
  2052.0   8.998556304330979 
  2053.0   9.126491739802901 
  2054.0   8.799172563616526 
  2055.0   9.056728061564401 
  2056.0   9.223487966788149 
  2057.0   9.156578605996522 
  2058.0   9.158278474706412 
  2059.0   9.285716315526134 
  2060.0   9.135068670403705 
  2061.0   9.453685678327682 
  2062.0   9.04944414913673 
  2063.0   9.150606192420147 
  2064.0   9.00412418088013 
  2065.0   8.972926240004618 
  2066.0   9.137141125787739 
  2067.0   9.356985192889681 
  2068.0   9.414717585773962 
  2069.0   8.986278098550478 
  2070.0   9.116488625467777 
  2071.0   9.170454782902402 
  2072.0   8.967945364143747 
  2073.0   9.159177887258755 
  2074.0   9.365692141204784 
  2075.0   9.448106747669735 
  2076.0   9.185084620473809 
  2077.0   9.046874308345151 
  2078.0   9.061285851288217 
  2079.0   9.25331244838679 
  2080.0   9.189494074956247 
  2081.0   9.413688921133062 
  2082.0   9.275475566561308 
  2083.0   9.19498485816556 
  2084.0   9.179718653369722 
  2085.0   8.949409498692619 
  2086.0   9.167380859003275 
  2087.0   9.239790940378924 
  2088.0   9.456310823174551 
  2089.0   9.348466179170797 
  2090.0   9.287071267013484 
  2091.0   9.299312877589996 
  2092.0   9.292381901066877 
  2093.0   9.524550747555875 
  2094.0   9.28887269487409 
  2095.0   9.044550192057041 
  2096.0   9.357909010471007 
  2097.0   9.523869408347872 
  2098.0   9.190020466835142 
  2099.0   9.265431640146765 
  2100.0   8.907931886291388 
