  2015.0   4.470483273053615 
  2016.0   4.6563509701002985 
  2017.0   5.084468866376922 
  2018.0   5.018109682804449 
  2019.0   4.743656715508245 
  2020.0   5.157892193323444 
  2021.0   4.8971920815582015 
  2022.0   4.979340591101903 
  2023.0   4.524754641883232 
  2024.0   4.893299292975492 
  2025.0   5.337925393945799 
  2026.0   5.139046395521395 
  2027.0   4.499826434551487 
  2028.0   4.912343563217012 
  2029.0   5.299394059331953 
  2030.0   5.424867061563503 
  2031.0   5.077507535008188 
  2032.0   5.052736397297495 
  2033.0   4.962393791168679 
  2034.0   5.000391032318205 
  2035.0   4.92755439019305 
  2036.0   5.16110176949946 
  2037.0   4.740194415435348 
  2038.0   5.169230468856957 
  2039.0   4.801969493654782 
  2040.0   4.941591875154013 
  2041.0   5.220196493353066 
  2042.0   4.789107546770833 
  2043.0   4.717217496999063 
  2044.0   4.497781896487149 
  2045.0   4.506290844048133 
  2046.0   4.7817706850470865 
  2047.0   4.842563532952771 
  2048.0   5.036380370254252 
  2049.0   5.043720644835233 
  2050.0   4.768186639430656 
  2051.0   5.0302480137310726 
  2052.0   4.716016985003249 
  2053.0   5.1693094281505445 
  2054.0   4.770759291762356 
  2055.0   4.920563229801266 
  2056.0   4.9309974341823795 
  2057.0   4.917308313261137 
  2058.0   5.000390909899893 
  2059.0   4.9222862097336 
  2060.0   5.18612706069006 
  2061.0   5.3344355977885884 
  2062.0   5.285046102220976 
  2063.0   4.793360083600717 
  2064.0   4.9659141793647725 
  2065.0   5.2801299408309275 
  2066.0   4.722615041166647 
  2067.0   4.731857152547725 
  2068.0   4.901186269987197 
  2069.0   5.049425197354811 
  2070.0   5.040825001970728 
  2071.0   4.998446219101378 
  2072.0   4.7812073021471875 
  2073.0   4.8157749159177845 
  2074.0   4.795091710432083 
  2075.0   4.916079763302925 
  2076.0   4.9898432050221535 
  2077.0   5.497703371663611 
  2078.0   4.589641874222902 
  2079.0   4.982096611348671 
  2080.0   4.832703082148722 
  2081.0   5.096814816963983 
  2082.0   4.813032607184938 
  2083.0   5.032150576251777 
  2084.0   4.647277785073047 
  2085.0   4.645678548273221 
  2086.0   4.540386461088914 
  2087.0   5.375365549083938 
  2088.0   5.1711284455837045 
  2089.0   4.825076005535647 
  2090.0   4.655204505860658 
  2091.0   4.91269199163747 
  2092.0   4.787567807116509 
  2093.0   5.094673626119274 
  2094.0   5.029417841661883 
  2095.0   4.933054938634291 
  2096.0   4.942192849061474 
  2097.0   5.502277945010715 
  2098.0   4.791078951280252 
  2099.0   4.581432282170592 
  2100.0   4.851928073502876 
