  2015.0   1.5497024547084192e-10 
  2016.0   1.5159514536748996e-10 
  2017.0   1.4873370100016595e-10 
  2018.0   1.4583909302107664e-10 
  2019.0   1.4302486381522745e-10 
  2020.0   1.4172802854032964e-10 
  2021.0   1.4159529573682526e-10 
  2022.0   1.410810472145747e-10 
  2023.0   1.4032488304709152e-10 
  2024.0   1.3944654332605066e-10 
  2025.0   1.3836794044969574e-10 
  2026.0   1.3730452895233214e-10 
  2027.0   1.3632433088540534e-10 
  2028.0   1.3548712586115228e-10 
  2029.0   1.3486023067469116e-10 
  2030.0   1.3463577435655873e-10 
  2031.0   1.34709730115405e-10 
  2032.0   1.3485507396884447e-10 
  2033.0   1.350725811054707e-10 
  2034.0   1.3534277516799852e-10 
  2035.0   1.3605351249812043e-10 
  2036.0   1.370448016650897e-10 
  2037.0   1.3795561289721586e-10 
  2038.0   1.3904517110338614e-10 
  2039.0   1.4013778210025625e-10 
  2040.0   1.3968810023098608e-10 
  2041.0   1.380658088284783e-10 
  2042.0   1.3664411972029625e-10 
  2043.0   1.353504596511502e-10 
  2044.0   1.3418620266145906e-10 
  2045.0   1.3376696236402444e-10 
  2046.0   1.3397163451623968e-10 
  2047.0   1.3404772687284022e-10 
  2048.0   1.3388489089980286e-10 
  2049.0   1.3355546007089697e-10 
  2050.0   1.3321881994425069e-10 
  2051.0   1.317389309552618e-10 
  2052.0   1.2948413023342734e-10 
  2053.0   1.2763633709853681e-10 
  2054.0   1.2598315857472722e-10 
  2055.0   1.2475160138713e-10 
  2056.0   1.2382540350760506e-10 
  2057.0   1.229034766329555e-10 
  2058.0   1.2202736187348178e-10 
  2059.0   1.2126467516268432e-10 
  2060.0   1.2179476180273885e-10 
  2061.0   1.2316691864635853e-10 
  2062.0   1.2398373638658457e-10 
  2063.0   1.2437427509859044e-10 
  2064.0   1.2447445337203827e-10 
  2065.0   1.2380088102463084e-10 
  2066.0   1.2259416557078394e-10 
  2067.0   1.2151585475527443e-10 
  2068.0   1.205337397467649e-10 
  2069.0   1.1960595198056695e-10 
  2070.0   1.1972572781823238e-10 
  2071.0   1.204445743701309e-10 
  2072.0   1.206309607802756e-10 
  2073.0   1.2034203427095753e-10 
  2074.0   1.1973769855759733e-10 
  2075.0   1.189116487715843e-10 
  2076.0   1.1791657634449775e-10 
  2077.0   1.1686840467860875e-10 
  2078.0   1.159043035098744e-10 
  2079.0   1.1535439142798489e-10 
  2080.0   1.1526991830987098e-10 
  2081.0   1.1516712924561715e-10 
  2082.0   1.1496524098638956e-10 
  2083.0   1.1463363733142378e-10 
  2084.0   1.1430431297878009e-10 
  2085.0   1.1390073917115453e-10 
  2086.0   1.1344118280260078e-10 
  2087.0   1.1306498684044739e-10 
  2088.0   1.1273237428566549e-10 
  2089.0   1.1236532667631809e-10 
  2090.0   1.1148199362861687e-10 
  2091.0   1.1022564719558764e-10 
  2092.0   1.0916643497098475e-10 
  2093.0   1.0818314270280946e-10 
  2094.0   1.0742393245289697e-10 
  2095.0   1.0595474356809774e-10 
  2096.0   1.0379689740484162e-10 
  2097.0   1.0192755052560204e-10 
  2098.0   1.0028212384835099e-10 
  2099.0   9.880346238859415e-11 
  2100.0   8.826759857863841e-11 
