  1850.0   1.8603484094327696 
  1851.0   1.8226051168119077 
  1852.0   1.9091857926652762 
  1853.0   1.9499858937500387 
  1854.0   1.9714033153876505 
  1855.0   1.9833823516342226 
  1856.0   2.0260829923257755 
  1857.0   2.011852566274526 
  1858.0   2.0866261052886736 
  1859.0   2.0897636967095705 
  1860.0   2.0367816332752513 
  1861.0   2.1095798866754882 
  1862.0   2.0189045080366155 
  1863.0   2.03610363924242 
  1864.0   1.95518984833634 
  1865.0   2.060593099013751 
  1866.0   2.069121232735626 
  1867.0   2.0073275509421737 
  1868.0   2.013166667871902 
  1869.0   1.7743494873006505 
  1870.0   1.9884912363417493 
  1871.0   2.158629248393524 
  1872.0   2.0540819143503017 
  1873.0   1.9678017597890185 
  1874.0   1.9578625968113246 
  1875.0   2.1108790042177414 
  1876.0   2.1485548275618007 
  1877.0   2.1687250394407647 
  1878.0   2.1014831431685117 
  1879.0   2.221850322670179 
  1880.0   2.2686701009041674 
  1881.0   2.1288395788903016 
  1882.0   2.089139404692344 
  1883.0   1.9466241627140313 
  1884.0   1.9422935395024352 
  1885.0   1.9136721132404069 
  1886.0   1.8939979362307733 
  1887.0   2.0304041174496636 
  1888.0   1.9450288225851202 
  1889.0   1.966473654945632 
  1890.0   2.053079670919552 
  1891.0   1.955407564155056 
  1892.0   2.194804904038593 
  1893.0   2.2479879741938014 
  1894.0   2.045956307955486 
  1895.0   2.1330386056651878 
  1896.0   2.2776443551117285 
  1897.0   2.4127691220310825 
  1898.0   2.1075382872797155 
  1899.0   2.224883385609024 
  1900.0   2.0573615287966924 
  1901.0   2.1471516415792076 
  1902.0   2.062648444021966 
  1903.0   2.1297295581046383 
  1904.0   2.092927110101572 
  1905.0   2.1464060251680768 
  1906.0   2.28343815077399 
  1907.0   2.2108746360762375 
  1908.0   2.172507239540811 
  1909.0   2.220979664174609 
  1910.0   2.165793920555022 
  1911.0   2.3110184740211777 
  1912.0   2.1631520857098394 
  1913.0   2.298052848917451 
  1914.0   2.2302926573647945 
  1915.0   2.3107879574814727 
  1916.0   2.4113692456765032 
  1917.0   2.2803215275646553 
  1918.0   2.2964967276608736 
  1919.0   2.2903497863571514 
  1920.0   2.2953190145032565 
  1921.0   2.6039794316038574 
  1922.0   2.448504877489081 
  1923.0   2.232140830324008 
  1924.0   2.2487977186504073 
  1925.0   2.308902280296633 
  1926.0   2.3448550566750757 
  1927.0   2.356966058070633 
  1928.0   2.472263796963954 
  1929.0   2.455434495508775 
  1930.0   2.394728468161525 
  1931.0   2.4333300721180575 
  1932.0   2.289095972957221 
  1933.0   2.3793392316817723 
  1934.0   2.154942374554625 
  1935.0   2.1935954529968003 
  1936.0   2.292410967007774 
  1937.0   2.3476876968539453 
  1938.0   2.4550606021571455 
  1939.0   2.6000996773529996 
  1940.0   2.3651725491666262 
  1941.0   2.330523786059477 
  1942.0   2.3718036294818376 
  1943.0   2.550651356429208 
  1944.0   2.7065064448229506 
  1945.0   2.5219308836365086 
  1946.0   2.646249827365215 
  1947.0   2.5832264864695134 
  1948.0   2.4810375056618197 
  1949.0   2.4948492311211994 
  1950.0   2.4074271118252737 
  1951.0   2.5836347627075367 
  1952.0   2.635850740685432 
  1953.0   2.6703634591746206 
  1954.0   2.5544397579422893 
  1955.0   2.508064381957156 
  1956.0   2.5161662165782475 
  1957.0   2.463065665534144 
  1958.0   2.4751308853206373 
  1959.0   2.5505497892908617 
  1960.0   2.684887349226313 
  1961.0   2.652177904813981 
  1962.0   2.877525747884102 
  1963.0   2.7965571178605853 
  1964.0   2.7606464863055233 
  1965.0   2.890874582023455 
  1966.0   2.879826756465592 
  1967.0   2.9359966488956353 
  1968.0   2.8978608855627 
  1969.0   3.0726528741406387 
  1970.0   2.860793941566082 
  1971.0   2.8465664082998647 
  1972.0   2.742827268545824 
  1973.0   2.8757294128314697 
  1974.0   2.75781816363752 
  1975.0   2.9917276794968495 
  1976.0   2.984252072374197 
  1977.0   2.6845720265123294 
  1978.0   2.8954066007760315 
  1979.0   2.878644269041585 
  1980.0   2.8663472306669675 
  1981.0   2.829183510362749 
  1982.0   2.6791358954633115 
  1983.0   2.923279508960424 
  1984.0   2.8612085111914487 
  1985.0   3.017048243869568 
  1986.0   2.900858577039422 
  1987.0   3.2031510757805446 
  1988.0   3.084197650421426 
  1989.0   3.2587881662615668 
  1990.0   3.2196306635067313 
  1991.0   3.3638424036418084 
  1992.0   3.2396336300653004 
  1993.0   3.271247740320732 
  1994.0   3.4166191252249427 
  1995.0   3.4368760365651227 
  1996.0   3.542209598766816 
  1997.0   3.473038884563273 
  1998.0   3.5680484275274162 
  1999.0   3.6481519621699765 
  2000.0   3.5386038283490473 
  2001.0   3.694125493321526 
  2002.0   3.2614791261339278 
  2003.0   3.558604370970676 
  2004.0   3.4322976240191956 
  2005.0   3.535166683561383 
  2006.0   3.5981573541371836 
  2007.0   3.494430513777342 
  2008.0   3.5117224651273573 
  2009.0   3.7422841222350245 
  2010.0   3.878122596756473 
  2011.0   3.5801895203556064 
  2012.0   3.749160470989388 
  2013.0   4.002454347251553 
  2014.0   3.86647165988514 
