  1850.0   52.61490024678733 
  1851.0   52.65444790600931 
  1852.0   52.65552536938267 
  1853.0   52.59647586272414 
  1854.0   52.60798896163712 
  1855.0   52.68766937744973 
  1856.0   52.7454397007696 
  1857.0   52.712429805250345 
  1858.0   52.69871365558256 
  1859.0   52.63215714997838 
  1860.0   52.57889992811788 
  1861.0   52.57432316530294 
  1862.0   52.61373446970975 
  1863.0   52.67904853481528 
  1864.0   52.71816423206852 
  1865.0   52.69908796695515 
  1866.0   52.66867484411921 
  1867.0   52.70886040104878 
  1868.0   52.83678969836336 
  1869.0   52.952454888420185 
  1870.0   52.960913962911626 
  1871.0   53.13583304330034 
  1872.0   53.22684382445557 
  1873.0   53.210242071074916 
  1874.0   53.1241113756458 
  1875.0   52.983865785301 
  1876.0   52.930798698238675 
  1877.0   52.90706851057225 
  1878.0   52.93234249201258 
  1879.0   52.9869288380828 
  1880.0   53.00874106320391 
  1881.0   52.984924914900205 
  1882.0   53.10929536424344 
  1883.0   53.205486445587475 
  1884.0   53.17225879697454 
  1885.0   53.1530315765253 
  1886.0   53.08351821536379 
  1887.0   52.94758972998779 
  1888.0   52.868339173432226 
  1889.0   52.833863407597974 
  1890.0   52.86723792814178 
  1891.0   52.80974344229289 
  1892.0   52.63643993812178 
  1893.0   52.53969603381921 
  1894.0   52.43901912942809 
  1895.0   52.35197878276326 
  1896.0   52.33557644803067 
  1897.0   52.37993086055793 
  1898.0   52.52175106104864 
  1899.0   52.58292348302467 
  1900.0   52.57710883895481 
  1901.0   52.45579236812921 
  1902.0   52.51532887884695 
  1903.0   52.781699553735635 
  1904.0   52.84814950716372 
  1905.0   52.88966986315628 
  1906.0   52.81494010195978 
  1907.0   52.75248941491026 
  1908.0   52.88115182533613 
  1909.0   52.952910495907126 
  1910.0   53.20229865784888 
  1911.0   53.24838923101471 
  1912.0   53.31564320008514 
  1913.0   53.47781410523336 
  1914.0   53.42590468511638 
  1915.0   53.34462278045515 
  1916.0   53.4700727637439 
  1917.0   53.500925153956864 
  1918.0   53.4141215360764 
  1919.0   53.28403228494896 
  1920.0   53.26844891162001 
  1921.0   53.43899696567878 
  1922.0   53.60714637479987 
  1923.0   53.89213987313488 
  1924.0   54.06822233206788 
  1925.0   54.09155485206787 
  1926.0   54.13492240029088 
  1927.0   54.09159313693664 
  1928.0   54.211763652012124 
  1929.0   54.30775745694466 
  1930.0   54.285704431730004 
  1931.0   54.320105529341745 
  1932.0   54.40865768421363 
  1933.0   54.48256888231965 
  1934.0   54.51534105305785 
  1935.0   54.52411408734527 
  1936.0   54.48290456858874 
  1937.0   54.57887063433335 
  1938.0   54.678381214008446 
  1939.0   54.66027573668633 
  1940.0   54.632056980317955 
  1941.0   54.695372033832015 
  1942.0   54.70213670342442 
  1943.0   54.74247218293695 
  1944.0   54.853485013131966 
  1945.0   54.85265177888233 
  1946.0   54.740385863239744 
  1947.0   54.7431929251892 
  1948.0   54.7004603142065 
  1949.0   54.62361552600141 
  1950.0   54.57317115026867 
  1951.0   54.64572926287109 
  1952.0   54.74853260715572 
  1953.0   54.75438649818456 
  1954.0   54.78785810401105 
  1955.0   54.72152730170436 
  1956.0   54.64183750198051 
  1957.0   54.65033033750733 
  1958.0   54.64652452757106 
  1959.0   54.72623497470839 
  1960.0   54.91328329112728 
  1961.0   54.995324342796934 
  1962.0   54.966951969083446 
  1963.0   54.827949085118405 
  1964.0   54.93665550650346 
  1965.0   55.01636234276085 
  1966.0   54.9653739001946 
  1967.0   54.944919544635475 
  1968.0   54.896370344364904 
  1969.0   54.87500712627774 
  1970.0   54.912665928669696 
  1971.0   55.05065389137329 
  1972.0   55.04349192586501 
  1973.0   54.9369503392062 
  1974.0   54.92729191656782 
  1975.0   55.01931718962854 
  1976.0   55.07319532703019 
  1977.0   54.99143234586771 
  1978.0   54.967451936469686 
  1979.0   54.86779356693583 
  1980.0   54.82319717631277 
  1981.0   54.77306942916139 
  1982.0   54.85935140120835 
  1983.0   54.95077664636197 
  1984.0   55.03400591756908 
  1985.0   55.05458000862027 
  1986.0   55.08585786802698 
  1987.0   55.04699628397806 
  1988.0   55.02933499446745 
  1989.0   55.16613679619368 
  1990.0   55.20920268104573 
  1991.0   55.44650823358712 
  1992.0   55.55311082241123 
  1993.0   55.55294433251915 
  1994.0   55.7198445987908 
  1995.0   55.84298557805719 
  1996.0   55.95001304698766 
  1997.0   56.148197879212056 
  1998.0   56.36463625709716 
  1999.0   56.592424471864156 
  2000.0   56.79877913237966 
  2001.0   57.00341986874895 
  2002.0   57.08479923435401 
  2003.0   57.16849861400794 
  2004.0   57.26412549722358 
  2005.0   57.37288399145345 
  2006.0   57.60155885795216 
  2007.0   57.80751956277085 
  2008.0   57.896001358802344 
  2009.0   58.0699720153696 
  2010.0   58.256641334533434 
  2011.0   58.434129051508705 
  2012.0   58.63861397327295 
  2013.0   58.63203161550393 
  2014.0   58.775487487254054 
