  1850.0   1.3480714407264127 
  1851.0   1.3066486408834015 
  1852.0   1.3212429932971315 
  1853.0   1.3213373132083936 
  1854.0   1.3410841916049951 
  1855.0   1.3313629760479546 
  1856.0   1.3057700432747594 
  1857.0   1.3342402794181951 
  1858.0   1.312821778617522 
  1859.0   1.3330345255325347 
  1860.0   1.321668188713344 
  1861.0   1.3276080959417722 
  1862.0   1.322788335465327 
  1863.0   1.3369757675405542 
  1864.0   1.3159229082152089 
  1865.0   1.3224237010339799 
  1866.0   1.314748071783228 
  1867.0   1.3324874776811642 
  1868.0   1.3163724497595861 
  1869.0   1.3183027666574267 
  1870.0   1.3392194745858994 
  1871.0   1.3322506302120494 
  1872.0   1.33809524049509 
  1873.0   1.304503913520918 
  1874.0   1.2955473643756132 
  1875.0   1.313636301008131 
  1876.0   1.3034068902681681 
  1877.0   1.2859494592013356 
  1878.0   1.3059116065130387 
  1879.0   1.3152269718581282 
  1880.0   1.3071261107831627 
  1881.0   1.3086577005470303 
  1882.0   1.2986329775635297 
  1883.0   1.2916305681781945 
  1884.0   1.2802923842447669 
  1885.0   1.311247362694062 
  1886.0   1.2891669613716323 
  1887.0   1.2863319103266089 
  1888.0   1.3043397857238965 
  1889.0   1.2873742696529589 
  1890.0   1.2786546477637508 
  1891.0   1.2945510819008499 
  1892.0   1.279159813817463 
  1893.0   1.3022487096215152 
  1894.0   1.2819013723582593 
  1895.0   1.2906206205276252 
  1896.0   1.2718667240160804 
  1897.0   1.2849696322964863 
  1898.0   1.29741195041827 
  1899.0   1.2825356247402198 
  1900.0   1.258710701250402 
  1901.0   1.2806666064364687 
  1902.0   1.2824642916880502 
  1903.0   1.2748330602095455 
  1904.0   1.289611499216241 
  1905.0   1.3007748232432597 
  1906.0   1.2647626109550836 
  1907.0   1.2743650750250677 
  1908.0   1.2879396651959591 
  1909.0   1.2699065327545251 
  1910.0   1.2579873377210686 
  1911.0   1.2548564451434643 
  1912.0   1.2683522993525946 
  1913.0   1.2842567901333757 
  1914.0   1.2807868828957478 
  1915.0   1.29709686801242 
  1916.0   1.2814770189787956 
  1917.0   1.2804150020274476 
  1918.0   1.2822112050594026 
  1919.0   1.2752986355842475 
  1920.0   1.315030306934439 
  1921.0   1.2908399609473513 
  1922.0   1.2970495052560378 
  1923.0   1.290811401181238 
  1924.0   1.2919428030018074 
  1925.0   1.2972604174337303 
  1926.0   1.2775043992636097 
  1927.0   1.294321874168958 
  1928.0   1.3057075142505061 
  1929.0   1.290021275153485 
  1930.0   1.300578526695256 
  1931.0   1.304282718777271 
  1932.0   1.2959373298752057 
  1933.0   1.2951808558457822 
  1934.0   1.279965280941979 
  1935.0   1.2921606883814678 
  1936.0   1.3077772251087088 
  1937.0   1.270996842996583 
  1938.0   1.2725249081979781 
  1939.0   1.2940411551965498 
  1940.0   1.286056506542792 
  1941.0   1.2832730509053623 
  1942.0   1.276068372818628 
  1943.0   1.289920161593593 
  1944.0   1.2966885583623686 
  1945.0   1.2856553866932667 
  1946.0   1.2932987104805618 
  1947.0   1.294853315138019 
  1948.0   1.3069605584297483 
  1949.0   1.2947608615300246 
  1950.0   1.2807210839788046 
  1951.0   1.2956663165470386 
  1952.0   1.3137573605923454 
  1953.0   1.32650666545732 
  1954.0   1.2963723341335402 
  1955.0   1.281950885988932 
  1956.0   1.2755756926277035 
  1957.0   1.2938771454656335 
  1958.0   1.2954622898613712 
  1959.0   1.286913883947391 
  1960.0   1.2813475791349056 
  1961.0   1.2736249481333235 
  1962.0   1.2848748539739323 
  1963.0   1.2956877425338662 
  1964.0   1.2793307159253824 
  1965.0   1.2847973246483748 
  1966.0   1.2798886255448256 
  1967.0   1.286978889795885 
  1968.0   1.2783237833932946 
  1969.0   1.2809223832796806 
  1970.0   1.287831079936265 
  1971.0   1.2913196475720568 
  1972.0   1.290602674542927 
  1973.0   1.2771548362607301 
  1974.0   1.3117404376237574 
  1975.0   1.2929271822231634 
  1976.0   1.2786136555633354 
  1977.0   1.2934651700475472 
  1978.0   1.2980067256352152 
  1979.0   1.304187206500245 
  1980.0   1.316092543220357 
  1981.0   1.3066583597630752 
  1982.0   1.3039389704746036 
  1983.0   1.3102450038617561 
  1984.0   1.3148538214527468 
  1985.0   1.321571863947204 
  1986.0   1.3146255340773862 
  1987.0   1.3145019986700373 
  1988.0   1.3102623212478441 
  1989.0   1.332969598367505 
  1990.0   1.329145457454831 
  1991.0   1.3292178734590359 
  1992.0   1.341858653885773 
  1993.0   1.3279660782998364 
  1994.0   1.3341703326189944 
  1995.0   1.3274070245731822 
  1996.0   1.347510894805612 
  1997.0   1.3298151481637253 
  1998.0   1.3493238605726514 
  1999.0   1.3773904253193785 
  2000.0   1.3653088651906993 
  2001.0   1.3896400402781255 
  2002.0   1.371568579912246 
  2003.0   1.367714039135004 
  2004.0   1.3639263345437032 
  2005.0   1.3992534267133603 
  2006.0   1.3937481859722307 
  2007.0   1.38821963628247 
  2008.0   1.3985848559439094 
  2009.0   1.4047002901439825 
  2010.0   1.4046554520725272 
  2011.0   1.3940579390492551 
  2012.0   1.3986979153431107 
  2013.0   1.417716244340281 
  2014.0   1.411241369924631 
