  1850.0   8.620396688544028 
  1851.0   8.497151863810814 
  1852.0   8.748771473761876 
  1853.0   9.09585569896932 
  1854.0   8.724085524030162 
  1855.0   8.63067237949203 
  1856.0   8.896987745279821 
  1857.0   8.765872376345571 
  1858.0   8.995492004961603 
  1859.0   8.851701816742478 
  1860.0   8.592093510871955 
  1861.0   8.984888377950451 
  1862.0   8.358592327852858 
  1863.0   8.46778927727287 
  1864.0   9.19931718844316 
  1865.0   8.909358843020048 
  1866.0   8.741084014502594 
  1867.0   8.55360997459234 
  1868.0   8.4449508962834 
  1869.0   9.060579967950614 
  1870.0   8.763471412597632 
  1871.0   9.070586060302006 
  1872.0   8.717752561350869 
  1873.0   8.691291643341211 
  1874.0   8.38692491284997 
  1875.0   8.6508246879454 
  1876.0   8.382385172241863 
  1877.0   8.521084989652374 
  1878.0   8.388367815075235 
  1879.0   8.495028818717447 
  1880.0   8.554121287319342 
  1881.0   8.454957498347968 
  1882.0   8.354843901062269 
  1883.0   8.88122820152 
  1884.0   8.062138251205196 
  1885.0   7.914534258859157 
  1886.0   8.750050224547286 
  1887.0   8.475637864450325 
  1888.0   8.239173492863546 
  1889.0   8.419220195790794 
  1890.0   8.37666096604065 
  1891.0   8.206329108092335 
  1892.0   8.152698267284798 
  1893.0   8.240020879581284 
  1894.0   8.485679464601825 
  1895.0   8.144015699238183 
  1896.0   8.254138250864763 
  1897.0   8.82709966707009 
  1898.0   8.405654966757261 
  1899.0   8.819286693444807 
  1900.0   8.545180109979476 
  1901.0   8.777628983396427 
  1902.0   8.483932245815065 
  1903.0   7.929680310005553 
  1904.0   7.87163835830184 
  1905.0   8.350380604261616 
  1906.0   8.450321082853923 
  1907.0   8.517600777860881 
  1908.0   8.287471691982594 
  1909.0   8.860537107357947 
  1910.0   8.696641305604084 
  1911.0   8.717999472481536 
  1912.0   8.432475614072198 
  1913.0   8.262310843563693 
  1914.0   8.248908838577934 
  1915.0   8.344328485343585 
  1916.0   8.215468421006753 
  1917.0   8.477687147562625 
  1918.0   8.986762721810917 
  1919.0   8.559905132198784 
  1920.0   8.910544103117434 
  1921.0   8.863058652582419 
  1922.0   8.685660365146969 
  1923.0   8.779251743617547 
  1924.0   9.234437382838347 
  1925.0   9.113010817054157 
  1926.0   8.744564855820695 
  1927.0   8.983665975824538 
  1928.0   9.114414274084462 
  1929.0   8.8827323348621 
  1930.0   8.965968241008863 
  1931.0   8.905924999204643 
  1932.0   8.482366727769637 
  1933.0   8.722854339167938 
  1934.0   8.773507641850857 
  1935.0   8.506166987467846 
  1936.0   8.7527155792524 
  1937.0   8.765632173152817 
  1938.0   9.009892134807068 
  1939.0   8.501726312199128 
  1940.0   8.638511127662442 
  1941.0   8.948492933040606 
  1942.0   8.788587060303113 
  1943.0   9.037930087323698 
  1944.0   8.886331055254043 
  1945.0   9.014413401339791 
  1946.0   8.540089813232909 
  1947.0   8.888819854879516 
  1948.0   8.733757221322998 
  1949.0   8.443865514599409 
  1950.0   8.236398923942103 
  1951.0   8.821012950408823 
  1952.0   8.326876803111194 
  1953.0   8.008670613544188 
  1954.0   9.5245827833846 
  1955.0   8.980455441510395 
  1956.0   8.824996982312335 
  1957.0   8.758215201757078 
  1958.0   8.890581568603087 
  1959.0   8.837006429691728 
  1960.0   8.856842564173075 
  1961.0   8.669462768489408 
  1962.0   8.38509911170419 
  1963.0   8.406684586068513 
  1964.0   8.7995984515123 
  1965.0   8.594344582685018 
  1966.0   8.40499165000119 
  1967.0   7.73152095471287 
  1968.0   8.655823304931667 
  1969.0   8.509013119358368 
  1970.0   7.9406621738398115 
  1971.0   7.886290543210452 
  1972.0   8.512208651577161 
  1973.0   8.206318300656488 
  1974.0   8.121587834777552 
  1975.0   8.04297895667229 
  1976.0   7.845257029229679 
  1977.0   8.120965349093904 
  1978.0   7.894609181945671 
  1979.0   7.582897552386018 
  1980.0   7.539484311974892 
  1981.0   7.97884277946497 
  1982.0   8.145118801615935 
  1983.0   7.95924999764214 
  1984.0   7.995606110040691 
  1985.0   8.043852675673769 
  1986.0   8.365184423118421 
  1987.0   8.229579527501757 
  1988.0   8.57799684711059 
  1989.0   8.282494277468116 
  1990.0   8.505280219021579 
  1991.0   8.643261837451025 
  1992.0   8.182638867158552 
  1993.0   7.983686911221205 
  1994.0   7.8221957670896956 
  1995.0   7.9741198194215315 
  1996.0   8.996456559739489 
  1997.0   9.162607164657045 
  1998.0   8.87061291894645 
  1999.0   8.920660905368692 
  2000.0   8.964225726523424 
  2001.0   9.176260872991218 
  2002.0   8.81271536995287 
  2003.0   9.01637969554032 
  2004.0   9.000170710919589 
  2005.0   9.555324508169585 
  2006.0   9.3905836210738 
  2007.0   9.590203204948397 
  2008.0   9.482256896093736 
  2009.0   10.065645119153194 
  2010.0   9.267023388211273 
  2011.0   9.496334541857927 
  2012.0   8.887521480011662 
  2013.0   9.777263088019653 
  2014.0   9.471519549633305 
