  1850.0   2.0062496315209964e-05 
  1851.0   4.4182627836375755e-05 
  1852.0   5.7041757112925405e-05 
  1853.0   6.912758528481972e-05 
  1854.0   7.281965396320471e-05 
  1855.0   7.208607011499324e-05 
  1856.0   8.172667832013034e-05 
  1857.0   8.644081553026533e-05 
  1858.0   8.908594279591876e-05 
  1859.0   9.346233736017722e-05 
  1860.0   9.294178005951194e-05 
  1861.0   8.718873371298478e-05 
  1862.0   8.461538442569785e-05 
  1863.0   8.713041861591113e-05 
  1864.0   8.812580684950133e-05 
  1865.0   8.623888898118279e-05 
  1866.0   8.498773792746075e-05 
  1867.0   8.364556273947399e-05 
  1868.0   8.352980684656888e-05 
  1869.0   8.381218082305728e-05 
  1870.0   9.47754927732268e-05 
  1871.0   0.00010756801125227245 
  1872.0   0.00011422028680279565 
  1873.0   0.0001248691131154968 
  1874.0   0.00013184888044778787 
  1875.0   0.00013414375878368465 
  1876.0   0.00013857968495171392 
  1877.0   0.00015222572316362236 
  1878.0   0.00016028288288406968 
  1879.0   0.00015777850199160764 
  1880.0   0.0001589610136876666 
  1881.0   0.00016002592868675207 
  1882.0   0.0001619590371039356 
  1883.0   0.00016620869408496284 
  1884.0   0.0001718076043098889 
  1885.0   0.00017194989524834105 
  1886.0   0.0001680872695239421 
  1887.0   0.00016648057552231434 
  1888.0   0.00016684004093035985 
  1889.0   0.00016965161560287487 
  1890.0   0.0001719680502686887 
  1891.0   0.00017309254075074934 
  1892.0   0.00017933633776734986 
  1893.0   0.000185316010233657 
  1894.0   0.00041444609260295813 
  1895.0   0.0009127470991468267 
  1896.0   0.0012644112299156672 
  1897.0   0.0015608454854987067 
  1898.0   0.0018212359741812765 
  1899.0   0.002103355970095964 
  1900.0   0.0029198899448662162 
  1901.0   0.0041090976465877225 
  1902.0   0.006297103350764286 
  1903.0   0.011252684067817417 
  1904.0   0.016643269991956165 
  1905.0   0.0218647333527053 
  1906.0   0.03132199140863452 
  1907.0   0.04317418711793011 
  1908.0   0.05562719535031946 
  1909.0   0.0693049036150267 
  1910.0   0.06577313987838888 
  1911.0   0.053122636093678184 
  1912.0   0.04628099954218026 
  1913.0   0.04175663316309837 
  1914.0   0.038264859901657705 
  1915.0   0.03530988298651456 
  1916.0   0.03271035932506635 
  1917.0   0.030379927571302954 
  1918.0   0.02826300033528643 
  1919.0   0.026348702657772616 
  1920.0   0.024614066196501628 
  1921.0   0.023039841882969998 
  1922.0   0.021610682881917562 
  1923.0   0.020312428056360594 
  1924.0   0.01913055138650411 
  1925.0   0.018054712357269347 
  1926.0   0.017073871318778782 
  1927.0   0.016179958689365538 
  1928.0   0.015363579708602856 
  1929.0   0.014618865330742721 
  1930.0   0.01396793276309799 
  1931.0   0.013390319284138549 
  1932.0   0.012847915759859425 
  1933.0   0.012336526499342915 
  1934.0   0.01260515546958625 
  1935.0   0.014570603284453976 
  1936.0   0.01993351390176196 
  1937.0   0.02785146144163187 
  1938.0   0.036608149436036165 
  1939.0   0.04660947582573619 
  1940.0   0.045243418142508394 
  1941.0   0.037369508292487134 
  1942.0   0.03321609692021804 
  1943.0   0.030507424269780013 
  1944.0   0.028481153676267478 
  1945.0   0.026752467810294493 
  1946.0   0.025191232451466896 
  1947.0   0.023804578930371446 
  1948.0   0.022560358062814347 
  1949.0   0.02142526836408265 
  1950.0   0.020393758104893002 
  1951.0   0.019459109672826984 
  1952.0   0.01860535114434226 
  1953.0   0.01783239773411707 
  1954.0   0.01713690937004327 
  1955.0   0.016497588491315406 
  1956.0   0.015907502419049504 
  1957.0   0.015363442443657565 
  1958.0   0.014986772864595835 
  1959.0   0.016175108059003906 
  1960.0   0.01625049704990478 
  1961.0   0.015086646490888875 
  1962.0   0.014356831542062779 
  1963.0   0.013807039787554423 
  1964.0   0.01334062347913067 
  1965.0   0.012925884553949645 
  1966.0   0.012551487611417245 
  1967.0   0.012204038726634477 
  1968.0   0.011881093134230193 
  1969.0   0.011582404768301843 
  1970.0   0.011300640290800287 
  1971.0   0.01103707829066136 
  1972.0   0.010792583834224415 
  1973.0   0.010564022389701703 
  1974.0   0.010348969179932445 
  1975.0   0.010147104220915576 
  1976.0   0.009956930349988704 
  1977.0   0.009776366805847364 
  1978.0   0.00960528538180128 
  1979.0   0.00944359456073605 
  1980.0   0.009289593795756347 
  1981.0   0.009142442122968723 
  1982.0   0.009002965402755048 
  1983.0   0.008869566108143932 
  1984.0   0.008741356866198936 
  1985.0   0.00861732546373559 
  1986.0   0.008498000532328819 
  1987.0   0.0083829673945082 
  1988.0   0.008272341716381804 
  1989.0   0.008166393517443547 
  1990.0   0.008072143946904442 
  1991.0   0.007979916662173047 
  1992.0   0.007880521798113334 
  1993.0   0.007785138358395565 
  1994.0   0.0076936425763296165 
  1995.0   0.007609448792595498 
  1996.0   0.007532735601067138 
  1997.0   0.00744623849407918 
  1998.0   0.0073603350955181055 
  1999.0   0.007287568348224385 
  2000.0   0.00721234939122812 
  2001.0   0.007119007956954441 
  2002.0   0.007036937473391097 
  2003.0   0.006976039808655603 
  2004.0   0.0078019417023232306 
  2005.0   0.008316057136437476 
  2006.0   0.00730486855753961 
  2007.0   0.0068884236348677125 
  2008.0   0.00669138048731056 
  2009.0   0.006661686219516756 
  2010.0   0.006583546802723195 
  2011.0   0.006462905409311515 
  2012.0   0.0063739283997763406 
  2013.0   0.006295171785900599 
  2014.0   0.006217408778308548 
