  1850.0   2.0975126067358887e-10 
  1851.0   1.469807026521373e-10 
  1852.0   1.1227443658218223e-10 
  1853.0   1.0682891805762327e-10 
  1854.0   1.7231458694974306e-11 
  1855.0   1.3256300968661882e-10 
  1856.0   8.72314185827311e-11 
  1857.0   1.3278857894928713e-10 
  1858.0   2.9970393636136745e-10 
  1859.0   1.0458708155398786e-10 
  1860.0   1.649752477283649e-10 
  1861.0   2.1630293668516868e-10 
  1862.0   1.0652258209370249e-10 
  1863.0   4.124876805341431e-11 
  1864.0   1.298331180442912e-10 
  1865.0   1.0260434784549582e-10 
  1866.0   1.7411675094025518e-10 
  1867.0   4.1740224714600933e-11 
  1868.0   1.7063957373990228e-10 
  1869.0   9.544402403203163e-11 
  1870.0   1.198430451897598e-10 
  1871.0   1.4459693709341806e-10 
  1872.0   1.2966276131433926e-10 
  1873.0   1.1396930055486513e-10 
  1874.0   1.3374468597406437e-10 
  1875.0   1.4831559916612587e-10 
  1876.0   1.4079176694657013e-10 
  1877.0   1.606698990166496e-10 
  1878.0   2.1581971353294577e-10 
  1879.0   1.41988950256131e-10 
  1880.0   1.296797841601529e-10 
  1881.0   1.8985876240297779e-10 
  1882.0   1.309773448780394e-10 
  1883.0   4.557516727201904e-11 
  1884.0   1.470395529801422e-11 
  1885.0   5.133552170102408e-11 
  1886.0   9.880920310624958e-11 
  1887.0   2.4074727418640245e-10 
  1888.0   1.361293560154479e-10 
  1889.0   1.5982514972027366e-10 
  1890.0   6.460387893331474e-11 
  1891.0   1.0581824984238795e-10 
  1892.0   1.1303040485143573e-10 
  1893.0   9.474178912549415e-11 
  1894.0   6.684973934762876e-11 
  1895.0   1.1859194825411856e-10 
  1896.0   5.011162758866976e-11 
  1897.0   5.763771444862923e-11 
  1898.0   5.874489722844562e-11 
  1899.0   9.753404201677806e-11 
  1900.0   8.606831107983699e-11 
  1901.0   4.540094930271598e-11 
  1902.0   1.6720608975127417e-10 
  1903.0   1.316226708049578e-10 
  1904.0   1.374333520406029e-10 
  1905.0   1.2361670017567844e-10 
  1906.0   8.190469894707059e-11 
  1907.0   9.375472148974016e-11 
  1908.0   4.037850495508659e-11 
  1909.0   1.1971273723865553e-10 
  1910.0   4.3265638749032174e-11 
  1911.0   6.571948569277783e-11 
  1912.0   8.947854455099002e-11 
  1913.0   8.281041358598058e-11 
  1914.0   1.2743367364669674e-10 
  1915.0   8.326634013200635e-11 
  1916.0   1.1455177215365945e-10 
  1917.0   4.544332102929157e-11 
  1918.0   1.222580117880258e-10 
  1919.0   1.2847896810652696e-10 
  1920.0   5.5085197245981775e-11 
  1921.0   6.938727353124769e-11 
  1922.0   8.760920921342605e-11 
  1923.0   5.687644352104243e-11 
  1924.0   4.317301136641119e-11 
  1925.0   1.2008749436698895e-10 
  1926.0   7.160582456629784e-11 
  1927.0   4.757407897177154e-11 
  1928.0   9.345847173543202e-11 
  1929.0   4.686246481310466e-11 
  1930.0   4.543308458099217e-11 
  1931.0   6.294036811994638e-11 
  1932.0   1.5474473195127238e-10 
  1933.0   3.814506968282324e-11 
  1934.0   6.006354187666588e-11 
  1935.0   5.89641040020335e-11 
  1936.0   4.69789628603483e-11 
  1937.0   7.197721971816529e-11 
  1938.0   1.172329778366274e-10 
  1939.0   9.784970829435657e-11 
  1940.0   1.4542709761742377e-10 
  1941.0   1.066275312109734e-10 
  1942.0   8.722512383708185e-11 
  1943.0   5.354471951295613e-11 
  1944.0   3.900782235225487e-11 
  1945.0   7.500234553550307e-11 
  1946.0   1.1495128482111591e-10 
  1947.0   6.49523265373839e-11 
  1948.0   5.99314207961839e-11 
  1949.0   8.150315479954614e-11 
  1950.0   4.4747530732623435e-11 
  1951.0   6.387801141840331e-11 
  1952.0   1.447888644498286e-10 
  1953.0   7.27239394810093e-11 
  1954.0   1.1192123236320849e-10 
  1955.0   1.0180682473147245e-10 
  1956.0   1.0939309383845407e-10 
  1957.0   5.670088417819407e-11 
  1958.0   4.9787924579030216e-11 
  1959.0   1.526748981043538e-10 
  1960.0   5.0436702431195707e-11 
  1961.0   2.9066286455036244e-11 
  1962.0   1.3534091991613485e-10 
  1963.0   3.59300227470629e-11 
  1964.0   6.407763229314294e-11 
  1965.0   4.078814699668652e-11 
  1966.0   6.120422104069559e-11 
  1967.0   4.297961286490542e-11 
  1968.0   3.76289313773302e-11 
  1969.0   3.718502219704526e-11 
  1970.0   1.1371558461556004e-10 
  1971.0   1.5854696521821744e-10 
  1972.0   1.1834659592198333e-10 
  1973.0   4.857207733125917e-11 
  1974.0   2.9123867172479974e-11 
  1975.0   1.0817496201924285e-10 
  1976.0   8.738689195288626e-11 
  1977.0   1.4264958826272152e-10 
  1978.0   1.0340763299208564e-10 
  1979.0   8.979133780057671e-11 
  1980.0   4.44180265328831e-11 
  1981.0   2.948639247193757e-11 
  1982.0   4.5864364419069695e-11 
  1983.0   7.575799202191121e-11 
  1984.0   4.5300339936081496e-11 
  1985.0   6.212331088977558e-11 
  1986.0   8.69433459413817e-11 
  1987.0   1.1142553714766434e-10 
  1988.0   8.387822656496552e-11 
  1989.0   1.1229499942870655e-10 
  1990.0   7.930313320689814e-11 
  1991.0   5.628763114801224e-11 
  1992.0   3.766767855252566e-11 
  1993.0   1.1883464258787894e-10 
  1994.0   1.964618154660364e-10 
  1995.0   1.2439894116167256e-10 
  1996.0   8.065676555875545e-11 
  1997.0   6.662836093636154e-11 
  1998.0   8.438929381501209e-11 
  1999.0   9.94981445968442e-11 
  2000.0   1.2267369531449145e-10 
  2001.0   1.741163621832144e-10 
  2002.0   1.0825893762090222e-10 
  2003.0   1.633335879793464e-10 
  2004.0   7.038727206988087e-11 
  2005.0   9.70664653577613e-11 
  2006.0   1.1009585137317658e-10 
  2007.0   1.50143251877635e-10 
  2008.0   1.9264039792076073e-10 
  2009.0   1.6153305111160395e-10 
  2010.0   1.4953253848793474e-10 
  2011.0   9.92771014754525e-11 
  2012.0   1.1708750230409113e-10 
  2013.0   2.024114239806652e-10 
  2014.0   1.3991842469879434e-10 
