  1850.0   4.78580612482424 
  1851.0   4.584781007766232 
  1852.0   4.830734593297137 
  1853.0   4.69754299392786 
  1854.0   4.573195827032721 
  1855.0   4.263034989768087 
  1856.0   4.693039002172099 
  1857.0   4.902245290054105 
  1858.0   4.836680761940283 
  1859.0   4.823010284225946 
  1860.0   4.8062777909194 
  1861.0   5.195380737486534 
  1862.0   5.0377479118989354 
  1863.0   5.135982590551248 
  1864.0   4.779148403745947 
  1865.0   4.854259294360999 
  1866.0   5.1746385890054665 
  1867.0   4.784851274876083 
  1868.0   4.8875652698676815 
  1869.0   4.832722219447905 
  1870.0   4.851999287647801 
  1871.0   4.555498122354512 
  1872.0   4.939073578373986 
  1873.0   4.869508241945318 
  1874.0   4.981853609287415 
  1875.0   5.035253929191523 
  1876.0   5.0428968770296505 
  1877.0   4.979854982817862 
  1878.0   4.816860345337306 
  1879.0   4.688120038949457 
  1880.0   4.63056141508312 
  1881.0   4.584137573595094 
  1882.0   4.673113579742841 
  1883.0   4.5664523390308815 
  1884.0   4.737982955452084 
  1885.0   4.833265744729183 
  1886.0   4.711496998896535 
  1887.0   4.564362647522079 
  1888.0   4.628154850902698 
  1889.0   4.858429519420628 
  1890.0   4.702876276749314 
  1891.0   4.769263645697115 
  1892.0   5.088550688664967 
  1893.0   4.8772507293992575 
  1894.0   4.899731824048407 
  1895.0   4.832060161148271 
  1896.0   4.992898050334284 
  1897.0   4.699509662849943 
  1898.0   5.0867070722129295 
  1899.0   4.784716284933966 
  1900.0   4.811583747822721 
  1901.0   4.787471129925334 
  1902.0   4.88328342759442 
  1903.0   4.707996745772376 
  1904.0   4.552673126025313 
  1905.0   4.822111171161221 
  1906.0   4.686918605718064 
  1907.0   4.658787518991981 
  1908.0   5.116783018979465 
  1909.0   4.675342265286334 
  1910.0   4.927119020544807 
  1911.0   4.691633539337591 
  1912.0   4.736640437940577 
  1913.0   4.399712054687859 
  1914.0   4.711057729942477 
  1915.0   4.788411231290067 
  1916.0   4.5125011206738055 
  1917.0   4.723668077566494 
  1918.0   4.533175435952974 
  1919.0   4.526583168725172 
  1920.0   4.750109734769128 
  1921.0   4.676503660517889 
  1922.0   4.644852428627936 
  1923.0   4.491310173557816 
  1924.0   4.7587043217173495 
  1925.0   4.678316091475479 
  1926.0   4.950287993110012 
  1927.0   4.924647784915963 
  1928.0   4.6849774161470314 
  1929.0   4.97538356291089 
  1930.0   4.8165275313285685 
  1931.0   5.049588505677735 
  1932.0   4.87361725379696 
  1933.0   4.956213611021208 
  1934.0   4.535583688484936 
  1935.0   4.5942508741970265 
  1936.0   4.7029486173696515 
  1937.0   4.50487675346481 
  1938.0   4.439522182841248 
  1939.0   4.51987080884359 
  1940.0   4.378314982952851 
  1941.0   4.752720738191513 
  1942.0   4.778363402547636 
  1943.0   4.5188567516720575 
  1944.0   4.711270400062551 
  1945.0   4.611060029163643 
  1946.0   4.749174574909356 
  1947.0   4.954192613555874 
  1948.0   4.681559489269869 
  1949.0   4.637649505263433 
  1950.0   4.596994170401583 
  1951.0   4.528252294659925 
  1952.0   4.421830180541912 
  1953.0   4.579017754584322 
  1954.0   4.811482535153734 
  1955.0   4.565791165187752 
  1956.0   4.891061833416702 
  1957.0   4.391477291303159 
  1958.0   4.7355391514614 
  1959.0   4.729829465614987 
  1960.0   4.588151897875157 
  1961.0   4.479155185445783 
  1962.0   4.57383124222471 
  1963.0   4.426024034728774 
  1964.0   4.241976608195244 
  1965.0   4.4650987010131935 
  1966.0   4.523040075063586 
  1967.0   4.355174928633903 
  1968.0   4.332143251559745 
  1969.0   4.131582971893905 
  1970.0   3.9403502900997487 
  1971.0   4.09251067628084 
  1972.0   4.283408319313178 
  1973.0   4.145705089644138 
  1974.0   4.577889934078184 
  1975.0   4.501490029738951 
  1976.0   4.585772984984745 
  1977.0   4.121522878165972 
  1978.0   4.4662849874715915 
  1979.0   4.3929150765678475 
  1980.0   4.2962176081273595 
  1981.0   4.371255687865668 
  1982.0   4.206111462835768 
  1983.0   4.3722655985416665 
  1984.0   4.596313366813158 
  1985.0   4.637815047311684 
  1986.0   4.722985842782229 
  1987.0   4.672625205146673 
  1988.0   4.773538235492829 
  1989.0   4.720566624770457 
  1990.0   4.861759653129018 
  1991.0   5.201057751860586 
  1992.0   4.85396179131105 
  1993.0   5.237150792607677 
  1994.0   4.979296306857254 
  1995.0   4.734082263840872 
  1996.0   5.283571275603319 
  1997.0   5.258956478568668 
  1998.0   4.821399041284823 
  1999.0   5.169769708813132 
  2000.0   5.7682103214394145 
  2001.0   5.162604634239014 
  2002.0   5.473028864049559 
  2003.0   5.352274584628795 
  2004.0   5.277287453505275 
  2005.0   5.579839075967364 
  2006.0   5.039644580024462 
  2007.0   5.379069603638733 
  2008.0   5.38640847830907 
  2009.0   5.449367955155505 
  2010.0   5.509429628342809 
  2011.0   5.7969548444736185 
  2012.0   5.594620315859905 
  2013.0   5.755231965659676 
  2014.0   5.997548427597267 
