  1850.0   26.781340891077452 
  1851.0   26.700797330011955 
  1852.0   26.690551746456062 
  1853.0   26.626426502080502 
  1854.0   26.443066869611776 
  1855.0   26.38128873292957 
  1856.0   26.347183818112477 
  1857.0   26.25652795351011 
  1858.0   26.209400175357707 
  1859.0   26.292349549947804 
  1860.0   26.262983171429973 
  1861.0   26.135263621040213 
  1862.0   26.134346211177043 
  1863.0   26.17752630753835 
  1864.0   26.14263036311728 
  1865.0   26.03841740550946 
  1866.0   25.982450814929415 
  1867.0   26.122929308797957 
  1868.0   26.280468529168992 
  1869.0   26.28052836184782 
  1870.0   26.07135330703501 
  1871.0   25.90506971078524 
  1872.0   25.857785237633912 
  1873.0   25.782215879434528 
  1874.0   25.653444129822272 
  1875.0   25.67542031654401 
  1876.0   25.786615654328745 
  1877.0   25.789904975028193 
  1878.0   25.759542296934416 
  1879.0   25.701921514649428 
  1880.0   25.804633383789703 
  1881.0   25.82571141593305 
  1882.0   25.703338261767772 
  1883.0   25.563652965754425 
  1884.0   25.61399870763091 
  1885.0   25.624616477695383 
  1886.0   25.642132597485773 
  1887.0   25.577063482730406 
  1888.0   25.54757572800688 
  1889.0   25.464667244233382 
  1890.0   25.275836136151526 
  1891.0   25.117443671581803 
  1892.0   25.094232298027027 
  1893.0   25.190709197025964 
  1894.0   25.21715201579213 
  1895.0   25.04482420977889 
  1896.0   25.058123736047023 
  1897.0   25.06210001358204 
  1898.0   24.961503136466717 
  1899.0   24.8865518813818 
  1900.0   24.831665480766883 
  1901.0   24.745472747768105 
  1902.0   24.717258530764052 
  1903.0   24.531981946255918 
  1904.0   24.299188605454255 
  1905.0   24.255917079482558 
  1906.0   24.309078424758443 
  1907.0   24.194704379759425 
  1908.0   24.027146113908966 
  1909.0   23.936093371140757 
  1910.0   23.846223210875518 
  1911.0   23.900692674771015 
  1912.0   24.001770780562953 
  1913.0   23.95387410915161 
  1914.0   23.90799547304576 
  1915.0   23.952824805022747 
  1916.0   23.984335196342453 
  1917.0   23.956562561830843 
  1918.0   24.05946370628285 
  1919.0   24.141256739642575 
  1920.0   24.17486385371677 
  1921.0   24.312123111210717 
  1922.0   24.36146093329415 
  1923.0   24.30090132834249 
  1924.0   24.273630715471402 
  1925.0   24.354659239578815 
  1926.0   24.449690062338313 
  1927.0   24.466115935626384 
  1928.0   24.316211659768886 
  1929.0   24.334594779763446 
  1930.0   24.255742221130912 
  1931.0   24.133131063211003 
  1932.0   24.205457982537443 
  1933.0   24.210860347621598 
  1934.0   24.065367582813593 
  1935.0   23.992690676705706 
  1936.0   23.98106592134504 
  1937.0   23.925635797807338 
  1938.0   24.008921055622423 
  1939.0   23.95604758122042 
  1940.0   23.77111541978612 
  1941.0   23.812696239324854 
  1942.0   23.891868139686768 
  1943.0   23.928544245283753 
  1944.0   24.02855539264689 
  1945.0   24.085046772052728 
  1946.0   24.110248459091647 
  1947.0   24.321626040599558 
  1948.0   24.37761588985402 
  1949.0   24.422721862826304 
  1950.0   24.45343447722216 
  1951.0   24.517051524440447 
  1952.0   24.548275182395233 
  1953.0   24.612562212299316 
  1954.0   24.563304452154448 
  1955.0   24.530439185201928 
  1956.0   24.54541405959314 
  1957.0   24.59364127086077 
  1958.0   24.550058621723778 
  1959.0   24.49175389772652 
  1960.0   24.45987350980509 
  1961.0   24.409369112831538 
  1962.0   24.327897798281725 
  1963.0   24.37571367188779 
  1964.0   24.24096987210005 
  1965.0   24.1989243713864 
  1966.0   24.16374077329895 
  1967.0   24.11302780689531 
  1968.0   24.02854973848129 
  1969.0   24.064950952922285 
  1970.0   23.998479299398745 
  1971.0   23.91235963186114 
  1972.0   23.909343515278852 
  1973.0   23.888127132093214 
  1974.0   23.851267467566483 
  1975.0   23.99193406464859 
  1976.0   23.932464375432758 
  1977.0   23.851273865304414 
  1978.0   23.86399420600962 
  1979.0   23.90025155067784 
  1980.0   23.977911734132665 
  1981.0   24.148021908722452 
  1982.0   24.173084943075526 
  1983.0   24.15048453392854 
  1984.0   24.201260247545687 
  1985.0   24.33484162460093 
  1986.0   24.328685695248453 
  1987.0   24.39546449156463 
  1988.0   24.421261724037798 
  1989.0   24.468672747874027 
  1990.0   24.606084990886863 
  1991.0   24.727129924792898 
  1992.0   24.74020110685727 
  1993.0   24.760785850822792 
  1994.0   24.809307977702485 
  1995.0   25.042397444503067 
  1996.0   25.160070567371296 
  1997.0   25.19064899849538 
  1998.0   25.340627186177855 
  1999.0   25.437703628994196 
  2000.0   25.499225074142437 
  2001.0   25.702604183837845 
  2002.0   25.81382325730232 
  2003.0   25.710671070256335 
  2004.0   25.68081691152139 
  2005.0   25.942928945579524 
  2006.0   26.14997683848778 
  2007.0   26.202650361680938 
  2008.0   26.21556186635041 
  2009.0   26.276742666358345 
  2010.0   26.556319960282398 
  2011.0   26.71636434377942 
  2012.0   26.643827733685168 
  2013.0   26.800395063234152 
  2014.0   27.00667360411065 
