  1850.0   244.36111721354396 
  1851.0   244.33538124218023 
  1852.0   244.31587833891138 
  1853.0   244.3134337105519 
  1854.0   244.3222190161998 
  1855.0   244.33311589130193 
  1856.0   244.35024954868183 
  1857.0   244.37273432684395 
  1858.0   244.42663943002282 
  1859.0   244.4676902435119 
  1860.0   244.49779118350315 
  1861.0   244.5111299812825 
  1862.0   244.5225509652107 
  1863.0   244.5093986736913 
  1864.0   244.5031064665041 
  1865.0   244.49929133918056 
  1866.0   244.49138415929937 
  1867.0   244.46776698855493 
  1868.0   244.47456760041047 
  1869.0   244.46803991634778 
  1870.0   244.43968207878004 
  1871.0   244.41369107467517 
  1872.0   244.39684220086974 
  1873.0   244.3785835614269 
  1874.0   244.3688937550358 
  1875.0   244.3511750932375 
  1876.0   244.31034632000765 
  1877.0   244.28760534344272 
  1878.0   244.28501335962295 
  1879.0   244.2666683099914 
  1880.0   244.2713861717018 
  1881.0   244.26851581438714 
  1882.0   244.25191725425793 
  1883.0   244.23843027149047 
  1884.0   244.23628919599022 
  1885.0   244.24207622211821 
  1886.0   244.24514801512586 
  1887.0   244.2608433179239 
  1888.0   244.2808728122991 
  1889.0   244.27931512480095 
  1890.0   244.28704982400978 
  1891.0   244.28811340570894 
  1892.0   244.2762827747692 
  1893.0   244.2524445476456 
  1894.0   244.23735989110855 
  1895.0   244.21632710575386 
  1896.0   244.1997692149283 
  1897.0   244.1773685878239 
  1898.0   244.15566434539426 
  1899.0   244.16465106332328 
  1900.0   244.16797158601187 
  1901.0   244.17403151124273 
  1902.0   244.17921807842362 
  1903.0   244.217316931067 
  1904.0   244.24252764962284 
  1905.0   244.24676089899285 
  1906.0   244.22484127235322 
  1907.0   244.18148304947508 
  1908.0   244.1831429178912 
  1909.0   244.20611636420435 
  1910.0   244.22308218577422 
  1911.0   244.2191643118329 
  1912.0   244.19248109245666 
  1913.0   244.13623231158186 
  1914.0   244.06614349936086 
  1915.0   244.0289042564448 
  1916.0   244.0058693473724 
  1917.0   243.9528409233151 
  1918.0   243.90460847747968 
  1919.0   243.8796122971461 
  1920.0   243.82344988792914 
  1921.0   243.74690093539044 
  1922.0   243.69954699164245 
  1923.0   243.6570919556666 
  1924.0   243.64466280080387 
  1925.0   243.61983301107495 
  1926.0   243.5897493748984 
  1927.0   243.5352598123877 
  1928.0   243.50316655330658 
  1929.0   243.47884532569083 
  1930.0   243.4460134084154 
  1931.0   243.42745053774803 
  1932.0   243.39407472450986 
  1933.0   243.3654421163786 
  1934.0   243.34067829859197 
  1935.0   243.3145559802839 
  1936.0   243.25499671863471 
  1937.0   243.1910765893591 
  1938.0   243.10476111131337 
  1939.0   243.02501968955093 
  1940.0   242.96542219747133 
  1941.0   242.90666514440326 
  1942.0   242.82943692391243 
  1943.0   242.73899964497477 
  1944.0   242.6452485718234 
  1945.0   242.53334205723291 
  1946.0   242.4456251728104 
  1947.0   242.36584050271253 
  1948.0   242.28929527815254 
  1949.0   242.19993539846655 
  1950.0   242.10386926210836 
  1951.0   242.01959478256327 
  1952.0   241.93051183904686 
  1953.0   241.843615873825 
  1954.0   241.76110406724237 
  1955.0   241.6848201668111 
  1956.0   241.61469344422795 
  1957.0   241.55532361767817 
  1958.0   241.49140670490584 
  1959.0   241.4290807872476 
  1960.0   241.37771381065696 
  1961.0   241.30736031411746 
  1962.0   241.2076254409355 
  1963.0   241.09045367548458 
  1964.0   240.99528763811736 
  1965.0   240.90867800862853 
  1966.0   240.84007505980313 
  1967.0   240.73664493866437 
  1968.0   240.63131514016084 
  1969.0   240.53107702256142 
  1970.0   240.4401168323798 
  1971.0   240.34662441927225 
  1972.0   240.23530770628184 
  1973.0   240.14750433041416 
  1974.0   240.03223059199684 
  1975.0   239.9419390388911 
  1976.0   239.88080112811818 
  1977.0   239.80555045262037 
  1978.0   239.70116744715403 
  1979.0   239.5817592015484 
  1980.0   239.4740113450296 
  1981.0   239.38118001734875 
  1982.0   239.27518283948055 
  1983.0   239.17578725456298 
  1984.0   239.07657449875813 
  1985.0   238.95181016186413 
  1986.0   238.80183254648412 
  1987.0   238.6578098337403 
  1988.0   238.531446480897 
  1989.0   238.40744840570687 
  1990.0   238.28730747608137 
  1991.0   238.1539379392317 
  1992.0   238.02079830553694 
  1993.0   237.91389526676997 
  1994.0   237.83122880579756 
  1995.0   237.74753086417365 
  1996.0   237.63564839113974 
  1997.0   237.56298844776444 
  1998.0   237.4932017047934 
  1999.0   237.39784845616262 
  2000.0   237.30918006780266 
  2001.0   237.24011801360695 
  2002.0   237.14712781301898 
  2003.0   237.02046701947745 
  2004.0   236.90469040521268 
  2005.0   236.85527827276536 
  2006.0   236.7863691457984 
  2007.0   236.68777475706528 
  2008.0   236.59563517183392 
  2009.0   236.51275704024656 
  2010.0   236.46058207611736 
  2011.0   236.39566794543444 
  2012.0   236.3379949593001 
  2013.0   236.23498573653617 
  2014.0   236.12584159632692 
