  1850.0   3.9933782388146654e-11 
  1851.0   8.853329311713242e-11 
  1852.0   9.974460223826595e-11 
  1853.0   1.1023403927271234e-10 
  1854.0   1.1786101457416193e-10 
  1855.0   1.318477735290679e-10 
  1856.0   1.319914710546755e-10 
  1857.0   1.4254101540114954e-10 
  1858.0   1.4036189143805252e-10 
  1859.0   1.3678690733296688e-10 
  1860.0   1.4315419420433964e-10 
  1861.0   1.2874412145680786e-10 
  1862.0   1.3329725268465583e-10 
  1863.0   1.4648671651714543e-10 
  1864.0   1.4297316603635154e-10 
  1865.0   1.404176293102469e-10 
  1866.0   1.4316817776385545e-10 
  1867.0   1.4847072450446614e-10 
  1868.0   1.5721954733215073e-10 
  1869.0   1.5799000104645067e-10 
  1870.0   1.5315309603074053e-10 
  1871.0   1.666206770334266e-10 
  1872.0   1.738734276284764e-10 
  1873.0   1.79233123819463e-10 
  1874.0   1.73499420492854e-10 
  1875.0   1.7662704564868872e-10 
  1876.0   1.7470300447674953e-10 
  1877.0   1.735893036367804e-10 
  1878.0   1.794209963385796e-10 
  1879.0   1.8333346549487138e-10 
  1880.0   1.8041550775902257e-10 
  1881.0   1.867861767072661e-10 
  1882.0   1.8405706169776814e-10 
  1883.0   1.8227818315739115e-10 
  1884.0   1.8201167209193276e-10 
  1885.0   1.873461283530892e-10 
  1886.0   1.9359881562764374e-10 
  1887.0   1.8723716200663967e-10 
  1888.0   1.8380509768945115e-10 
  1889.0   1.8965936764226575e-10 
  1890.0   1.97651883032237e-10 
  1891.0   1.897820868837656e-10 
  1892.0   1.8523520639670045e-10 
  1893.0   1.802569813166283e-10 
  1894.0   1.8334034836051636e-10 
  1895.0   1.9419228299584542e-10 
  1896.0   1.9326816949880267e-10 
  1897.0   1.965508433992611e-10 
  1898.0   2.0160990786463297e-10 
  1899.0   1.997804206426978e-10 
  1900.0   2.012318340980834e-10 
  1901.0   2.7570724287384685e-10 
  1902.0   2.832881553216425e-10 
  1903.0   2.861504560123031e-10 
  1904.0   2.9369586224540544e-10 
  1905.0   2.962995603212885e-10 
  1906.0   2.884525708806545e-10 
  1907.0   2.8695966983494416e-10 
  1908.0   2.8403739150025865e-10 
  1909.0   2.8645661619144167e-10 
  1910.0   2.910217780618783e-10 
  1911.0   2.0318942275653565e-10 
  1912.0   1.988685492573235e-10 
  1913.0   1.889223690111326e-10 
  1914.0   1.927187056694698e-10 
  1915.0   1.8838600751779548e-10 
  1916.0   1.825661624147065e-10 
  1917.0   1.7715963368563117e-10 
  1918.0   1.717976892465834e-10 
  1919.0   1.7244324974403457e-10 
  1920.0   1.7669185170555373e-10 
  1921.0   1.9253536122820664e-10 
  1922.0   1.8925776232484746e-10 
  1923.0   1.7849184150557007e-10 
  1924.0   1.8067021693636946e-10 
  1925.0   2.0754669127675008e-10 
  1926.0   2.0159996688700113e-10 
  1927.0   1.8819388644971575e-10 
  1928.0   1.8592504665979014e-10 
  1929.0   1.9898710043395498e-10 
  1930.0   1.9946089257299688e-10 
  1931.0   2.7269203429026144e-10 
  1932.0   2.754704504309877e-10 
  1933.0   2.7913964925595334e-10 
  1934.0   2.9095049453356676e-10 
  1935.0   3.0159934452433744e-10 
  1936.0   3.017233826267216e-10 
  1937.0   3.0119770847993717e-10 
  1938.0   3.2069241084894047e-10 
  1939.0   3.244591860583052e-10 
  1940.0   3.1948876126348577e-10 
  1941.0   2.383594134770112e-10 
  1942.0   2.359875238621335e-10 
  1943.0   2.1351353138623448e-10 
  1944.0   2.1745588136798002e-10 
  1945.0   2.1331386632585918e-10 
  1946.0   2.0206574170010693e-10 
  1947.0   1.8452142227390962e-10 
  1948.0   1.9159990917991812e-10 
  1949.0   2.0840676391203136e-10 
  1950.0   2.0319963276074328e-10 
  1951.0   2.346626212180314e-10 
  1952.0   2.374877939785885e-10 
  1953.0   2.4747999716432535e-10 
  1954.0   2.349361699821951e-10 
  1955.0   2.2182363018056492e-10 
  1956.0   2.3933820301496334e-10 
  1957.0   2.3507057027336107e-10 
  1958.0   2.5595303409060917e-10 
  1959.0   2.6621075431207354e-10 
  1960.0   2.804068477767095e-10 
  1961.0   2.201958498948632e-10 
  1962.0   2.1198555743746698e-10 
  1963.0   2.295981359160601e-10 
  1964.0   2.198729597790892e-10 
  1965.0   2.1573745910439964e-10 
  1966.0   2.2292637653768743e-10 
  1967.0   2.3014586730389515e-10 
  1968.0   2.2987372021667356e-10 
  1969.0   2.2550991338202644e-10 
  1970.0   2.3067575868811622e-10 
  1971.0   2.3307423623927553e-10 
  1972.0   2.5091579191024134e-10 
  1973.0   2.447105581309381e-10 
  1974.0   2.5265616330393746e-10 
  1975.0   2.5732902967177427e-10 
  1976.0   2.508933704012041e-10 
  1977.0   2.6370149328792506e-10 
  1978.0   2.6340646343201964e-10 
  1979.0   2.529553709798439e-10 
  1980.0   2.6026955989213257e-10 
  1981.0   2.4883307356760624e-10 
  1982.0   2.9108863659894503e-10 
  1983.0   3.1040969578999187e-10 
  1984.0   3.066972622930422e-10 
  1985.0   3.143103520383841e-10 
  1986.0   3.0265934840887137e-10 
  1987.0   2.8073060826257935e-10 
  1988.0   2.797377764952704e-10 
  1989.0   2.839626769141323e-10 
  1990.0   2.802536733174281e-10 
  1991.0   2.97795151862239e-10 
  1992.0   2.6950732521144604e-10 
  1993.0   2.6672270159195765e-10 
  1994.0   2.461667921959403e-10 
  1995.0   2.214990278939457e-10 
  1996.0   2.038739397608219e-10 
  1997.0   1.950418606172713e-10 
  1998.0   2.0631387777231085e-10 
  1999.0   2.19651347965683e-10 
  2000.0   2.1353548176169649e-10 
  2001.0   2.2057009650434135e-10 
  2002.0   1.9045567486585925e-10 
  2003.0   1.9580933567589626e-10 
  2004.0   2.3700791641115323e-10 
  2005.0   4.380990977928157e-10 
  2006.0   2.0602775217881345e-10 
  2007.0   1.8223286833038972e-10 
  2008.0   1.8274498783905117e-10 
  2009.0   2.0067330903003145e-10 
  2010.0   2.5372006856452594e-10 
  2011.0   2.339084314929273e-10 
  2012.0   2.0753739018550034e-10 
  2013.0   2.1601965089990148e-10 
  2014.0   1.9339554630551942e-10 
