  1850.0   1.752557554101053e-11 
  1851.0   6.374845478275374e-11 
  1852.0   7.604758636536422e-11 
  1853.0   8.597840577884452e-11 
  1854.0   9.329067635017084e-11 
  1855.0   9.970833398485103e-11 
  1856.0   1.0466125297433275e-10 
  1857.0   1.0887105574635097e-10 
  1858.0   1.123951619020314e-10 
  1859.0   1.1503818386298694e-10 
  1860.0   1.175464791187473e-10 
  1861.0   1.0562730828902125e-10 
  1862.0   1.0742410124082525e-10 
  1863.0   1.0925361974033303e-10 
  1864.0   1.1102505622259529e-10 
  1865.0   1.120641913319868e-10 
  1866.0   1.1327763189628171e-10 
  1867.0   1.1425037872260884e-10 
  1868.0   1.1543472867342887e-10 
  1869.0   1.162631586575875e-10 
  1870.0   1.1695847182966542e-10 
  1871.0   1.3688587131635042e-10 
  1872.0   1.3746019891130455e-10 
  1873.0   1.3793604711726525e-10 
  1874.0   1.3836830735239587e-10 
  1875.0   1.3854498527885602e-10 
  1876.0   1.3895712816354444e-10 
  1877.0   1.3969468579234633e-10 
  1878.0   1.4048728148534385e-10 
  1879.0   1.4060233800710714e-10 
  1880.0   1.410745478704219e-10 
  1881.0   1.460904021351331e-10 
  1882.0   1.4611411907776605e-10 
  1883.0   1.4618454605960543e-10 
  1884.0   1.4658099956914352e-10 
  1885.0   1.4730615842438297e-10 
  1886.0   1.480328352061932e-10 
  1887.0   1.4894260223607041e-10 
  1888.0   1.492511174348325e-10 
  1889.0   1.4911565129232537e-10 
  1890.0   1.4966268106713444e-10 
  1891.0   1.4591949664949464e-10 
  1892.0   1.4626699006471175e-10 
  1893.0   1.4720238351239368e-10 
  1894.0   1.481324684261769e-10 
  1895.0   1.4885573426830634e-10 
  1896.0   1.4926919902800454e-10 
  1897.0   1.4967470604054852e-10 
  1898.0   1.4990443308713406e-10 
  1899.0   1.4998910105866642e-10 
  1900.0   1.5008133069676646e-10 
  1901.0   2.091338517389822e-10 
  1902.0   2.1280661526277763e-10 
  1903.0   2.1493350701613635e-10 
  1904.0   2.175265299197754e-10 
  1905.0   2.1927904020789296e-10 
  1906.0   2.2101462841241587e-10 
  1907.0   2.2183022962826794e-10 
  1908.0   2.2329219491625173e-10 
  1909.0   2.2555501199924288e-10 
  1910.0   2.2824690038712563e-10 
  1911.0   1.447191140770068e-10 
  1912.0   1.4087387678003997e-10 
  1913.0   1.372677026812085e-10 
  1914.0   1.3412140865198237e-10 
  1915.0   1.3056809277710168e-10 
  1916.0   1.2769856071237289e-10 
  1917.0   1.2477533584441555e-10 
  1918.0   1.2238882930895247e-10 
  1919.0   1.194176647675882e-10 
  1920.0   1.1696237311459742e-10 
  1921.0   1.3722202281837908e-10 
  1922.0   1.3777244650596419e-10 
  1923.0   1.3707440556365741e-10 
  1924.0   1.3798889713151524e-10 
  1925.0   1.3859389078434439e-10 
  1926.0   1.3968317720130223e-10 
  1927.0   1.4005199346718089e-10 
  1928.0   1.4097074460688165e-10 
  1929.0   1.407228183661247e-10 
  1930.0   1.41544119630642e-10 
  1931.0   2.144125621982896e-10 
  1932.0   2.2152079313892745e-10 
  1933.0   2.256527716554789e-10 
  1934.0   2.3059999576667495e-10 
  1935.0   2.3493706267613127e-10 
  1936.0   2.399915016579398e-10 
  1937.0   2.437418392014072e-10 
  1938.0   2.4772285169034454e-10 
  1939.0   2.476676697180184e-10 
  1940.0   2.5009547454216365e-10 
  1941.0   1.63964921126944e-10 
  1942.0   1.5818421954344978e-10 
  1943.0   1.535255425390066e-10 
  1944.0   1.4950440563939979e-10 
  1945.0   1.473647563071342e-10 
  1946.0   1.460831534938579e-10 
  1947.0   1.435289217629327e-10 
  1948.0   1.418202396549998e-10 
  1949.0   1.4053620494631757e-10 
  1950.0   1.397610778661475e-10 
  1951.0   1.62244884530876e-10 
  1952.0   1.655516144137192e-10 
  1953.0   1.683781546112121e-10 
  1954.0   1.6853996741429603e-10 
  1955.0   1.704982261806802e-10 
  1956.0   1.7285571743878572e-10 
  1957.0   1.749657650943013e-10 
  1958.0   1.7676748618111418e-10 
  1959.0   1.8058418203335247e-10 
  1960.0   1.8295064274863032e-10 
  1961.0   1.4423076389276038e-10 
  1962.0   1.4399670019901151e-10 
  1963.0   1.4391550798290913e-10 
  1964.0   1.4496432737222694e-10 
  1965.0   1.468545399720606e-10 
  1966.0   1.479731050630921e-10 
  1967.0   1.484393700237111e-10 
  1968.0   1.4951587055087458e-10 
  1969.0   1.5022024623080342e-10 
  1970.0   1.5042157086980422e-10 
  1971.0   1.5165116809671878e-10 
  1972.0   1.5246133786202161e-10 
  1973.0   1.5278379903977083e-10 
  1974.0   1.5315537149089443e-10 
  1975.0   1.5349016974631468e-10 
  1976.0   1.5411879221954824e-10 
  1977.0   1.5397417929117032e-10 
  1978.0   1.5338897373646355e-10 
  1979.0   1.5196961227042633e-10 
  1980.0   1.5037646093345287e-10 
  1981.0   1.478895344930362e-10 
  1982.0   1.4706779848906345e-10 
  1983.0   1.4626116841663376e-10 
  1984.0   1.456134523747145e-10 
  1985.0   1.4587184124507757e-10 
  1986.0   1.4610175441259403e-10 
  1987.0   1.4654574107920763e-10 
  1988.0   1.4748183053234087e-10 
  1989.0   1.482158654275444e-10 
  1990.0   1.4882132280359892e-10 
  1991.0   1.4989040296966955e-10 
  1992.0   1.4850469451445812e-10 
  1993.0   1.4190357904713903e-10 
  1994.0   1.3318852865268424e-10 
  1995.0   1.2224375863824788e-10 
  1996.0   1.1429846259043875e-10 
  1997.0   1.0725171075307246e-10 
  1998.0   1.0413540527131707e-10 
  1999.0   1.0062402636207517e-10 
  2000.0   1.0082574157834367e-10 
  2001.0   1.0180821913443861e-10 
  2002.0   9.843756552817007e-11 
  2003.0   1.0032061944014353e-10 
  2004.0   1.0034001857915628e-10 
  2005.0   3.225980799512978e-10 
  2006.0   1.1273433125742124e-10 
  2007.0   1.1185309625823628e-10 
  2008.0   1.1271632620952742e-10 
  2009.0   1.1072417555838524e-10 
  2010.0   1.5655729549448327e-10 
  2011.0   1.5099708750560823e-10 
  2012.0   1.1064375690868329e-10 
  2013.0   1.1540776301993392e-10 
  2014.0   1.1326813347682463e-10 
