  1850.0   2.357021440740798 
  1851.0   2.5329487743278962 
  1852.0   2.6428791639508313 
  1853.0   3.071629282870943 
  1854.0   2.86204242032388 
  1855.0   2.67843144025938 
  1856.0   2.4008033467887837 
  1857.0   2.6125919576632928 
  1858.0   2.6555276575744347 
  1859.0   2.687766034644592 
  1860.0   2.458377979436295 
  1861.0   2.8636824481780287 
  1862.0   2.2525498050384902 
  1863.0   2.885705248249103 
  1864.0   2.6525431553653562 
  1865.0   2.607081543187706 
  1866.0   2.533660430026082 
  1867.0   2.3306869759605746 
  1868.0   2.4905080622515974 
  1869.0   2.9763601018230164 
  1870.0   2.2594433547957276 
  1871.0   3.029299784409307 
  1872.0   2.9243772512264976 
  1873.0   2.5152401534435342 
  1874.0   2.752709459731289 
  1875.0   2.164863515674342 
  1876.0   2.769458302963817 
  1877.0   2.650124868064338 
  1878.0   2.9377966285697066 
  1879.0   2.2175783463160834 
  1880.0   2.422974927138147 
  1881.0   2.6120807136046027 
  1882.0   2.550378079744679 
  1883.0   3.0886455750224986 
  1884.0   2.885872027559405 
  1885.0   2.0435270522306688 
  1886.0   1.8097161061705926 
  1887.0   2.747796576988881 
  1888.0   2.4182451527358935 
  1889.0   2.7205264434113907 
  1890.0   2.7541604095874703 
  1891.0   2.1165365226466912 
  1892.0   2.508269650976512 
  1893.0   2.1368538398382517 
  1894.0   3.0286130305210994 
  1895.0   2.7202571269383387 
  1896.0   2.3241854822306327 
  1897.0   2.9722429715680234 
  1898.0   2.778747642817665 
  1899.0   2.822683060045425 
  1900.0   2.356399966951323 
  1901.0   2.7369264662943085 
  1902.0   2.796240185077683 
  1903.0   2.5727776844471215 
  1904.0   2.6040183335510845 
  1905.0   2.844216555728792 
  1906.0   2.3349042254719587 
  1907.0   3.0249876570947594 
  1908.0   2.762374560709477 
  1909.0   2.7859971446560627 
  1910.0   2.495495435249626 
  1911.0   2.257133369698227 
  1912.0   1.6605888354144085 
  1913.0   2.8928156399457072 
  1914.0   2.6929716970261306 
  1915.0   2.166857791927083 
  1916.0   2.4574186965002203 
  1917.0   2.4103315775259215 
  1918.0   2.8076347736674725 
  1919.0   3.080358638133683 
  1920.0   2.2698804064450884 
  1921.0   2.915536703131739 
  1922.0   2.4711554050508067 
  1923.0   2.7055734931606277 
  1924.0   2.0091344330981813 
  1925.0   2.867949782201757 
  1926.0   2.8079467217227183 
  1927.0   2.61503829890996 
  1928.0   1.935848684078545 
  1929.0   3.031678848778907 
  1930.0   2.1755004389808765 
  1931.0   2.416945466323007 
  1932.0   2.64039192432007 
  1933.0   3.1373518609049245 
  1934.0   2.79582787700298 
  1935.0   2.493307563099233 
  1936.0   2.4808764089746083 
  1937.0   2.893735367072733 
  1938.0   2.2795096140230293 
  1939.0   1.883056322778637 
  1940.0   2.851031874126313 
  1941.0   2.985647209690897 
  1942.0   2.5410400413088268 
  1943.0   2.638588881420745 
  1944.0   1.9909966319193981 
  1945.0   3.0908989433728964 
  1946.0   2.914393347375669 
  1947.0   2.482180472175085 
  1948.0   2.996738454173071 
  1949.0   2.4307509916522343 
  1950.0   2.8453610476526845 
  1951.0   2.006307154505031 
  1952.0   2.7782779688374983 
  1953.0   3.198193509320571 
  1954.0   2.365622754902851 
  1955.0   2.898112155121188 
  1956.0   2.409163642113239 
  1957.0   2.2037594830293865 
  1958.0   2.418573881407814 
  1959.0   2.459352891896792 
  1960.0   2.6164023937217817 
  1961.0   2.8566765685737523 
  1962.0   2.1369556045853506 
  1963.0   2.4033594644340153 
  1964.0   2.49025100108458 
  1965.0   2.386587369049393 
  1966.0   2.5947412763673383 
  1967.0   2.2326550265565555 
  1968.0   2.533312024363599 
  1969.0   2.769065858346691 
  1970.0   2.5551950756449435 
  1971.0   3.1366929764803615 
  1972.0   2.4191517704132353 
  1973.0   2.7097718117011906 
  1974.0   3.069135261526895 
  1975.0   2.4606410242790604 
  1976.0   2.630522451594841 
  1977.0   2.7754567092430125 
  1978.0   3.3447831176744747 
  1979.0   2.6398227972757415 
  1980.0   2.485211381014844 
  1981.0   3.190620336300422 
  1982.0   2.663874463501815 
  1983.0   3.2812891661754886 
  1984.0   2.364397637196689 
  1985.0   3.193815417730246 
  1986.0   2.478206890967205 
  1987.0   3.0979877743244466 
  1988.0   2.9386516496428556 
  1989.0   3.183506199550108 
  1990.0   2.9422355120014183 
  1991.0   2.6610765219011454 
  1992.0   3.1281749559368643 
  1993.0   2.4397597602705465 
  1994.0   2.940423897838326 
  1995.0   2.8452427613605336 
  1996.0   2.7946983279508593 
  1997.0   3.4949720132599595 
  1998.0   3.3285796070313456 
  1999.0   3.5139035351551073 
  2000.0   2.8481801953249755 
  2001.0   3.1697179511747517 
  2002.0   2.6430962962163376 
  2003.0   3.2796524303868293 
  2004.0   3.163167819659063 
  2005.0   3.1600261546413444 
  2006.0   3.200872297739333 
  2007.0   3.399864686149202 
  2008.0   3.4241123737878554 
  2009.0   3.3620754534658674 
  2010.0   2.906280931176501 
  2011.0   3.5225570593369024 
  2012.0   3.8442967023866847 
  2013.0   3.2997165872636285 
  2014.0   2.8029290659460435 
