  1850.0   0.1168996347173315 
  1851.0   -0.042468949697968245 
  1852.0   0.008784457390346894 
  1853.0   -0.028558745604512808 
  1854.0   0.06513119590751144 
  1855.0   -0.2371333156912244 
  1856.0   -0.15826985108033634 
  1857.0   -0.07054818291647226 
  1858.0   0.20260142882936155 
  1859.0   -0.10614663861350895 
  1860.0   -0.11218968574148354 
  1861.0   0.05591606799340583 
  1862.0   0.1915915607916272 
  1863.0   0.036020773525741935 
  1864.0   -0.09065504910972921 
  1865.0   -0.15291949164020605 
  1866.0   0.11309893598824945 
  1867.0   -0.012434371283321163 
  1868.0   -0.015639891451596208 
  1869.0   0.05581915502591923 
  1870.0   0.06977623431611708 
  1871.0   -0.09161316629928708 
  1872.0   0.13991964832192613 
  1873.0   -0.10439143020048718 
  1874.0   -0.11398996350109225 
  1875.0   0.04651927649881747 
  1876.0   -0.09116023764257351 
  1877.0   0.02882291503687999 
  1878.0   -0.046306014550871404 
  1879.0   0.17616686998106904 
  1880.0   -0.11033045625108225 
  1881.0   -0.3351779549576528 
  1882.0   -0.018904606282143542 
  1883.0   -0.06375992560524364 
  1884.0   -0.1387588802777457 
  1885.0   0.14131731467765052 
  1886.0   0.07892313628025568 
  1887.0   -0.07880145937787247 
  1888.0   -0.04531692050125054 
  1889.0   0.006258907838964391 
  1890.0   -0.12984570866410816 
  1891.0   -0.10070329319149371 
  1892.0   0.0564318067016799 
  1893.0   -0.21592147865873962 
  1894.0   0.0009099206946913201 
  1895.0   -0.1445177524028302 
  1896.0   -0.11305994073502414 
  1897.0   -0.16713871699248387 
  1898.0   0.04569881623202779 
  1899.0   -0.10025247482644921 
  1900.0   -0.06521920211020824 
  1901.0   0.12178208813526063 
  1902.0   -0.03530983453792674 
  1903.0   -0.028360509916213465 
  1904.0   -0.09489737030054897 
  1905.0   -0.04064867053373472 
  1906.0   -0.022527203385274478 
  1907.0   -0.15689808963768023 
  1908.0   -0.12069888394114127 
  1909.0   -0.19518581830228451 
  1910.0   0.060102727874181236 
  1911.0   -0.2191983405825734 
  1912.0   -0.06141602110192637 
  1913.0   -0.09164308492694238 
  1914.0   -0.12901696780453983 
  1915.0   0.06874149528145745 
  1916.0   -0.21293664410905438 
  1917.0   -0.18528879298149037 
  1918.0   -0.15447699791411285 
  1919.0   -0.24521206653116165 
  1920.0   -0.1250908005938685 
  1921.0   0.04137649925114398 
  1922.0   -0.06522275315572512 
  1923.0   -0.3559364122801517 
  1924.0   -0.02530454186119513 
  1925.0   -0.1592569234593452 
  1926.0   -0.060622570825099815 
  1927.0   0.07206144325633664 
  1928.0   -0.2852239474982524 
  1929.0   -0.0662467625292091 
  1930.0   -0.20483066609942222 
  1931.0   -0.09257351593182776 
  1932.0   -0.13206420477508113 
  1933.0   -0.02113442760433853 
  1934.0   -0.20401138442084174 
  1935.0   -0.053906111282103764 
  1936.0   -0.06826176854203304 
  1937.0   -0.20850907738354937 
  1938.0   -0.1488102369064458 
  1939.0   -0.18365026336917137 
  1940.0   -0.23160638388133387 
  1941.0   -0.10023770468269402 
  1942.0   -0.038920602537215146 
  1943.0   -0.1866320530934847 
  1944.0   -0.09216746858522294 
  1945.0   -0.24478219794597425 
  1946.0   0.06485911239163775 
  1947.0   0.07045538767289761 
  1948.0   -0.09644170872743296 
  1949.0   -0.1349267832160965 
  1950.0   0.01975889101769968 
  1951.0   -0.0010158088912701774 
  1952.0   -0.22915801969039304 
  1953.0   -0.0871367501571736 
  1954.0   -0.02085949574974805 
  1955.0   -0.224429829235631 
  1956.0   -0.09367162418874841 
  1957.0   -0.4024874452094342 
  1958.0   -0.22722699043715952 
  1959.0   -0.14301349114560846 
  1960.0   -0.26656252167219047 
  1961.0   -0.1708854279887143 
  1962.0   -0.01572733709230289 
  1963.0   -0.18918667984800633 
  1964.0   -0.27132226504304363 
  1965.0   -0.23570765207919323 
  1966.0   -0.2278106694343238 
  1967.0   -0.22269124521703668 
  1968.0   -0.19983990155097694 
  1969.0   -0.45331884699715647 
  1970.0   -0.5169425097313077 
  1971.0   -0.3796000667968117 
  1972.0   -0.15656395920980037 
  1973.0   -0.3651676529654109 
  1974.0   -0.0936441539465264 
  1975.0   -0.1519941579447674 
  1976.0   -0.018710020193626522 
  1977.0   -0.2639077076759924 
  1978.0   -0.07382690323722768 
  1979.0   -0.25754825170392054 
  1980.0   -0.29853208990839275 
  1981.0   -0.09860310166981404 
  1982.0   -0.2293955220621697 
  1983.0   -0.17436627547180136 
  1984.0   -0.23102630412930183 
  1985.0   -0.09745152572465618 
  1986.0   -0.07338955746210102 
  1987.0   0.04754996018095659 
  1988.0   0.17199242883146085 
  1989.0   0.022141467417507325 
  1990.0   0.24326539409352038 
  1991.0   0.37851347509327554 
  1992.0   0.18065142605506695 
  1993.0   0.3858872053677586 
  1994.0   0.339450495864131 
  1995.0   0.001967302516059735 
  1996.0   0.39100057839822894 
  1997.0   0.4338161084330973 
  1998.0   0.2564402487045479 
  1999.0   0.348399125505255 
  2000.0   0.5791554783381994 
  2001.0   0.2688978379484746 
  2002.0   0.3320195897776963 
  2003.0   0.31655517314827825 
  2004.0   0.49562203544922845 
  2005.0   0.5367271541898823 
  2006.0   0.20891046530953103 
  2007.0   0.2641317545249481 
  2008.0   0.40892109749474864 
  2009.0   0.27374222975006607 
  2010.0   0.4371072557590255 
  2011.0   0.5751745305747621 
  2012.0   0.5678498400475906 
  2013.0   0.5106761638592459 
  2014.0   0.5820659253529192 
