  1850.0   268.70779545200105 
  1851.0   268.93798144585514 
  1852.0   269.7930329530411 
  1853.0   271.55077698471763 
  1854.0   269.7461281208481 
  1855.0   269.77375440844236 
  1856.0   270.44884745366664 
  1857.0   269.34601928046504 
  1858.0   269.6085492731684 
  1859.0   268.32623754727604 
  1860.0   268.13270117513196 
  1861.0   268.94735174485754 
  1862.0   269.22065573835914 
  1863.0   269.79291947854733 
  1864.0   268.99132298414935 
  1865.0   269.93973920781673 
  1866.0   269.6058479215629 
  1867.0   268.65835081063767 
  1868.0   269.25163805817806 
  1869.0   268.76227525400526 
  1870.0   270.0711614272472 
  1871.0   269.26168726881554 
  1872.0   269.0538132436426 
  1873.0   268.23747158994456 
  1874.0   268.62458224813696 
  1875.0   269.7784698730179 
  1876.0   270.22722133780735 
  1877.0   270.6794455619247 
  1878.0   270.6131984585485 
  1879.0   269.8507532562186 
  1880.0   269.4144618689065 
  1881.0   268.89449570426945 
  1882.0   268.80929913228226 
  1883.0   270.05133616664966 
  1884.0   269.70209018236983 
  1885.0   269.4237120747369 
  1886.0   269.39867379487515 
  1887.0   269.5355407933833 
  1888.0   269.6257694555255 
  1889.0   269.1278009912035 
  1890.0   270.2589774302391 
  1891.0   269.5235359990251 
  1892.0   268.7780518855213 
  1893.0   270.614188671069 
  1894.0   270.001100923212 
  1895.0   269.4448324548067 
  1896.0   270.77463278693153 
  1897.0   268.9073646346059 
  1898.0   270.74031668361886 
  1899.0   270.42252320624374 
  1900.0   270.5939471013534 
  1901.0   270.68174624150356 
  1902.0   270.0824697747767 
  1903.0   268.09711533901594 
  1904.0   269.73048120870163 
  1905.0   269.7822303999787 
  1906.0   268.41623921163824 
  1907.0   269.7205702883845 
  1908.0   269.2978170035703 
  1909.0   269.77003994412337 
  1910.0   268.9188457538033 
  1911.0   270.0625171465933 
  1912.0   268.9052255735183 
  1913.0   268.25261592459094 
  1914.0   269.1956806442954 
  1915.0   268.965569337288 
  1916.0   269.32683962810535 
  1917.0   269.5730507686733 
  1918.0   271.1206245050363 
  1919.0   269.42143050339587 
  1920.0   269.33444774258413 
  1921.0   270.1377564914282 
  1922.0   269.6904246830268 
  1923.0   270.74383874855556 
  1924.0   269.01528172496035 
  1925.0   269.7991674571646 
  1926.0   268.20928313314187 
  1927.0   269.0032924575627 
  1928.0   270.1690795466202 
  1929.0   269.56626774052376 
  1930.0   269.95179741241134 
  1931.0   269.4324119208159 
  1932.0   269.0907879194505 
  1933.0   269.576770667389 
  1934.0   269.03171164601554 
  1935.0   268.92254838039025 
  1936.0   269.49674586413886 
  1937.0   269.273140671497 
  1938.0   269.4113025384805 
  1939.0   269.9950909421415 
  1940.0   270.49896805987817 
  1941.0   268.8180497974282 
  1942.0   269.53987692662537 
  1943.0   267.7892049026987 
  1944.0   269.7014666802308 
  1945.0   270.49486061751475 
  1946.0   270.99851864509293 
  1947.0   269.83960390487624 
  1948.0   270.5445245784143 
  1949.0   269.8835135817643 
  1950.0   268.8585157664179 
  1951.0   269.6600347287529 
  1952.0   270.65904292706625 
  1953.0   270.58091644037466 
  1954.0   269.7151215538714 
  1955.0   270.2401713538949 
  1956.0   270.17197316306533 
  1957.0   270.46718857620647 
  1958.0   268.9870354771881 
  1959.0   269.213591812169 
  1960.0   269.4393843305671 
  1961.0   268.99084091817076 
  1962.0   268.87612155109866 
  1963.0   269.372757792334 
  1964.0   268.93558631483666 
  1965.0   268.23345615282045 
  1966.0   269.0763391196805 
  1967.0   268.3170034365826 
  1968.0   269.5554049841892 
  1969.0   270.1315311689093 
  1970.0   269.32998435595994 
  1971.0   269.01702309288896 
  1972.0   269.6419391342988 
  1973.0   268.48905569132086 
  1974.0   268.3385664722186 
  1975.0   267.7479776255945 
  1976.0   269.1115851428151 
  1977.0   269.6690179037127 
  1978.0   270.28709046045134 
  1979.0   269.94650200365317 
  1980.0   270.6627408539615 
  1981.0   269.74296205424946 
  1982.0   268.7171184747249 
  1983.0   269.11762308768 
  1984.0   269.31546980040866 
  1985.0   269.41535767507173 
  1986.0   269.9937752826831 
  1987.0   269.8469378195447 
  1988.0   269.90107843958543 
  1989.0   270.1135656796086 
  1990.0   269.042064302582 
  1991.0   269.3985594419176 
  1992.0   270.0638856822925 
  1993.0   268.9200954102126 
  1994.0   270.0837062479275 
  1995.0   270.43202417930416 
  1996.0   271.12409953475736 
  1997.0   270.4038946140956 
  1998.0   270.14820392851885 
  1999.0   272.22220057622303 
  2000.0   270.82411014648545 
  2001.0   269.4390053780999 
  2002.0   270.4122948438242 
  2003.0   270.0782002789174 
  2004.0   270.2202958172489 
  2005.0   270.72582414690777 
  2006.0   271.8400616987416 
  2007.0   271.2287250820318 
  2008.0   271.8019821389472 
  2009.0   270.9016175981421 
  2010.0   271.8051800282848 
  2011.0   272.15825265147396 
  2012.0   271.06888323896004 
  2013.0   272.1955009010447 
  2014.0   271.6575170099861 
