  1850.0   3.147560340003991 
  1851.0   3.481774600776443 
  1852.0   3.4707866286528226 
  1853.0   3.769006578384084 
  1854.0   3.504581616778725 
  1855.0   3.467203838976251 
  1856.0   3.5407092917606136 
  1857.0   3.6392041569265805 
  1858.0   3.625233394763103 
  1859.0   3.2973747853826887 
  1860.0   3.3742112539825677 
  1861.0   3.538614760675316 
  1862.0   3.5222652080816457 
  1863.0   3.4931309665472843 
  1864.0   3.5267131017965863 
  1865.0   3.5666673583527495 
  1866.0   3.4162456297077775 
  1867.0   3.2963175831883063 
  1868.0   3.485281940170992 
  1869.0   3.281850455620244 
  1870.0   3.6456694363926596 
  1871.0   3.3747561312592618 
  1872.0   3.194264033135559 
  1873.0   3.4937283802324264 
  1874.0   3.409534680023692 
  1875.0   3.7121652287378804 
  1876.0   3.6381863633328893 
  1877.0   3.655500944900954 
  1878.0   3.480255727761044 
  1879.0   3.2492444460108185 
  1880.0   3.3357191014597842 
  1881.0   3.3187858557903365 
  1882.0   3.268338579475491 
  1883.0   3.6999023739225834 
  1884.0   3.446552468877237 
  1885.0   3.3639300215303125 
  1886.0   3.6060926670096562 
  1887.0   3.3396233288805828 
  1888.0   3.221632005198827 
  1889.0   3.09603561520675 
  1890.0   3.3605073745370087 
  1891.0   3.313902045650616 
  1892.0   3.271684863608218 
  1893.0   3.651041507016395 
  1894.0   3.6813483549496664 
  1895.0   3.3484929734975997 
  1896.0   3.7519096951662347 
  1897.0   3.7061778262848994 
  1898.0   3.7142196803310634 
  1899.0   3.5677809532597586 
  1900.0   3.6655472726661738 
  1901.0   3.516105637431377 
  1902.0   3.6802410895730446 
  1903.0   3.0789427667865668 
  1904.0   3.563777230856144 
  1905.0   3.6283415004960826 
  1906.0   3.298067494637341 
  1907.0   3.7172986140808826 
  1908.0   3.3803466911991444 
  1909.0   3.516067514072115 
  1910.0   3.534710639677055 
  1911.0   3.5954694808325223 
  1912.0   3.0777462669267144 
  1913.0   3.092533779679122 
  1914.0   3.582541082940598 
  1915.0   3.402245127678192 
  1916.0   3.375785128693398 
  1917.0   3.1728557010229466 
  1918.0   3.537024554158975 
  1919.0   3.3862377762915497 
  1920.0   3.3415680398113454 
  1921.0   3.576094202621722 
  1922.0   3.626933135896972 
  1923.0   3.8972002398157692 
  1924.0   3.5794842552788886 
  1925.0   3.8412156326889217 
  1926.0   3.4783358944708085 
  1927.0   3.7970129096113587 
  1928.0   3.870807658251087 
  1929.0   3.516731741622514 
  1930.0   3.618129941920422 
  1931.0   3.651920154939781 
  1932.0   3.5614116097664095 
  1933.0   3.583510663274452 
  1934.0   3.2313575890424047 
  1935.0   3.3967811972789432 
  1936.0   3.230812478287233 
  1937.0   3.229072808491229 
  1938.0   3.4269222086811157 
  1939.0   3.698718946482187 
  1940.0   3.757708113720944 
  1941.0   3.432067914592495 
  1942.0   3.645639103606052 
  1943.0   3.373902171085183 
  1944.0   3.2424859742367156 
  1945.0   3.904348152154731 
  1946.0   4.012742910755393 
  1947.0   3.3912165362894933 
  1948.0   3.8278016726306356 
  1949.0   3.637460690722884 
  1950.0   3.3718620225724125 
  1951.0   3.748677986077801 
  1952.0   3.7114445078310756 
  1953.0   3.8384687477901154 
  1954.0   3.551760467819767 
  1955.0   3.340004931630964 
  1956.0   3.783390932789147 
  1957.0   3.863095897017583 
  1958.0   3.3580915936996814 
  1959.0   3.7761277718569386 
  1960.0   3.6064569618055717 
  1961.0   3.6377955363625287 
  1962.0   3.450131114586403 
  1963.0   3.696016177189244 
  1964.0   3.5087041564919543 
  1965.0   3.5402487334012522 
  1966.0   3.6115836204213 
  1967.0   2.6726502603964697 
  1968.0   3.4527978553489787 
  1969.0   3.7074043279692988 
  1970.0   3.8359472231365226 
  1971.0   3.524478874121161 
  1972.0   3.209772118158146 
  1973.0   3.3458763106449108 
  1974.0   3.46592614796579 
  1975.0   3.5276006745961794 
  1976.0   3.6368445267361493 
  1977.0   3.6670443619611586 
  1978.0   3.5650973849944427 
  1979.0   3.905050066072484 
  1980.0   3.67682875027918 
  1981.0   3.9147154776340742 
  1982.0   3.930450203592274 
  1983.0   3.8707389011181186 
  1984.0   3.9977869145875373 
  1985.0   4.340507303954772 
  1986.0   3.8831837347280524 
  1987.0   4.011967997389814 
  1988.0   4.095464084242533 
  1989.0   4.2465435010715264 
  1990.0   3.640331184368965 
  1991.0   3.6612113809340943 
  1992.0   3.7486893109427433 
  1993.0   3.599306994948456 
  1994.0   3.4497681141477154 
  1995.0   3.469167089576135 
  1996.0   4.015644555517715 
  1997.0   3.7611473411288987 
  1998.0   3.589951369214396 
  1999.0   4.411285874208793 
  2000.0   4.102586910943304 
  2001.0   4.076349740088231 
  2002.0   4.10541408499738 
  2003.0   3.8245087845258596 
  2004.0   3.9880053570035043 
  2005.0   4.135472657349216 
  2006.0   4.216676745696765 
  2007.0   4.641148907496192 
  2008.0   4.322900424219482 
  2009.0   4.368079229612098 
  2010.0   4.301013162978057 
  2011.0   4.451595052933675 
  2012.0   4.187382864636512 
  2013.0   4.53123171949813 
  2014.0   4.602842324393082 
