  1850.0   1.5309474235185563 
  1851.0   1.5873504854167433 
  1852.0   1.649947005102396 
  1853.0   1.612873452168067 
  1854.0   1.5863656057951014 
  1855.0   1.667793723711112 
  1856.0   1.6617702456660983 
  1857.0   1.6966409688175845 
  1858.0   1.6988702529439266 
  1859.0   1.660509259577881 
  1860.0   1.6207156301318921 
  1861.0   1.631348763567497 
  1862.0   1.67237046812095 
  1863.0   1.5311820500705668 
  1864.0   1.4977768336885542 
  1865.0   1.5785597981889457 
  1866.0   1.6354040518067792 
  1867.0   1.5698147253861747 
  1868.0   1.6220108825406532 
  1869.0   1.534024596064524 
  1870.0   1.6030924930571988 
  1871.0   1.7003522930401873 
  1872.0   1.7477488206186516 
  1873.0   1.6156639356403266 
  1874.0   1.5580117113772893 
  1875.0   1.6552618776393957 
  1876.0   1.6372076001836102 
  1877.0   1.719146402069069 
  1878.0   1.6297436259262268 
  1879.0   1.7085456171268436 
  1880.0   1.6208881903127756 
  1881.0   1.6918495444133144 
  1882.0   1.596963738925854 
  1883.0   1.6157827832716345 
  1884.0   1.5502324184766583 
  1885.0   1.5140508853321237 
  1886.0   1.6157492072377886 
  1887.0   1.5627063719082912 
  1888.0   1.6013293096011183 
  1889.0   1.5423454153526768 
  1890.0   1.6089112774905556 
  1891.0   1.5556991317923476 
  1892.0   1.632590741013452 
  1893.0   1.663662600734554 
  1894.0   1.6198726080583292 
  1895.0   1.57776576576848 
  1896.0   1.649606800009395 
  1897.0   1.6520527944137182 
  1898.0   1.6032486869621176 
  1899.0   1.638646891714685 
  1900.0   1.5760205893401504 
  1901.0   1.62618302535278 
  1902.0   1.612836117139618 
  1903.0   1.6376000983774097 
  1904.0   1.541936969988426 
  1905.0   1.5713375653931527 
  1906.0   1.6166245168365434 
  1907.0   1.5825470500861565 
  1908.0   1.5666050624960939 
  1909.0   1.5905402877554056 
  1910.0   1.617966103814999 
  1911.0   1.6745688799285159 
  1912.0   1.517649417431158 
  1913.0   1.5653673872842109 
  1914.0   1.567644737440265 
  1915.0   1.6063456137860095 
  1916.0   1.6182928192545354 
  1917.0   1.6512624722644544 
  1918.0   1.527620348034243 
  1919.0   1.5055608377299459 
  1920.0   1.5793520437639748 
  1921.0   1.5718300352864374 
  1922.0   1.690318558751444 
  1923.0   1.5968858306791773 
  1924.0   1.6415488745326847 
  1925.0   1.6196681512539792 
  1926.0   1.6943137201310077 
  1927.0   1.6040970422559293 
  1928.0   1.6536006387086455 
  1929.0   1.563846442746496 
  1930.0   1.607343943571532 
  1931.0   1.6512283540251096 
  1932.0   1.5517223907348177 
  1933.0   1.5778064400956195 
  1934.0   1.6023812720490997 
  1935.0   1.5954643488582219 
  1936.0   1.6154255822887318 
  1937.0   1.620076895747345 
  1938.0   1.6671315850390227 
  1939.0   1.69778893762244 
  1940.0   1.6059885802369387 
  1941.0   1.542350538417938 
  1942.0   1.6868856659817626 
  1943.0   1.6789249507844863 
  1944.0   1.5980217322088985 
  1945.0   1.6144329362060574 
  1946.0   1.614439187936072 
  1947.0   1.6309399790552477 
  1948.0   1.6359559673829955 
  1949.0   1.6112721710248707 
  1950.0   1.7063909822500876 
  1951.0   1.634912298758799 
  1952.0   1.6902154903183557 
  1953.0   1.7028501880938158 
  1954.0   1.5966790885002442 
  1955.0   1.595129775867102 
  1956.0   1.6632778451114985 
  1957.0   1.552136627332454 
  1958.0   1.6291050549980075 
  1959.0   1.6588931939013263 
  1960.0   1.769838288446606 
  1961.0   1.6510521292243858 
  1962.0   1.6549706794452368 
  1963.0   1.6479261236773162 
  1964.0   1.6363480943325992 
  1965.0   1.5673879395918495 
  1966.0   1.594620998052183 
  1967.0   1.670450993774929 
  1968.0   1.6528355274860789 
  1969.0   1.654552545955657 
  1970.0   1.6045414420968303 
  1971.0   1.6336991848657936 
  1972.0   1.6324877548340793 
  1973.0   1.6442914268551814 
  1974.0   1.635623821386519 
  1975.0   1.5865382056987727 
  1976.0   1.6311930638522734 
  1977.0   1.5708855159173996 
  1978.0   1.6954217911197345 
  1979.0   1.6531222871185967 
  1980.0   1.6218760682705866 
  1981.0   1.59103817992132 
  1982.0   1.539301512153696 
  1983.0   1.570950402439715 
  1984.0   1.6587974815456152 
  1985.0   1.7000665129092427 
  1986.0   1.6396929274946521 
  1987.0   1.7243991841277517 
  1988.0   1.7013189134982076 
  1989.0   1.6343898780102848 
  1990.0   1.6420119642957414 
  1991.0   1.6779869553609752 
  1992.0   1.5828280373795525 
  1993.0   1.7171105558229098 
  1994.0   1.6940765700634282 
  1995.0   1.6270523243645445 
  1996.0   1.697158542249367 
  1997.0   1.7033690602364187 
  1998.0   1.7427186757301714 
  1999.0   1.7081085340258697 
  2000.0   1.6294390192117187 
  2001.0   1.7707407401260344 
  2002.0   1.6565714089710406 
  2003.0   1.702733445031801 
  2004.0   1.7473798547120372 
  2005.0   1.7371014644370282 
  2006.0   1.7282364600152202 
  2007.0   1.7003700774524644 
  2008.0   1.6700463115259305 
  2009.0   1.7170607892296423 
  2010.0   1.7784179877898842 
  2011.0   1.7175427639428873 
  2012.0   1.7751016850133259 
  2013.0   1.7410200534221703 
  2014.0   1.7255529652739547 
