  1850.0   283.0677932444513 
  1851.0   283.0783229995074 
  1852.0   282.96290735204457 
  1853.0   282.9220406760253 
  1854.0   282.970812874732 
  1855.0   282.9889821360881 
  1856.0   283.00920883745226 
  1857.0   282.89916860509317 
  1858.0   282.7998354807593 
  1859.0   282.7728987148325 
  1860.0   282.8207560692169 
  1861.0   282.9110235274347 
  1862.0   283.02360598378016 
  1863.0   283.14807241697224 
  1864.0   283.3277811548057 
  1865.0   283.4780081205712 
  1866.0   283.5613613943343 
  1867.0   283.6406778872007 
  1868.0   283.78655381928724 
  1869.0   283.8113153435619 
  1870.0   283.7352276123155 
  1871.0   283.6387381897391 
  1872.0   283.71867564162824 
  1873.0   283.8114978209865 
  1874.0   283.87330266844856 
  1875.0   283.8737646561392 
  1876.0   283.80329284702486 
  1877.0   283.80252332452676 
  1878.0   283.8439218271256 
  1879.0   283.7919838440752 
  1880.0   283.7549366435744 
  1881.0   283.68264395616944 
  1882.0   283.7844926111772 
  1883.0   283.95254825134793 
  1884.0   284.22217940605293 
  1885.0   284.45831198443074 
  1886.0   284.72410109241986 
  1887.0   284.9894025242694 
  1888.0   285.15116336586976 
  1889.0   285.17224662219786 
  1890.0   285.082443681307 
  1891.0   284.95423073719843 
  1892.0   284.92935426755076 
  1893.0   284.9461176926949 
  1894.0   284.79554575970417 
  1895.0   284.60537069180873 
  1896.0   284.6160696794731 
  1897.0   284.662678711039 
  1898.0   284.65880864448036 
  1899.0   284.6616192277733 
  1900.0   284.68338692814507 
  1901.0   284.71212197120855 
  1902.0   284.75589973543305 
  1903.0   284.70739724434577 
  1904.0   284.61885537352504 
  1905.0   284.507473999517 
  1906.0   284.5895878248999 
  1907.0   284.72313575051845 
  1908.0   284.6941540017819 
  1909.0   284.52166874411114 
  1910.0   284.31342317471837 
  1911.0   284.3145042689194 
  1912.0   284.30533498248093 
  1913.0   284.33204996871063 
  1914.0   284.5216381889747 
  1915.0   284.76700629950176 
  1916.0   284.9891283940632 
  1917.0   285.1093472045602 
  1918.0   285.2787244415027 
  1919.0   285.5314521801896 
  1920.0   285.744915542475 
  1921.0   285.95174717704714 
  1922.0   286.10296740785776 
  1923.0   286.27191353031907 
  1924.0   286.373544025997 
  1925.0   286.5396954753052 
  1926.0   286.79692708005155 
  1927.0   287.05121638740474 
  1928.0   287.2976377616756 
  1929.0   287.59564870890324 
  1930.0   287.8002411587156 
  1931.0   287.86502242788987 
  1932.0   287.94903673462983 
  1933.0   288.03716662554393 
  1934.0   288.12346887867204 
  1935.0   288.2647294941907 
  1936.0   288.3028203280574 
  1937.0   288.41834658111503 
  1938.0   288.5693398600368 
  1939.0   288.6975902136887 
  1940.0   288.8871203257251 
  1941.0   289.11710146880307 
  1942.0   289.3240119700688 
  1943.0   289.5773229065848 
  1944.0   289.78719761071017 
  1945.0   290.071021477101 
  1946.0   290.255208467007 
  1947.0   290.49775225711306 
  1948.0   290.72168257612 
  1949.0   290.98578673015743 
  1950.0   291.33279718321535 
  1951.0   291.61049994484506 
  1952.0   291.84144338864485 
  1953.0   292.05496755865505 
  1954.0   292.2702794316407 
  1955.0   292.44956638868524 
  1956.0   292.646177065685 
  1957.0   292.89804269575643 
  1958.0   293.1417286209216 
  1959.0   293.451986528193 
  1960.0   293.69881514070966 
  1961.0   293.9026158204411 
  1962.0   293.97406450553575 
  1963.0   294.1305040141029 
  1964.0   294.39971714930795 
  1965.0   294.6609939003892 
  1966.0   294.823741250105 
  1967.0   295.0463186258711 
  1968.0   295.2131389191175 
  1969.0   295.36590399829157 
  1970.0   295.54987595963814 
  1971.0   295.7599706283867 
  1972.0   295.9714730374019 
  1973.0   296.24537392347327 
  1974.0   296.4050321862752 
  1975.0   296.61355554529916 
  1976.0   296.88905225164194 
  1977.0   297.1110530104777 
  1978.0   297.2849686760654 
  1979.0   297.2625221378258 
  1980.0   297.38188439170005 
  1981.0   297.66614409903633 
  1982.0   297.9421466457553 
  1983.0   298.1544717230142 
  1984.0   298.3660674485654 
  1985.0   298.5477798650177 
  1986.0   298.69405937319686 
  1987.0   298.9268322961603 
  1988.0   299.2079211627561 
  1989.0   299.48489513663674 
  1990.0   299.74247467529614 
  1991.0   300.0597804117055 
  1992.0   300.41205209008035 
  1993.0   300.7344319170409 
  1994.0   301.1015318765344 
  1995.0   301.5943738174287 
  1996.0   302.0671142608687 
  1997.0   302.49965506840806 
  1998.0   302.9398181403725 
  1999.0   303.30596741440775 
  2000.0   303.7176047097948 
  2001.0   304.0199331789526 
  2002.0   304.2517001859119 
  2003.0   304.5541266735174 
  2004.0   305.00704441798814 
  2005.0   305.1744500466775 
  2006.0   305.67843248553635 
  2007.0   306.1176844449457 
  2008.0   306.6895492278508 
  2009.0   307.26038814195255 
  2010.0   307.764889447508 
  2011.0   308.33871199993814 
  2012.0   308.91982890714854 
  2013.0   309.4408955354439 
  2014.0   309.9452152554002 
