  1850.0   610.1465672672753 
  1851.0   610.1141349128937 
  1852.0   610.0390906192604 
  1853.0   609.9687199015027 
  1854.0   609.9634829743297 
  1855.0   609.9820164420712 
  1856.0   609.9688219329273 
  1857.0   609.911297313693 
  1858.0   609.8705131563082 
  1859.0   609.8752167707996 
  1860.0   609.8911151866027 
  1861.0   609.8860460438292 
  1862.0   609.8848823910987 
  1863.0   609.901778713734 
  1864.0   609.8971828018038 
  1865.0   609.8878987433159 
  1866.0   609.8814613319541 
  1867.0   609.8703617740514 
  1868.0   609.8595654685732 
  1869.0   609.8403746379992 
  1870.0   609.8050218423552 
  1871.0   609.7647380227415 
  1872.0   609.759553385497 
  1873.0   609.7672362941744 
  1874.0   609.784685293275 
  1875.0   609.8048731416245 
  1876.0   609.8104014801265 
  1877.0   609.8085654565429 
  1878.0   609.8128511381723 
  1879.0   609.8155680581525 
  1880.0   609.8291467900925 
  1881.0   609.821059510688 
  1882.0   609.7765725251385 
  1883.0   609.7479825154293 
  1884.0   609.7258216794095 
  1885.0   609.7065222278572 
  1886.0   609.7152311143055 
  1887.0   609.7363514496388 
  1888.0   609.7747087574367 
  1889.0   609.8136918201214 
  1890.0   609.8292270796858 
  1891.0   609.84049410757 
  1892.0   609.8398438604358 
  1893.0   609.8553150026758 
  1894.0   609.8496388421548 
  1895.0   609.8067735643539 
  1896.0   609.7558765926083 
  1897.0   609.701058690968 
  1898.0   609.6806619547599 
  1899.0   609.6829587476375 
  1900.0   609.7045825452283 
  1901.0   609.7307930851194 
  1902.0   609.7450070135347 
  1903.0   609.765175952816 
  1904.0   609.7736569446812 
  1905.0   609.7856437310494 
  1906.0   609.7951398251291 
  1907.0   609.8014860700648 
  1908.0   609.808524594482 
  1909.0   609.805839748686 
  1910.0   609.7775304044638 
  1911.0   609.7767936085195 
  1912.0   609.7917926692425 
  1913.0   609.8092593555691 
  1914.0   609.8031287894735 
  1915.0   609.7771234154486 
  1916.0   609.7556689000172 
  1917.0   609.762668098881 
  1918.0   609.7721468431146 
  1919.0   609.795550572915 
  1920.0   609.8072944722873 
  1921.0   609.7816567191081 
  1922.0   609.7434793553065 
  1923.0   609.6747196198222 
  1924.0   609.6060679255623 
  1925.0   609.5678182916439 
  1926.0   609.5487000049548 
  1927.0   609.5522982157105 
  1928.0   609.5648761344918 
  1929.0   609.581184327955 
  1930.0   609.5859687865834 
  1931.0   609.5903490492516 
  1932.0   609.5661565889956 
  1933.0   609.5538427986602 
  1934.0   609.5572160566129 
  1935.0   609.547905834932 
  1936.0   609.522206542327 
  1937.0   609.4909311976962 
  1938.0   609.4308035171044 
  1939.0   609.3902828640763 
  1940.0   609.3929286838325 
  1941.0   609.3996058518363 
  1942.0   609.4106988907657 
  1943.0   609.4423254378228 
  1944.0   609.4547636644936 
  1945.0   609.4262270368023 
  1946.0   609.3893127026004 
  1947.0   609.3786393182103 
  1948.0   609.3782210863012 
  1949.0   609.3739052050574 
  1950.0   609.3633444879384 
  1951.0   609.3821587053374 
  1952.0   609.4154521412837 
  1953.0   609.4315002494931 
  1954.0   609.4257024890745 
  1955.0   609.4191594055462 
  1956.0   609.4154822242226 
  1957.0   609.436005801257 
  1958.0   609.4667324446131 
  1959.0   609.4811703294465 
  1960.0   609.5222805317411 
  1961.0   609.5794318376138 
  1962.0   609.6079314605553 
  1963.0   609.6078444254147 
  1964.0   609.5960681886775 
  1965.0   609.5929296088125 
  1966.0   609.6159482781862 
  1967.0   609.6074585026003 
  1968.0   609.6127559453615 
  1969.0   609.6365444138845 
  1970.0   609.643206674046 
  1971.0   609.637815250345 
  1972.0   609.6568409976591 
  1973.0   609.6983178219818 
  1974.0   609.7016817561358 
  1975.0   609.6749788579365 
  1976.0   609.6687223046688 
  1977.0   609.6610699596107 
  1978.0   609.6781120937237 
  1979.0   609.7554021404602 
  1980.0   609.8162750363281 
  1981.0   609.8825459631886 
  1982.0   609.9110019529596 
  1983.0   609.9342947199372 
  1984.0   609.9855227813797 
  1985.0   610.0669067896088 
  1986.0   610.1291393970707 
  1987.0   610.121596740792 
  1988.0   610.099735812139 
  1989.0   610.0664998521975 
  1990.0   610.0140291105455 
  1991.0   609.9739063739336 
  1992.0   609.9317298915947 
  1993.0   609.9297789575552 
  1994.0   609.9630812853951 
  1995.0   610.017718854685 
  1996.0   610.0651442829596 
  1997.0   610.0631650179168 
  1998.0   610.0384623373051 
  1999.0   610.0262573256127 
  2000.0   610.0187985042656 
  2001.0   610.0147455310045 
  2002.0   609.9743328109794 
  2003.0   609.907862039184 
  2004.0   609.8247346233275 
  2005.0   609.7253638596076 
  2006.0   609.6738756492426 
  2007.0   609.6693556406974 
  2008.0   609.6800699606974 
  2009.0   609.68762491697 
  2010.0   609.6622375493363 
  2011.0   609.6289888981058 
  2012.0   609.6050911567761 
  2013.0   609.6081943565786 
  2014.0   609.6240635757492 
