  1850.0   0.0 
  1851.0   1.369394994408545e-11 
  1852.0   1.9603484301564842e-11 
  1853.0   2.2647849118010026e-11 
  1854.0   2.4872098777245254e-11 
  1855.0   2.631481873485137e-11 
  1856.0   2.7610642265674594e-11 
  1857.0   2.873961278903939e-11 
  1858.0   2.975857837435594e-11 
  1859.0   3.070873879006849e-11 
  1860.0   3.1587509622745316e-11 
  1861.0   2.934168781907069e-11 
  1862.0   2.8733999833040446e-11 
  1863.0   2.8813184851181834e-11 
  1864.0   2.903328662557896e-11 
  1865.0   2.934625812161454e-11 
  1866.0   2.968961229634112e-11 
  1867.0   3.0043614849399924e-11 
  1868.0   3.0532840161879745e-11 
  1869.0   3.081887675147317e-11 
  1870.0   3.1120744300055704e-11 
  1871.0   3.63948586855799e-11 
  1872.0   3.8997852249550344e-11 
  1873.0   4.0728868723363646e-11 
  1874.0   4.1847794848240814e-11 
  1875.0   4.274036115794791e-11 
  1876.0   4.35752491259907e-11 
  1877.0   4.4376381808088416e-11 
  1878.0   4.501914580852307e-11 
  1879.0   4.57076279304902e-11 
  1880.0   4.6152490419164204e-11 
  1881.0   4.8318793008331953e-11 
  1882.0   5.0021428224383284e-11 
  1883.0   5.1085951100949694e-11 
  1884.0   5.245889619655948e-11 
  1885.0   5.2897302563187736e-11 
  1886.0   5.348366192344522e-11 
  1887.0   5.412703785323049e-11 
  1888.0   5.486659279991643e-11 
  1889.0   5.5517039064061994e-11 
  1890.0   5.644735690267761e-11 
  1891.0   5.50335559963266e-11 
  1892.0   5.504203183814571e-11 
  1893.0   5.527674938642815e-11 
  1894.0   5.543509805521805e-11 
  1895.0   5.5721588245093365e-11 
  1896.0   5.605016535114904e-11 
  1897.0   5.632832995261399e-11 
  1898.0   5.6698472261339273e-11 
  1899.0   5.699078800817683e-11 
  1900.0   5.7255861800733496e-11 
  1901.0   8.63014178202447e-11 
  1902.0   1.0610521511899294e-10 
  1903.0   1.1645779180909524e-10 
  1904.0   1.2293075089860113e-10 
  1905.0   1.277876322358824e-10 
  1906.0   1.3561658402036866e-10 
  1907.0   1.392936169599788e-10 
  1908.0   1.4135161833491e-10 
  1909.0   1.4403211059420088e-10 
  1910.0   1.467268288383315e-10 
  1911.0   1.0248461366879395e-10 
  1912.0   8.367963684786063e-11 
  1913.0   7.487656263814734e-11 
  1914.0   6.999857251500841e-11 
  1915.0   6.627208038742055e-11 
  1916.0   6.445404569610269e-11 
  1917.0   6.153729305592004e-11 
  1918.0   5.846647116279847e-11 
  1919.0   5.603432162342961e-11 
  1920.0   5.402416872497217e-11 
  1921.0   6.25448146891927e-11 
  1922.0   6.561861439525131e-11 
  1923.0   6.682533498862813e-11 
  1924.0   6.731772466705538e-11 
  1925.0   6.761040239596645e-11 
  1926.0   6.774795756938684e-11 
  1927.0   6.790423322790873e-11 
  1928.0   6.800404829817966e-11 
  1929.0   6.813861677918954e-11 
  1930.0   6.837174362004683e-11 
  1931.0   1.1057550636067583e-10 
  1932.0   1.3194126472794256e-10 
  1933.0   1.3983143725915612e-10 
  1934.0   1.4735766219648843e-10 
  1935.0   1.5179768006517275e-10 
  1936.0   1.5619137434280152e-10 
  1937.0   1.617602799220442e-10 
  1938.0   1.650486086303131e-10 
  1939.0   1.6873807738423971e-10 
  1940.0   1.7252488995482157e-10 
  1941.0   1.2369790962621543e-10 
  1942.0   1.0463222461437758e-10 
  1943.0   9.435020490713361e-11 
  1944.0   8.855259273638029e-11 
  1945.0   8.489661549872919e-11 
  1946.0   8.504792403212574e-11 
  1947.0   8.086273418573382e-11 
  1948.0   7.837193732816324e-11 
  1949.0   7.625937818500506e-11 
  1950.0   7.360781173525457e-11 
  1951.0   8.034242541384584e-11 
  1952.0   8.554198693751307e-11 
  1953.0   9.534730145293494e-11 
  1954.0   9.08829932668594e-11 
  1955.0   8.919407556884715e-11 
  1956.0   8.883819936616869e-11 
  1957.0   8.904162583954559e-11 
  1958.0   9.100669584916794e-11 
  1959.0   9.176529959173242e-11 
  1960.0   9.279947481115867e-11 
  1961.0   7.805407172993698e-11 
  1962.0   7.196068188286356e-11 
  1963.0   6.884271194200353e-11 
  1964.0   6.742486606002438e-11 
  1965.0   6.658173960407786e-11 
  1966.0   6.557081262817082e-11 
  1967.0   6.443570364554181e-11 
  1968.0   6.391675125727343e-11 
  1969.0   6.49248269915949e-11 
  1970.0   6.305662302047111e-11 
  1971.0   6.271334608624962e-11 
  1972.0   6.262950493004415e-11 
  1973.0   6.243372178905527e-11 
  1974.0   6.217198586192933e-11 
  1975.0   6.195671761735216e-11 
  1976.0   6.190296676324815e-11 
  1977.0   6.141868321454138e-11 
  1978.0   6.091294308714888e-11 
  1979.0   6.012065022260623e-11 
  1980.0   5.938928379210772e-11 
  1981.0   5.855484412514847e-11 
  1982.0   5.8141473880838045e-11 
  1983.0   5.777362775123731e-11 
  1984.0   5.737493583407921e-11 
  1985.0   5.722225822606245e-11 
  1986.0   5.7005111254226724e-11 
  1987.0   6.06410437212275e-11 
  1988.0   5.889325762919494e-11 
  1989.0   5.82126129067939e-11 
  1990.0   7.077127122745937e-11 
  1991.0   6.477265166090782e-11 
  1992.0   6.183757233336812e-11 
  1993.0   5.777725511484366e-11 
  1994.0   5.449869970953912e-11 
  1995.0   5.132927002598324e-11 
  1996.0   4.999381176683562e-11 
  1997.0   4.891440394985582e-11 
  1998.0   4.912907699439608e-11 
  1999.0   4.8474710265458796e-11 
  2000.0   4.878314842292495e-11 
  2001.0   4.937094530861879e-11 
  2002.0   4.6988420789785157e-11 
  2003.0   4.691251663948478e-11 
  2004.0   4.658284256601744e-11 
  2005.0   1.9704248081832066e-10 
  2006.0   1.1264027744123778e-10 
  2007.0   8.07424175378589e-11 
  2008.0   6.874687067949947e-11 
  2009.0   6.219969744492677e-11 
  2010.0   1.046584495485449e-10 
  2011.0   9.2900239882049e-11 
  2012.0   7.353150597257778e-11 
  2013.0   7.736689502601576e-11 
  2014.0   6.777651953083589e-11 
