  1850.0   2.005296257685602 
  1851.0   1.9432376710192063 
  1852.0   2.011165952691982 
  1853.0   1.948092812411513 
  1854.0   1.890191570479277 
  1855.0   1.9159304109193813 
  1856.0   1.911847553726295 
  1857.0   1.9583571356278886 
  1858.0   1.923040221152804 
  1859.0   1.896552963217641 
  1860.0   1.8611332886011538 
  1861.0   1.9884537136268117 
  1862.0   1.9015362595372403 
  1863.0   1.909117845085933 
  1864.0   1.8982783515885353 
  1865.0   1.9885892849676474 
  1866.0   1.9031504548801588 
  1867.0   1.9158016531745599 
  1868.0   1.8975836295637925 
  1869.0   2.002895453874915 
  1870.0   1.8255433809463681 
  1871.0   1.8693823450846636 
  1872.0   1.9245877263249713 
  1873.0   1.902330672017433 
  1874.0   1.9486976461834424 
  1875.0   1.899508096477503 
  1876.0   1.8168704133537044 
  1877.0   1.8943119149936043 
  1878.0   1.874768895437259 
  1879.0   1.9898073879065943 
  1880.0   1.9996014860277673 
  1881.0   1.8761967102994634 
  1882.0   1.8464763864654685 
  1883.0   1.9596687644928923 
  1884.0   1.895977940861069 
  1885.0   1.768231033535981 
  1886.0   1.8782360497976864 
  1887.0   1.8492491031814282 
  1888.0   1.8788980755437903 
  1889.0   1.8003431808426398 
  1890.0   1.8223163666027145 
  1891.0   1.8671369941971703 
  1892.0   1.833653421346186 
  1893.0   1.8370687163785568 
  1894.0   1.8746785097453742 
  1895.0   1.9277420122549616 
  1896.0   1.8934828002217436 
  1897.0   1.879051646057559 
  1898.0   1.9515338969620974 
  1899.0   1.8706285068204407 
  1900.0   1.8532064881010186 
  1901.0   1.878101747503683 
  1902.0   1.941932568607868 
  1903.0   1.9529634992223752 
  1904.0   1.8228754823674462 
  1905.0   1.8536867600800946 
  1906.0   1.838150648323582 
  1907.0   1.9210806717317324 
  1908.0   1.867499555558521 
  1909.0   1.88927687019688 
  1910.0   1.9276892252201308 
  1911.0   1.8556418160179784 
  1912.0   1.9046489325191807 
  1913.0   1.9196147651166422 
  1914.0   1.8935592490028792 
  1915.0   1.8967028412070597 
  1916.0   1.9032496608259426 
  1917.0   1.8239094357280985 
  1918.0   1.9025470479242428 
  1919.0   1.95428541118989 
  1920.0   1.7766603788371964 
  1921.0   1.9403623212499397 
  1922.0   1.9271399134034009 
  1923.0   1.8010744213989105 
  1924.0   1.8496631593873334 
  1925.0   1.8310112447831468 
  1926.0   1.8328762024270389 
  1927.0   1.881030831650869 
  1928.0   1.8893558799033443 
  1929.0   1.901320068891028 
  1930.0   1.9162415570402118 
  1931.0   1.8737951654752203 
  1932.0   1.8439878331070374 
  1933.0   1.8432132152473428 
  1934.0   1.7599702203181118 
  1935.0   1.8691240643135616 
  1936.0   1.9227925342422936 
  1937.0   1.8600370847979442 
  1938.0   1.8774780362607637 
  1939.0   1.8339523474466812 
  1940.0   1.9138777852145394 
  1941.0   1.9621242170654758 
  1942.0   1.882816647938426 
  1943.0   1.9206155641136946 
  1944.0   1.895692972437105 
  1945.0   1.8810589669939541 
  1946.0   1.9437033759788471 
  1947.0   1.8500616463817852 
  1948.0   1.9561267880124893 
  1949.0   1.8232556360034793 
  1950.0   1.8529739088512098 
  1951.0   1.90199092349363 
  1952.0   1.807044688201513 
  1953.0   1.89951176215426 
  1954.0   1.7930812541464896 
  1955.0   1.923004424350023 
  1956.0   1.925084062714985 
  1957.0   1.7981212553692525 
  1958.0   1.8673201630562435 
  1959.0   1.7816311966876865 
  1960.0   1.8896652288203122 
  1961.0   1.8592413533463663 
  1962.0   1.8276657534235066 
  1963.0   1.9488641923439347 
  1964.0   1.955221993845178 
  1965.0   1.8609290843002664 
  1966.0   1.8165443065641464 
  1967.0   1.8983819954842522 
  1968.0   1.8309442413443702 
  1969.0   1.854857105319831 
  1970.0   1.7887831164557368 
  1971.0   1.8407509523499752 
  1972.0   1.7421815937996084 
  1973.0   1.7906556414176826 
  1974.0   1.8541721952192514 
  1975.0   1.848369768639234 
  1976.0   1.8323120926400918 
  1977.0   1.8327720991505214 
  1978.0   1.8980433438422093 
  1979.0   1.796571975195028 
  1980.0   1.8611012420326012 
  1981.0   1.8350129726444373 
  1982.0   1.876293172927098 
  1983.0   1.81026915145664 
  1984.0   1.8657161111075953 
  1985.0   1.9474387779155822 
  1986.0   1.8480849861945856 
  1987.0   1.8337227011794683 
  1988.0   1.9081772714188334 
  1989.0   1.8287702310830234 
  1990.0   1.9030093863400062 
  1991.0   1.8429552079523752 
  1992.0   1.9048911275301585 
  1993.0   1.9242737083953287 
  1994.0   1.937230505171733 
  1995.0   1.8503473409689575 
  1996.0   1.9429852670567636 
  1997.0   1.8895907907825433 
  1998.0   1.9815837267723297 
  1999.0   1.868305815019492 
  2000.0   1.9049946893832688 
  2001.0   1.8725540350643877 
  2002.0   1.8980832016962217 
  2003.0   2.065691731641284 
  2004.0   2.0244589629120764 
  2005.0   1.8834664776782644 
  2006.0   1.9068657757059178 
  2007.0   1.907373495273416 
  2008.0   1.9579513606443155 
  2009.0   1.9149008454386112 
  2010.0   1.8952448528580472 
  2011.0   1.953019214073202 
  2012.0   1.9814477236030639 
  2013.0   1.9527875580626197 
  2014.0   1.8984964445534134 
