  1850.0   8.955028911833274 
  1851.0   9.247949369036613 
  1852.0   9.214756004667182 
  1853.0   9.198484249132036 
  1854.0   8.998743776793733 
  1855.0   9.242207759585908 
  1856.0   9.03050347691101 
  1857.0   8.319070743102644 
  1858.0   8.525333397912664 
  1859.0   8.775554771745467 
  1860.0   9.403342840555629 
  1861.0   9.891848415745292 
  1862.0   9.72292166860533 
  1863.0   9.157631694294905 
  1864.0   9.1349362946603 
  1865.0   9.543307139836756 
  1866.0   9.872146494592876 
  1867.0   9.697093652029375 
  1868.0   9.534797082247284 
  1869.0   9.638353733740077 
  1870.0   8.965194614122424 
  1871.0   9.292227016769992 
  1872.0   9.710047669609477 
  1873.0   9.353997490214077 
  1874.0   8.667094160879897 
  1875.0   9.28514120358328 
  1876.0   9.298934143951824 
  1877.0   9.579797855124397 
  1878.0   9.633459441538095 
  1879.0   9.55414466033716 
  1880.0   9.051501460020493 
  1881.0   10.209710023738397 
  1882.0   9.513768332310487 
  1883.0   9.092103586449756 
  1884.0   9.390524677559789 
  1885.0   9.19907334749686 
  1886.0   8.97803560234891 
  1887.0   8.46915425428153 
  1888.0   9.276832319237432 
  1889.0   9.250441084255174 
  1890.0   8.909886514277643 
  1891.0   8.750202718515766 
  1892.0   9.406904481872536 
  1893.0   9.29840596220317 
  1894.0   8.764607396110717 
  1895.0   9.385383569274119 
  1896.0   8.692699053868898 
  1897.0   9.040284601090281 
  1898.0   9.604658596517885 
  1899.0   9.262894433360772 
  1900.0   8.764431724967805 
  1901.0   9.031582540896775 
  1902.0   9.179452464963669 
  1903.0   9.142269238796022 
  1904.0   8.815066791718577 
  1905.0   8.979827833611726 
  1906.0   9.193716034332812 
  1907.0   9.853069678705575 
  1908.0   9.040863672828438 
  1909.0   9.002457806315178 
  1910.0   9.09273430545871 
  1911.0   9.063399168700062 
  1912.0   8.985645817384045 
  1913.0   9.276956466661021 
  1914.0   9.680435103463278 
  1915.0   9.520024070969244 
  1916.0   9.179362949741032 
  1917.0   8.794765911490627 
  1918.0   8.93773032154436 
  1919.0   8.627527160497149 
  1920.0   8.966197258680902 
  1921.0   9.36708367638992 
  1922.0   9.284197140044325 
  1923.0   9.790151865437407 
  1924.0   9.270296307932554 
  1925.0   8.90400856173559 
  1926.0   9.562401495970931 
  1927.0   9.885458629899398 
  1928.0   8.858067855939574 
  1929.0   9.520583200831357 
  1930.0   9.286160252180945 
  1931.0   9.295871505802877 
  1932.0   10.170446172715938 
  1933.0   9.614717974012922 
  1934.0   9.294485921549585 
  1935.0   9.58578202927734 
  1936.0   9.877787226285047 
  1937.0   9.464359870115143 
  1938.0   9.195220183274582 
  1939.0   9.208393565949466 
  1940.0   9.304247989577714 
  1941.0   9.325191170832865 
  1942.0   9.509917014050538 
  1943.0   9.4520792186658 
  1944.0   10.052564446996472 
  1945.0   9.133175795946926 
  1946.0   10.053666691768004 
  1947.0   9.90921616809199 
  1948.0   9.221853244773817 
  1949.0   9.683413546066468 
  1950.0   9.614956965024133 
  1951.0   9.48496685406956 
  1952.0   9.145368757042734 
  1953.0   9.344912698011504 
  1954.0   9.425430962044693 
  1955.0   9.789821012444875 
  1956.0   10.382541212449564 
  1957.0   9.519742774417557 
  1958.0   10.18256568054482 
  1959.0   9.413003122425051 
  1960.0   9.67673660126622 
  1961.0   10.03572552994818 
  1962.0   9.338913776188258 
  1963.0   9.61920279197799 
  1964.0   9.578146474184893 
  1965.0   9.443616699068391 
  1966.0   9.27047919427904 
  1967.0   10.254458994932834 
  1968.0   9.713978865131514 
  1969.0   9.470386255428746 
  1970.0   9.572911425985462 
  1971.0   9.530610510668629 
  1972.0   9.686413721251446 
  1973.0   8.906406920813467 
  1974.0   8.861594638160183 
  1975.0   9.593106319854169 
  1976.0   9.465168124115767 
  1977.0   10.048125448213954 
  1978.0   9.42343314932388 
  1979.0   9.501970395773172 
  1980.0   9.537765621719569 
  1981.0   9.667192860756264 
  1982.0   9.027995739698097 
  1983.0   10.454066719072422 
  1984.0   10.10615555047943 
  1985.0   10.694710063531476 
  1986.0   11.00305717633448 
  1987.0   10.269584757311891 
  1988.0   10.623905288233688 
  1989.0   10.379077772884497 
  1990.0   10.556361573246676 
  1991.0   10.210001742016766 
  1992.0   9.279960738205418 
  1993.0   10.061585285944254 
  1994.0   10.583543111692288 
  1995.0   10.990260091904684 
  1996.0   10.002154950327938 
  1997.0   10.363270539743274 
  1998.0   10.09140273260132 
  1999.0   10.584018131597201 
  2000.0   10.980704416537662 
  2001.0   10.610856047731762 
  2002.0   10.3904799275076 
  2003.0   10.673412460689208 
  2004.0   10.685157109181555 
  2005.0   11.050612528121812 
  2006.0   11.263025185933325 
  2007.0   10.276710851484893 
  2008.0   10.999423585962914 
  2009.0   10.742256271299867 
  2010.0   11.203636489333718 
  2011.0   10.809611438442328 
  2012.0   11.029699667033098 
  2013.0   11.774642308264703 
  2014.0   12.23618447521133 
