  1850.0   2.2519873924843057 
  1851.0   2.2619232367966533 
  1852.0   2.2989834737455483 
  1853.0   2.2445065269227262 
  1854.0   2.1510723926008666 
  1855.0   2.2550199187298436 
  1856.0   2.286090773738902 
  1857.0   2.184980694256133 
  1858.0   2.30973090507132 
  1859.0   2.3852554472887593 
  1860.0   2.240254169797907 
  1861.0   2.2462429789542235 
  1862.0   2.398386544992438 
  1863.0   2.2701235395897523 
  1864.0   2.255308363748058 
  1865.0   2.3548861346971033 
  1866.0   2.257014741703846 
  1867.0   2.4763580531153573 
  1868.0   2.4682224854883774 
  1869.0   2.3294600261951666 
  1870.0   2.178390130084584 
  1871.0   2.3051535759380886 
  1872.0   2.198598782479813 
  1873.0   2.207242831049095 
  1874.0   2.205351419677895 
  1875.0   2.4124931047407516 
  1876.0   2.317655685309494 
  1877.0   2.3682388741734224 
  1878.0   2.2972067745218134 
  1879.0   2.389933833649504 
  1880.0   2.408859031179146 
  1881.0   2.363618989835026 
  1882.0   2.2302963824812876 
  1883.0   2.289308628407009 
  1884.0   2.364485228818125 
  1885.0   2.269797380067244 
  1886.0   2.347806821427655 
  1887.0   2.2368681942019855 
  1888.0   2.3071891453413924 
  1889.0   2.203982514755693 
  1890.0   2.1186434765869815 
  1891.0   2.1593261513009097 
  1892.0   2.3156860891729765 
  1893.0   2.391432925804456 
  1894.0   2.194530945746321 
  1895.0   2.154608680456063 
  1896.0   2.4155324156486158 
  1897.0   2.1772505500352044 
  1898.0   2.236388324517171 
  1899.0   2.171991169491411 
  1900.0   2.314593148272007 
  1901.0   2.162939238802047 
  1902.0   2.278601169065974 
  1903.0   2.096309755976437 
  1904.0   2.119403166675344 
  1905.0   2.259567624673709 
  1906.0   2.2702297484518925 
  1907.0   2.1713107055469463 
  1908.0   2.1336999005270454 
  1909.0   2.1941663502994833 
  1910.0   2.187721164822507 
  1911.0   2.3193433918334847 
  1912.0   2.3406415375024885 
  1913.0   2.209756729932574 
  1914.0   2.2330692285706846 
  1915.0   2.288477057852215 
  1916.0   2.2473236056431523 
  1917.0   2.273269558833753 
  1918.0   2.3910336991093346 
  1919.0   2.3541440241362213 
  1920.0   2.3786355998559725 
  1921.0   2.404554560677431 
  1922.0   2.346929712484939 
  1923.0   2.308162297754081 
  1924.0   2.2474353694676013 
  1925.0   2.5189667025975613 
  1926.0   2.437954374937115 
  1927.0   2.2609083508311723 
  1928.0   2.321293915795639 
  1929.0   2.332859378570077 
  1930.0   2.2959440336612444 
  1931.0   2.2335200124227743 
  1932.0   2.4353684955918817 
  1933.0   2.26894701450958 
  1934.0   2.2467575465113176 
  1935.0   2.3250279833388476 
  1936.0   2.326073259630144 
  1937.0   2.3393676212844268 
  1938.0   2.3296534846884245 
  1939.0   2.2090063620829756 
  1940.0   2.2991885820409323 
  1941.0   2.338214552330952 
  1942.0   2.3652046423322006 
  1943.0   2.4253305010856003 
  1944.0   2.3472054209947286 
  1945.0   2.3590767678920384 
  1946.0   2.4013503837693464 
  1947.0   2.558264418571828 
  1948.0   2.389268368238155 
  1949.0   2.443185288260114 
  1950.0   2.4461029466959663 
  1951.0   2.430806997933612 
  1952.0   2.40645808235999 
  1953.0   2.4393474772313644 
  1954.0   2.455889095854507 
  1955.0   2.3052680046229934 
  1956.0   2.3546270801552356 
  1957.0   2.320433937595577 
  1958.0   2.2997381433857758 
  1959.0   2.3404865664394467 
  1960.0   2.310982656699575 
  1961.0   2.2403529675461 
  1962.0   2.260890514617984 
  1963.0   2.2778926842085063 
  1964.0   2.2506519270570764 
  1965.0   2.1914824694411066 
  1966.0   2.276313160454431 
  1967.0   2.27431615767369 
  1968.0   2.217896555077969 
  1969.0   2.3756398854333565 
  1970.0   2.200320472622222 
  1971.0   2.1768320295773482 
  1972.0   2.3142435437614712 
  1973.0   2.2215513025256426 
  1974.0   2.285763784775623 
  1975.0   2.3803695265637277 
  1976.0   2.158275549202076 
  1977.0   2.2608308332605898 
  1978.0   2.294468173038175 
  1979.0   2.3860534572900796 
  1980.0   2.3659471584183045 
  1981.0   2.5470640252335324 
  1982.0   2.3233321742185984 
  1983.0   2.3863027132662387 
  1984.0   2.372915939445113 
  1985.0   2.4930485721250752 
  1986.0   2.413705574283734 
  1987.0   2.407537852375797 
  1988.0   2.4367619830385676 
  1989.0   2.4942900437206874 
  1990.0   2.5171372872442976 
  1991.0   2.5710557082592764 
  1992.0   2.417890415897212 
  1993.0   2.3980528267139736 
  1994.0   2.459411582912067 
  1995.0   2.563066863005546 
  1996.0   2.6018311061573125 
  1997.0   2.472577241273935 
  1998.0   2.6792134649337505 
  1999.0   2.5352846265816082 
  2000.0   2.5817446252264395 
  2001.0   2.7058704674912177 
  2002.0   2.508385754391466 
  2003.0   2.4116085044652915 
  2004.0   2.6769234652183327 
  2005.0   2.775640952939514 
  2006.0   2.604086321686135 
  2007.0   2.5982860003819015 
  2008.0   2.662221009914531 
  2009.0   2.5776944024413617 
  2010.0   2.856546663787219 
  2011.0   2.560764013496119 
  2012.0   2.586678406532967 
  2013.0   2.7954461994105504 
  2014.0   2.6986386481217974 
