  1850.0   1.7050219953709926 
  1851.0   1.7488716755841585 
  1852.0   1.7200427781038492 
  1853.0   1.65519666427383 
  1854.0   1.7082926307920088 
  1855.0   1.7562750594841978 
  1856.0   1.7116501405108182 
  1857.0   1.7205840484514974 
  1858.0   1.6725655280957432 
  1859.0   1.6739440228970925 
  1860.0   1.821874327191767 
  1861.0   1.7041534789662225 
  1862.0   1.7075488559438619 
  1863.0   1.7330285185599883 
  1864.0   1.7333070983083407 
  1865.0   1.695310561966956 
  1866.0   1.761907293898361 
  1867.0   1.6772188901645824 
  1868.0   1.716065171048807 
  1869.0   1.7323995590077126 
  1870.0   1.711331371178028 
  1871.0   1.6327921672002437 
  1872.0   1.6844581207369056 
  1873.0   1.7127132444450128 
  1874.0   1.7097153698929861 
  1875.0   1.739291131253329 
  1876.0   1.7395925657545557 
  1877.0   1.7228155701416872 
  1878.0   1.701277341471031 
  1879.0   1.7603696643377342 
  1880.0   1.6583449084911344 
  1881.0   1.6631873490443658 
  1882.0   1.725726301432132 
  1883.0   1.709718585405295 
  1884.0   1.7150150051420976 
  1885.0   1.6730342356078631 
  1886.0   1.716575366215011 
  1887.0   1.6498722590093449 
  1888.0   1.6903201076262728 
  1889.0   1.6899373966670426 
  1890.0   1.6958725508910015 
  1891.0   1.6723171550612534 
  1892.0   1.7233277405012102 
  1893.0   1.614242982162534 
  1894.0   1.691035753413055 
  1895.0   1.762156636279098 
  1896.0   1.6676486686355756 
  1897.0   1.6748190102970726 
  1898.0   1.706568758223097 
  1899.0   1.757715035192032 
  1900.0   1.6940775639907457 
  1901.0   1.7063995796781792 
  1902.0   1.7453198834439383 
  1903.0   1.6257889828229557 
  1904.0   1.6200053955433693 
  1905.0   1.6975532537357991 
  1906.0   1.579869254026535 
  1907.0   1.7867578542840485 
  1908.0   1.7966567958433692 
  1909.0   1.7495881256960328 
  1910.0   1.7003662123309216 
  1911.0   1.666815780645049 
  1912.0   1.7557934533061448 
  1913.0   1.7053209179511928 
  1914.0   1.6080010841984267 
  1915.0   1.7164300086409165 
  1916.0   1.7402124476433947 
  1917.0   1.6845893297173462 
  1918.0   1.6766556722841723 
  1919.0   1.7700392030322676 
  1920.0   1.7193189278558314 
  1921.0   1.7281171568098395 
  1922.0   1.7686986293450362 
  1923.0   1.6751131484066433 
  1924.0   1.7733697744456884 
  1925.0   1.7016764502677446 
  1926.0   1.683239383343938 
  1927.0   1.7853572657781438 
  1928.0   1.7577478019449864 
  1929.0   1.6904557346194362 
  1930.0   1.7285363686701087 
  1931.0   1.7517032705137907 
  1932.0   1.5940325115543375 
  1933.0   1.7871788851687698 
  1934.0   1.7552869665951698 
  1935.0   1.6970496373668376 
  1936.0   1.7506724343779687 
  1937.0   1.7458956874063785 
  1938.0   1.6851372252984345 
  1939.0   1.7603637646804333 
  1940.0   1.7006391784348918 
  1941.0   1.7184919286105202 
  1942.0   1.6854466846348128 
  1943.0   1.6872458521413443 
  1944.0   1.771853340599434 
  1945.0   1.7178377107263298 
  1946.0   1.6284248717182055 
  1947.0   1.6419008626897462 
  1948.0   1.6540374380596616 
  1949.0   1.621272699962389 
  1950.0   1.6594888428975798 
  1951.0   1.7283884063528008 
  1952.0   1.6608772825361982 
  1953.0   1.7355063868156841 
  1954.0   1.7729687347724037 
  1955.0   1.7278600930282466 
  1956.0   1.7077190673237517 
  1957.0   1.6872313747423757 
  1958.0   1.6399834578997505 
  1959.0   1.671798076056006 
  1960.0   1.686487125815557 
  1961.0   1.7023206665094168 
  1962.0   1.6130719429284193 
  1963.0   1.6704440038374115 
  1964.0   1.693522094745199 
  1965.0   1.6353140170712603 
  1966.0   1.590479432425481 
  1967.0   1.617639205455881 
  1968.0   1.5871021921005093 
  1969.0   1.6105943185289797 
  1970.0   1.6641436080452352 
  1971.0   1.5917077144640481 
  1972.0   1.5815865874681492 
  1973.0   1.6388014489250324 
  1974.0   1.6265020776061208 
  1975.0   1.6441396231194714 
  1976.0   1.577671563792447 
  1977.0   1.7123018710532893 
  1978.0   1.6025605612254785 
  1979.0   1.6069042169177956 
  1980.0   1.6557973000255335 
  1981.0   1.629174026066013 
  1982.0   1.6226302973675686 
  1983.0   1.5766092789803217 
  1984.0   1.5260545893399469 
  1985.0   1.6013052267411336 
  1986.0   1.6106778378761015 
  1987.0   1.5913430392825387 
  1988.0   1.6574038626226852 
  1989.0   1.5765343082169803 
  1990.0   1.6316260736537003 
  1991.0   1.6317131595477918 
  1992.0   1.63233595800312 
  1993.0   1.642148914560555 
  1994.0   1.5801653576402688 
  1995.0   1.5979081458750857 
  1996.0   1.7055727718524725 
  1997.0   1.7420197787796354 
  1998.0   1.6764754238410549 
  1999.0   1.59406508554897 
  2000.0   1.6958909925911128 
  2001.0   1.732716658829052 
  2002.0   1.6979719876374013 
  2003.0   1.7153208090368874 
  2004.0   1.5896835305586052 
  2005.0   1.6176237384861294 
  2006.0   1.7086930670303664 
  2007.0   1.7036995491780509 
  2008.0   1.7012504733361036 
  2009.0   1.717901702723904 
  2010.0   1.6803412520458174 
  2011.0   1.7349212194305241 
  2012.0   1.6174180219717145 
  2013.0   1.777751378490244 
  2014.0   1.6387393232085363 
