  1850.0   2.187379325441657 
  1851.0   2.1630982700287698 
  1852.0   2.2179013729690045 
  1853.0   2.140410930201835 
  1854.0   2.1108724169836064 
  1855.0   2.229611001260663 
  1856.0   2.2578164691299647 
  1857.0   2.1288326011781624 
  1858.0   2.19329674169643 
  1859.0   2.190680433183091 
  1860.0   2.216223828827844 
  1861.0   2.2853836773876943 
  1862.0   2.237636068380192 
  1863.0   2.170939536267526 
  1864.0   2.174233161400008 
  1865.0   2.3297182845245703 
  1866.0   2.2123927490275386 
  1867.0   2.292177377885737 
  1868.0   2.288095956158535 
  1869.0   2.2524905376004853 
  1870.0   2.20650309676285 
  1871.0   2.1630853731125415 
  1872.0   2.1469872436655844 
  1873.0   2.170024246096514 
  1874.0   2.158015003188204 
  1875.0   2.305513637387396 
  1876.0   2.190428118737212 
  1877.0   2.2801980034875893 
  1878.0   2.2185341596384407 
  1879.0   2.291169004826436 
  1880.0   2.2480450738244215 
  1881.0   2.2372625736689917 
  1882.0   2.229380530078849 
  1883.0   2.2589896534968696 
  1884.0   2.071746587629463 
  1885.0   2.208204841831897 
  1886.0   2.212607614530122 
  1887.0   2.225651460522285 
  1888.0   2.1766327928931584 
  1889.0   2.0943612196193904 
  1890.0   2.143832337889179 
  1891.0   2.1463570044307385 
  1892.0   2.190121922268577 
  1893.0   2.192404319445133 
  1894.0   2.1538678461220164 
  1895.0   2.1819216800471133 
  1896.0   2.2274410248496985 
  1897.0   2.0964476211495517 
  1898.0   2.152553335660227 
  1899.0   2.166315342883385 
  1900.0   2.235648596724055 
  1901.0   2.096472367274596 
  1902.0   2.150605584546634 
  1903.0   2.111129668568134 
  1904.0   2.0922305038041347 
  1905.0   2.1116347539223606 
  1906.0   2.1867825551423965 
  1907.0   2.0497054080089683 
  1908.0   2.18197996744795 
  1909.0   2.112160867504511 
  1910.0   2.1771337680283884 
  1911.0   2.195258818946922 
  1912.0   2.1467279179305527 
  1913.0   2.220168475739779 
  1914.0   2.1088722293470528 
  1915.0   2.198750512787252 
  1916.0   2.1701710265364755 
  1917.0   2.208224808180806 
  1918.0   2.2953034181392935 
  1919.0   2.2501311944352502 
  1920.0   2.194766027665773 
  1921.0   2.255101055776875 
  1922.0   2.275488624418625 
  1923.0   2.195217691020518 
  1924.0   2.172590784114637 
  1925.0   2.3548721748708075 
  1926.0   2.2917371365744392 
  1927.0   2.242527254375089 
  1928.0   2.207862911205845 
  1929.0   2.225752201978663 
  1930.0   2.144014552830886 
  1931.0   2.165508875415586 
  1932.0   2.2913624905969328 
  1933.0   2.206872142359282 
  1934.0   2.1932747367868872 
  1935.0   2.1804919453727414 
  1936.0   2.248435269453894 
  1937.0   2.1956876303045125 
  1938.0   2.2161927084883692 
  1939.0   2.1335983544948474 
  1940.0   2.3017838382576206 
  1941.0   2.184340061080685 
  1942.0   2.266263435788244 
  1943.0   2.2937317934273573 
  1944.0   2.146046155065757 
  1945.0   2.2388874203653937 
  1946.0   2.3308752211705093 
  1947.0   2.280300659943657 
  1948.0   2.294202392165353 
  1949.0   2.2798788538969204 
  1950.0   2.339964375954226 
  1951.0   2.288820997403591 
  1952.0   2.3060928332487682 
  1953.0   2.2670281723565444 
  1954.0   2.3246587846204902 
  1955.0   2.1828558462849177 
  1956.0   2.093882624894242 
  1957.0   2.160704307160486 
  1958.0   2.23513761516283 
  1959.0   2.1902331091375733 
  1960.0   2.185935364365116 
  1961.0   2.113863101400667 
  1962.0   2.1533681580655633 
  1963.0   2.0935999423351865 
  1964.0   2.146911950957251 
  1965.0   2.0773528552025424 
  1966.0   2.1414176538822822 
  1967.0   2.1290260698019785 
  1968.0   2.1997490465816556 
  1969.0   2.1736543956292773 
  1970.0   2.0843780095728626 
  1971.0   2.1248224268755664 
  1972.0   2.230012955422396 
  1973.0   2.0412002295774796 
  1974.0   2.170063728957719 
  1975.0   2.197559333266312 
  1976.0   2.0132744741926145 
  1977.0   2.1799376822655634 
  1978.0   2.2151438708113185 
  1979.0   2.207327631345938 
  1980.0   2.2284582556452524 
  1981.0   2.2720339235264855 
  1982.0   2.2043775780469197 
  1983.0   2.2217516772027577 
  1984.0   2.147810254771696 
  1985.0   2.312591837843279 
  1986.0   2.321870376692468 
  1987.0   2.265814771035581 
  1988.0   2.3038874372993257 
  1989.0   2.272878626025335 
  1990.0   2.2898371225686915 
  1991.0   2.299117997024826 
  1992.0   2.2745470602712183 
  1993.0   2.208699314022684 
  1994.0   2.2935967687934946 
  1995.0   2.3828921515945893 
  1996.0   2.3877200644010115 
  1997.0   2.3561730757190755 
  1998.0   2.4284514189497237 
  1999.0   2.39895020687507 
  2000.0   2.3649857278879063 
  2001.0   2.396439168800417 
  2002.0   2.3567867181941144 
  2003.0   2.327016539213764 
  2004.0   2.429121994824602 
  2005.0   2.420168017959473 
  2006.0   2.406920490574 
  2007.0   2.3893421967448156 
  2008.0   2.4269500447073753 
  2009.0   2.326453015806475 
  2010.0   2.47481976181242 
  2011.0   2.3896018208448213 
  2012.0   2.5042084193882674 
  2013.0   2.4257779361310887 
  2014.0   2.486299283442902 
