  1850.0   1.5821620941802683 
  1851.0   1.6494235682940375 
  1852.0   1.548380540046303 
  1853.0   1.6173607768041467 
  1854.0   1.5906571604319502 
  1855.0   1.6001662315549332 
  1856.0   1.6775182726499664 
  1857.0   1.6172887612102542 
  1858.0   1.6106123594952135 
  1859.0   1.4787337521682742 
  1860.0   1.5865006346363424 
  1861.0   1.5190600270710806 
  1862.0   1.6121657846096595 
  1863.0   1.6052402191958768 
  1864.0   1.5939006717481499 
  1865.0   1.6008929749445586 
  1866.0   1.5846937492757738 
  1867.0   1.6415710122220304 
  1868.0   1.6182880914608364 
  1869.0   1.6418800603655053 
  1870.0   1.6236780739232406 
  1871.0   1.6156038152267216 
  1872.0   1.640226012958643 
  1873.0   1.6167702992599804 
  1874.0   1.5911052294056078 
  1875.0   1.5821348225037986 
  1876.0   1.5379123816733835 
  1877.0   1.6015195720837574 
  1878.0   1.6160472216652926 
  1879.0   1.5434184379631155 
  1880.0   1.649562136975331 
  1881.0   1.5662583646919832 
  1882.0   1.6530257898909415 
  1883.0   1.6026398748636457 
  1884.0   1.5140285798428108 
  1885.0   1.530565992392485 
  1886.0   1.5757859191446546 
  1887.0   1.5206621443747421 
  1888.0   1.5892797419125988 
  1889.0   1.6565896649692402 
  1890.0   1.6274084303871639 
  1891.0   1.5672512187791705 
  1892.0   1.567189523425611 
  1893.0   1.5650057723794548 
  1894.0   1.5587420235754834 
  1895.0   1.5543598439169606 
  1896.0   1.602113597316025 
  1897.0   1.5630280448974667 
  1898.0   1.637713207528763 
  1899.0   1.6230550217696484 
  1900.0   1.6142272938529905 
  1901.0   1.491237447249044 
  1902.0   1.6064938523810295 
  1903.0   1.5441743896368954 
  1904.0   1.5474207311627186 
  1905.0   1.6821305691024782 
  1906.0   1.5793296060483117 
  1907.0   1.6448554543395824 
  1908.0   1.5778594228095189 
  1909.0   1.6430073690407543 
  1910.0   1.5843460897194683 
  1911.0   1.5756932016631964 
  1912.0   1.5882487347814258 
  1913.0   1.5793680671364552 
  1914.0   1.6031912138599316 
  1915.0   1.610455840691299 
  1916.0   1.5868970722221076 
  1917.0   1.6348894263171738 
  1918.0   1.6069589268400204 
  1919.0   1.5869056577705793 
  1920.0   1.5925715692093887 
  1921.0   1.6151426346356368 
  1922.0   1.6693057720966518 
  1923.0   1.6985187379047602 
  1924.0   1.6390087555497015 
  1925.0   1.6470191516009602 
  1926.0   1.5568674545660726 
  1927.0   1.6419597067096419 
  1928.0   1.659746843827927 
  1929.0   1.5994477447718594 
  1930.0   1.5731510191518987 
  1931.0   1.6068747858940624 
  1932.0   1.5753258061679123 
  1933.0   1.5821125206377329 
  1934.0   1.5903964708332754 
  1935.0   1.5983838530113454 
  1936.0   1.628613705067141 
  1937.0   1.6464766378828193 
  1938.0   1.5996219245771441 
  1939.0   1.6064100606829204 
  1940.0   1.6071712255486912 
  1941.0   1.6185993806276626 
  1942.0   1.5957282611725883 
  1943.0   1.6149151355399474 
  1944.0   1.6363880625400151 
  1945.0   1.6773445579071573 
  1946.0   1.6009142360173163 
  1947.0   1.6190736194903512 
  1948.0   1.6136026086653983 
  1949.0   1.6231447008715056 
  1950.0   1.6539484087194978 
  1951.0   1.6392162172350542 
  1952.0   1.645077805562996 
  1953.0   1.6538375725450318 
  1954.0   1.5699418100684253 
  1955.0   1.5701823812370157 
  1956.0   1.6380634700190675 
  1957.0   1.6629178076515807 
  1958.0   1.6157341989541152 
  1959.0   1.669733015531592 
  1960.0   1.681628532344337 
  1961.0   1.6532019490253693 
  1962.0   1.620732097257894 
  1963.0   1.5343772201613919 
  1964.0   1.709285638435215 
  1965.0   1.585751324699032 
  1966.0   1.6203219691014352 
  1967.0   1.6423201695084395 
  1968.0   1.5408774134521181 
  1969.0   1.5503686863167532 
  1970.0   1.6247993255835138 
  1971.0   1.6443957692166267 
  1972.0   1.5318404720868053 
  1973.0   1.601448670171796 
  1974.0   1.5921607500216584 
  1975.0   1.5818400695197015 
  1976.0   1.5058212575238794 
  1977.0   1.6335854116698256 
  1978.0   1.6140683552545647 
  1979.0   1.5581384352233538 
  1980.0   1.577121144876264 
  1981.0   1.5951938324723123 
  1982.0   1.5700333729672735 
  1983.0   1.4892184598243383 
  1984.0   1.5583116709195615 
  1985.0   1.573382628495627 
  1986.0   1.5903000330444024 
  1987.0   1.5307769129893483 
  1988.0   1.5812262967149835 
  1989.0   1.6277379122171016 
  1990.0   1.7047268998327894 
  1991.0   1.672880226749664 
  1992.0   1.5710862151787508 
  1993.0   1.5640702569440192 
  1994.0   1.6311644751597332 
  1995.0   1.5692019888849913 
  1996.0   1.719164989481147 
  1997.0   1.7031753083498884 
  1998.0   1.640087537480217 
  1999.0   1.6892335353368602 
  2000.0   1.632153472782313 
  2001.0   1.7065112966751854 
  2002.0   1.6201360996766687 
  2003.0   1.6028857934654732 
  2004.0   1.5410205868066948 
  2005.0   1.7025073930536212 
  2006.0   1.7286774381877787 
  2007.0   1.6418094483677848 
  2008.0   1.6546692596101389 
  2009.0   1.6297727013504741 
  2010.0   1.7349109744545619 
  2011.0   1.70009604004477 
  2012.0   1.7005067217120797 
  2013.0   1.5688840489159457 
  2014.0   1.6654294833609664 
