  1850.0   3.6751164220746197 
  1851.0   3.554377379869662 
  1852.0   3.6179401862023086 
  1853.0   3.437385285621459 
  1854.0   3.3568270452755815 
  1855.0   3.584768995232936 
  1856.0   3.6343061432472377 
  1857.0   3.57059208064012 
  1858.0   3.6607205301832737 
  1859.0   3.5169053201734912 
  1860.0   3.5628802286136882 
  1861.0   3.5722505250694407 
  1862.0   3.6375183218312914 
  1863.0   3.625038741980016 
  1864.0   3.63822517795364 
  1865.0   3.466644119115506 
  1866.0   3.5841675414987533 
  1867.0   3.5737988342463582 
  1868.0   3.4966115634660198 
  1869.0   3.42691244132649 
  1870.0   3.4291230910608026 
  1871.0   3.5384196381102937 
  1872.0   3.37303215360872 
  1873.0   3.3992707264512068 
  1874.0   3.513373789087952 
  1875.0   3.4249382856156054 
  1876.0   3.340571291147069 
  1877.0   3.5232722795676654 
  1878.0   3.5526378933298957 
  1879.0   3.5312625314424166 
  1880.0   3.5213076272532136 
  1881.0   3.416970147450367 
  1882.0   3.331352326746969 
  1883.0   3.633033607611243 
  1884.0   3.4355432334097658 
  1885.0   3.3404978458746033 
  1886.0   3.3389012452991422 
  1887.0   3.251577063339484 
  1888.0   3.168225686787345 
  1889.0   3.522184191238113 
  1890.0   3.3935657581766687 
  1891.0   3.1054057137240005 
  1892.0   3.3455437853582657 
  1893.0   3.378177358332892 
  1894.0   3.473773655760511 
  1895.0   3.3852876536453973 
  1896.0   3.532696285741849 
  1897.0   3.3707826328849233 
  1898.0   3.367528446362531 
  1899.0   3.4400371485124395 
  1900.0   3.4725723550854846 
  1901.0   3.6923149176163648 
  1902.0   3.566813912228803 
  1903.0   3.41359879724258 
  1904.0   3.5065535718630376 
  1905.0   3.4947192471984603 
  1906.0   3.2285740832831746 
  1907.0   3.4088013375248205 
  1908.0   3.1792388430881875 
  1909.0   3.3874950934435724 
  1910.0   3.512985549129547 
  1911.0   3.394021445339057 
  1912.0   3.3712951615110693 
  1913.0   3.356166482512124 
  1914.0   3.4774012941165813 
  1915.0   3.552706912377475 
  1916.0   3.4709914557595423 
  1917.0   3.555217816934822 
  1918.0   3.5199478799588624 
  1919.0   3.5271307086322126 
  1920.0   3.602392931052323 
  1921.0   3.441271117661119 
  1922.0   3.3749069394257254 
  1923.0   3.415610758938523 
  1924.0   3.4146623880414237 
  1925.0   3.5138521060277847 
  1926.0   3.595184273404311 
  1927.0   3.4343489936009433 
  1928.0   3.5954827070752136 
  1929.0   3.5128780427021944 
  1930.0   3.493225289910082 
  1931.0   3.502775939015979 
  1932.0   3.5089103269098265 
  1933.0   3.568512352529994 
  1934.0   3.646592416298188 
  1935.0   3.5944981366919926 
  1936.0   3.4185541379265323 
  1937.0   3.5493618772759308 
  1938.0   3.630681593748497 
  1939.0   3.5222693753509615 
  1940.0   3.681319458431336 
  1941.0   3.5783772013839057 
  1942.0   3.401882422465906 
  1943.0   3.4064256697859547 
  1944.0   3.444696616517384 
  1945.0   3.7973330839309476 
  1946.0   3.3853267919454435 
  1947.0   3.5080668408605202 
  1948.0   3.6369197017981105 
  1949.0   3.567442508173105 
  1950.0   3.7145052307809414 
  1951.0   3.599369105101492 
  1952.0   3.5680200904868458 
  1953.0   3.6100917615059824 
  1954.0   3.518137983917001 
  1955.0   3.4413449253096777 
  1956.0   3.493026371625116 
  1957.0   3.3306028967617407 
  1958.0   3.3415184130628384 
  1959.0   3.3944186394414233 
  1960.0   3.698208229304646 
  1961.0   3.684489462323469 
  1962.0   3.534698789183791 
  1963.0   3.3885065446497054 
  1964.0   3.603417297807924 
  1965.0   3.465042500049233 
  1966.0   3.2624721359692135 
  1967.0   3.2911530558841333 
  1968.0   3.4037673394264836 
  1969.0   3.507649153756939 
  1970.0   3.2969392540497076 
  1971.0   3.3384894839483454 
  1972.0   3.4918319289625583 
  1973.0   3.3842426423186023 
  1974.0   3.4398768602420047 
  1975.0   3.6664466185266127 
  1976.0   3.6759904407395614 
  1977.0   3.6043128167180627 
  1978.0   3.5668664623473636 
  1979.0   3.5442361600976677 
  1980.0   3.3052167639480046 
  1981.0   3.571223810135686 
  1982.0   3.3818914254965438 
  1983.0   3.521397924357626 
  1984.0   3.470060247575475 
  1985.0   3.66206249986827 
  1986.0   3.5867413625021975 
  1987.0   3.623188905937663 
  1988.0   3.7298707436753147 
  1989.0   3.8084297484802954 
  1990.0   3.7544035609726145 
  1991.0   3.750586755292114 
  1992.0   3.8203169718153096 
  1993.0   4.041249506662209 
  1994.0   3.8011142879011715 
  1995.0   3.7715271490672935 
  1996.0   3.8098712572676714 
  1997.0   3.989597062432551 
  1998.0   3.81281562807226 
  1999.0   3.756544537285884 
  2000.0   3.8240105601806116 
  2001.0   3.746064266733172 
  2002.0   3.673886993663375 
  2003.0   4.095108869604701 
  2004.0   3.9980299283326857 
  2005.0   3.843364477130476 
  2006.0   3.9382982022241193 
  2007.0   3.8915709011614754 
  2008.0   3.838425555630539 
  2009.0   4.0520351132850685 
  2010.0   3.9225622680430807 
  2011.0   4.098799880011688 
  2012.0   3.861131922997844 
  2013.0   3.878267744260773 
  2014.0   4.100433926805944 
