  1850.0   269.4644192054047 
  1851.0   269.57793933514597 
  1852.0   269.56974466403244 
  1853.0   267.5208768621883 
  1854.0   268.61554216173164 
  1855.0   268.92019638316486 
  1856.0   269.54589954586413 
  1857.0   268.27044687312616 
  1858.0   267.4606626781548 
  1859.0   268.20928124880504 
  1860.0   268.42866105859656 
  1861.0   268.1541193013325 
  1862.0   267.13161355213936 
  1863.0   268.97935685666135 
  1864.0   267.7110590606967 
  1865.0   268.2026823121986 
  1866.0   268.770894453782 
  1867.0   268.9997980368597 
  1868.0   269.1311919045309 
  1869.0   268.39738432822446 
  1870.0   269.0742199651405 
  1871.0   270.0641485651593 
  1872.0   267.8138954719958 
  1873.0   267.4761848188088 
  1874.0   268.19911652056555 
  1875.0   268.9412671916386 
  1876.0   268.6806187619316 
  1877.0   268.19495411860896 
  1878.0   269.3849378951353 
  1879.0   268.4802872656875 
  1880.0   269.2606300501438 
  1881.0   269.40773945804284 
  1882.0   269.89584362352696 
  1883.0   268.1728442215972 
  1884.0   267.70316239944594 
  1885.0   268.3573279390589 
  1886.0   268.4884448830387 
  1887.0   267.69035857930487 
  1888.0   267.74114359478773 
  1889.0   268.29777122335776 
  1890.0   268.45203330811955 
  1891.0   267.7971269718619 
  1892.0   268.1596194564219 
  1893.0   268.52782903539133 
  1894.0   268.07669121357003 
  1895.0   267.96096374554514 
  1896.0   269.15076045459017 
  1897.0   269.19347397682685 
  1898.0   269.0485403966866 
  1899.0   268.48429780614475 
  1900.0   267.6159371768225 
  1901.0   267.21260697330706 
  1902.0   268.89958508221855 
  1903.0   268.74954971621105 
  1904.0   268.11445957190335 
  1905.0   269.0033902723183 
  1906.0   268.27683011952536 
  1907.0   268.8850959591215 
  1908.0   267.72282428938405 
  1909.0   268.05673821918884 
  1910.0   267.40162050021013 
  1911.0   268.40792000171956 
  1912.0   268.6110224080749 
  1913.0   268.72013447364196 
  1914.0   268.66651463805846 
  1915.0   268.60488537699575 
  1916.0   267.38096791963005 
  1917.0   268.67974827282444 
  1918.0   267.6960837862064 
  1919.0   268.83777939062367 
  1920.0   269.28256465745073 
  1921.0   268.77183387305274 
  1922.0   269.1494774068926 
  1923.0   269.05027630720633 
  1924.0   268.2904007774611 
  1925.0   269.1671918883661 
  1926.0   268.3891233049572 
  1927.0   269.64709466764367 
  1928.0   269.0952484434466 
  1929.0   268.5659208695214 
  1930.0   268.64333074785236 
  1931.0   269.96789504367297 
  1932.0   269.4433665921974 
  1933.0   268.72018170006703 
  1934.0   268.0204369845798 
  1935.0   268.8785248838568 
  1936.0   268.56811842311424 
  1937.0   269.1932445430121 
  1938.0   269.6947928533543 
  1939.0   268.7728143490756 
  1940.0   268.6271755904473 
  1941.0   268.4725825885099 
  1942.0   269.17807286436454 
  1943.0   267.84609475493573 
  1944.0   268.72274486069927 
  1945.0   268.89164957217076 
  1946.0   268.3147190780728 
  1947.0   268.85611839674124 
  1948.0   269.6641760737674 
  1949.0   269.4165733445113 
  1950.0   268.3172561335935 
  1951.0   268.50943348339996 
  1952.0   269.41728459285673 
  1953.0   269.45663751848747 
  1954.0   269.23502246746773 
  1955.0   269.17172884136704 
  1956.0   268.4888404033416 
  1957.0   267.5150195690052 
  1958.0   268.2709942559751 
  1959.0   268.83972482966294 
  1960.0   268.21977015331856 
  1961.0   269.07992094811993 
  1962.0   269.8044119718971 
  1963.0   268.9917106142327 
  1964.0   268.56349845360614 
  1965.0   266.78908877023025 
  1966.0   268.43645742032425 
  1967.0   267.91200192697085 
  1968.0   268.792970639125 
  1969.0   268.9139335449147 
  1970.0   269.0294725683026 
  1971.0   268.27860104193616 
  1972.0   269.1106110936183 
  1973.0   269.44289986549467 
  1974.0   269.88149259505326 
  1975.0   268.4342945840427 
  1976.0   268.17591185566107 
  1977.0   268.91370553271975 
  1978.0   267.91983429163486 
  1979.0   268.03092974302933 
  1980.0   268.3346255330403 
  1981.0   269.17192167678996 
  1982.0   267.7605006419017 
  1983.0   268.3544302687136 
  1984.0   267.5324018536139 
  1985.0   267.9170103705525 
  1986.0   269.27228845064184 
  1987.0   269.8161491265371 
  1988.0   270.1307955255931 
  1989.0   269.9615082087864 
  1990.0   269.999420135191 
  1991.0   269.3904993090062 
  1992.0   268.4311689523323 
  1993.0   268.38664580956765 
  1994.0   268.67247674172546 
  1995.0   269.0718493267264 
  1996.0   268.21550085054207 
  1997.0   269.51327276553184 
  1998.0   269.5456939137791 
  1999.0   269.1360887035836 
  2000.0   269.85632103277584 
  2001.0   270.73858208304836 
  2002.0   271.28131000435934 
  2003.0   269.89045355502174 
  2004.0   270.6039006279837 
  2005.0   270.37435454660607 
  2006.0   269.8301976522394 
  2007.0   269.9624408384715 
  2008.0   270.6413412896462 
  2009.0   271.3119185935879 
  2010.0   270.95833305407325 
  2011.0   271.5936163793281 
  2012.0   270.2053366274377 
  2013.0   270.2032578193282 
  2014.0   270.9164898498665 
