  1850.0   478.20248176285236 
  1851.0   478.30957558735474 
  1852.0   478.37412322515047 
  1853.0   478.335341984074 
  1854.0   478.3018144339264 
  1855.0   478.30392472890304 
  1856.0   478.2784488266904 
  1857.0   478.3304723370686 
  1858.0   478.3942764241085 
  1859.0   478.23543017937436 
  1860.0   478.05724903370464 
  1861.0   477.83104323996577 
  1862.0   477.69908383364856 
  1863.0   477.7314112835314 
  1864.0   477.6160686756278 
  1865.0   477.5623246305445 
  1866.0   477.6046505796985 
  1867.0   477.6164412848578 
  1868.0   477.6184825849471 
  1869.0   477.61827238213056 
  1870.0   477.6740743632039 
  1871.0   477.87961607575363 
  1872.0   477.9085348247 
  1873.0   478.0042076718323 
  1874.0   478.23363583301057 
  1875.0   478.2813825045051 
  1876.0   478.0408979390896 
  1877.0   477.9990541768649 
  1878.0   478.0982605128779 
  1879.0   478.1831035727173 
  1880.0   478.06053459550526 
  1881.0   478.0475435929323 
  1882.0   478.09914654931913 
  1883.0   478.06197359108745 
  1884.0   478.0359009048641 
  1885.0   477.9710682774457 
  1886.0   477.8703905724901 
  1887.0   477.98798299614555 
  1888.0   478.1984611377339 
  1889.0   478.37597440174295 
  1890.0   478.4569182041654 
  1891.0   478.49222779382336 
  1892.0   478.5485056064985 
  1893.0   478.58700318580213 
  1894.0   478.76903298846605 
  1895.0   479.0740699665112 
  1896.0   479.2109412709953 
  1897.0   479.3860163498303 
  1898.0   479.5454375007228 
  1899.0   479.6225412153367 
  1900.0   479.80123152704573 
  1901.0   479.75460569411075 
  1902.0   479.6954449612339 
  1903.0   479.6179154092706 
  1904.0   479.4181706793868 
  1905.0   479.2856014729753 
  1906.0   479.35688201898506 
  1907.0   479.62130751897837 
  1908.0   479.73337851242786 
  1909.0   479.7851662428279 
  1910.0   479.8465930141543 
  1911.0   480.1407913060916 
  1912.0   480.40836149258007 
  1913.0   480.7059689507665 
  1914.0   480.9715738908672 
  1915.0   481.4303105725358 
  1916.0   481.8492695993508 
  1917.0   482.13758717040713 
  1918.0   482.4168809199415 
  1919.0   482.65448954043455 
  1920.0   482.904908685882 
  1921.0   483.1884605037262 
  1922.0   483.34119316648537 
  1923.0   483.5172270064651 
  1924.0   483.7854228640032 
  1925.0   484.03322486234623 
  1926.0   484.2752053926348 
  1927.0   484.5664136510552 
  1928.0   484.860515640698 
  1929.0   485.1835704368551 
  1930.0   485.3959258068252 
  1931.0   485.4471477729224 
  1932.0   485.7341553411168 
  1933.0   485.8204070719777 
  1934.0   485.7451326054738 
  1935.0   485.9795076657195 
  1936.0   486.1706906408603 
  1937.0   486.191553034383 
  1938.0   486.19204300416146 
  1939.0   486.31921968901236 
  1940.0   486.25236365349514 
  1941.0   486.52928210003006 
  1942.0   486.9417582024429 
  1943.0   487.32830279412434 
  1944.0   487.8000809051717 
  1945.0   488.4819562212353 
  1946.0   488.99183020848653 
  1947.0   489.51706453518835 
  1948.0   489.8519577136148 
  1949.0   490.06242529597995 
  1950.0   490.31547135912774 
  1951.0   490.6035303733059 
  1952.0   490.9618232340121 
  1953.0   491.16073085319135 
  1954.0   491.46427093798326 
  1955.0   491.7257847474645 
  1956.0   492.16879728932275 
  1957.0   492.5660157513442 
  1958.0   492.93385875209634 
  1959.0   493.1978991246889 
  1960.0   493.46929391055704 
  1961.0   493.93028291602735 
  1962.0   494.2492695328918 
  1963.0   494.64443070320647 
  1964.0   495.09778146925714 
  1965.0   495.37831364198354 
  1966.0   495.5250784058674 
  1967.0   495.8044830613564 
  1968.0   496.15665832154843 
  1969.0   496.38234453231945 
  1970.0   496.627475137138 
  1971.0   497.0480897421355 
  1972.0   497.4303615503959 
  1973.0   497.81303339203805 
  1974.0   498.3388665822484 
  1975.0   498.8147883882196 
  1976.0   499.08580322957897 
  1977.0   499.34330398522485 
  1978.0   499.7258272367092 
  1979.0   500.08884146704037 
  1980.0   500.5044255081715 
  1981.0   500.9118195503836 
  1982.0   501.16752659323913 
  1983.0   501.5515478127461 
  1984.0   502.08417213996665 
  1985.0   502.563873646994 
  1986.0   502.92249991535897 
  1987.0   503.35258614423213 
  1988.0   503.6510084498894 
  1989.0   503.8939286012093 
  1990.0   504.4302249156696 
  1991.0   504.98069675100794 
  1992.0   505.3420947217689 
  1993.0   505.78165106736844 
  1994.0   506.3721984039033 
  1995.0   506.8638071637852 
  1996.0   507.32438493925576 
  1997.0   507.93352933177175 
  1998.0   508.5502540695024 
  1999.0   509.1922783417397 
  2000.0   510.0959637720547 
  2001.0   510.87684839700455 
  2002.0   511.334650013269 
  2003.0   511.90185607580327 
  2004.0   512.4470303509385 
  2005.0   512.9663266669112 
  2006.0   513.6726070798992 
  2007.0   514.4744641457463 
  2008.0   515.1901890595674 
  2009.0   515.9027449434343 
  2010.0   516.7474026515162 
  2011.0   517.3991332578693 
  2012.0   518.0051331532587 
  2013.0   518.6029816182781 
  2014.0   519.3847750967984 
