  1850.0   42.134606020341984 
  1851.0   42.027265242206504 
  1852.0   41.95719296469691 
  1853.0   41.86076079468581 
  1854.0   41.777294508549716 
  1855.0   41.69912589569936 
  1856.0   41.59153539337947 
  1857.0   41.26198572733647 
  1858.0   40.820557874111266 
  1859.0   40.60625940155225 
  1860.0   40.67894120001258 
  1861.0   41.01535966875945 
  1862.0   41.40187250458604 
  1863.0   41.5029404036789 
  1864.0   41.450646642039246 
  1865.0   41.534056049224674 
  1866.0   41.82552835570412 
  1867.0   42.07274230378351 
  1868.0   42.1905874418659 
  1869.0   42.33803717287631 
  1870.0   42.16713694495011 
  1871.0   41.99070391319273 
  1872.0   42.01916482271418 
  1873.0   42.04563647993825 
  1874.0   41.810717416593334 
  1875.0   41.59020841397469 
  1876.0   41.55306907683101 
  1877.0   41.592102439201284 
  1878.0   41.73595033485975 
  1879.0   41.874593739649434 
  1880.0   41.7560799587036 
  1881.0   41.896032452714564 
  1882.0   42.15431565034919 
  1883.0   41.99869354936248 
  1884.0   41.910846330952765 
  1885.0   41.78579738610821 
  1886.0   41.585271615355815 
  1887.0   41.16572430655255 
  1888.0   40.948667674366654 
  1889.0   40.979972172724196 
  1890.0   40.87368842687707 
  1891.0   40.68338297950091 
  1892.0   40.65550670633271 
  1893.0   40.72478368689244 
  1894.0   40.61859736830415 
  1895.0   40.617356294242256 
  1896.0   40.49966161779476 
  1897.0   40.309281518161775 
  1898.0   40.45499724947497 
  1899.0   40.598632314898595 
  1900.0   40.3811696448304 
  1901.0   40.14258710717918 
  1902.0   40.0723880640115 
  1903.0   39.99535909569857 
  1904.0   39.79728948011986 
  1905.0   39.62974894718384 
  1906.0   39.61566108691012 
  1907.0   39.9032272387699 
  1908.0   39.9367865001325 
  1909.0   39.831276949662275 
  1910.0   39.8307200751636 
  1911.0   39.80481875156908 
  1912.0   39.77666634168715 
  1913.0   39.80450029928059 
  1914.0   40.11158630387299 
  1915.0   40.381633736089 
  1916.0   40.47803376166182 
  1917.0   40.28094359999358 
  1918.0   40.157872027845166 
  1919.0   39.90575859088099 
  1920.0   39.75786756161755 
  1921.0   39.81541857419078 
  1922.0   39.92983382351703 
  1923.0   40.22316387320779 
  1924.0   40.41736116029267 
  1925.0   40.31244948911134 
  1926.0   40.31981641065059 
  1927.0   40.67565117895619 
  1928.0   40.66550694893991 
  1929.0   40.68046575376867 
  1930.0   40.67676495727916 
  1931.0   40.610036963698754 
  1932.0   40.85677335135907 
  1933.0   41.08940866546594 
  1934.0   40.98667729871801 
  1935.0   40.933756848378664 
  1936.0   41.04574604552221 
  1937.0   41.05121561905021 
  1938.0   40.86627942597824 
  1939.0   40.631516468154295 
  1940.0   40.55896239752013 
  1941.0   40.505819253526845 
  1942.0   40.539771686823926 
  1943.0   40.5740874685475 
  1944.0   40.80516148409652 
  1945.0   40.84763843187901 
  1946.0   41.02651406881922 
  1947.0   41.38282535367352 
  1948.0   41.39372198337321 
  1949.0   41.34310809138355 
  1950.0   41.387591442263464 
  1951.0   41.349807374751705 
  1952.0   41.169553411122344 
  1953.0   40.9916179272213 
  1954.0   40.913028675736754 
  1955.0   40.97309671957289 
  1956.0   41.289511006005135 
  1957.0   41.394906984245324 
  1958.0   41.475400816989406 
  1959.0   41.45465186535566 
  1960.0   41.295336212786765 
  1961.0   41.42563383766955 
  1962.0   41.37269414037805 
  1963.0   41.2522555891212 
  1964.0   41.21231697436186 
  1965.0   41.12254177644539 
  1966.0   40.952950489434755 
  1967.0   41.08318004781536 
  1968.0   41.20781250400871 
  1969.0   41.157274562644375 
  1970.0   41.01286352915488 
  1971.0   40.94138693533557 
  1972.0   40.958295824440555 
  1973.0   40.754692385294376 
  1974.0   40.33921008869272 
  1975.0   40.19290931743506 
  1976.0   40.21842912706711 
  1977.0   40.429532027490296 
  1978.0   40.50556382561542 
  1979.0   40.46842780477446 
  1980.0   40.45525256751393 
  1981.0   40.491760179542474 
  1982.0   40.33913180919694 
  1983.0   40.520707669570896 
  1984.0   40.926684737882915 
  1985.0   41.34540319622105 
  1986.0   42.00297972844038 
  1987.0   42.325900829126624 
  1988.0   42.54670749710905 
  1989.0   42.76625672887907 
  1990.0   42.92695385017455 
  1991.0   43.1034241078367 
  1992.0   42.80588343221733 
  1993.0   42.59745085280863 
  1994.0   42.891457813388186 
  1995.0   43.40654618603854 
  1996.0   43.635051096876815 
  1997.0   43.7034970977512 
  1998.0   43.79748036448349 
  1999.0   43.94151813799868 
  2000.0   44.3494006796352 
  2001.0   44.67718912982967 
  2002.0   44.82915467116794 
  2003.0   45.01392474688898 
  2004.0   44.942345718130824 
  2005.0   45.34717978171195 
  2006.0   45.902242580412455 
  2007.0   46.12542197965597 
  2008.0   46.32230507182774 
  2009.0   46.562358930018924 
  2010.0   46.88310812404903 
  2011.0   47.12119579284896 
  2012.0   47.27013528796751 
  2013.0   47.723793383756934 
  2014.0   48.45324254985741 
