  1850.0   -0.1704798741796875 
  1851.0   -0.62702295834375 
  1852.0   -0.54327024084375 
  1853.0   0.53664915909375 
  1854.0   -0.8595599985 
  1855.0   0.8305184837812499 
  1856.0   -0.417483330609375 
  1857.0   -0.122373477 
  1858.0   0.65769658425 
  1859.0   -1.3238565193124998 
  1860.0   -0.917346762 
  1861.0   0.38450511295312495 
  1862.0   0.59335519865625 
  1863.0   -1.3134615884999998 
  1864.0   -1.0731325078125 
  1865.0   0.90665784421875 
  1866.0   -0.9601791173437499 
  1867.0   -0.65460242221875 
  1868.0   0.09937704237890624 
  1869.0   -0.6587066601562499 
  1870.0   0.5922611088749999 
  1871.0   -1.1067146521875 
  1872.0   1.0382151341249999 
  1873.0   -0.85071562875 
  1874.0   1.0131607676249998 
  1875.0   -0.5440003731562499 
  1876.0   -0.43249123293749997 
  1877.0   0.2980574533125 
  1878.0   0.23335252600781248 
  1879.0   0.9045000303749999 
  1880.0   -0.49358647392187494 
  1881.0   -0.1469482283671875 
  1882.0   -0.0701007091875 
  1883.0   -0.25919903432812497 
  1884.0   0.9197911099687499 
  1885.0   0.269946650953125 
  1886.0   0.2924658495 
  1887.0   0.06661084580859375 
  1888.0   0.8562598669687499 
  1889.0   1.9675346124375 
  1890.0   -0.40914535387499995 
  1891.0   0.68499462628125 
  1892.0   1.049031489375 
  1893.0   0.07021026137109375 
  1894.0   -0.352769426015625 
  1895.0   0.9056056997812499 
  1896.0   1.1220650465625 
  1897.0   0.14878549293749999 
  1898.0   0.5986617465937499 
  1899.0   0.47174603849999996 
  1900.0   0.5260799795625 
  1901.0   0.59730680728125 
  1902.0   1.8417246969374998 
  1903.0   -0.7306225987499999 
  1904.0   -0.07809455394140624 
  1905.0   1.3158710128125 
  1906.0   1.0900900063124999 
  1907.0   -0.53741279840625 
  1908.0   0.19342403880468748 
  1909.0   0.9712874269687499 
  1910.0   1.4171958112499998 
  1911.0   0.43080242470312496 
  1912.0   0.8729352045 
  1913.0   1.07741413575 
  1914.0   0.56094210365625 
  1915.0   1.4753595284999999 
  1916.0   0.6108133311562499 
  1917.0   1.0490274241875 
  1918.0   2.3672308691249997 
  1919.0   -0.16426946875781248 
  1920.0   0.87957002165625 
  1921.0   0.61650225309375 
  1922.0   0.7230596869687499 
  1923.0   1.1627652110625 
  1924.0   1.1992215661874999 
  1925.0   1.2577952514375 
  1926.0   1.3443972958125 
  1927.0   -0.32447180981249996 
  1928.0   0.38894201873437495 
  1929.0   1.7373698555625 
  1930.0   0.14085566718749998 
  1931.0   0.28011796565624997 
  1932.0   1.0704834838125 
  1933.0   0.23204347403906248 
  1934.0   0.8922790912499999 
  1935.0   0.268697837671875 
  1936.0   0.9286941169687499 
  1937.0   0.61782393178125 
  1938.0   0.9218123088749999 
  1939.0   1.0449304543125 
  1940.0   -0.18726943732031248 
  1941.0   1.3910333731875 
  1942.0   0.38139974085937495 
  1943.0   0.5422214224687499 
  1944.0   1.30529819925 
  1945.0   2.0301616591875 
  1946.0   0.32967481865625 
  1947.0   -1.03239224578125 
  1948.0   0.440156729109375 
  1949.0   1.2411319246874999 
  1950.0   1.1750351788125 
  1951.0   1.284926436 
  1952.0   -0.1341043300546875 
  1953.0   0.6683178720937499 
  1954.0   0.26755031531249995 
  1955.0   -0.18107840313281248 
  1956.0   2.0527058339999997 
  1957.0   -0.09819716790234374 
  1958.0   -0.10732288250390624 
  1959.0   -0.0039830214374999996 
  1960.0   0.1596742054453125 
  1961.0   0.43325527260937496 
  1962.0   0.9042997275 
  1963.0   2.7971310993749996 
  1964.0   1.7210297728125 
  1965.0   1.158984709875 
  1966.0   0.012588941570800781 
  1967.0   -0.19340505253124998 
  1968.0   1.4451084973125 
  1969.0   0.29415715228125 
  1970.0   2.295487947375 
  1971.0   0.76037798503125 
  1972.0   1.2606623173125 
  1973.0   1.5342270159374998 
  1974.0   1.6894733236875 
  1975.0   2.483406536625 
  1976.0   1.9972669010625 
  1977.0   1.3350692919374998 
  1978.0   2.1554107019999997 
  1979.0   1.5974324279999998 
  1980.0   1.9028422040625 
  1981.0   1.2054619985625 
  1982.0   1.6166170333124998 
  1983.0   2.4422752158749996 
  1984.0   1.1099052084374998 
  1985.0   1.9817567324999998 
  1986.0   1.4805345121875 
  1987.0   1.6987680669374998 
  1988.0   1.8418354424999999 
  1989.0   1.7206889129999998 
  1990.0   0.74965771603125 
  1991.0   2.3925195382499997 
  1992.0   1.9814793142499998 
  1993.0   2.9427759269999996 
  1994.0   2.4540962883749997 
  1995.0   1.71072797175 
  1996.0   2.3381913869999997 
  1997.0   1.1709162815624998 
  1998.0   1.8811405085625 
  1999.0   3.5582381696249996 
  2000.0   2.244387801375 
  2001.0   1.1099808455625 
  2002.0   3.2404109703749997 
  2003.0   2.25508269375 
  2004.0   1.17580251375 
  2005.0   2.683114416 
  2006.0   2.523297112875 
  2007.0   2.8795169283749997 
  2008.0   1.4261171731875 
  2009.0   2.0777606932499997 
  2010.0   1.4576578543124998 
  2011.0   1.215992682 
  2012.0   2.366615424375 
  2013.0   1.6335380683124998 
  2014.0   2.352460687875 
