  2015.0   43.864987373999995 
  2016.0   45.044213021999994 
  2017.0   45.177007176 
  2018.0   44.681675166 
  2019.0   45.071345808 
  2020.0   45.143847072 
  2021.0   44.754440544 
  2022.0   45.299496942 
  2023.0   45.624171888 
  2024.0   45.357838541999996 
  2025.0   45.706185198 
  2026.0   45.76159395 
  2027.0   45.839700738 
  2028.0   46.794204791999995 
  2029.0   45.070967376 
  2030.0   46.182043728 
  2031.0   45.777141197999995 
  2032.0   46.018675421999994 
  2033.0   46.005958529999994 
  2034.0   46.844678159999994 
  2035.0   47.069809721999995 
  2036.0   47.209522086 
  2037.0   47.124780912 
  2038.0   47.05816111199999 
  2039.0   46.912326822 
  2040.0   47.306223288 
  2041.0   46.94532924599999 
  2042.0   47.151085877999996 
  2043.0   48.51881796599999 
  2044.0   47.758721525999995 
  2045.0   47.474180082 
  2046.0   48.050504423999996 
  2047.0   47.712134969999994 
  2048.0   48.049609589999996 
  2049.0   47.59441108199999 
  2050.0   48.55416193799999 
  2051.0   47.936032686 
  2052.0   48.550728455999995 
  2053.0   48.9963006 
  2054.0   48.304838321999995 
  2055.0   49.824167904 
  2056.0   49.584037032 
  2057.0   49.192024841999995 
  2058.0   49.28767353 
  2059.0   49.43191131 
  2060.0   49.665774402 
  2061.0   48.482378118 
  2062.0   50.47863056999999 
  2063.0   51.256521197999994 
  2064.0   50.088928392 
  2065.0   50.69757319199999 
  2066.0   50.274111725999994 
  2067.0   50.345383086 
  2068.0   50.958186696 
  2069.0   51.782411591999995 
  2070.0   50.92819596 
  2071.0   50.272692606 
  2072.0   50.97575619 
  2073.0   51.955051481999995 
  2074.0   52.423380791999996 
  2075.0   51.52345767 
  2076.0   50.724359082 
  2077.0   52.048800125999996 
  2078.0   52.35324472799999 
  2079.0   53.406815183999996 
  2080.0   52.93042054199999 
  2081.0   54.03321080999999 
  2082.0   52.534150991999994 
  2083.0   52.737207354 
  2084.0   53.637788789999995 
  2085.0   53.154984455999994 
  2086.0   53.416240505999994 
  2087.0   55.404167453999996 
  2088.0   52.948664117999996 
  2089.0   53.532363941999996 
  2090.0   52.869173688 
  2091.0   52.12455748199999 
  2092.0   55.30345723799999 
  2093.0   54.189731861999995 
  2094.0   54.562676597999996 
  2095.0   54.393020801999995 
  2096.0   54.72835885799999 
  2097.0   54.620383536 
  2098.0   53.45306667 
  2099.0   53.012674313999995 
  2100.0   54.431510489999994 
