  2015.0   2.9686506022699177 
  2016.0   2.9689875547774136 
  2017.0   2.9710815637372434 
  2018.0   2.991411869879812 
  2019.0   2.9661200009286404 
  2020.0   2.9815968708135188 
  2021.0   2.998761017806828 
  2022.0   2.982749801594764 
  2023.0   2.9697812162339687 
  2024.0   2.967027446720749 
  2025.0   2.9891157522797585 
  2026.0   2.9917089035734534 
  2027.0   3.0001745210029185 
  2028.0   2.9777143732644618 
  2029.0   2.9630978009663522 
  2030.0   2.978123934008181 
  2031.0   3.0002392712049186 
  2032.0   2.9905418283306062 
  2033.0   2.9680207022465765 
  2034.0   3.004666173364967 
  2035.0   2.9703573673032224 
  2036.0   3.0093552195467055 
  2037.0   2.992919983807951 
  2038.0   2.9756131349131465 
  2039.0   2.9775760718621314 
  2040.0   3.0165880685672164 
  2041.0   2.969891857355833 
  2042.0   2.994944842066616 
  2043.0   3.001438407227397 
  2044.0   2.999303536489606 
  2045.0   2.983511716593057 
  2046.0   3.0226896749809384 
  2047.0   2.985571778845042 
  2048.0   3.008759894873947 
  2049.0   3.0028751702047884 
  2050.0   3.0171566759236157 
  2051.0   2.9740066383965313 
  2052.0   3.009557642508298 
  2053.0   2.977102075237781 
  2054.0   3.015925793442875 
  2055.0   3.0020343605428934 
  2056.0   2.991593861952424 
  2057.0   2.989389526192099 
  2058.0   3.0141995404846966 
  2059.0   2.998733043204993 
  2060.0   3.017183078918606 
  2061.0   3.009231376927346 
  2062.0   2.994560427032411 
  2063.0   3.021919901948422 
  2064.0   2.97406887402758 
  2065.0   3.0129843740724027 
  2066.0   3.029115661047399 
  2067.0   2.9805841273628175 
  2068.0   3.000143717508763 
  2069.0   3.0288233421742916 
  2070.0   3.0174716259352863 
  2071.0   3.0206091818399727 
  2072.0   3.0086869723163545 
  2073.0   3.0171019840054214 
  2074.0   2.9995754244737327 
  2075.0   3.0064549762755632 
  2076.0   3.031703783199191 
  2077.0   3.027018823195249 
  2078.0   3.0163450981490314 
  2079.0   3.0328475986607373 
  2080.0   3.012870589736849 
  2081.0   3.027163411024958 
  2082.0   3.023355721961707 
  2083.0   3.022083349060267 
  2084.0   3.0104446574114263 
  2085.0   3.0160037451423705 
  2086.0   3.0490675242617726 
  2087.0   3.015949996188283 
  2088.0   3.013627475593239 
  2089.0   3.034478926565498 
  2090.0   3.028526937123388 
  2091.0   3.0411481973715127 
  2092.0   3.015719912946224 
  2093.0   3.031330683734268 
  2094.0   3.027149580884725 
  2095.0   3.0127527192234993 
  2096.0   3.0186629039235413 
  2097.0   3.0442467774264514 
  2098.0   3.051308635622263 
  2099.0   3.0212796293199062 
  2100.0   3.0431145918555558 
