  1850.0   0.0 
  1851.0   0.064413569024 
  1852.0   0.122685063168 
  1853.0   0.1747218432 
  1854.0   0.220929114112 
  1855.0   0.261029871616 
  1856.0   0.295575846912 
  1857.0   0.324478992384 
  1858.0   0.34796368691199997 
  1859.0   0.366044741632 
  1860.0   0.374661021696 
  1861.0   0.35411984384 
  1862.0   0.335379202048 
  1863.0   0.318744100864 
  1864.0   0.30401360691199997 
  1865.0   0.291264495616 
  1866.0   0.28074092134399997 
  1867.0   0.27219086540799997 
  1868.0   0.26570203136 
  1869.0   0.26124754944 
  1870.0   0.261643321344 
  1871.0   0.324155736064 
  1872.0   0.380151791616 
  1873.0   0.430058405888 
  1874.0   0.4751335424 
  1875.0   0.513030455296 
  1876.0   0.5440380928 
  1877.0   0.5706565550079999 
  1878.0   0.59127037952 
  1879.0   0.60590030848 
  1880.0   0.611431612416 
  1881.0   0.602857340928 
  1882.0   0.594754011136 
  1883.0   0.586498506752 
  1884.0   0.57882509312 
  1885.0   0.571686846464 
  1886.0   0.56491671552 
  1887.0   0.558583709696 
  1888.0   0.553297248256 
  1889.0   0.548889034752 
  1890.0   0.5462898769919999 
  1891.0   0.568628084736 
  1892.0   0.588454035456 
  1893.0   0.605757243392 
  1894.0   0.620661702656 
  1895.0   0.632171855872 
  1896.0   0.641277558784 
  1897.0   0.647280656384 
  1898.0   0.651305549824 
  1899.0   0.653587054592 
  1900.0   0.6519799808 
  1901.0   0.64289931264 
  1902.0   0.6345930833919999 
  1903.0   0.627116408832 
  1904.0   0.619616600064 
  1905.0   0.612869668864 
  1906.0   0.606843895808 
  1907.0   0.601366593536 
  1908.0   0.597093842944 
  1909.0   0.593111482368 
  1910.0   0.590122909696 
  1911.0   0.57950765056 
  1912.0   0.570618150912 
  1913.0   0.563126730752 
  1914.0   0.556194922496 
  1915.0   0.549601804288 
  1916.0   0.543327944704 
  1917.0   0.537917816832 
  1918.0   0.534188818432 
  1919.0   0.532928626688 
  1920.0   0.53420244992 
  1921.0   0.551579090944 
  1922.0   0.566582116352 
  1923.0   0.5785364725759999 
  1924.0   0.589002571776 
  1925.0   0.596121223168 
  1926.0   0.6010175488 
  1927.0   0.6046278615039999 
  1928.0   0.606688444416 
  1929.0   0.607774769152 
  1930.0   0.608601833472 
  1931.0   0.628162101248 
  1932.0   0.647124287488 
  1933.0   0.6653493248 
  1934.0   0.680639135744 
  1935.0   0.69401935872 
  1936.0   0.704885293056 
  1937.0   0.714052927488 
  1938.0   0.722028986368 
  1939.0   0.728429559808 
  1940.0   0.732711288832 
  1941.0   0.730945093632 
  1942.0   0.7277667287039999 
  1943.0   0.724839235584 
  1944.0   0.723794919424 
  1945.0   0.723840335872 
  1946.0   0.725846458368 
  1947.0   0.730567999488 
  1948.0   0.736073285632 
  1949.0   0.741785796608 
  1950.0   0.751240282112 
  1951.0   0.80297951232 
  1952.0   0.852761051136 
  1953.0   0.894098669568 
  1954.0   0.9274704527359999 
  1955.0   0.954196557824 
  1956.0   0.975631024128 
  1957.0   0.992019808256 
  1958.0   1.001495134208 
  1959.0   1.004240044032 
  1960.0   0.999076593664 
  1961.0   0.9482116136959999 
  1962.0   0.89911492608 
  1963.0   0.8530359091199999 
  1964.0   0.80997023744 
  1965.0   0.770965438464 
  1966.0   0.735302189056 
  1967.0   0.704679706624 
  1968.0   0.6783374458879999 
  1969.0   0.657293115392 
  1970.0   0.6487523328 
  1971.0   0.648962506752 
  1972.0   0.6514478284799999 
  1973.0   0.653026852864 
  1974.0   0.654442037248 
  1975.0   0.65515651072 
  1976.0   0.65507229696 
  1977.0   0.65388314624 
  1978.0   0.6516523008 
  1979.0   0.6480252764159999 
  1980.0   0.6434586623999999 
  1981.0   0.69067276288 
  1982.0   0.73136340992 
  1983.0   0.766901157888 
  1984.0   0.796207284224 
  1985.0   0.819203866624 
  1986.0   0.837896044544 
  1987.0   0.850554191872 
  1988.0   0.858093584384 
  1989.0   0.860195127296 
  1990.0   0.855385309184 
  1991.0   0.806355402752 
  1992.0   0.760577851392 
  1993.0   0.717484392448 
  1994.0   0.677803261952 
  1995.0   0.641447428096 
  1996.0   0.609137655808 
  1997.0   0.581074092032 
  1998.0   0.556753616896 
  1999.0   0.537595609088 
  2000.0   0.5301474754559999 
  2001.0   0.57800556544 
  2002.0   0.560682041344 
  2003.0   0.579827859456 
  2004.0   0.6693014077439999 
  2005.0   0.686359707648 
  2006.0   0.671740919808 
  2007.0   0.680780562432 
  2008.0   0.684126175232 
  2009.0   0.68562419712 
  2010.0   0.801592377344 
  2011.0   0.836735270912 
  2012.0   0.835997335552 
  2013.0   0.8398516387839999 
  2014.0   0.866838708224 
