  1850.0   3.3958518546915473 
  1851.0   3.163438612923183 
  1852.0   3.005497013447537 
  1853.0   3.0405788996089496 
  1854.0   3.0486813193086775 
  1855.0   3.2365962307934706 
  1856.0   3.0994407356324967 
  1857.0   3.1336125236455823 
  1858.0   3.121303457137496 
  1859.0   3.065408373069846 
  1860.0   3.0695422011673417 
  1861.0   2.984375610839198 
  1862.0   3.041518750404533 
  1863.0   2.9836652504663834 
  1864.0   2.9074861064531587 
  1865.0   2.86564763593991 
  1866.0   3.010669163525885 
  1867.0   3.027250214350716 
  1868.0   3.035920398977969 
  1869.0   3.0630666235371984 
  1870.0   3.025678729926561 
  1871.0   2.9967089810650203 
  1872.0   2.9497334126762635 
  1873.0   3.055621220982515 
  1874.0   3.0332856161408857 
  1875.0   3.087892512124386 
  1876.0   2.825596166595178 
  1877.0   2.9385077490551863 
  1878.0   2.985679954526123 
  1879.0   3.0750188443811783 
  1880.0   3.0603255906737785 
  1881.0   2.9983409613978056 
  1882.0   3.0496001765330094 
  1883.0   3.0626854729765944 
  1884.0   3.069090332740109 
  1885.0   2.913606695020124 
  1886.0   3.0564270864747973 
  1887.0   3.0993604842159628 
  1888.0   3.001351197813183 
  1889.0   2.9699592615645867 
  1890.0   3.0753583382046745 
  1891.0   3.0413290946986056 
  1892.0   2.9645427830717312 
  1893.0   3.021372159387294 
  1894.0   2.9983531154813985 
  1895.0   3.1485840963066836 
  1896.0   3.0918817009122814 
  1897.0   3.0463173148454663 
  1898.0   3.0988766800916343 
  1899.0   3.115001263574175 
  1900.0   3.0193864458529283 
  1901.0   2.924267548793212 
  1902.0   2.909543997414039 
  1903.0   3.011587701477274 
  1904.0   3.1046084721937772 
  1905.0   3.1641221889942974 
  1906.0   2.966487196517698 
  1907.0   3.0199806166045597 
  1908.0   2.8999999097080744 
  1909.0   3.0726751087052593 
  1910.0   3.0605259929854842 
  1911.0   3.0489265823787552 
  1912.0   3.1339547003861368 
  1913.0   2.994095065256427 
  1914.0   3.0711284404359014 
  1915.0   3.0968395763755003 
  1916.0   3.0198926121274092 
  1917.0   2.821334697699887 
  1918.0   2.981067984572187 
  1919.0   3.1369075778179796 
  1920.0   3.1071526399223326 
  1921.0   2.9694817189037064 
  1922.0   2.8974912335431515 
  1923.0   3.0132395847655493 
  1924.0   3.0247669343830488 
  1925.0   3.094133704890736 
  1926.0   2.972718400276889 
  1927.0   2.9253158642685264 
  1928.0   2.859860495166136 
  1929.0   2.963400185998426 
  1930.0   2.8000822071824163 
  1931.0   3.005408775077498 
  1932.0   2.9980547245264457 
  1933.0   2.976471354400034 
  1934.0   2.997571823366753 
  1935.0   2.936946775076249 
  1936.0   2.9271891350493005 
  1937.0   2.9892874938513256 
  1938.0   2.898019731001283 
  1939.0   2.8324630499146317 
  1940.0   2.878648088342542 
  1941.0   2.649007974543642 
  1942.0   2.908482202278927 
  1943.0   2.956192803629551 
  1944.0   2.9805664156764466 
  1945.0   2.8595452237148744 
  1946.0   2.9011471737061103 
  1947.0   2.798211236655948 
  1948.0   2.905127923008334 
  1949.0   2.7852213714028022 
  1950.0   2.589437771473036 
  1951.0   2.7663681864790277 
  1952.0   2.7325939646495896 
  1953.0   2.6753303509735957 
  1954.0   2.773483408840488 
  1955.0   2.8576978661509456 
  1956.0   2.7698478896252565 
  1957.0   2.734143798989208 
  1958.0   2.696907742165244 
  1959.0   2.8163866441814025 
  1960.0   2.7141110160355586 
  1961.0   2.6470317051643435 
  1962.0   2.7471743044817183 
  1963.0   2.858236745816684 
  1964.0   2.890470032535832 
  1965.0   2.862734162144453 
  1966.0   2.6961577799799095 
  1967.0   2.7758710065589227 
  1968.0   2.773037245044533 
  1969.0   2.664968387494852 
  1970.0   2.7700430652840797 
  1971.0   2.8196761479548074 
  1972.0   2.847871542977749 
  1973.0   2.972167592663022 
  1974.0   2.8324446895276996 
  1975.0   2.779170010731254 
  1976.0   2.8028881742696643 
  1977.0   2.8232761436752734 
  1978.0   2.8494982350316502 
  1979.0   2.814321134950436 
  1980.0   2.7688995824999316 
  1981.0   2.8107074759016397 
  1982.0   2.8400984288573516 
  1983.0   2.885254874310766 
  1984.0   2.852179919490063 
  1985.0   2.774056264746893 
  1986.0   2.7233144898972648 
  1987.0   2.9268930207729444 
  1988.0   2.9067040476450923 
  1989.0   2.9547657391035873 
  1990.0   2.9147355331550653 
  1991.0   2.7634384100641345 
  1992.0   3.009357827234268 
  1993.0   2.978566223914587 
  1994.0   3.055306903542571 
  1995.0   3.074700821213037 
  1996.0   2.9898142146182405 
  1997.0   3.0596077418666754 
  1998.0   3.039255858685255 
  1999.0   3.2017383891139795 
  2000.0   3.193426260647876 
  2001.0   3.1966470027581346 
  2002.0   3.1332398122356735 
  2003.0   3.2286367605099238 
  2004.0   2.939241540039124 
  2005.0   2.9339640711465482 
  2006.0   3.115527466342856 
  2007.0   3.2512394517473853 
  2008.0   3.1253468270982454 
  2009.0   3.1779458098293665 
  2010.0   3.059651601986438 
  2011.0   3.115600572695315 
  2012.0   3.194273798381804 
  2013.0   3.277227561488396 
  2014.0   3.2762629123932228 
