  1850.0   0.6771572255819188 
  1851.0   0.6625687254243406 
  1852.0   0.8771246839404275 
  1853.0   0.9922760025227301 
  1854.0   0.9581744178180857 
  1855.0   0.7798897268689257 
  1856.0   0.8902279258542768 
  1857.0   0.9969266297289423 
  1858.0   1.1486080696716447 
  1859.0   0.9216111726281887 
  1860.0   0.8086710629201551 
  1861.0   0.7697586189878631 
  1862.0   0.8340769124074441 
  1863.0   0.9728433319885943 
  1864.0   0.9542384449389689 
  1865.0   0.9900905340734015 
  1866.0   0.8333144675660943 
  1867.0   0.8230514570878544 
  1868.0   0.7827051668567347 
  1869.0   1.124814204390785 
  1870.0   1.1917721701578192 
  1871.0   0.7380457869254493 
  1872.0   0.7382350929608167 
  1873.0   0.832929337017854 
  1874.0   0.9235671888521104 
  1875.0   1.2373590267167562 
  1876.0   1.04142340315701 
  1877.0   0.660735434095785 
  1878.0   0.7532643082294694 
  1879.0   0.8396548294375327 
  1880.0   0.9160907085706773 
  1881.0   1.0175634672838119 
  1882.0   0.9488888032162895 
  1883.0   0.9699896469597432 
  1884.0   0.9207533171488211 
  1885.0   0.9942939518585424 
  1886.0   0.8238784968411332 
  1887.0   0.7137104861214325 
  1888.0   0.9134485154225412 
  1889.0   0.8999594642030472 
  1890.0   0.8744518456403135 
  1891.0   0.8851676291719239 
  1892.0   0.9562274593060573 
  1893.0   0.8493600516498594 
  1894.0   1.005265408229227 
  1895.0   1.017741861521173 
  1896.0   0.8563785641862183 
  1897.0   0.7774975775994367 
  1898.0   0.7895546373342482 
  1899.0   0.887929273846681 
  1900.0   1.0793694061833423 
  1901.0   0.9058622946042268 
  1902.0   0.830449562461632 
  1903.0   0.8406616343701304 
  1904.0   1.1228992318476068 
  1905.0   1.1404001042223433 
  1906.0   0.7882512879844567 
  1907.0   0.9043966163293179 
  1908.0   0.9336608846097344 
  1909.0   1.0747945745565917 
  1910.0   0.9771862659918601 
  1911.0   1.0685474717870576 
  1912.0   0.9429655711059018 
  1913.0   0.7623014645939951 
  1914.0   0.903153045521737 
  1915.0   1.2744929038601942 
  1916.0   1.1111656472416067 
  1917.0   0.83577025425593 
  1918.0   1.0675659918020024 
  1919.0   1.162803952467754 
  1920.0   0.7651267304598103 
  1921.0   0.7066332988395132 
  1922.0   0.9393623000833823 
  1923.0   1.1716536194448068 
  1924.0   1.0549719444964507 
  1925.0   1.2189656047183774 
  1926.0   1.2062990859920568 
  1927.0   0.9501784871150034 
  1928.0   0.8554569581315503 
  1929.0   0.9578712708876258 
  1930.0   1.1218868891687048 
  1931.0   0.9736497488835008 
  1932.0   0.7928279377672929 
  1933.0   1.0009898156423813 
  1934.0   1.2954484293320498 
  1935.0   1.0354769774470487 
  1936.0   0.8894324231968435 
  1937.0   1.0079779176832921 
  1938.0   1.1007097853837766 
  1939.0   0.9370316765333752 
  1940.0   0.8155465395431781 
  1941.0   0.8150521184302036 
  1942.0   1.2055555703090128 
  1943.0   1.5270910405972709 
  1944.0   1.197136581561755 
  1945.0   0.8476778748515262 
  1946.0   0.9487088771401181 
  1947.0   0.927006292648847 
  1948.0   1.1921343619465845 
  1949.0   1.258696756418032 
  1950.0   1.1602943368965402 
  1951.0   1.1414712517611576 
  1952.0   1.094661348093143 
  1953.0   0.906646975465804 
  1954.0   0.9665015606891949 
  1955.0   1.1221170094104196 
  1956.0   1.169036607335468 
  1957.0   1.0363443514088455 
  1958.0   0.7928465361264087 
  1959.0   0.9072177406829213 
  1960.0   1.222435999626858 
  1961.0   0.9830370120668968 
  1962.0   0.894560935488843 
  1963.0   0.9401466188940892 
  1964.0   1.2011405740896768 
  1965.0   1.2352878385409662 
  1966.0   1.0205251625021208 
  1967.0   0.8909980159350066 
  1968.0   0.8338366054203842 
  1969.0   1.1561150911484646 
  1970.0   1.5247827711761222 
  1971.0   1.4480080164528055 
  1972.0   1.2514789515333598 
  1973.0   1.1079079507148322 
  1974.0   0.9617675018303806 
  1975.0   1.174497490595103 
  1976.0   1.4705669371440218 
  1977.0   1.2404979928577053 
  1978.0   1.2243904306160243 
  1979.0   1.2586200767487348 
  1980.0   1.0735940518876996 
  1981.0   0.9661713356285928 
  1982.0   1.0660513613782714 
  1983.0   1.0998331753672044 
  1984.0   1.0592231984434288 
  1985.0   1.1314360220786746 
  1986.0   1.275777368587067 
  1987.0   1.3021431289630812 
  1988.0   1.0757781839128588 
  1989.0   1.0100665588914477 
  1990.0   0.9069421264932482 
  1991.0   1.2119524605909597 
  1992.0   1.2711789377650642 
  1993.0   1.2598918042354728 
  1994.0   1.526271703647817 
  1995.0   1.644151191745908 
  1996.0   1.5985338277735974 
  1997.0   1.2004212585221181 
  1998.0   1.1743875884588828 
  1999.0   1.1853601120196908 
  2000.0   1.2244365110928253 
  2001.0   1.2013862923041598 
  2002.0   1.1710978475628973 
  2003.0   1.27444197062888 
  2004.0   1.4647827390366532 
  2005.0   1.8297547304561022 
  2006.0   1.5466628664319662 
  2007.0   1.1102470192777414 
  2008.0   1.324491485937714 
  2009.0   1.4550349608901336 
  2010.0   1.2070908781440817 
  2011.0   1.091382065335791 
  2012.0   1.0043741448191748 
  2013.0   1.2185150290443545 
  2014.0   1.2592974690744685 
