  1850.0   1.0204043851247178 
  1851.0   0.9914689767163452 
  1852.0   1.2342655778917688 
  1853.0   0.9551865641784469 
  1854.0   0.8748871929903076 
  1855.0   1.0643747212737542 
  1856.0   1.1398874649503639 
  1857.0   0.9993425668416054 
  1858.0   0.95333484842117 
  1859.0   1.0663822297570136 
  1860.0   1.1590247257208637 
  1861.0   1.0316443777228874 
  1862.0   1.0265011407917217 
  1863.0   1.1670337826490653 
  1864.0   1.2003373642963246 
  1865.0   1.1021285839853543 
  1866.0   1.327151364784593 
  1867.0   1.002302292113721 
  1868.0   1.0150059047315565 
  1869.0   1.0513192554461632 
  1870.0   1.0398853392729017 
  1871.0   1.357385608145559 
  1872.0   0.8931469459208758 
  1873.0   0.9278809535566473 
  1874.0   1.1239463377192036 
  1875.0   1.063883456769739 
  1876.0   0.9933240661406305 
  1877.0   1.1769433932763977 
  1878.0   0.8764426505580952 
  1879.0   1.078431725439891 
  1880.0   1.1003824667631403 
  1881.0   1.0031473803847442 
  1882.0   0.9334366211676077 
  1883.0   1.2092189287796509 
  1884.0   1.003746260581945 
  1885.0   0.9558828875040398 
  1886.0   0.9942709304487211 
  1887.0   1.1969730355138328 
  1888.0   1.1613262728340887 
  1889.0   0.9918727084214376 
  1890.0   0.9899083616575675 
  1891.0   1.0820679307355987 
  1892.0   1.0746152433972986 
  1893.0   0.8389465383465414 
  1894.0   0.9020353269820583 
  1895.0   1.019019087620495 
  1896.0   1.3948221160303944 
  1897.0   1.194507662531544 
  1898.0   0.9712784549990614 
  1899.0   1.0348115951438717 
  1900.0   1.0487635259223405 
  1901.0   1.0472045410748811 
  1902.0   1.1833801214489306 
  1903.0   1.1823748317910843 
  1904.0   1.110640828109839 
  1905.0   1.207176394012449 
  1906.0   1.1072348179147238 
  1907.0   1.1823613338076122 
  1908.0   1.0381244342411893 
  1909.0   1.1167755481718291 
  1910.0   1.1609131199480067 
  1911.0   1.238741726064735 
  1912.0   1.3079635144857666 
  1913.0   1.1063509881274558 
  1914.0   0.9327177524072026 
  1915.0   1.2560789435104884 
  1916.0   1.0870606413261406 
  1917.0   1.2907134623678949 
  1918.0   1.0902045826741449 
  1919.0   0.9519857596103202 
  1920.0   1.0370855397558574 
  1921.0   1.1278069608047865 
  1922.0   1.1420444594802919 
  1923.0   1.234993118198571 
  1924.0   1.0865564112526171 
  1925.0   1.2929264482540521 
  1926.0   0.967958561363586 
  1927.0   1.1081827810410965 
  1928.0   1.1150707089079714 
  1929.0   1.1818700213875313 
  1930.0   1.0969588481462453 
  1931.0   1.191117755005508 
  1932.0   1.1379756800483087 
  1933.0   1.2048444362743929 
  1934.0   1.249442994894827 
  1935.0   1.0016429276042034 
  1936.0   1.1116705158910258 
  1937.0   1.2989402858470067 
  1938.0   1.313948011468043 
  1939.0   1.032083751133351 
  1940.0   1.2317093931282037 
  1941.0   1.07708885634821 
  1942.0   1.4000166009327484 
  1943.0   1.1144805803454871 
  1944.0   0.9076833429014995 
  1945.0   1.3448413891411914 
  1946.0   1.2776285457435528 
  1947.0   0.9242589668935818 
  1948.0   0.8925600868000828 
  1949.0   1.3050586580385939 
  1950.0   1.1568193749687863 
  1951.0   0.9390986350015021 
  1952.0   1.0625759048529941 
  1953.0   1.239263725058054 
  1954.0   1.3095786017758568 
  1955.0   1.1355813073969874 
  1956.0   1.1083292154677047 
  1957.0   1.2458668306509435 
  1958.0   1.2901801588981574 
  1959.0   1.3108420448199691 
  1960.0   1.0220026814068275 
  1961.0   1.1670438671854941 
  1962.0   1.382057033622694 
  1963.0   1.0835038182329164 
  1964.0   1.2056834256463242 
  1965.0   1.236815127470187 
  1966.0   1.3551816919002917 
  1967.0   1.269974010243879 
  1968.0   1.2328459260966305 
  1969.0   1.1546739276130746 
  1970.0   1.2331668855463285 
  1971.0   0.9913187957682319 
  1972.0   1.4922069870231143 
  1973.0   1.4864192312284876 
  1974.0   1.2093292646418667 
  1975.0   1.2339237851432048 
  1976.0   1.3126097136892916 
  1977.0   1.3499562600287183 
  1978.0   1.3855468869423468 
  1979.0   1.1884446876607673 
  1980.0   1.3699878837579862 
  1981.0   1.3353512239577787 
  1982.0   1.263035549582299 
  1983.0   1.2829159305125615 
  1984.0   1.3898972593627288 
  1985.0   1.4543856377274345 
  1986.0   1.4147884591538973 
  1987.0   1.1755499144916604 
  1988.0   1.2493139316290627 
  1989.0   1.1408681863499344 
  1990.0   1.4306425806802516 
  1991.0   1.0680871351619932 
  1992.0   1.3706793793986694 
  1993.0   1.448645468187289 
  1994.0   1.553645685821899 
  1995.0   1.2716468440823363 
  1996.0   1.3461516503483149 
  1997.0   1.4068829105134677 
  1998.0   1.4383766020069995 
  1999.0   1.7490661544396482 
  2000.0   1.4000053187652166 
  2001.0   1.1135031655768706 
  2002.0   1.336598232131454 
  2003.0   1.8691593737763947 
  2004.0   1.5150986725673383 
  2005.0   1.387721999120342 
  2006.0   1.4758581724720363 
  2007.0   1.3714125626179163 
  2008.0   1.4470154616976825 
  2009.0   1.6638479574962217 
  2010.0   1.4830748831701295 
  2011.0   1.3730002329172375 
  2012.0   1.4520612804785356 
  2013.0   1.6995846393242817 
  2014.0   1.516915407985354 
