  1850.0   3.546410612272791e-10 
  1851.0   3.374441325509735e-10 
  1852.0   4.348189618194557e-10 
  1853.0   3.336953301947925e-10 
  1854.0   4.028133526758214e-10 
  1855.0   2.626093657415919e-10 
  1856.0   2.704480295219367e-10 
  1857.0   3.0028043634838473e-10 
  1858.0   5.359708563609109e-10 
  1859.0   2.6821335950082584e-10 
  1860.0   2.767624542903175e-10 
  1861.0   3.6982563849395125e-10 
  1862.0   4.940476036268964e-10 
  1863.0   3.4963039105784524e-10 
  1864.0   2.73103214185883e-10 
  1865.0   3.3240504381169683e-10 
  1866.0   3.1591526036982497e-10 
  1867.0   3.462491900129814e-10 
  1868.0   2.5106107344940304e-10 
  1869.0   3.2655646464415246e-10 
  1870.0   3.6542566117500944e-10 
  1871.0   3.3346970200031385e-10 
  1872.0   2.4980949670569994e-10 
  1873.0   4.47641011479258e-10 
  1874.0   2.5342211572302555e-10 
  1875.0   2.787198956747405e-10 
  1876.0   4.940937332378138e-10 
  1877.0   3.7116294455203204e-10 
  1878.0   3.8348813561339687e-10 
  1879.0   3.1324593728591736e-10 
  1880.0   4.0841194361027476e-10 
  1881.0   4.265761233070796e-10 
  1882.0   2.651760672457948e-10 
  1883.0   3.96138535414714e-10 
  1884.0   3.847337054017047e-10 
  1885.0   2.975641608405713e-10 
  1886.0   2.6661601399297433e-10 
  1887.0   3.7122330152641965e-10 
  1888.0   2.9254412288644484e-10 
  1889.0   2.3060825326431e-10 
  1890.0   3.7104946911957976e-10 
  1891.0   5.138417158120438e-10 
  1892.0   2.565192901099515e-10 
  1893.0   4.1516893961512693e-10 
  1894.0   2.9608674282915685e-10 
  1895.0   2.406423122373831e-10 
  1896.0   2.2130274526737295e-10 
  1897.0   2.276130649234776e-10 
  1898.0   5.041273833707145e-10 
  1899.0   3.518397391852491e-10 
  1900.0   2.0220536440104464e-10 
  1901.0   3.7799087735759986e-10 
  1902.0   2.5334677606345764e-10 
  1903.0   4.507878280378827e-10 
  1904.0   3.783525351019101e-10 
  1905.0   2.0074456077276776e-10 
  1906.0   6.166918934264947e-10 
  1907.0   3.455859962346578e-10 
  1908.0   2.8237870711840395e-10 
  1909.0   3.3734815086063946e-10 
  1910.0   2.853861733313277e-10 
  1911.0   2.7515687348312156e-10 
  1912.0   3.819212204120298e-10 
  1913.0   3.2989086212998133e-10 
  1914.0   4.663720811200086e-10 
  1915.0   2.528815233222912e-10 
  1916.0   2.995135843840629e-10 
  1917.0   2.8584917342066576e-10 
  1918.0   3.697657971921893e-10 
  1919.0   3.0065938939639374e-10 
  1920.0   2.5642717695901706e-10 
  1921.0   3.023258983092531e-10 
  1922.0   4.5972423158732776e-10 
  1923.0   3.941097571377621e-10 
  1924.0   2.892158737003634e-10 
  1925.0   3.2332573830070225e-10 
  1926.0   2.7228832817799264e-10 
  1927.0   2.7826078407099486e-10 
  1928.0   2.934899896280546e-10 
  1929.0   2.7289503068370737e-10 
  1930.0   3.327183674324138e-10 
  1931.0   2.573618898650166e-10 
  1932.0   4.210992724685442e-10 
  1933.0   2.9208078123540577e-10 
  1934.0   2.976838682940901e-10 
  1935.0   3.6440305039627234e-10 
  1936.0   3.332491539342182e-10 
  1937.0   2.3934713717896213e-10 
  1938.0   3.3391059894122264e-10 
  1939.0   3.232973055687193e-10 
  1940.0   2.7674073971146333e-10 
  1941.0   1.7344874920110606e-10 
  1942.0   5.278185770158204e-10 
  1943.0   3.050341257481867e-10 
  1944.0   2.4242869113003053e-10 
  1945.0   2.32471108804913e-10 
  1946.0   3.016384579145318e-10 
  1947.0   3.0316397282003574e-10 
  1948.0   2.3217872036142086e-10 
  1949.0   1.7761927787595748e-10 
  1950.0   2.80738957677592e-10 
  1951.0   2.2150344316981782e-10 
  1952.0   2.3102559179096287e-10 
  1953.0   2.109166647442263e-10 
  1954.0   1.8123516253589617e-10 
  1955.0   1.4325081067453445e-10 
  1956.0   1.7554234831436023e-10 
  1957.0   2.424439877089642e-10 
  1958.0   2.7322795016079565e-10 
  1959.0   2.1048655401965454e-10 
  1960.0   2.5152773291911385e-10 
  1961.0   2.370269389702026e-10 
  1962.0   2.2281017865344734e-10 
  1963.0   1.6443629707662722e-10 
  1964.0   3.5777111084385924e-10 
  1965.0   3.0648358343509573e-10 
  1966.0   1.9094302060140035e-10 
  1967.0   1.6328539535777055e-10 
  1968.0   1.27131065248452e-10 
  1969.0   1.456664310555691e-10 
  1970.0   4.086494811233352e-10 
  1971.0   1.3998417451836941e-10 
  1972.0   1.6284365484551433e-10 
  1973.0   1.3778797216624357e-10 
  1974.0   2.2727687113883208e-10 
  1975.0   1.7181991084727613e-10 
  1976.0   1.714696005228202e-10 
  1977.0   1.528192172370742e-10 
  1978.0   1.4942164560147143e-10 
  1979.0   2.381664158720311e-10 
  1980.0   1.9549086400957932e-10 
  1981.0   1.8205997727281972e-10 
  1982.0   1.4439843702601422e-10 
  1983.0   2.381636252658235e-10 
  1984.0   1.748551902801908e-10 
  1985.0   1.8272549193886955e-10 
  1986.0   1.501070490623679e-10 
  1987.0   1.7727798096619824e-10 
  1988.0   1.463039738803161e-10 
  1989.0   1.327114787286687e-10 
  1990.0   1.287629329609059e-10 
  1991.0   1.322630061652199e-10 
  1992.0   1.41912563691309e-10 
  1993.0   1.672508124134898e-10 
  1994.0   1.6024427462191523e-10 
  1995.0   1.3176183248905866e-10 
  1996.0   1.2666217766141813e-10 
  1997.0   1.168695343964981e-10 
  1998.0   1.1531091497623063e-10 
  1999.0   2.1634545252682727e-10 
  2000.0   1.2532903774268267e-10 
  2001.0   1.2549462623310737e-10 
  2002.0   1.4857657294114157e-10 
  2003.0   1.1632383375576542e-10 
  2004.0   1.7763851466954928e-10 
  2005.0   1.7753571556326983e-10 
  2006.0   1.3651226053118108e-10 
  2007.0   1.338930626809327e-10 
  2008.0   1.0938105145959686e-10 
  2009.0   1.2737394114134326e-10 
  2010.0   1.1689226486715976e-10 
  2011.0   1.3332124724772835e-10 
  2012.0   1.5504220911701224e-10 
  2013.0   8.18152968982599e-11 
  2014.0   1.2672792414472838e-10 
