  1850.0   2.0078787127257818 
  1851.0   1.8350061732958358 
  1852.0   1.9620318090428441 
  1853.0   1.876850384238875 
  1854.0   2.1878236442148467 
  1855.0   1.7117437686528354 
  1856.0   2.0802645958731976 
  1857.0   1.85039880906693 
  1858.0   1.71604785499934 
  1859.0   2.113787890394086 
  1860.0   1.9868364488857895 
  1861.0   1.8629815590304533 
  1862.0   1.9484938615623315 
  1863.0   2.1170790205582986 
  1864.0   2.1420311656652475 
  1865.0   2.0064299682171236 
  1866.0   1.9196816237272905 
  1867.0   1.5127149116207572 
  1868.0   2.686726084262636 
  1869.0   2.771650347848305 
  1870.0   2.7349448727806474 
  1871.0   1.8490852203975938 
  1872.0   1.8392599773126643 
  1873.0   2.440403570611944 
  1874.0   2.2594411451945002 
  1875.0   2.222165563875631 
  1876.0   2.103673939559035 
  1877.0   1.8206816187306571 
  1878.0   2.1375707253171514 
  1879.0   1.849480334690575 
  1880.0   2.08006542152369 
  1881.0   2.0838788760474865 
  1882.0   2.2854055780569964 
  1883.0   2.1660729524357 
  1884.0   1.913598602233741 
  1885.0   2.051161890303619 
  1886.0   2.022426737619104 
  1887.0   1.7775304292011547 
  1888.0   1.608694264157018 
  1889.0   2.2214002219258075 
  1890.0   2.245654744369466 
  1891.0   1.7602452225570198 
  1892.0   2.368201394966055 
  1893.0   2.359907173648208 
  1894.0   2.0283869174650215 
  1895.0   2.244314713879091 
  1896.0   1.8944263013396612 
  1897.0   2.2176476358152715 
  1898.0   2.2866174624058897 
  1899.0   1.5991233876308553 
  1900.0   2.0064929781103733 
  1901.0   2.266650922744655 
  1902.0   1.8732124601926126 
  1903.0   2.4441522204400257 
  1904.0   1.531985476499148 
  1905.0   2.2612340986038495 
  1906.0   1.5448690249047285 
  1907.0   2.293773173526579 
  1908.0   2.13455335593224 
  1909.0   1.6379630386787205 
  1910.0   2.1808196420184927 
  1911.0   2.0637270260320353 
  1912.0   1.915420134825682 
  1913.0   1.5258737204060107 
  1914.0   2.1313849307028323 
  1915.0   2.113403057879588 
  1916.0   2.124867387830644 
  1917.0   1.884171826289379 
  1918.0   1.9980309502975746 
  1919.0   2.095284124009485 
  1920.0   1.7175817138589924 
  1921.0   1.9839051317422445 
  1922.0   1.7727401129681242 
  1923.0   1.7036239432167384 
  1924.0   1.6771308139569956 
  1925.0   1.5218708538352386 
  1926.0   1.871473982394724 
  1927.0   1.9405704096203376 
  1928.0   1.765304894775636 
  1929.0   1.5590249104743839 
  1930.0   1.6649127638189136 
  1931.0   2.0484426107696563 
  1932.0   1.723807255630581 
  1933.0   1.8579332431278242 
  1934.0   1.960557474998686 
  1935.0   1.6132569117077804 
  1936.0   2.577272689700226 
  1937.0   1.6730749067459199 
  1938.0   1.8733558208546928 
  1939.0   1.569418784346925 
  1940.0   1.9375756354116802 
  1941.0   1.71733323729068 
  1942.0   2.098651066581587 
  1943.0   1.3413817986124235 
  1944.0   1.8634861645658423 
  1945.0   1.8998315919652167 
  1946.0   1.89724385355966 
  1947.0   1.602277641185533 
  1948.0   1.6074513095491316 
  1949.0   1.9085756704342218 
  1950.0   1.9347112741338381 
  1951.0   1.706458167046704 
  1952.0   1.8976034221407858 
  1953.0   1.6909877675036613 
  1954.0   1.7822465475965623 
  1955.0   2.5092137508884322 
  1956.0   2.0534745404830765 
  1957.0   1.7751423288592392 
  1958.0   1.640102314493926 
  1959.0   2.018173283150702 
  1960.0   2.2594009866193057 
  1961.0   1.7186976761623085 
  1962.0   1.7543735357965606 
  1963.0   2.0885270011622916 
  1964.0   1.957236548035041 
  1965.0   2.1515764970483313 
  1966.0   2.1922295174135296 
  1967.0   2.2239536311300814 
  1968.0   1.8114894625615394 
  1969.0   1.9525982428566124 
  1970.0   1.6889749794812863 
  1971.0   1.7462429217491953 
  1972.0   1.5333985633889395 
  1973.0   1.655562844788123 
  1974.0   1.5534999533671308 
  1975.0   1.8781006295555567 
  1976.0   1.7514482571092098 
  1977.0   1.8890676477858117 
  1978.0   1.5945649433897888 
  1979.0   1.9033929223435644 
  1980.0   1.7032071023736137 
  1981.0   1.5197540067048716 
  1982.0   1.6578792359363919 
  1983.0   1.4689017666422295 
  1984.0   1.7403262744889199 
  1985.0   1.6279677807378723 
  1986.0   1.577283747371472 
  1987.0   1.8015961965465248 
  1988.0   1.616595522850721 
  1989.0   1.7114525976490165 
  1990.0   2.0973204610160145 
  1991.0   2.48865731796228 
  1992.0   2.107147874356232 
  1993.0   1.8077090819394612 
  1994.0   1.9951842263028008 
  1995.0   1.9394319326492784 
  1996.0   2.1290744286979315 
  1997.0   2.120716067827977 
  1998.0   1.7254201290893036 
  1999.0   1.519556305080891 
  2000.0   1.9814750493005864 
  2001.0   1.8600203252285403 
  2002.0   2.359567236650793 
  2003.0   1.9714778541693136 
  2004.0   2.0412169358664296 
  2005.0   2.0110092409229376 
  2006.0   2.211527936770156 
  2007.0   2.1583571927385585 
  2008.0   2.0441683541016173 
  2009.0   1.7915294236749641 
  2010.0   2.2740155105044955 
  2011.0   2.0726196346726486 
  2012.0   2.35369585444576 
  2013.0   2.0263169152534672 
  2014.0   1.8085386465550028 
