  1850.0   1.365080436589929e-10 
  1851.0   1.3731164071233789e-10 
  1852.0   2.181847119710236e-10 
  1853.0   1.8800081124408237e-10 
  1854.0   1.6052258511315287e-10 
  1855.0   1.452277269439841e-10 
  1856.0   1.4339943023765365e-10 
  1857.0   1.2449089214875946e-10 
  1858.0   1.1248999729560764e-10 
  1859.0   1.4767972786527347e-10 
  1860.0   1.3567659386172722e-10 
  1861.0   1.8118987422401663e-10 
  1862.0   1.9892717346288466e-10 
  1863.0   1.9109730347671672e-10 
  1864.0   1.682552017644189e-10 
  1865.0   1.3594405719110564e-10 
  1866.0   1.6679169735390578e-10 
  1867.0   1.4217750485651047e-10 
  1868.0   1.3482027468728868e-10 
  1869.0   1.4800589775612196e-10 
  1870.0   1.7472136698199762e-10 
  1871.0   1.8260536017381062e-10 
  1872.0   1.8690690413949786e-10 
  1873.0   1.7618024857295466e-10 
  1874.0   1.661336396735794e-10 
  1875.0   1.6640561053037392e-10 
  1876.0   1.6328770198300073e-10 
  1877.0   1.780350904344725e-10 
  1878.0   1.5927936357782347e-10 
  1879.0   1.6817051363131273e-10 
  1880.0   1.7030110406909092e-10 
  1881.0   2.0781840208704552e-10 
  1882.0   1.9952494743993988e-10 
  1883.0   1.4501405030328895e-10 
  1884.0   1.5251134684715089e-10 
  1885.0   1.8616572100604583e-10 
  1886.0   1.4533272543383288e-10 
  1887.0   1.5187915128361007e-10 
  1888.0   1.5916455521907664e-10 
  1889.0   1.552829598674517e-10 
  1890.0   1.7687116951179926e-10 
  1891.0   1.6662132514321846e-10 
  1892.0   1.7329455779861744e-10 
  1893.0   1.9072375427513353e-10 
  1894.0   1.83780737089495e-10 
  1895.0   1.7231481446286403e-10 
  1896.0   1.6132144494230345e-10 
  1897.0   1.7756654603464806e-10 
  1898.0   1.8193400928446958e-10 
  1899.0   1.7345385524296548e-10 
  1900.0   1.7085254048024287e-10 
  1901.0   1.745852972847514e-10 
  1902.0   1.7091793443148339e-10 
  1903.0   1.73124641445796e-10 
  1904.0   2.052513922676348e-10 
  1905.0   1.7153777308936845e-10 
  1906.0   1.4188508214250875e-10 
  1907.0   1.9358480224113353e-10 
  1908.0   2.120783067314285e-10 
  1909.0   2.092311211293177e-10 
  1910.0   1.9423797941870618e-10 
  1911.0   1.918010206898848e-10 
  1912.0   2.1097951881870948e-10 
  1913.0   2.267518594158879e-10 
  1914.0   2.0052501655388368e-10 
  1915.0   2.1587340887333755e-10 
  1916.0   2.0463111259388566e-10 
  1917.0   1.9683036960684692e-10 
  1918.0   1.9915338633346497e-10 
  1919.0   2.0039120296568604e-10 
  1920.0   2.419681459009517e-10 
  1921.0   2.9952800233070885e-10 
  1922.0   2.5141938493694945e-10 
  1923.0   2.504142257046962e-10 
  1924.0   2.349807783535396e-10 
  1925.0   2.0352560240666076e-10 
  1926.0   2.833007083883995e-10 
  1927.0   3.16353534222731e-10 
  1928.0   2.5528838919084967e-10 
  1929.0   2.5430431056901885e-10 
  1930.0   2.39135242660798e-10 
  1931.0   2.338937525155905e-10 
  1932.0   2.485007291335371e-10 
  1933.0   2.7423138407586494e-10 
  1934.0   2.974440951524599e-10 
  1935.0   3.115352682265722e-10 
  1936.0   2.5607985079154403e-10 
  1937.0   3.0202332920647747e-10 
  1938.0   2.8006971244488564e-10 
  1939.0   2.7384705090342266e-10 
  1940.0   2.842299526990483e-10 
  1941.0   3.078517219640876e-10 
  1942.0   2.637782572006203e-10 
  1943.0   2.7042787581395576e-10 
  1944.0   2.636610363608295e-10 
  1945.0   3.316521585978612e-10 
  1946.0   3.6732332316652853e-10 
  1947.0   3.612360471328454e-10 
  1948.0   3.6894688222420363e-10 
  1949.0   3.2484815248644655e-10 
  1950.0   3.204069001477103e-10 
  1951.0   3.0742014293173754e-10 
  1952.0   3.332952090406259e-10 
  1953.0   2.860352894364037e-10 
  1954.0   3.025225557303973e-10 
  1955.0   3.6025964484415134e-10 
  1956.0   3.0625651268057214e-10 
  1957.0   3.0725047153092817e-10 
  1958.0   2.853767378842511e-10 
  1959.0   3.38729866346193e-10 
  1960.0   5.219948408716068e-10 
  1961.0   5.013417602230834e-10 
  1962.0   3.7666707351926523e-10 
  1963.0   3.505562817937695e-10 
  1964.0   3.94182820971965e-10 
  1965.0   4.147438184769815e-10 
  1966.0   3.986025863537243e-10 
  1967.0   4.074080761427188e-10 
  1968.0   4.460581289096987e-10 
  1969.0   4.4380853363163397e-10 
  1970.0   4.91301982467351e-10 
  1971.0   4.771404860894855e-10 
  1972.0   5.533643538204966e-10 
  1973.0   4.729632765707004e-10 
  1974.0   4.77531943430202e-10 
  1975.0   5.171294756737943e-10 
  1976.0   4.680588912523006e-10 
  1977.0   4.891144350464143e-10 
  1978.0   5.022007941394134e-10 
  1979.0   5.406470013247327e-10 
  1980.0   6.618272049985072e-10 
  1981.0   6.128895400464042e-10 
  1982.0   6.107347632792697e-10 
  1983.0   6.313381398143129e-10 
  1984.0   6.898261646993851e-10 
  1985.0   5.886398580859821e-10 
  1986.0   6.608305357625583e-10 
  1987.0   7.509558867418737e-10 
  1988.0   7.545241910307396e-10 
  1989.0   7.448154402345491e-10 
  1990.0   8.508910291481605e-10 
  1991.0   7.918093397444685e-10 
  1992.0   8.762304031681161e-10 
  1993.0   8.000221283211286e-10 
  1994.0   8.350468612694388e-10 
  1995.0   8.449122217850481e-10 
  1996.0   9.252287852378003e-10 
  1997.0   9.096605479537184e-10 
  1998.0   9.55286527316939e-10 
  1999.0   1.1154493224262795e-09 
  2000.0   1.056568297855128e-09 
  2001.0   9.697783215531705e-10 
  2002.0   9.94680061179322e-10 
  2003.0   9.19356724759526e-10 
  2004.0   1.017165592163437e-09 
  2005.0   9.927750752168033e-10 
  2006.0   1.0194138585355434e-09 
  2007.0   1.0460807997123823e-09 
  2008.0   1.1017709488664523e-09 
  2009.0   1.080698410300533e-09 
  2010.0   1.1237543923151694e-09 
  2011.0   1.104884172084778e-09 
  2012.0   1.0864708709071456e-09 
  2013.0   1.11178110857352e-09 
  2014.0   1.2196599089513438e-09 
