  1850.0   1.835854089712759 
  1851.0   1.661097203551289 
  1852.0   1.5715366175998897 
  1853.0   1.6172365829227762 
  1854.0   1.6416589776361477 
  1855.0   1.7544936698276683 
  1856.0   1.65660593876567 
  1857.0   1.6814590826069593 
  1858.0   1.6692715346842235 
  1859.0   1.6390442899526776 
  1860.0   1.6280212015510156 
  1861.0   1.5812469237980535 
  1862.0   1.6358159474154308 
  1863.0   1.5919412303305038 
  1864.0   1.5383160336783914 
  1865.0   1.4952625931427006 
  1866.0   1.6166496412698215 
  1867.0   1.6404462989763275 
  1868.0   1.637102326782704 
  1869.0   1.6536951165156206 
  1870.0   1.6230617318245686 
  1871.0   1.5978526979064769 
  1872.0   1.5545101512207204 
  1873.0   1.649954821603128 
  1874.0   1.6399573163340366 
  1875.0   1.6573968205687495 
  1876.0   1.4699190987244244 
  1877.0   1.5533790457173113 
  1878.0   1.614366647902715 
  1879.0   1.6720752925111775 
  1880.0   1.6401881459406422 
  1881.0   1.6069060099522725 
  1882.0   1.639656475070516 
  1883.0   1.6476392479834845 
  1884.0   1.6666155897429848 
  1885.0   1.5610675856533043 
  1886.0   1.6610996199397823 
  1887.0   1.6796779378564615 
  1888.0   1.5977971876554344 
  1889.0   1.5880582532104357 
  1890.0   1.6786925779899284 
  1891.0   1.6469370849562641 
  1892.0   1.5811147021136833 
  1893.0   1.6122825133553942 
  1894.0   1.6151433094256205 
  1895.0   1.7228022963518008 
  1896.0   1.6848254447344626 
  1897.0   1.6372027982793333 
  1898.0   1.6667096724966 
  1899.0   1.680505238327695 
  1900.0   1.6185449816245905 
  1901.0   1.5495020037355647 
  1902.0   1.5266196450069047 
  1903.0   1.6224910735414453 
  1904.0   1.6902529410765932 
  1905.0   1.7244474294510712 
  1906.0   1.5885241669166996 
  1907.0   1.6188689315648226 
  1908.0   1.5350158039398552 
  1909.0   1.6734864151150777 
  1910.0   1.654163304159698 
  1911.0   1.6412624378258358 
  1912.0   1.6969156115168744 
  1913.0   1.612577162368085 
  1914.0   1.6683321005772418 
  1915.0   1.6822217331504656 
  1916.0   1.6110693619012129 
  1917.0   1.4751089043470507 
  1918.0   1.6017835540328464 
  1919.0   1.7209518628939675 
  1920.0   1.6919721108456767 
  1921.0   1.5767063118502116 
  1922.0   1.531592047941699 
  1923.0   1.6375279844112216 
  1924.0   1.6381491538111015 
  1925.0   1.6858249618189103 
  1926.0   1.5971954400017911 
  1927.0   1.5665168224160866 
  1928.0   1.518883249795616 
  1929.0   1.5958435943985982 
  1930.0   1.4946789001444094 
  1931.0   1.6326368241934348 
  1932.0   1.6287987471697158 
  1933.0   1.6070384020761252 
  1934.0   1.628198131677977 
  1935.0   1.5763815877923564 
  1936.0   1.5754493692310854 
  1937.0   1.6338708186186295 
  1938.0   1.564728178743366 
  1939.0   1.5183014372344066 
  1940.0   1.535578042673631 
  1941.0   1.3877990772159758 
  1942.0   1.5838187006636681 
  1943.0   1.6300516731052983 
  1944.0   1.6255824590495844 
  1945.0   1.5331828868067272 
  1946.0   1.5804160925006134 
  1947.0   1.508491948263581 
  1948.0   1.589316632611727 
  1949.0   1.4975125060589802 
  1950.0   1.3587531990632649 
  1951.0   1.5092491427551906 
  1952.0   1.487022809698911 
  1953.0   1.4354346233705768 
  1954.0   1.5177378374778208 
  1955.0   1.5730006555683156 
  1956.0   1.5090454778211388 
  1957.0   1.4749433906494827 
  1958.0   1.4605703652166424 
  1959.0   1.5492202699803026 
  1960.0   1.4738244178435511 
  1961.0   1.4173185415111524 
  1962.0   1.5012381480860701 
  1963.0   1.593339584171204 
  1964.0   1.6037359742085158 
  1965.0   1.5710584772326117 
  1966.0   1.4509828072782414 
  1967.0   1.518292081646068 
  1968.0   1.5197895994274881 
  1969.0   1.4422169282850477 
  1970.0   1.5073501477396893 
  1971.0   1.5440554362105248 
  1972.0   1.561951831931841 
  1973.0   1.650477619568144 
  1974.0   1.5447431767626725 
  1975.0   1.5014593574219215 
  1976.0   1.5254675895272127 
  1977.0   1.5509929443024522 
  1978.0   1.5649688056104054 
  1979.0   1.5445654154023816 
  1980.0   1.4940016436533017 
  1981.0   1.5296666175894966 
  1982.0   1.566818059626604 
  1983.0   1.5993200378472991 
  1984.0   1.5603839535540738 
  1985.0   1.493291583062145 
  1986.0   1.4603220989601813 
  1987.0   1.6187168309047906 
  1988.0   1.6012560117886534 
  1989.0   1.6274397529927465 
  1990.0   1.6039263691365164 
  1991.0   1.4829562605524507 
  1992.0   1.6806356074987108 
  1993.0   1.6472636472089799 
  1994.0   1.699545417246039 
  1995.0   1.701181753300674 
  1996.0   1.6318821016576728 
  1997.0   1.6774320475849909 
  1998.0   1.6692071232150905 
  1999.0   1.7942055965517765 
  2000.0   1.7768644163437861 
  2001.0   1.7630600298730421 
  2002.0   1.7232097993912383 
  2003.0   1.7905493376819057 
  2004.0   1.5720219411933567 
  2005.0   1.575593746583425 
  2006.0   1.719620189435769 
  2007.0   1.8229375538383745 
  2008.0   1.7186571450826647 
  2009.0   1.7575408291064758 
  2010.0   1.654828090188734 
  2011.0   1.7097147495522451 
  2012.0   1.7669440981225368 
  2013.0   1.822453115040908 
  2014.0   1.8128774687125433 
