  1850.0   296.9117823537314 
  1851.0   296.87501880053645 
  1852.0   296.7766832547602 
  1853.0   296.9664025315239 
  1854.0   297.3402795349011 
  1855.0   297.11417384952415 
  1856.0   297.0260833450178 
  1857.0   297.3165470284657 
  1858.0   296.9659620106741 
  1859.0   296.7968381386214 
  1860.0   296.52131692766784 
  1861.0   296.61372948831905 
  1862.0   296.698247978687 
  1863.0   296.86069072633643 
  1864.0   297.65441049811466 
  1865.0   297.07611788009024 
  1866.0   296.5917647938676 
  1867.0   297.016890021834 
  1868.0   297.62634554055677 
  1869.0   297.06392354154355 
  1870.0   296.81326350116075 
  1871.0   297.09942288988265 
  1872.0   296.9082029640847 
  1873.0   296.87236992352064 
  1874.0   297.0659328262217 
  1875.0   296.8985829879106 
  1876.0   296.7039874509259 
  1877.0   296.9014164852138 
  1878.0   296.94195560487975 
  1879.0   297.2706450900267 
  1880.0   297.1195630551274 
  1881.0   296.9843326633895 
  1882.0   296.7849671303152 
  1883.0   296.4371239504724 
  1884.0   296.38775880384037 
  1885.0   296.7309225915037 
  1886.0   296.9027781799517 
  1887.0   297.028882130739 
  1888.0   297.03422471684917 
  1889.0   296.94036787303145 
  1890.0   296.70299061962083 
  1891.0   297.5217068806159 
  1892.0   297.4682015233128 
  1893.0   296.8874728409556 
  1894.0   297.2503668618257 
  1895.0   297.2836217442135 
  1896.0   296.68950253618715 
  1897.0   297.2285804928584 
  1898.0   297.23854855791876 
  1899.0   296.9559107060625 
  1900.0   296.7232853305759 
  1901.0   297.03497442631135 
  1902.0   296.57819760948973 
  1903.0   296.8272384559655 
  1904.0   296.81705219141037 
  1905.0   297.00531101399605 
  1906.0   297.0194629347702 
  1907.0   296.956985404224 
  1908.0   296.96004231065643 
  1909.0   297.4358962498987 
  1910.0   297.1673834612417 
  1911.0   296.68016205295015 
  1912.0   297.11783516821316 
  1913.0   297.17969217438866 
  1914.0   296.1940993394386 
  1915.0   297.00622104444426 
  1916.0   297.1543142658109 
  1917.0   296.8290068488331 
  1918.0   296.836608961225 
  1919.0   297.379745237357 
  1920.0   297.31720727274046 
  1921.0   296.9643329135236 
  1922.0   296.58951200865613 
  1923.0   296.9536717549294 
  1924.0   297.26679208245446 
  1925.0   296.8475667150328 
  1926.0   296.80020142794507 
  1927.0   297.04238554056883 
  1928.0   297.24844516193684 
  1929.0   297.14706901531883 
  1930.0   297.1442947109825 
  1931.0   296.9082588943488 
  1932.0   297.2471841907329 
  1933.0   296.9715058869051 
  1934.0   296.90546980358135 
  1935.0   297.0670668663767 
  1936.0   297.09249301921346 
  1937.0   296.72209069046346 
  1938.0   296.9568794582998 
  1939.0   296.76851400757096 
  1940.0   297.4540841524294 
  1941.0   297.2914748166486 
  1942.0   296.65509501817655 
  1943.0   296.89183141728216 
  1944.0   297.0775022743135 
  1945.0   297.1738076238458 
  1946.0   297.39393923065364 
  1947.0   297.0905836153968 
  1948.0   297.40247481392424 
  1949.0   296.98552912595477 
  1950.0   297.312035893884 
  1951.0   297.157270135523 
  1952.0   296.6488020592287 
  1953.0   296.8152902880179 
  1954.0   297.13432225990437 
  1955.0   297.88462649124097 
  1956.0   297.2069605332348 
  1957.0   297.7139986982777 
  1958.0   297.67294030381186 
  1959.0   297.7759955718708 
  1960.0   296.8858113395292 
  1961.0   296.91350932100386 
  1962.0   296.8853170097837 
  1963.0   296.53942218129794 
  1964.0   296.69732335483195 
  1965.0   297.50582321221333 
  1966.0   297.33158518492485 
  1967.0   296.90459782148895 
  1968.0   296.27608274133837 
  1969.0   296.7184043898797 
  1970.0   296.9980962085577 
  1971.0   297.3231383057734 
  1972.0   297.1032851617908 
  1973.0   297.33854569562925 
  1974.0   296.7638216545335 
  1975.0   296.5583526416215 
  1976.0   296.8182669446271 
  1977.0   297.17288300505413 
  1978.0   296.88382199332295 
  1979.0   296.8434860857359 
  1980.0   296.8121221328776 
  1981.0   296.8162749075077 
  1982.0   296.9265006224819 
  1983.0   297.03518069101364 
  1984.0   297.24553500654525 
  1985.0   297.0938465186784 
  1986.0   297.147024914945 
  1987.0   296.7778513747817 
  1988.0   296.5033904170955 
  1989.0   296.7304307386576 
  1990.0   297.4001901104846 
  1991.0   297.23776239561255 
  1992.0   296.82145279288557 
  1993.0   296.33379009504745 
  1994.0   296.50382005056116 
  1995.0   297.5140207383211 
  1996.0   296.79412797318076 
  1997.0   297.0092682630984 
  1998.0   297.18463425551107 
  1999.0   297.5610304261141 
  2000.0   297.83663087085654 
  2001.0   297.862113057278 
  2002.0   297.20950152069287 
  2003.0   297.0728470233438 
  2004.0   297.4201208287531 
  2005.0   296.9270600551476 
  2006.0   296.9705896545653 
  2007.0   297.24679760546 
  2008.0   297.2009482294983 
  2009.0   297.84439258621984 
  2010.0   297.0574648701644 
  2011.0   297.3538177080393 
  2012.0   297.5087193682831 
  2013.0   297.43831723947693 
  2014.0   297.482126625095 
