  1850.0   1.3523895737911589 
  1851.0   1.2212712593724218 
  1852.0   1.276220116029879 
  1853.0   1.3433453754323221 
  1854.0   1.386065781240867 
  1855.0   1.3628442040408977 
  1856.0   1.3815022138737398 
  1857.0   1.3062615929272892 
  1858.0   1.4149873883161972 
  1859.0   1.3405670373051093 
  1860.0   1.299015709562589 
  1861.0   1.1876619604226988 
  1862.0   1.259953055013031 
  1863.0   1.2614819825056607 
  1864.0   1.2996899385205871 
  1865.0   1.381128895066574 
  1866.0   1.3568686584021812 
  1867.0   1.3346668022682053 
  1868.0   1.4152763512578357 
  1869.0   1.2435549539486912 
  1870.0   1.226553807424412 
  1871.0   1.2236964939971122 
  1872.0   1.180862742252897 
  1873.0   1.2103094010956712 
  1874.0   1.2711954703224484 
  1875.0   1.3187301359005563 
  1876.0   1.3274551028888768 
  1877.0   1.4433067520273293 
  1878.0   1.2101359711934192 
  1879.0   1.2025120727034053 
  1880.0   1.2460203792745705 
  1881.0   1.2803699805010131 
  1882.0   1.4555330839100127 
  1883.0   1.221361230154881 
  1884.0   1.228454469351579 
  1885.0   1.2254919558770172 
  1886.0   1.2831693494909806 
  1887.0   1.2569349201546558 
  1888.0   1.2384162338452351 
  1889.0   1.279629154614957 
  1890.0   1.1671070671627308 
  1891.0   1.1471768363206822 
  1892.0   1.2832165843177983 
  1893.0   1.258170868383801 
  1894.0   1.2340600773144432 
  1895.0   1.243393489506329 
  1896.0   1.1993464786674195 
  1897.0   1.2537013656287779 
  1898.0   1.1907595174534649 
  1899.0   1.3122341270287834 
  1900.0   1.349161362698481 
  1901.0   1.3642648805023656 
  1902.0   1.3240991673169604 
  1903.0   1.1718766667129763 
  1904.0   1.2015497244290179 
  1905.0   1.2167470094094124 
  1906.0   1.3465483124139501 
  1907.0   1.2607378490330934 
  1908.0   1.3629198623801275 
  1909.0   1.3448073646625855 
  1910.0   1.2545609957893848 
  1911.0   1.237549231776666 
  1912.0   1.294464434255125 
  1913.0   1.2439207542470354 
  1914.0   1.1973500730946176 
  1915.0   1.3110793304527397 
  1916.0   1.1985096788199285 
  1917.0   1.3209373901693429 
  1918.0   1.1536314117051385 
  1919.0   1.2298802931562296 
  1920.0   1.1716341531314571 
  1921.0   1.3007767555992304 
  1922.0   1.4117361644811157 
  1923.0   1.3248732494035917 
  1924.0   1.1146460498219724 
  1925.0   1.1973175244112793 
  1926.0   1.3226441587416924 
  1927.0   1.1031388072497612 
  1928.0   1.35755990443167 
  1929.0   1.2830107620146523 
  1930.0   1.2016242040695815 
  1931.0   1.2693322887634617 
  1932.0   1.244661445848183 
  1933.0   1.2690648890047067 
  1934.0   1.1720354924782372 
  1935.0   1.101069784217866 
  1936.0   1.1920950754849302 
  1937.0   1.3016578696621672 
  1938.0   1.2516207607253782 
  1939.0   1.359593344264218 
  1940.0   1.4547667316679234 
  1941.0   1.3253265825154015 
  1942.0   1.3216407982129355 
  1943.0   1.178924982493428 
  1944.0   1.415239147056875 
  1945.0   1.2222210338994108 
  1946.0   1.2373446235650483 
  1947.0   1.2072525087609958 
  1948.0   1.3808053569538865 
  1949.0   1.4128028945410684 
  1950.0   1.4210070550712972 
  1951.0   1.1884128469845314 
  1952.0   1.347541789477226 
  1953.0   1.357096516980246 
  1954.0   1.3024667459031265 
  1955.0   1.3254688140442434 
  1956.0   1.4237528551316132 
  1957.0   1.345202627213254 
  1958.0   1.374671126861867 
  1959.0   1.3531316815901926 
  1960.0   1.269547498242951 
  1961.0   1.2810391032603472 
  1962.0   1.2938641095201422 
  1963.0   1.341433476050346 
  1964.0   1.450152698882996 
  1965.0   1.3319966916662935 
  1966.0   1.2202819422764577 
  1967.0   1.263544719461102 
  1968.0   1.2169028859110442 
  1969.0   1.3518730347426264 
  1970.0   1.2799887383526354 
  1971.0   1.3156749314999145 
  1972.0   1.283788849278961 
  1973.0   1.168088398902696 
  1974.0   1.1788324288884886 
  1975.0   1.3242639581395335 
  1976.0   1.3493592069804237 
  1977.0   1.2691579634700256 
  1978.0   1.2895490028742937 
  1979.0   1.4325205470221845 
  1980.0   1.2452541934341879 
  1981.0   1.2058067029781345 
  1982.0   1.2582947796490422 
  1983.0   1.3336220485868837 
  1984.0   1.3477924371799588 
  1985.0   1.2683618247692605 
  1986.0   1.3489730646746394 
  1987.0   1.3710021403265633 
  1988.0   1.3244131824938292 
  1989.0   1.4153059990734762 
  1990.0   1.311245743850495 
  1991.0   1.3163314491704594 
  1992.0   1.4643925796336013 
  1993.0   1.392176638227949 
  1994.0   1.37516602508978 
  1995.0   1.4507604590215522 
  1996.0   1.4041739680408465 
  1997.0   1.350723902196256 
  1998.0   1.210171508106672 
  1999.0   1.4577300794209247 
  2000.0   1.4635736115266196 
  2001.0   1.363688324667244 
  2002.0   1.2722437767479702 
  2003.0   1.4224495823428682 
  2004.0   1.478680334287601 
  2005.0   1.4902173937036123 
  2006.0   1.6862341673806085 
  2007.0   1.4218986679134387 
  2008.0   1.5599884021287056 
  2009.0   1.4516247911861986 
  2010.0   1.4985650158936341 
  2011.0   1.4919648064522006 
  2012.0   1.3349294938912681 
  2013.0   1.4917325007784255 
  2014.0   1.5027921339706176 
