  1850.0   0.9934944106983498 
  1851.0   1.0872828593642996 
  1852.0   1.0727973290663484 
  1853.0   0.9997387443497929 
  1854.0   0.9286876046529382 
  1855.0   1.0372872496946615 
  1856.0   1.0455745144665143 
  1857.0   0.9552041095075446 
  1858.0   0.9470966306737602 
  1859.0   0.9575307993514008 
  1860.0   0.9455797302291885 
  1861.0   0.982241038772594 
  1862.0   0.9888370220758391 
  1863.0   1.0251185208788214 
  1864.0   0.9910674952906733 
  1865.0   0.9790589889869113 
  1866.0   1.0007067254664017 
  1867.0   1.0132468766238634 
  1868.0   0.9802532652701205 
  1869.0   0.9523884857339184 
  1870.0   0.9631418793082261 
  1871.0   1.0381477986670014 
  1872.0   1.0245934695573864 
  1873.0   0.9223386230504378 
  1874.0   0.940121974434926 
  1875.0   0.9365055240668932 
  1876.0   1.0455008045632783 
  1877.0   1.0610489443409739 
  1878.0   0.9897316262486447 
  1879.0   0.8373444270182923 
  1880.0   0.8985638702557236 
  1881.0   0.9939257713161777 
  1882.0   0.9943716243047415 
  1883.0   0.923210403089106 
  1884.0   0.9300277751132555 
  1885.0   1.0221732872900593 
  1886.0   0.9212207379544403 
  1887.0   0.9386295441104742 
  1888.0   1.0102357225072731 
  1889.0   1.000910460430148 
  1890.0   0.9534159337636745 
  1891.0   0.9756715087913312 
  1892.0   0.9547489627677685 
  1893.0   0.9451035907572698 
  1894.0   0.9721373755768424 
  1895.0   1.017985559987784 
  1896.0   1.0002138287748255 
  1897.0   0.9314839161657967 
  1898.0   0.9824829089238901 
  1899.0   1.053518840712049 
  1900.0   1.027492237754231 
  1901.0   0.91665483731999 
  1902.0   0.9041421584689293 
  1903.0   0.9468918587497284 
  1904.0   0.9399067990471164 
  1905.0   0.9023743782733822 
  1906.0   0.9501694917326007 
  1907.0   0.9466358716004927 
  1908.0   0.9499427498449401 
  1909.0   0.9591385710178476 
  1910.0   0.9227394386919551 
  1911.0   0.9040030138121612 
  1912.0   0.907954611741401 
  1913.0   0.9518414402817577 
  1914.0   0.9535641294294586 
  1915.0   0.9547535449476771 
  1916.0   0.9325438525828972 
  1917.0   0.9424390720518192 
  1918.0   0.9530307729791027 
  1919.0   1.0027115925400134 
  1920.0   0.9783504710524579 
  1921.0   0.9411975667340222 
  1922.0   0.9626035791753782 
  1923.0   0.9299838384672682 
  1924.0   0.9163544199743335 
  1925.0   0.9351614836765424 
  1926.0   0.9871227542862463 
  1927.0   0.9748103456854916 
  1928.0   0.9700998668461804 
  1929.0   0.9338741287900675 
  1930.0   0.9172051380155807 
  1931.0   0.9693797569889832 
  1932.0   0.9649480328406348 
  1933.0   0.92751574597891 
  1934.0   0.9277836239249762 
  1935.0   0.9494720114531174 
  1936.0   0.9152134278897803 
  1937.0   0.9260391265337109 
  1938.0   0.8974165842361604 
  1939.0   0.921336685793735 
  1940.0   0.8800233955978709 
  1941.0   0.8706437962283506 
  1942.0   1.0137373567712245 
  1943.0   0.9567555566794759 
  1944.0   0.8899004951351387 
  1945.0   0.9038097174081839 
  1946.0   0.9321545189293382 
  1947.0   0.8949832817040327 
  1948.0   0.8518382692924771 
  1949.0   0.900148012461906 
  1950.0   0.896144240695259 
  1951.0   0.8887453286886421 
  1952.0   0.8774572025566267 
  1953.0   0.9280891041933941 
  1954.0   0.8693738526859469 
  1955.0   0.8287180320402904 
  1956.0   0.885983848369692 
  1957.0   0.9439638434038009 
  1958.0   0.8958129070252385 
  1959.0   0.8528978672235215 
  1960.0   0.8728690959232733 
  1961.0   0.8987357802862161 
  1962.0   0.8800700396434634 
  1963.0   0.8935570735454366 
  1964.0   0.9001816680183474 
  1965.0   0.8787054203641115 
  1966.0   0.8900323731672639 
  1967.0   0.8762166678750687 
  1968.0   0.8947414525385201 
  1969.0   0.8699777340437838 
  1970.0   0.8866700874639137 
  1971.0   0.8231638783298699 
  1972.0   0.831395690736957 
  1973.0   0.8695402918970875 
  1974.0   0.9162906755783401 
  1975.0   0.8846443868130303 
  1976.0   0.8824794862801086 
  1977.0   0.8817017211680428 
  1978.0   0.8780118145101927 
  1979.0   0.9312455715899564 
  1980.0   0.917213077534023 
  1981.0   0.8767681823172423 
  1982.0   0.8997167515294727 
  1983.0   0.9600511447909709 
  1984.0   0.9207748433796727 
  1985.0   0.8948296382330809 
  1986.0   0.9291357680352179 
  1987.0   0.9552528833383575 
  1988.0   0.9251835786105737 
  1989.0   0.9186042695763016 
  1990.0   0.994353528637654 
  1991.0   0.9697830825916997 
  1992.0   0.8804858158770485 
  1993.0   0.9344923806278934 
  1994.0   0.9839416110456061 
  1995.0   0.9676129259782011 
  1996.0   0.9572132463643303 
  1997.0   0.9797086790955276 
  1998.0   1.0135499418763205 
  1999.0   0.9856685203387907 
  2000.0   1.0537192023608026 
  2001.0   1.015858766737055 
  2002.0   0.980295661674088 
  2003.0   0.9636801028320906 
  2004.0   0.9641605532098815 
  2005.0   1.0021454567280914 
  2006.0   0.9941437901512791 
  2007.0   0.9873565400455492 
  2008.0   0.9877940173126487 
  2009.0   1.0423764959354398 
  2010.0   1.0917192159655384 
  2011.0   0.9926776828321064 
  2012.0   0.9951144860584005 
  2013.0   1.0386678710682626 
  2014.0   1.1448685606165083 
