  1850.0   0.5763712050647974 
  1851.0   0.6753172194500074 
  1852.0   0.6842873375671373 
  1853.0   0.5968053472044176 
  1854.0   0.6447883415604363 
  1855.0   0.5912717384723644 
  1856.0   0.4887839526600872 
  1857.0   0.5482179131287535 
  1858.0   0.5965461181371513 
  1859.0   0.6823287058705862 
  1860.0   0.6636257113521821 
  1861.0   0.5993081899065045 
  1862.0   0.660711940211105 
  1863.0   0.6082370303075065 
  1864.0   0.6709367405328128 
  1865.0   0.6724723793213915 
  1866.0   0.6669178318994011 
  1867.0   0.6429855509599738 
  1868.0   0.509146801008648 
  1869.0   0.6228159765801168 
  1870.0   0.6036601120249844 
  1871.0   0.5494120814037746 
  1872.0   0.7168409928639282 
  1873.0   0.624530873527579 
  1874.0   0.5683116978347043 
  1875.0   0.674211601734317 
  1876.0   0.6830137977992854 
  1877.0   0.6092705648701024 
  1878.0   0.6841048291328055 
  1879.0   0.639712757842634 
  1880.0   0.6113886224398701 
  1881.0   0.6422219492571576 
  1882.0   0.6184215454252168 
  1883.0   0.5625287343754964 
  1884.0   0.6226703073232638 
  1885.0   0.578682970920721 
  1886.0   0.619135109220989 
  1887.0   0.5640906678052588 
  1888.0   0.49291250892494326 
  1889.0   0.6098379248348808 
  1890.0   0.617035612756671 
  1891.0   0.5333335410858754 
  1892.0   0.578174247560819 
  1893.0   0.5825279210691814 
  1894.0   0.6139542009929061 
  1895.0   0.6546885293177375 
  1896.0   0.6804671264824458 
  1897.0   0.5545864324400293 
  1898.0   0.6126465837267026 
  1899.0   0.6613472184068231 
  1900.0   0.6930735246650522 
  1901.0   0.6349119660227849 
  1902.0   0.6952554004472369 
  1903.0   0.6270653409683515 
  1904.0   0.6127708877424971 
  1905.0   0.5812336937886532 
  1906.0   0.5768419952973868 
  1907.0   0.6126125911040768 
  1908.0   0.6342853945991244 
  1909.0   0.5710465161243823 
  1910.0   0.6500101543801929 
  1911.0   0.6820995438785268 
  1912.0   0.5353159095405318 
  1913.0   0.5738280132927931 
  1914.0   0.6531272455713968 
  1915.0   0.5684277302821803 
  1916.0   0.5881472486212772 
  1917.0   0.7151488486510852 
  1918.0   0.634871147833754 
  1919.0   0.6368871353223542 
  1920.0   0.6420431861401977 
  1921.0   0.669091951048306 
  1922.0   0.7006757839934505 
  1923.0   0.664749868681115 
  1924.0   0.6706601535450641 
  1925.0   0.7272433439312176 
  1926.0   0.7121272234510565 
  1927.0   0.6328036429764023 
  1928.0   0.639282696528752 
  1929.0   0.6649315121689117 
  1930.0   0.6405715414310597 
  1931.0   0.6504610128323755 
  1932.0   0.6378487517660835 
  1933.0   0.6709157004749842 
  1934.0   0.7013958498030699 
  1935.0   0.6943673389651158 
  1936.0   0.735081731475087 
  1937.0   0.6760788170405475 
  1938.0   0.7003347148914936 
  1939.0   0.6986640613366802 
  1940.0   0.5417881717690229 
  1941.0   0.6802395650454826 
  1942.0   0.711409111154477 
  1943.0   0.6007826645187074 
  1944.0   0.6610982940396088 
  1945.0   0.678849341742387 
  1946.0   0.5873556950624029 
  1947.0   0.6794174091934715 
  1948.0   0.6295407488592643 
  1949.0   0.6764253398677512 
  1950.0   0.6740733440963813 
  1951.0   0.6380156934745986 
  1952.0   0.7382895968013408 
  1953.0   0.6569876896511239 
  1954.0   0.6480463072818055 
  1955.0   0.5803308359958879 
  1956.0   0.6887617955122558 
  1957.0   0.5901533798109809 
  1958.0   0.6526987697292201 
  1959.0   0.6039540698218244 
  1960.0   0.6985864643896618 
  1961.0   0.5702323126891418 
  1962.0   0.6347281492845657 
  1963.0   0.755681997587914 
  1964.0   0.6543283934897787 
  1965.0   0.5853814979738596 
  1966.0   0.6889745560316388 
  1967.0   0.6849491361907646 
  1968.0   0.7245563011664912 
  1969.0   0.6676165746238104 
  1970.0   0.7382297224039911 
  1971.0   0.6975682235098656 
  1972.0   0.7310440335022856 
  1973.0   0.6463973642331002 
  1974.0   0.8393737265952165 
  1975.0   0.8623261195235854 
  1976.0   0.6824039058835912 
  1977.0   0.7435350411650145 
  1978.0   0.8042689147146244 
  1979.0   0.8558114217387506 
  1980.0   0.8816971804090271 
  1981.0   0.8431757494957131 
  1982.0   0.8564868067954536 
  1983.0   0.8628762919849914 
  1984.0   0.8717148262737437 
  1985.0   0.800860502486541 
  1986.0   0.8454502668043439 
  1987.0   0.9786618666615158 
  1988.0   0.9244602857032598 
  1989.0   0.9774804343902426 
  1990.0   0.841504669686014 
  1991.0   0.9399298288507331 
  1992.0   1.000082306802273 
  1993.0   1.0769835785832977 
  1994.0   0.9410104495514595 
  1995.0   0.8449136388216012 
  1996.0   1.0149837291801562 
  1997.0   1.0763986321850796 
  1998.0   1.0414772265849583 
  1999.0   0.9614663072133572 
  2000.0   0.9577339466270571 
  2001.0   1.0234879848977776 
  2002.0   1.0815584998990182 
  2003.0   1.1215451771904479 
  2004.0   1.1185825426145957 
  2005.0   1.184649692798551 
  2006.0   1.0800466044774313 
  2007.0   1.0840110725655097 
  2008.0   1.1666075703790533 
  2009.0   1.0958234858203697 
  2010.0   1.0959833531928107 
  2011.0   1.1014831638471352 
  2012.0   1.1742591154596285 
  2013.0   1.171686292496261 
  2014.0   1.2592385684293637 
