  1850.0   4.082945939999483 
  1851.0   4.093706035543982 
  1852.0   4.101419886908967 
  1853.0   4.08764039198804 
  1854.0   4.059128573091971 
  1855.0   4.088783913017681 
  1856.0   4.069761854688572 
  1857.0   4.056408751308486 
  1858.0   4.0337986192253 
  1859.0   4.02278877761105 
  1860.0   4.0507978410320895 
  1861.0   4.0932391868921005 
  1862.0   4.087562856998191 
  1863.0   4.078278164886836 
  1864.0   4.084678191608221 
  1865.0   4.0649835385134745 
  1866.0   4.031887866616863 
  1867.0   4.04554115739624 
  1868.0   4.089654959628514 
  1869.0   4.1165827440944165 
  1870.0   4.137621549655538 
  1871.0   4.097842143468005 
  1872.0   4.055697026703 
  1873.0   4.0156297700828345 
  1874.0   4.0297104698209285 
  1875.0   4.037401655868399 
  1876.0   4.0635761499748355 
  1877.0   4.083061991955611 
  1878.0   4.0896353195239925 
  1879.0   4.114525749553505 
  1880.0   4.09066570899591 
  1881.0   4.065666288025932 
  1882.0   4.086707587142316 
  1883.0   4.068785201182731 
  1884.0   4.043643487449383 
  1885.0   4.0518910812297735 
  1886.0   4.065307432184558 
  1887.0   4.098468972907818 
  1888.0   4.0747348213418695 
  1889.0   4.05922371982401 
  1890.0   4.062914742328703 
  1891.0   4.061706962243397 
  1892.0   4.08589426221349 
  1893.0   4.108347643464521 
  1894.0   4.099779583732383 
  1895.0   4.076640961483212 
  1896.0   4.055460571850011 
  1897.0   4.035181701266806 
  1898.0   4.011968349510645 
  1899.0   3.972660597412262 
  1900.0   3.981293967556217 
  1901.0   4.009641195859832 
  1902.0   4.04539772942277 
  1903.0   4.047892483203811 
  1904.0   4.011364853066799 
  1905.0   4.003938749607882 
  1906.0   4.000280591198832 
  1907.0   4.000721968946894 
  1908.0   4.049678323393027 
  1909.0   4.057502402888913 
  1910.0   4.065715606037717 
  1911.0   4.048133983553287 
  1912.0   4.041070365755026 
  1913.0   4.065220397260093 
  1914.0   4.067971971228052 
  1915.0   4.053415026680505 
  1916.0   4.042681803091637 
  1917.0   4.052966695322292 
  1918.0   4.037228137977123 
  1919.0   4.009045753372552 
  1920.0   3.988410370354785 
  1921.0   4.023737434509849 
  1922.0   4.046930007875415 
  1923.0   4.029214611142314 
  1924.0   4.005656257668823 
  1925.0   4.012105503494185 
  1926.0   4.026039391443036 
  1927.0   4.016489187836276 
  1928.0   4.006466013279447 
  1929.0   3.9844926712465867 
  1930.0   3.9860608978573158 
  1931.0   3.9686368119047 
  1932.0   3.9756595012805933 
  1933.0   3.996161452358283 
  1934.0   4.029411268426256 
  1935.0   4.019725750401058 
  1936.0   3.996290445278581 
  1937.0   3.984837575471998 
  1938.0   3.9829549793930994 
  1939.0   3.9747272681502928 
  1940.0   3.94568160353559 
  1941.0   3.986364856965438 
  1942.0   3.9989989521186593 
  1943.0   4.010051243757541 
  1944.0   3.9932070048486565 
  1945.0   4.024465711089393 
  1946.0   4.0073316731768 
  1947.0   3.9454662914607566 
  1948.0   3.9303380715234733 
  1949.0   3.930898871444698 
  1950.0   3.917951410143868 
  1951.0   3.92747665978422 
  1952.0   3.944516486570979 
  1953.0   3.943415570729671 
  1954.0   3.919830512237451 
  1955.0   3.9191192184248558 
  1956.0   3.9502383476832645 
  1957.0   3.963713228633448 
  1958.0   3.954823327989858 
  1959.0   3.910755039703321 
  1960.0   3.9070524901791788 
  1961.0   3.9097186127191885 
  1962.0   3.918604275471908 
  1963.0   3.9294829035952135 
  1964.0   3.948917028751634 
  1965.0   3.9230963965427006 
  1966.0   3.9085943252261264 
  1967.0   3.8812638413439173 
  1968.0   3.8582225829316674 
  1969.0   3.8670663788523143 
  1970.0   3.86263965086401 
  1971.0   3.8881949195608856 
  1972.0   3.902759611203429 
  1973.0   3.8975968890700106 
  1974.0   3.899300997830541 
  1975.0   3.912756318940238 
  1976.0   3.9045006174158057 
  1977.0   3.897144289737993 
  1978.0   3.8857761347509276 
  1979.0   3.8705968385705964 
  1980.0   3.8836281540527247 
  1981.0   3.905308364568634 
  1982.0   3.8920793607568935 
  1983.0   3.877303097422194 
  1984.0   3.86267067208133 
  1985.0   3.8659637542620358 
  1986.0   3.85523174670366 
  1987.0   3.8292860733014393 
  1988.0   3.8227788286388074 
  1989.0   3.842598290049948 
  1990.0   3.84401285970027 
  1991.0   3.837873444595318 
  1992.0   3.851895235656368 
  1993.0   3.8565658582275635 
  1994.0   3.864404364691154 
  1995.0   3.8446192334867955 
  1996.0   3.8235776897870273 
  1997.0   3.8015867093193645 
  1998.0   3.8307234823781378 
  1999.0   3.821755954388667 
  2000.0   3.8075500257507984 
  2001.0   3.793196584461294 
  2002.0   3.7986356751029007 
  2003.0   3.812263449193769 
  2004.0   3.8043914040534195 
  2005.0   3.762173355938999 
  2006.0   3.7510217741323366 
  2007.0   3.7510168042769467 
  2008.0   3.754614699906367 
  2009.0   3.7609697457690183 
  2010.0   3.7499917469195783 
  2011.0   3.7477935251759718 
  2012.0   3.7060157301936654 
  2013.0   3.696148951388265 
  2014.0   3.7156351618765546 
