  1850.0   295.4436121307915 
  1851.0   295.48993479022283 
  1852.0   295.2658042807138 
  1853.0   295.27362129041694 
  1854.0   295.60552195502305 
  1855.0   295.14583750577987 
  1856.0   295.38319289357526 
  1857.0   295.4031152810193 
  1858.0   295.21394354583975 
  1859.0   294.9748501602428 
  1860.0   295.68497882142617 
  1861.0   295.1179582288031 
  1862.0   295.1007706759948 
  1863.0   295.84276724210673 
  1864.0   295.8437369676795 
  1865.0   295.38494595576356 
  1866.0   295.2104116778188 
  1867.0   295.5353579476135 
  1868.0   295.90970634747333 
  1869.0   295.47364080459954 
  1870.0   295.2082064015916 
  1871.0   295.4430290151717 
  1872.0   295.192569780056 
  1873.0   295.6817328367799 
  1874.0   295.61852324191636 
  1875.0   295.27873942294457 
  1876.0   294.8727930799816 
  1877.0   295.6450800586716 
  1878.0   295.1333588247946 
  1879.0   295.56916951233296 
  1880.0   295.04462872473016 
  1881.0   294.9319605844879 
  1882.0   295.58482847879367 
  1883.0   295.3945390271676 
  1884.0   294.8168532516966 
  1885.0   295.1231008083367 
  1886.0   295.6868140151729 
  1887.0   295.57014278633505 
  1888.0   295.538893252139 
  1889.0   295.45048440949364 
  1890.0   295.605984667145 
  1891.0   295.54799278751955 
  1892.0   295.84293865194905 
  1893.0   295.27069823377025 
  1894.0   294.73780728579857 
  1895.0   295.602729033849 
  1896.0   295.48981699430146 
  1897.0   294.59577963151213 
  1898.0   295.3211782214195 
  1899.0   296.1107127729698 
  1900.0   295.9337881437089 
  1901.0   295.97173889708546 
  1902.0   295.5747600181767 
  1903.0   295.2355879072927 
  1904.0   295.11477148038466 
  1905.0   294.91676294137557 
  1906.0   295.1205526119485 
  1907.0   294.78119873563526 
  1908.0   295.3508285746494 
  1909.0   295.07985708960786 
  1910.0   295.23431058432357 
  1911.0   295.6439634500483 
  1912.0   295.5064382063272 
  1913.0   295.1909969108423 
  1914.0   295.4852719138603 
  1915.0   295.41741405866765 
  1916.0   295.65493505467 
  1917.0   295.8574333215145 
  1918.0   295.6907311564639 
  1919.0   295.6298373703121 
  1920.0   295.9717012591871 
  1921.0   295.4439524847701 
  1922.0   295.28820369461 
  1923.0   295.2435091921044 
  1924.0   295.4842365012932 
  1925.0   295.3225341385861 
  1926.0   295.809005370077 
  1927.0   295.32320329606944 
  1928.0   295.613993599859 
  1929.0   295.4971243873107 
  1930.0   295.7580187223821 
  1931.0   295.3415631388171 
  1932.0   295.4715721644815 
  1933.0   294.8684442485329 
  1934.0   295.7823578542862 
  1935.0   295.29068393754375 
  1936.0   295.99229113677336 
  1937.0   295.6394714096674 
  1938.0   295.12022529363253 
  1939.0   295.49969126581834 
  1940.0   295.45219714074994 
  1941.0   295.3691710733422 
  1942.0   295.3978515983283 
  1943.0   295.77344365711673 
  1944.0   295.51174970998727 
  1945.0   295.6238498265421 
  1946.0   295.4421302353669 
  1947.0   295.01045440433745 
  1948.0   295.4200183726428 
  1949.0   295.4591637195251 
  1950.0   295.03768596199615 
  1951.0   295.8936755920369 
  1952.0   295.31426531789094 
  1953.0   294.9590113908105 
  1954.0   295.86210565952865 
  1955.0   295.2235108340916 
  1956.0   295.6025426490512 
  1957.0   295.4090436490474 
  1958.0   295.16799427263686 
  1959.0   295.8436268186862 
  1960.0   295.1007928850554 
  1961.0   295.4536961700214 
  1962.0   295.30671111019274 
  1963.0   295.8811674834343 
  1964.0   295.1904081710105 
  1965.0   295.3130142642434 
  1966.0   294.96203276093564 
  1967.0   295.3629152239142 
  1968.0   295.3992412963175 
  1969.0   295.5305921130855 
  1970.0   295.2405234827233 
  1971.0   295.3641827843794 
  1972.0   295.3885520135774 
  1973.0   295.56271163564423 
  1974.0   294.8479750853702 
  1975.0   294.92166059570644 
  1976.0   295.36512949743644 
  1977.0   295.66125638688976 
  1978.0   295.24446419898027 
  1979.0   295.2830273214346 
  1980.0   296.0172544547335 
  1981.0   295.86045001009927 
  1982.0   295.39783477132954 
  1983.0   295.2085093740603 
  1984.0   295.3570086277595 
  1985.0   295.31197732737803 
  1986.0   295.3649344352711 
  1987.0   295.94024576699826 
  1988.0   295.3920154041249 
  1989.0   295.92456790483317 
  1990.0   295.67695991200077 
  1991.0   295.26624787945923 
  1992.0   295.1583124535734 
  1993.0   295.4126489013164 
  1994.0   295.06790467322185 
  1995.0   294.89534454494736 
  1996.0   295.43279273665377 
  1997.0   295.6163930884906 
  1998.0   295.80152422460316 
  1999.0   296.18078726395123 
  2000.0   295.7226232991162 
  2001.0   296.1948058972184 
  2002.0   296.06267043971263 
  2003.0   295.7315046851476 
  2004.0   296.1265780398096 
  2005.0   295.815108469908 
  2006.0   295.927120181508 
  2007.0   295.9651889286678 
  2008.0   295.97104381828217 
  2009.0   295.64664642484814 
  2010.0   296.180651496713 
  2011.0   296.247693410876 
  2012.0   295.75379974736325 
  2013.0   295.81908826295 
  2014.0   296.42116654783763 
