  1850.0   0.09590194219261783 
  1851.0   -0.03178251645507463 
  1852.0   -0.043741974576047046 
  1853.0   -0.011079181083546908 
  1854.0   0.06563532110828882 
  1855.0   0.010895959074107578 
  1856.0   0.027673604366356536 
  1857.0   -0.031521289265286016 
  1858.0   -0.04784798077624536 
  1859.0   0.018756509055692 
  1860.0   0.07645344588899941 
  1861.0   -0.007349316398581155 
  1862.0   0.055314548553918964 
  1863.0   0.07612394158750604 
  1864.0   -0.03499573153447849 
  1865.0   0.01789598641886773 
  1866.0   -0.024806859899187024 
  1867.0   -0.14320695958788146 
  1868.0   0.16979044396529008 
  1869.0   0.1580869707227752 
  1870.0   0.1992507755149768 
  1871.0   0.10611818678618859 
  1872.0   -0.17910601932264494 
  1873.0   0.08915379809539532 
  1874.0   0.05675278696779071 
  1875.0   0.09739385840685769 
  1876.0   0.07029633512241698 
  1877.0   -0.09645538211495872 
  1878.0   0.03506376292869309 
  1879.0   -0.06764524541580327 
  1880.0   -0.04112284511027135 
  1881.0   0.054097238336347137 
  1882.0   0.04380194352224113 
  1883.0   0.13131604730982546 
  1884.0   -0.017146153881913147 
  1885.0   0.11250441590921664 
  1886.0   0.02759989866548082 
  1887.0   -0.09623149973241724 
  1888.0   -0.05634291977234259 
  1889.0   0.034089802038976304 
  1890.0   0.06515424437321989 
  1891.0   -0.13968121560540284 
  1892.0   0.06476813169219853 
  1893.0   0.12670737348680575 
  1894.0   0.10158675043114623 
  1895.0   0.0756238891866374 
  1896.0   -0.000843291174812565 
  1897.0   0.010400118248161472 
  1898.0   0.05106954451212573 
  1899.0   -0.06483019709031691 
  1900.0   0.0029272230649801012 
  1901.0   0.08172363439745063 
  1902.0   0.036641943473670065 
  1903.0   0.07784949001720709 
  1904.0   -0.08355301484358532 
  1905.0   -0.013935919241357668 
  1906.0   -0.08035834320907687 
  1907.0   0.04460293220470737 
  1908.0   0.034477343684695 
  1909.0   -0.12618146652530984 
  1910.0   -0.01776460771168878 
  1911.0   -0.05180023708388996 
  1912.0   0.0638781288784462 
  1913.0   -0.16131845908885545 
  1914.0   0.018557147647765594 
  1915.0   0.09223943315831984 
  1916.0   0.0037097695909512375 
  1917.0   -0.017654812033266225 
  1918.0   0.06474602365098303 
  1919.0   0.08382132910428997 
  1920.0   -0.042671887540009425 
  1921.0   -0.002106593379837676 
  1922.0   -0.10233150043894722 
  1923.0   -0.06789746352073221 
  1924.0   -0.10662200015563798 
  1925.0   -0.14723231178477508 
  1926.0   -0.03878711273083247 
  1927.0   -0.007718857449314648 
  1928.0   -0.02880166918300163 
  1929.0   -0.1276566405780356 
  1930.0   -0.15307889352380724 
  1931.0   -0.019767538236392067 
  1932.0   0.0071935423752995074 
  1933.0   0.020714961645286387 
  1934.0   0.06252949705793437 
  1935.0   -0.04346159650724748 
  1936.0   0.09566793006474776 
  1937.0   -0.013890082753812729 
  1938.0   -0.022210652501619934 
  1939.0   -0.08835783571570681 
  1940.0   -0.01756126435485277 
  1941.0   -0.060013232028620654 
  1942.0   0.0859034022130603 
  1943.0   -0.14292786260954604 
  1944.0   -0.09772255818737155 
  1945.0   -0.05096248513408424 
  1946.0   0.008610011817076409 
  1947.0   -0.05831733640975351 
  1948.0   -0.18651941087005966 
  1949.0   -0.08792649401699162 
  1950.0   -0.014179130902726166 
  1951.0   -0.03527078790018898 
  1952.0   0.006009755691162714 
  1953.0   -0.09713972346114931 
  1954.0   -0.061119644444115065 
  1955.0   0.049687729535396165 
  1956.0   0.08110783540416278 
  1957.0   0.022510251251262766 
  1958.0   -0.054730665141319135 
  1959.0   -0.0017752056887269266 
  1960.0   0.0708584652197931 
  1961.0   -0.07125044755152314 
  1962.0   -0.1657024691560517 
  1963.0   0.0022741591218876866 
  1964.0   0.04809531405319067 
  1965.0   0.06337806165733835 
  1966.0   0.03499294690927384 
  1967.0   0.034353628620995384 
  1968.0   -0.01611866642741633 
  1969.0   -0.023769129076240205 
  1970.0   -0.08423886320892293 
  1971.0   -0.0620653668571467 
  1972.0   -0.07946277629242206 
  1973.0   -0.1270521495524597 
  1974.0   -0.09970489554959541 
  1975.0   -0.007554573766425585 
  1976.0   -0.07369456851484701 
  1977.0   0.035273308159690736 
  1978.0   -0.052542117239967455 
  1979.0   0.024851299728566596 
  1980.0   0.02840436260019809 
  1981.0   -0.17196557140834745 
  1982.0   -0.13914626413663214 
  1983.0   -0.02341181452754647 
  1984.0   -0.10695276805621566 
  1985.0   -0.05626016540621264 
  1986.0   -0.1357007028550411 
  1987.0   0.042599504251278224 
  1988.0   -0.0005853724010590981 
  1989.0   0.002362132874788326 
  1990.0   0.12424079777857672 
  1991.0   0.1894402650256571 
  1992.0   0.14084805816538848 
  1993.0   -0.056752692868124156 
  1994.0   0.07851361381726425 
  1995.0   0.01629506894471735 
  1996.0   0.09764137804860384 
  1997.0   0.1658347901973727 
  1998.0   0.01844343365927777 
  1999.0   -0.1346929155956835 
  2000.0   0.010752199649396905 
  2001.0   -0.03993127512852557 
  2002.0   -0.00017384232030007927 
  2003.0   0.030956282944900895 
  2004.0   0.0992397641794194 
  2005.0   0.0416675451074741 
  2006.0   0.11278095247984712 
  2007.0   0.10090967069237947 
  2008.0   0.07805400522448104 
  2009.0   -0.03642791717359504 
  2010.0   0.0947383399099577 
  2011.0   0.054447169755566335 
  2012.0   0.17754481121870122 
  2013.0   0.08815631271524978 
  2014.0   3.2486958522302844e-05 
