  1850.0   293.94289876482156 
  1851.0   293.72230591917315 
  1852.0   294.13640036135416 
  1853.0   294.0017320406005 
  1854.0   294.3967532346359 
  1855.0   293.7693936133127 
  1856.0   294.1677408729642 
  1857.0   294.23690044185383 
  1858.0   293.37275013941456 
  1859.0   293.7949896418586 
  1860.0   293.94945608677904 
  1861.0   293.53795082552045 
  1862.0   294.06932325095113 
  1863.0   294.24234370493645 
  1864.0   294.16624459801557 
  1865.0   293.4596786158921 
  1866.0   294.2956224277553 
  1867.0   294.5088909289575 
  1868.0   294.5503143770243 
  1869.0   293.84404915215737 
  1870.0   293.9116591480015 
  1871.0   295.023648797481 
  1872.0   294.4908436144977 
  1873.0   293.9797932684576 
  1874.0   294.0549487493546 
  1875.0   294.07737102098145 
  1876.0   294.1611509271203 
  1877.0   295.194881314598 
  1878.0   294.1996842932824 
  1879.0   294.24421745678745 
  1880.0   293.29010319343837 
  1881.0   294.46314733660154 
  1882.0   294.7982550313388 
  1883.0   294.18570645536124 
  1884.0   294.2023870368071 
  1885.0   294.2170581179956 
  1886.0   294.3713180766686 
  1887.0   294.1447135912726 
  1888.0   293.92942286600174 
  1889.0   294.2007666133157 
  1890.0   294.0287362384922 
  1891.0   293.89158139640267 
  1892.0   294.32420956809045 
  1893.0   294.5406835862309 
  1894.0   294.727455936116 
  1895.0   294.04997494282316 
  1896.0   293.81437695526444 
  1897.0   294.4253923565391 
  1898.0   294.0508102500915 
  1899.0   294.3402528457189 
  1900.0   294.1007852084185 
  1901.0   293.6041537252128 
  1902.0   294.022526258856 
  1903.0   294.6920433839179 
  1904.0   294.69241230920653 
  1905.0   293.99007713865893 
  1906.0   294.00814177189613 
  1907.0   294.4186644813325 
  1908.0   294.16729780549895 
  1909.0   294.2397929674236 
  1910.0   293.5889221325992 
  1911.0   293.7332155921953 
  1912.0   294.6603366097767 
  1913.0   293.8325793152014 
  1914.0   294.6873051803023 
  1915.0   293.9286583634443 
  1916.0   294.15753514977433 
  1917.0   294.2209618432608 
  1918.0   294.2758501520159 
  1919.0   294.3456692520436 
  1920.0   293.67521504382154 
  1921.0   294.5303069756389 
  1922.0   294.3184849108254 
  1923.0   294.27501241049873 
  1924.0   294.07535498388194 
  1925.0   294.53988172238377 
  1926.0   294.08045960354855 
  1927.0   294.1720625882013 
  1928.0   294.52969724663006 
  1929.0   294.40107886056313 
  1930.0   294.02150285118176 
  1931.0   295.07916619562184 
  1932.0   293.8987344624077 
  1933.0   293.43802658334715 
  1934.0   294.01150655293503 
  1935.0   293.7212509079919 
  1936.0   294.04348720583107 
  1937.0   294.2967936669342 
  1938.0   294.0534066248442 
  1939.0   293.62861328385037 
  1940.0   294.55033007230054 
  1941.0   294.4710376671443 
  1942.0   294.420572159752 
  1943.0   294.08307796780986 
  1944.0   295.11750869330757 
  1945.0   295.35660499652187 
  1946.0   294.4964692917262 
  1947.0   295.0153246327211 
  1948.0   294.5109383819481 
  1949.0   293.86006273816236 
  1950.0   294.44897099391727 
  1951.0   294.00163364821674 
  1952.0   293.95437467671144 
  1953.0   293.9814214642316 
  1954.0   294.4823781600404 
  1955.0   294.1283921790892 
  1956.0   294.3932171301128 
  1957.0   294.18154516702396 
  1958.0   294.4800727838961 
  1959.0   294.69469098829194 
  1960.0   294.2098069789532 
  1961.0   294.5067431753261 
  1962.0   294.6233433300659 
  1963.0   294.31196389232315 
  1964.0   294.62301950498426 
  1965.0   293.9377127095964 
  1966.0   295.5144884307749 
  1967.0   294.41435304089765 
  1968.0   294.2461071975081 
  1969.0   293.7007904516644 
  1970.0   293.60915602122213 
  1971.0   294.0902578896756 
  1972.0   294.2399669672697 
  1973.0   294.5895146168316 
  1974.0   294.6102652302504 
  1975.0   294.57337096425005 
  1976.0   294.10692095694037 
  1977.0   294.41260296765984 
  1978.0   294.40636019690317 
  1979.0   293.58735388504414 
  1980.0   294.5152874636921 
  1981.0   294.3778848571762 
  1982.0   294.4511760969026 
  1983.0   293.5706635684149 
  1984.0   295.1041936078628 
  1985.0   294.6002226718144 
  1986.0   294.1740400546168 
  1987.0   294.0622486538441 
  1988.0   294.66888325250727 
  1989.0   294.60056230383344 
  1990.0   294.38076951889724 
  1991.0   293.6790711768748 
  1992.0   294.16768533452216 
  1993.0   294.26481447557615 
  1994.0   293.67614189719575 
  1995.0   293.78778680445726 
  1996.0   294.42980627645704 
  1997.0   294.580392937562 
  1998.0   294.82690225635514 
  1999.0   294.8190230042159 
  2000.0   294.64118711894304 
  2001.0   295.0846850430932 
  2002.0   293.8524886384425 
  2003.0   294.2326917274043 
  2004.0   294.39033304792036 
  2005.0   294.45481906793555 
  2006.0   295.1038627911113 
  2007.0   294.6419650996854 
  2008.0   293.9999142227489 
  2009.0   294.827356240195 
  2010.0   294.65218548451594 
  2011.0   294.1742510385779 
  2012.0   294.32684820647296 
  2013.0   294.35198072450777 
  2014.0   294.2699847960692 
