  1850.0   1.814048094267852 
  1851.0   2.3851010227942706 
  1852.0   2.1359529271806266 
  1853.0   1.8275371287574909 
  1854.0   2.122053178316127 
  1855.0   1.74318006717743 
  1856.0   1.2706539898893805 
  1857.0   1.735584876088652 
  1858.0   2.0369593265959125 
  1859.0   2.4838963313318874 
  1860.0   2.3239302247920746 
  1861.0   1.7948717747939407 
  1862.0   2.444062878209243 
  1863.0   1.7998553388722351 
  1864.0   2.3114450267313784 
  1865.0   2.3559294371913113 
  1866.0   2.350686641716326 
  1867.0   1.8044009864846065 
  1868.0   1.4190097387601683 
  1869.0   2.4341291820354796 
  1870.0   1.9587241897797547 
  1871.0   1.5017685788957316 
  1872.0   2.448996163498717 
  1873.0   1.9839974650308607 
  1874.0   1.6355495843673487 
  1875.0   2.4584110975649476 
  1876.0   2.2383270869448655 
  1877.0   2.0405229635338644 
  1878.0   2.2062756404411417 
  1879.0   2.019162519770933 
  1880.0   2.1220141088908027 
  1881.0   2.1089703957785955 
  1882.0   1.9926442921741776 
  1883.0   1.6901858124781015 
  1884.0   1.9763108540215166 
  1885.0   1.758906671297024 
  1886.0   2.053498198353996 
  1887.0   1.680012805725 
  1888.0   1.1072273894102371 
  1889.0   1.9205914077041606 
  1890.0   2.0984077912875327 
  1891.0   1.514943595220539 
  1892.0   1.8916982159642757 
  1893.0   1.7210231131592768 
  1894.0   2.044218640021765 
  1895.0   2.098372035129409 
  1896.0   2.1713676813886744 
  1897.0   1.599670272557181 
  1898.0   2.0082228023804363 
  1899.0   2.12112049098844 
  1900.0   2.454522675132127 
  1901.0   1.9458206881404656 
  1902.0   2.542292844504531 
  1903.0   1.6805759425095212 
  1904.0   1.8812195254750776 
  1905.0   1.5024430260651103 
  1906.0   1.6259964088285441 
  1907.0   2.0149007807637798 
  1908.0   1.9954417739035826 
  1909.0   1.5716674415143657 
  1910.0   2.107284631389036 
  1911.0   2.0364915583680063 
  1912.0   1.1685239724886516 
  1913.0   1.57472803963793 
  1914.0   2.453799169199048 
  1915.0   1.230945645295451 
  1916.0   1.5556427151292684 
  1917.0   2.3176106060402804 
  1918.0   1.9832485278897414 
  1919.0   1.908937264295511 
  1920.0   1.9663399333961242 
  1921.0   2.242487167124152 
  1922.0   2.4009864654191904 
  1923.0   2.015755964477199 
  1924.0   2.034100598460298 
  1925.0   2.565073394451402 
  1926.0   2.310752754231843 
  1927.0   1.6356120188424825 
  1928.0   1.827905654314082 
  1929.0   1.9676404551427118 
  1930.0   2.093812479915892 
  1931.0   2.018198626835733 
  1932.0   1.83954394220164 
  1933.0   2.469762979927705 
  1934.0   2.156980060373445 
  1935.0   2.032868868079152 
  1936.0   2.298281376997586 
  1937.0   1.9709149962281172 
  1938.0   2.266977485222909 
  1939.0   2.005920457746555 
  1940.0   1.3867111605678646 
  1941.0   2.1311994731393726 
  1942.0   2.335618218073988 
  1943.0   1.6637448728410638 
  1944.0   2.07885225296092 
  1945.0   1.8246519660442426 
  1946.0   1.6176737938751322 
  1947.0   1.8939782724064316 
  1948.0   2.0793046677111513 
  1949.0   2.0223304909840447 
  1950.0   2.1910271290322325 
  1951.0   1.9856684232472177 
  1952.0   2.5846372470992853 
  1953.0   1.9159207140327577 
  1954.0   1.543774663073898 
  1955.0   1.795984241186114 
  1956.0   2.1523958245728365 
  1957.0   1.4942595948105315 
  1958.0   1.6588126930062481 
  1959.0   1.729269415859008 
  1960.0   2.5449386940302556 
  1961.0   1.3518319435751227 
  1962.0   1.797669572813499 
  1963.0   2.4276546830899415 
  1964.0   1.8789697385807653 
  1965.0   1.2211512159729 
  1966.0   2.0702540680762387 
  1967.0   1.8590696857460915 
  1968.0   2.0773686483938243 
  1969.0   1.511588122622336 
  1970.0   1.9430712715684055 
  1971.0   1.9488250903732962 
  1972.0   1.9492916980223847 
  1973.0   1.5780786638324147 
  1974.0   2.422520149296794 
  1975.0   2.5382189682016936 
  1976.0   1.2330449885823265 
  1977.0   2.0456791110226713 
  1978.0   2.123896893372867 
  1979.0   2.147805077889401 
  1980.0   2.1825019792538978 
  1981.0   1.6964804376226026 
  1982.0   2.1025130043684626 
  1983.0   1.974736590307347 
  1984.0   1.911758810021864 
  1985.0   1.5529862405011772 
  1986.0   1.8780393135167033 
  1987.0   2.6234421214494867 
  1988.0   2.025624609544352 
  1989.0   2.2664261254885334 
  1990.0   1.8900598638543444 
  1991.0   1.7839671036821656 
  1992.0   2.536621924318591 
  1993.0   2.51934797822434 
  1994.0   1.8979993921650582 
  1995.0   1.3784405488571383 
  1996.0   2.242101473701908 
  1997.0   2.3228232689590786 
  1998.0   2.2201526872454513 
  1999.0   2.13070981430604 
  2000.0   1.5072320276932722 
  2001.0   2.7316389999225152 
  2002.0   2.5684142497270455 
  2003.0   2.2385381171355947 
  2004.0   2.418866480859546 
  2005.0   3.025239978742676 
  2006.0   1.9886420907856002 
  2007.0   2.0776981950747784 
  2008.0   2.1533652963665535 
  2009.0   2.2079425692959185 
  2010.0   1.7360965883483928 
  2011.0   2.139534182583424 
  2012.0   2.151237277848857 
  2013.0   2.2457174298538467 
  2014.0   2.334007868242388 
