  1850.0   296.53802970129215 
  1851.0   296.51160723794175 
  1852.0   295.71174758681116 
  1853.0   296.24622211837254 
  1854.0   296.6108125004545 
  1855.0   296.2336244192972 
  1856.0   296.32779772869 
  1857.0   296.37333363927706 
  1858.0   296.2181273628399 
  1859.0   296.50855064580765 
  1860.0   296.3104073333765 
  1861.0   296.3204265861738 
  1862.0   296.6591552372891 
  1863.0   295.97949334600526 
  1864.0   295.74518632847025 
  1865.0   296.0602689812501 
  1866.0   295.19737515519614 
  1867.0   295.6006649614578 
  1868.0   296.07933264446706 
  1869.0   296.61738747628306 
  1870.0   296.4434776892474 
  1871.0   295.80696451709747 
  1872.0   296.43098509226235 
  1873.0   296.6183013471277 
  1874.0   296.6990526841991 
  1875.0   296.04996047724086 
  1876.0   296.01242887940055 
  1877.0   296.0900962464877 
  1878.0   296.34143985691594 
  1879.0   296.67720694863056 
  1880.0   295.8982128113035 
  1881.0   296.36966934008024 
  1882.0   296.7167475276045 
  1883.0   296.1533576486009 
  1884.0   295.1678044543751 
  1885.0   296.19691708417855 
  1886.0   296.53931160129355 
  1887.0   296.4030634979172 
  1888.0   295.96399212273286 
  1889.0   296.1132130824109 
  1890.0   296.1862201933935 
  1891.0   296.11866559935885 
  1892.0   295.9750268152817 
  1893.0   296.7986791955962 
  1894.0   297.2636974153289 
  1895.0   296.70938852493543 
  1896.0   295.9224820135361 
  1897.0   295.2025676872588 
  1898.0   295.8295409011556 
  1899.0   295.95661067804446 
  1900.0   296.52081311361025 
  1901.0   296.51419054823356 
  1902.0   296.1283836669614 
  1903.0   295.2794026089309 
  1904.0   295.73782428969827 
  1905.0   295.9027173976149 
  1906.0   296.07849908812597 
  1907.0   295.8002972015996 
  1908.0   295.73631820110586 
  1909.0   296.34328172997243 
  1910.0   296.43632901791807 
  1911.0   295.982013197908 
  1912.0   295.59182790891293 
  1913.0   295.2769880257814 
  1914.0   295.73893510941804 
  1915.0   296.02187442762045 
  1916.0   296.549249925458 
  1917.0   296.13851274282604 
  1918.0   295.6422781012202 
  1919.0   296.4642044846743 
  1920.0   296.81673666822354 
  1921.0   296.2904151692932 
  1922.0   296.86608301564337 
  1923.0   296.31164797590264 
  1924.0   296.3878336204021 
  1925.0   295.80940643590964 
  1926.0   295.75383632741455 
  1927.0   296.6325748157495 
  1928.0   296.7895268040603 
  1929.0   296.1557562037417 
  1930.0   296.51294265895893 
  1931.0   296.20353334677736 
  1932.0   296.15575499778214 
  1933.0   296.1570722458888 
  1934.0   295.6302482916952 
  1935.0   296.2530147676817 
  1936.0   295.94884459307457 
  1937.0   296.6950950510312 
  1938.0   295.9999257347405 
  1939.0   295.66510576614814 
  1940.0   295.84158416203087 
  1941.0   296.30914964631535 
  1942.0   296.26378249906315 
  1943.0   295.91013524278856 
  1944.0   296.28479308104687 
  1945.0   296.51928232572374 
  1946.0   296.23201922374625 
  1947.0   296.47238434957706 
  1948.0   297.0207167474739 
  1949.0   296.23566061428306 
  1950.0   296.2227434789973 
  1951.0   296.82367044050994 
  1952.0   297.07299612509263 
  1953.0   296.594957293349 
  1954.0   296.14124234804257 
  1955.0   296.2236423051644 
  1956.0   296.7809941788138 
  1957.0   296.2941377515852 
  1958.0   296.5556632361909 
  1959.0   295.77301242729646 
  1960.0   296.2033258258815 
  1961.0   296.19315724936286 
  1962.0   296.2531425275774 
  1963.0   296.36321861630626 
  1964.0   296.0663949418852 
  1965.0   296.91693440637187 
  1966.0   296.7402612049051 
  1967.0   295.97721338154616 
  1968.0   296.4106594740238 
  1969.0   296.2208653333308 
  1970.0   296.3463695286007 
  1971.0   297.43060598666796 
  1972.0   296.45857022082555 
  1973.0   296.1208200549517 
  1974.0   295.8038239495588 
  1975.0   295.6106283238487 
  1976.0   296.0185699108133 
  1977.0   296.27057239519195 
  1978.0   296.05195331885494 
  1979.0   296.1975992510721 
  1980.0   296.8763395897535 
  1981.0   296.6484190652886 
  1982.0   296.8419053743792 
  1983.0   296.8016046174794 
  1984.0   296.7472571562978 
  1985.0   296.61178285629035 
  1986.0   296.10694519337096 
  1987.0   296.6443703106819 
  1988.0   297.0078748671356 
  1989.0   297.20814286321604 
  1990.0   297.0814739407388 
  1991.0   297.18786363042943 
  1992.0   296.5188528411588 
  1993.0   296.61038851702006 
  1994.0   295.9288644571012 
  1995.0   296.04278651133 
  1996.0   296.2723516243777 
  1997.0   296.40711218226915 
  1998.0   296.5674281452113 
  1999.0   296.03962418071575 
  2000.0   296.12826287221253 
  2001.0   296.82531034641096 
  2002.0   297.58357104419434 
  2003.0   296.9196112758164 
  2004.0   296.7507522172108 
  2005.0   296.6889976230902 
  2006.0   296.519344109033 
  2007.0   296.7010215381779 
  2008.0   297.37807335927135 
  2009.0   297.2573923709936 
  2010.0   296.9756717269219 
  2011.0   297.2313072189338 
  2012.0   297.163666940074 
  2013.0   296.9434562568878 
  2014.0   296.56222830596255 
