  1850.0   40.49647403051889 
  1851.0   40.37171793157217 
  1852.0   40.087302025393015 
  1853.0   39.81502784289542 
  1854.0   39.63669527808351 
  1855.0   39.566833778769436 
  1856.0   39.47074328377217 
  1857.0   39.34541630238336 
  1858.0   39.22171734914305 
  1859.0   39.1077580477272 
  1860.0   38.99463691568292 
  1861.0   38.821402069708746 
  1862.0   38.70376271862395 
  1863.0   38.58787652244186 
  1864.0   38.42938904276799 
  1865.0   38.205674378705076 
  1866.0   37.99673765132051 
  1867.0   37.96065164090214 
  1868.0   37.95680415324284 
  1869.0   37.898010872023235 
  1870.0   37.858237426621315 
  1871.0   37.77554454409212 
  1872.0   37.637585377755485 
  1873.0   37.52606070843043 
  1874.0   37.51680503734564 
  1875.0   37.511936693614686 
  1876.0   37.36297377443415 
  1877.0   37.168241506383815 
  1878.0   37.09011467325811 
  1879.0   37.10695111363587 
  1880.0   37.12724553666108 
  1881.0   37.07473728020623 
  1882.0   37.039887006477244 
  1883.0   37.00141259457017 
  1884.0   37.05232258616081 
  1885.0   37.00317165042736 
  1886.0   36.969216648349075 
  1887.0   36.997609564059246 
  1888.0   36.97325149066847 
  1889.0   36.91219071723524 
  1890.0   36.91933310620357 
  1891.0   36.960261872497355 
  1892.0   36.94274957968703 
  1893.0   36.845714115102716 
  1894.0   36.783315725698635 
  1895.0   36.84030378461459 
  1896.0   36.92447465499142 
  1897.0   36.93567603570901 
  1898.0   36.929873303936155 
  1899.0   36.92075681947078 
  1900.0   36.93060410324762 
  1901.0   36.849277605715535 
  1902.0   36.666873465716314 
  1903.0   36.5762654375205 
  1904.0   36.633548637622 
  1905.0   36.72369594262831 
  1906.0   36.724781034548386 
  1907.0   36.697678755620316 
  1908.0   36.5680589305003 
  1909.0   36.525126946564015 
  1910.0   36.560705683935716 
  1911.0   36.56368170937211 
  1912.0   36.54683817140356 
  1913.0   36.49348141202777 
  1914.0   36.50280395318461 
  1915.0   36.54679170272844 
  1916.0   36.54102550065795 
  1917.0   36.3667237862019 
  1918.0   36.229217424034616 
  1919.0   36.260262576681775 
  1920.0   36.32941209853924 
  1921.0   36.298594976563315 
  1922.0   36.09518772192917 
  1923.0   36.00709214284721 
  1924.0   35.994517677553354 
  1925.0   35.98906782867644 
  1926.0   35.990054996387784 
  1927.0   35.8893980395145 
  1928.0   35.729633950464 
  1929.0   35.608413408815444 
  1930.0   35.476467000737614 
  1931.0   35.363116823617624 
  1932.0   35.37045416487242 
  1933.0   35.30776395458856 
  1934.0   35.25053544039194 
  1935.0   35.192821745611546 
  1936.0   35.10530259496029 
  1937.0   35.0372302414505 
  1938.0   35.00937606383564 
  1939.0   34.87244055771761 
  1940.0   34.714326807332455 
  1941.0   34.47052808290239 
  1942.0   34.28076152015252 
  1943.0   34.27125723353403 
  1944.0   34.304274822473644 
  1945.0   34.16153887842667 
  1946.0   34.06563566971756 
  1947.0   33.95016680732262 
  1948.0   33.87127804434988 
  1949.0   33.79146034528817 
  1950.0   33.50181672391164 
  1951.0   33.277354430500196 
  1952.0   33.16877981228241 
  1953.0   33.001289928805384 
  1954.0   32.817811249542295 
  1955.0   32.77201266499552 
  1956.0   32.66965808981394 
  1957.0   32.47353982795452 
  1958.0   32.30032373313134 
  1959.0   32.19954145646658 
  1960.0   32.10835621265263 
  1961.0   31.94120150774552 
  1962.0   31.8054486368543 
  1963.0   31.842699636499685 
  1964.0   31.934983977964645 
  1965.0   31.96883270366978 
  1966.0   31.874743505183638 
  1967.0   31.80077985159945 
  1968.0   31.78175465244082 
  1969.0   31.69318174804989 
  1970.0   31.5552072164651 
  1971.0   31.51923300704247 
  1972.0   31.537593622214594 
  1973.0   31.578156895861568 
  1974.0   31.609585710736276 
  1975.0   31.54065334062128 
  1976.0   31.44580224675564 
  1977.0   31.4226922949266 
  1978.0   31.42549178907665 
  1979.0   31.43065332847028 
  1980.0   31.401302814958655 
  1981.0   31.251203261796906 
  1982.0   31.219861846483347 
  1983.0   31.23239470005553 
  1984.0   31.278860981188874 
  1985.0   31.24509545408064 
  1986.0   31.064595381058115 
  1987.0   31.078496693029834 
  1988.0   31.172629901459914 
  1989.0   31.247926112985898 
  1990.0   31.318545585864726 
  1991.0   31.261884878815096 
  1992.0   31.30570576389139 
  1993.0   31.456646296488127 
  1994.0   31.61760120271667 
  1995.0   31.749626968254482 
  1996.0   31.82903119590734 
  1997.0   31.868515428570234 
  1998.0   31.932631436518527 
  1999.0   32.08566851582144 
  2000.0   32.23236965826133 
  2001.0   32.34874666436331 
  2002.0   32.44454750780118 
  2003.0   32.61940561098655 
  2004.0   32.63627664593551 
  2005.0   32.471721387258334 
  2006.0   32.4419901840931 
  2007.0   32.63573571653881 
  2008.0   32.75200094937985 
  2009.0   32.84201519271324 
  2010.0   32.8667551202199 
  2011.0   32.8735241897312 
  2012.0   32.96655972819042 
  2013.0   33.12188059280077 
  2014.0   33.20183048425671 
