  1850.0   0.0 
  1851.0   0.0018568778211587897 
  1852.0   0.0033489780630567663 
  1853.0   0.004686417814513963 
  1854.0   0.005926729448840715 
  1855.0   0.007092981566688059 
  1856.0   0.008201532635871273 
  1857.0   0.009263366851129863 
  1858.0   0.010282242573918002 
  1859.0   0.011256534934897144 
  1860.0   0.012201334908077514 
  1861.0   0.013180395584445918 
  1862.0   0.01412483673304458 
  1863.0   0.015037307336914184 
  1864.0   0.015921513002364024 
  1865.0   0.016778647963587467 
  1866.0   0.017611671647959317 
  1867.0   0.018310666225287056 
  1868.0   0.019120539421824467 
  1869.0   0.019907568486603903 
  1870.0   0.020678880571268737 
  1871.0   0.02111727650037101 
  1872.0   0.021591206303073766 
  1873.0   0.02213428524663311 
  1874.0   0.022689385094246017 
  1875.0   0.02323770313825199 
  1876.0   0.023785182386876887 
  1877.0   0.024334232214113724 
  1878.0   0.024879329046761524 
  1879.0   0.025394271608663106 
  1880.0   0.02594083902439376 
  1881.0   0.027828612671096865 
  1882.0   0.029517198529330615 
  1883.0   0.03110802886056321 
  1884.0   0.032636216763470886 
  1885.0   0.0339669325349553 
  1886.0   0.035417522314182916 
  1887.0   0.0368043973853995 
  1888.0   0.038151371275108766 
  1889.0   0.03946342081178483 
  1890.0   0.040740473218809616 
  1891.0   0.04142490292300415 
  1892.0   0.04234812771320684 
  1893.0   0.04325843923421872 
  1894.0   0.044157492458714545 
  1895.0   0.04504174386510402 
  1896.0   0.046022590997394745 
  1897.0   0.04688508669263211 
  1898.0   0.047558733198156775 
  1899.0   0.04843594624649866 
  1900.0   0.04928762765608711 
  1901.0   0.050160885073828404 
  1902.0   0.050993360630149025 
  1903.0   0.051823884588409766 
  1904.0   0.05246097113142711 
  1905.0   0.05328071625479774 
  1906.0   0.05408593866979124 
  1907.0   0.05487895979509831 
  1908.0   0.0555516049744965 
  1909.0   0.05634244503585672 
  1910.0   0.0569352384536683 
  1911.0   0.057629512466293296 
  1912.0   0.058326855604450965 
  1913.0   0.058997880810867806 
  1914.0   0.059669111438237166 
  1915.0   0.06028073687738106 
  1916.0   0.06078126896620414 
  1917.0   0.06144710623379005 
  1918.0   0.06202923828248841 
  1919.0   0.06263693881098258 
  1920.0   0.0632266796735869 
  1921.0   0.07081467154388163 
  1922.0   0.07745543982493865 
  1923.0   0.08355361021810392 
  1924.0   0.08928299750525452 
  1925.0   0.09463174510554467 
  1926.0   0.09989128122789537 
  1927.0   0.10493003679974469 
  1928.0   0.10981276162147242 
  1929.0   0.1146783735841129 
  1930.0   0.1192587198217067 
  1931.0   0.12329657076845055 
  1932.0   0.1273000772120219 
  1933.0   0.13120304357288823 
  1934.0   0.13500483865292437 
  1935.0   0.13880721927091447 
  1936.0   0.14251887672388652 
  1937.0   0.14607694986602254 
  1938.0   0.1496293727218401 
  1939.0   0.15311069045297357 
  1940.0   0.1565280628176963 
  1941.0   0.16072340913386043 
  1942.0   0.1647718480427656 
  1943.0   0.16852395711855675 
  1944.0   0.17221985036040027 
  1945.0   0.17554931869590937 
  1946.0   0.17850195371876476 
  1947.0   0.18152140812697357 
  1948.0   0.1843976469948963 
  1949.0   0.18716000991515727 
  1950.0   0.18965456779711842 
  1951.0   0.19376023573802328 
  1952.0   0.19781802652567446 
  1953.0   0.20093914364113244 
  1954.0   0.20407952727019354 
  1955.0   0.20712919622943182 
  1956.0   0.21024404133786098 
  1957.0   0.213409566902758 
  1958.0   0.21653334579053543 
  1959.0   0.21972058127229505 
  1960.0   0.2227517378268557 
  1961.0   0.22204769512796693 
  1962.0   0.22176707025507136 
  1963.0   0.2218994044768782 
  1964.0   0.22220354650722043 
  1965.0   0.22263934207238842 
  1966.0   0.22319785755259247 
  1967.0   0.2239118824165798 
  1968.0   0.22504873277941484 
  1969.0   0.22619817549774712 
  1970.0   0.22747675864032135 
  1971.0   0.22753534796640498 
  1972.0   0.22791222424806237 
  1973.0   0.22846672423663772 
  1974.0   0.22906929323862948 
  1975.0   0.22954238873032703 
  1976.0   0.22964628874718565 
  1977.0   0.22972096237763864 
  1978.0   0.2295631748629295 
  1979.0   0.2295136193171911 
  1980.0   0.22954194793169247 
  1981.0   0.229519590666354 
  1982.0   0.23246837894134423 
  1983.0   0.23299924379047673 
  1984.0   0.2326433463728175 
  1985.0   0.2327548042412788 
  1986.0   0.23174969334333667 
  1987.0   0.23370008002335524 
  1988.0   0.23253136883530895 
  1989.0   0.2316539023783534 
  1990.0   0.23088593667482302 
  1991.0   0.22775640274221667 
  1992.0   0.2250557885338549 
  1993.0   0.22260087611262203 
  1994.0   0.220318689879757 
  1995.0   0.21817373701311013 
  1996.0   0.21613736998291405 
  1997.0   0.2142165051423039 
  1998.0   0.21239006177495895 
  1999.0   0.21066534714547216 
  2000.0   0.20903514694687292 
  2001.0   0.2169826225854049 
  2002.0   0.2138839348245453 
  2003.0   0.21263017118584157 
  2004.0   0.20992219565278372 
  2005.0   0.21164079965005675 
  2006.0   0.2096904550923551 
  2007.0   0.20714566905199236 
  2008.0   0.20776239851477687 
  2009.0   0.21764947299720452 
  2010.0   0.22225904983791248 
  2011.0   0.2229995552872727 
  2012.0   0.21938507435739904 
  2013.0   0.22286577293816162 
  2014.0   0.21989346672638882 
