  1850.0   34.25126505578343 
  1851.0   34.23240795875181 
  1852.0   34.241436605999716 
  1853.0   34.23258945571866 
  1854.0   34.23865790436333 
  1855.0   34.235757919695956 
  1856.0   34.23032314744548 
  1857.0   34.22885533670121 
  1858.0   34.201482563508215 
  1859.0   34.200062826319844 
  1860.0   34.22595929512483 
  1861.0   34.23274124455164 
  1862.0   34.238918210468505 
  1863.0   34.24216802102303 
  1864.0   34.249442874079435 
  1865.0   34.23093529276428 
  1866.0   34.254187133346875 
  1867.0   34.27509993674092 
  1868.0   34.25736882105851 
  1869.0   34.25812691605446 
  1870.0   34.246913449156764 
  1871.0   34.25358654985521 
  1872.0   34.25392330463747 
  1873.0   34.24633088863941 
  1874.0   34.24422100738718 
  1875.0   34.25745289870918 
  1876.0   34.24393652071423 
  1877.0   34.25377262008966 
  1878.0   34.25945521392656 
  1879.0   34.254889489214904 
  1880.0   34.24936852564625 
  1881.0   34.26560624924694 
  1882.0   34.28970312815901 
  1883.0   34.288048669876936 
  1884.0   34.276020945838056 
  1885.0   34.288270400538046 
  1886.0   34.28031860677495 
  1887.0   34.31011934063613 
  1888.0   34.30507435917747 
  1889.0   34.32232242062624 
  1890.0   34.33395067986831 
  1891.0   34.34971361377139 
  1892.0   34.35605632901257 
  1893.0   34.37516601838533 
  1894.0   34.398185793956436 
  1895.0   34.389648890625004 
  1896.0   34.39790575986173 
  1897.0   34.4154877082172 
  1898.0   34.43792309796295 
  1899.0   34.44132190156048 
  1900.0   34.44303045025839 
  1901.0   34.472184147507974 
  1902.0   34.46520663441948 
  1903.0   34.489292041248575 
  1904.0   34.504754568601086 
  1905.0   34.484908686795364 
  1906.0   34.496528462793464 
  1907.0   34.51653272451006 
  1908.0   34.511865547035335 
  1909.0   34.5366818569399 
  1910.0   34.541547887035264 
  1911.0   34.56996595761911 
  1912.0   34.589570683984604 
  1913.0   34.6108102261859 
  1914.0   34.604607947934575 
  1915.0   34.60843481412749 
  1916.0   34.6140697387606 
  1917.0   34.62135260805781 
  1918.0   34.62150767711706 
  1919.0   34.63907983311803 
  1920.0   34.651340011970014 
  1921.0   34.67994792460092 
  1922.0   34.688506075105224 
  1923.0   34.69061668991976 
  1924.0   34.7007834983271 
  1925.0   34.72778613202478 
  1926.0   34.75935110236616 
  1927.0   34.77985246125967 
  1928.0   34.77092295434425 
  1929.0   34.7806699187095 
  1930.0   34.78923196575255 
  1931.0   34.800446565918364 
  1932.0   34.806313391156856 
  1933.0   34.79697712711395 
  1934.0   34.822242004414754 
  1935.0   34.84751019322084 
  1936.0   34.8976947670864 
  1937.0   34.92765597378155 
  1938.0   34.9745538626861 
  1939.0   34.984505222596766 
  1940.0   35.03960890494769 
  1941.0   35.08742731881864 
  1942.0   35.10029645972344 
  1943.0   35.11880500885854 
  1944.0   35.129769831538944 
  1945.0   35.15244179905786 
  1946.0   35.15230151476716 
  1947.0   35.151267262174045 
  1948.0   35.16427024262881 
  1949.0   35.158632489080205 
  1950.0   35.182073196041635 
  1951.0   35.21697025301182 
  1952.0   35.24602147592992 
  1953.0   35.27355209449114 
  1954.0   35.29703671542084 
  1955.0   35.31900910871713 
  1956.0   35.35289546172555 
  1957.0   35.38305741492489 
  1958.0   35.403444170864866 
  1959.0   35.42231278946722 
  1960.0   35.458121084859684 
  1961.0   35.49573769573872 
  1962.0   35.52458444037327 
  1963.0   35.548795013174164 
  1964.0   35.56985439167026 
  1965.0   35.57473072564945 
  1966.0   35.587452101847084 
  1967.0   35.5923804812664 
  1968.0   35.60087863916912 
  1969.0   35.65076707669072 
  1970.0   35.697809731502794 
  1971.0   35.760575076761874 
  1972.0   35.82561150632593 
  1973.0   35.84891832535423 
  1974.0   35.875760544995366 
  1975.0   35.889047692861034 
  1976.0   35.946745341378474 
  1977.0   35.98800654696698 
  1978.0   36.025403493564475 
  1979.0   36.05779390439627 
  1980.0   36.08561777687278 
  1981.0   36.152708778238804 
  1982.0   36.18197324902217 
  1983.0   36.23965150160927 
  1984.0   36.2908117587765 
  1985.0   36.356643885603326 
  1986.0   36.35452189922847 
  1987.0   36.37449040020057 
  1988.0   36.42184268364625 
  1989.0   36.458582470422016 
  1990.0   36.486570402087786 
  1991.0   36.553120194507294 
  1992.0   36.594633391815684 
  1993.0   36.67234846040041 
  1994.0   36.7066716982025 
  1995.0   36.79027688774864 
  1996.0   36.870339286415614 
  1997.0   36.92127838787965 
  1998.0   36.95851678846059 
  1999.0   36.982253050735785 
  2000.0   37.000884414716 
  2001.0   37.04090049835487 
  2002.0   37.0491027738968 
  2003.0   37.06912391075667 
  2004.0   37.17157638986161 
  2005.0   37.243457439102265 
  2006.0   37.28213539368993 
  2007.0   37.332577629117445 
  2008.0   37.36426749254552 
  2009.0   37.43882468036649 
  2010.0   37.47181098799212 
  2011.0   37.49477881109981 
  2012.0   37.543214955934616 
  2013.0   37.59514929534387 
  2014.0   37.6484972758925 
