  1850.0   45.98240787847924 
  1851.0   45.88440627543153 
  1852.0   45.93987157410631 
  1853.0   46.06403114746971 
  1854.0   45.82570741161493 
  1855.0   45.70990403556729 
  1856.0   45.77423791705843 
  1857.0   45.8454429755987 
  1858.0   45.73979349439724 
  1859.0   45.60802950283275 
  1860.0   45.6335074471799 
  1861.0   45.7120100545955 
  1862.0   45.55993483467367 
  1863.0   45.57980560388634 
  1864.0   45.72690333591334 
  1865.0   45.73741093684498 
  1866.0   45.839012288201765 
  1867.0   45.98210098128532 
  1868.0   45.717794633453266 
  1869.0   45.5969874015555 
  1870.0   45.50582613767651 
  1871.0   45.64856802340415 
  1872.0   45.701995263540766 
  1873.0   45.495266635790244 
  1874.0   45.4366766682485 
  1875.0   45.575727594419355 
  1876.0   45.49632477962165 
  1877.0   45.47981599326797 
  1878.0   45.42548984681825 
  1879.0   45.31726727107906 
  1880.0   45.35115987480852 
  1881.0   45.391725407742406 
  1882.0   45.21553190653695 
  1883.0   45.296839020553826 
  1884.0   45.425740635265704 
  1885.0   45.36452533235481 
  1886.0   45.23381298046039 
  1887.0   45.216990455472825 
  1888.0   45.334088158904684 
  1889.0   45.41727776583236 
  1890.0   45.26815161213912 
  1891.0   45.186742225911296 
  1892.0   45.281742827269 
  1893.0   45.20147673317056 
  1894.0   45.030261321177996 
  1895.0   44.911442043733985 
  1896.0   45.21690602645662 
  1897.0   45.56722427293075 
  1898.0   45.5077848806275 
  1899.0   45.27851786192982 
  1900.0   45.150079146638404 
  1901.0   45.10344665870086 
  1902.0   45.136358105946385 
  1903.0   45.246555209222954 
  1904.0   45.346414432685904 
  1905.0   45.39170960672155 
  1906.0   45.34681614973862 
  1907.0   45.37004964676353 
  1908.0   45.32963447261189 
  1909.0   45.27840662359063 
  1910.0   45.295332845707264 
  1911.0   45.355815757796606 
  1912.0   45.547103263780514 
  1913.0   45.665471174808296 
  1914.0   45.46791799800474 
  1915.0   45.33381340135764 
  1916.0   45.39827966317105 
  1917.0   45.40823417147545 
  1918.0   45.58233519990167 
  1919.0   45.40568593842768 
  1920.0   45.23685670871442 
  1921.0   45.19898877329505 
  1922.0   45.2746662193726 
  1923.0   45.41295513753401 
  1924.0   45.4526793420268 
  1925.0   45.59415054328729 
  1926.0   45.587207969893036 
  1927.0   45.382395904171396 
  1928.0   45.33288558585375 
  1929.0   45.35131641582008 
  1930.0   45.33108085686288 
  1931.0   45.37748884643357 
  1932.0   45.3811744518432 
  1933.0   45.407169256695695 
  1934.0   45.589038144967795 
  1935.0   45.58586824098833 
  1936.0   45.4133746189848 
  1937.0   45.456469145098836 
  1938.0   45.722301236045546 
  1939.0   45.66943143887384 
  1940.0   45.574631137196846 
  1941.0   45.54275883060031 
  1942.0   45.55899527853146 
  1943.0   45.73744183209203 
  1944.0   45.46798950926422 
  1945.0   45.3499992268967 
  1946.0   45.62662531714745 
  1947.0   45.681669442873 
  1948.0   45.34715201761921 
  1949.0   45.300011873515054 
  1950.0   45.50151136474766 
  1951.0   45.46083259077604 
  1952.0   45.241506398462555 
  1953.0   45.26792633758361 
  1954.0   45.42612939479289 
  1955.0   45.58650294191256 
  1956.0   45.50073829307954 
  1957.0   45.46018902374112 
  1958.0   45.59913724162641 
  1959.0   45.85509101202971 
  1960.0   45.83256816356882 
  1961.0   45.59973053879623 
  1962.0   45.68468859677909 
  1963.0   45.700157635375774 
  1964.0   45.6322576682018 
  1965.0   45.652808880162084 
  1966.0   45.709992292892494 
  1967.0   45.84832184650717 
  1968.0   45.92878236920878 
  1969.0   45.87666469390987 
  1970.0   45.86682303123328 
  1971.0   45.742196641696054 
  1972.0   45.6753951281593 
  1973.0   46.0516531262447 
  1974.0   46.27114777923953 
  1975.0   46.239888698826455 
  1976.0   46.20902673546267 
  1977.0   46.141238249642484 
  1978.0   46.21307259202747 
  1979.0   46.197475610928954 
  1980.0   46.16944989645222 
  1981.0   46.22002159473545 
  1982.0   46.285781075945124 
  1983.0   46.26974658707836 
  1984.0   46.3311058955817 
  1985.0   46.49089349220004 
  1986.0   46.64618393695464 
  1987.0   46.688200701233455 
  1988.0   46.54852688720251 
  1989.0   46.46039403114483 
  1990.0   46.45862953004969 
  1991.0   46.53985738248669 
  1992.0   46.45264424179197 
  1993.0   46.58800380131931 
  1994.0   46.883532392036905 
  1995.0   47.102989985864546 
  1996.0   46.99396164231398 
  1997.0   46.99754260625753 
  1998.0   46.929571817846956 
  1999.0   47.17866123511593 
  2000.0   47.45076133162952 
  2001.0   47.356926203037496 
  2002.0   47.00606829168025 
  2003.0   47.162708343900654 
  2004.0   47.56223823286803 
  2005.0   47.635900120373826 
  2006.0   47.613171754291514 
  2007.0   47.655059163690986 
  2008.0   47.48930980815676 
  2009.0   47.56107888487872 
  2010.0   47.74524961811642 
  2011.0   47.6731023329677 
  2012.0   47.6213234939343 
  2013.0   47.8013377998747 
  2014.0   48.0387978802928 
