  1850.0   4.142359861496133e-10 
  1851.0   4.6128630447881417e-10 
  1852.0   3.4672140921062034e-10 
  1853.0   4.09836599192791e-10 
  1854.0   8.924621966555901e-10 
  1855.0   5.453798818457522e-10 
  1856.0   3.578921017469929e-10 
  1857.0   5.218892515029942e-10 
  1858.0   4.119203070791392e-10 
  1859.0   4.805992137218332e-10 
  1860.0   4.17612687106821e-10 
  1861.0   1.8867346489817483e-10 
  1862.0   3.2422250687572296e-10 
  1863.0   4.305973450256006e-10 
  1864.0   3.885342899016495e-10 
  1865.0   3.846191308481658e-10 
  1866.0   4.1097870071174695e-10 
  1867.0   6.223286245414457e-10 
  1868.0   4.227662859322036e-10 
  1869.0   3.524125046313738e-10 
  1870.0   3.725200057469546e-10 
  1871.0   2.311352834494308e-10 
  1872.0   4.086307943955799e-10 
  1873.0   4.5352178943845346e-10 
  1874.0   4.422853027091067e-10 
  1875.0   4.1059729105011435e-10 
  1876.0   4.186534498238052e-10 
  1877.0   3.2606337779454067e-10 
  1878.0   4.849066469388012e-10 
  1879.0   4.167209916692583e-10 
  1880.0   2.7121658353625635e-10 
  1881.0   6.980006860926646e-10 
  1882.0   4.1103539883549766e-10 
  1883.0   6.726087934298591e-10 
  1884.0   4.133628399693223e-10 
  1885.0   3.883954880058074e-10 
  1886.0   3.4018307224323e-10 
  1887.0   4.4819206969320646e-10 
  1888.0   5.035514716934186e-10 
  1889.0   3.409119875671126e-10 
  1890.0   2.998980187012652e-10 
  1891.0   7.452976985341676e-10 
  1892.0   4.2470438424662637e-10 
  1893.0   4.880686380925631e-10 
  1894.0   4.3853491762461245e-10 
  1895.0   5.76388846342781e-10 
  1896.0   5.102505158784505e-10 
  1897.0   3.935514669252885e-10 
  1898.0   2.5230726524074135e-10 
  1899.0   4.220793986248194e-10 
  1900.0   3.8246081088417463e-10 
  1901.0   3.7951194221272714e-10 
  1902.0   3.6804734630095006e-10 
  1903.0   4.73026876662616e-10 
  1904.0   4.5181141880246507e-10 
  1905.0   3.737880190221692e-10 
  1906.0   4.029092579302865e-10 
  1907.0   5.393456743173824e-10 
  1908.0   3.605840905248101e-10 
  1909.0   4.826759534060271e-10 
  1910.0   5.291371881571368e-10 
  1911.0   6.919933831505205e-10 
  1912.0   4.86430791408083e-10 
  1913.0   4.620354290826088e-10 
  1914.0   5.360496145924793e-10 
  1915.0   4.315956231966772e-10 
  1916.0   3.718771970658493e-10 
  1917.0   3.6503133201252486e-10 
  1918.0   3.8698550424702515e-10 
  1919.0   2.931795351750538e-10 
  1920.0   5.754026483049375e-10 
  1921.0   5.414066630346044e-10 
  1922.0   4.812908149802273e-10 
  1923.0   5.554847024637378e-10 
  1924.0   6.581988904524774e-10 
  1925.0   4.677863504238687e-10 
  1926.0   4.0335763568241393e-10 
  1927.0   4.889743439041189e-10 
  1928.0   5.811223157769985e-10 
  1929.0   7.971548855060926e-10 
  1930.0   6.632613901820515e-10 
  1931.0   5.293546670223081e-10 
  1932.0   5.612099031104642e-10 
  1933.0   4.5453838957312055e-10 
  1934.0   6.616371011405369e-10 
  1935.0   5.803694356807713e-10 
  1936.0   3.8550594878509305e-10 
  1937.0   5.878642801198887e-10 
  1938.0   5.869958701970667e-10 
  1939.0   3.8431361509816805e-10 
  1940.0   4.3554629034430274e-10 
  1941.0   3.858091979389577e-10 
  1942.0   5.270427383121191e-10 
  1943.0   5.036246964490286e-10 
  1944.0   3.871748452905432e-10 
  1945.0   5.40813432882691e-10 
  1946.0   7.130560528642014e-10 
  1947.0   6.361096513893484e-10 
  1948.0   3.9312114905511974e-10 
  1949.0   3.6927840447794824e-10 
  1950.0   4.929201456687521e-10 
  1951.0   3.9869059360547296e-10 
  1952.0   6.05755536175203e-10 
  1953.0   4.3603630376892437e-10 
  1954.0   4.623145653066832e-10 
  1955.0   3.157512782337092e-10 
  1956.0   3.964545722208368e-10 
  1957.0   2.263957804067036e-10 
  1958.0   2.7312978311459383e-10 
  1959.0   2.332833351519376e-10 
  1960.0   3.494628615001521e-10 
  1961.0   3.444095567140832e-10 
  1962.0   4.561067757657545e-10 
  1963.0   3.9068044574191577e-10 
  1964.0   2.1743150100910607e-10 
  1965.0   2.633212747446479e-10 
  1966.0   3.3387252790143126e-10 
  1967.0   1.606813793990592e-10 
  1968.0   1.6289101176440542e-10 
  1969.0   1.487924116588572e-10 
  1970.0   2.2253541146765086e-10 
  1971.0   2.890035778261989e-10 
  1972.0   3.475370998781139e-10 
  1973.0   3.651133853413582e-10 
  1974.0   2.257868751289487e-10 
  1975.0   2.6475965445604653e-10 
  1976.0   2.1253906404587324e-10 
  1977.0   1.8736149917640845e-10 
  1978.0   3.4841695994642933e-10 
  1979.0   2.671777810523867e-10 
  1980.0   1.7595664817215537e-10 
  1981.0   1.534027446650755e-10 
  1982.0   2.094795183375257e-10 
  1983.0   1.9408052086610458e-10 
  1984.0   1.8206257658978402e-10 
  1985.0   1.4663964863723792e-10 
  1986.0   1.4365076170673454e-10 
  1987.0   2.8574440771827293e-10 
  1988.0   1.343427680394512e-10 
  1989.0   1.4819832278050508e-10 
  1990.0   2.3865439322056507e-10 
  1991.0   1.916170934341196e-10 
  1992.0   2.2056293458070476e-10 
  1993.0   2.4869905000326616e-10 
  1994.0   1.4024485515107517e-10 
  1995.0   2.3321861818721063e-10 
  1996.0   2.7126842438899797e-10 
  1997.0   2.692351600698863e-10 
  1998.0   1.329595820498494e-10 
  1999.0   1.7711720152874048e-10 
  2000.0   9.936187325844322e-11 
  2001.0   2.192469430740898e-10 
  2002.0   1.6366920668609346e-10 
  2003.0   2.528850962313489e-10 
  2004.0   2.542219572111763e-10 
  2005.0   3.333936250602358e-10 
  2006.0   1.8372150445368711e-10 
  2007.0   2.0063057293830326e-10 
  2008.0   2.9580739563662204e-10 
  2009.0   3.0039608561435014e-10 
  2010.0   2.8124367691814063e-10 
  2011.0   1.4175637064514695e-10 
  2012.0   1.165896031976205e-10 
  2013.0   2.752874669239186e-10 
  2014.0   2.212632693160557e-10 
