  1850.0   4.476457278536576 
  1851.0   4.041147223869831 
  1852.0   3.794219753477938 
  1853.0   3.8930880902081815 
  1854.0   4.378148101228527 
  1855.0   3.79905323603261 
  1856.0   3.3555768192589768 
  1857.0   3.6395074182275113 
  1858.0   3.645057240483237 
  1859.0   3.7697678394004575 
  1860.0   3.7769466009153945 
  1861.0   3.9822388232326915 
  1862.0   4.043722574112774 
  1863.0   3.796475699076279 
  1864.0   4.011601675449328 
  1865.0   3.994404273790475 
  1866.0   3.997402054269059 
  1867.0   3.7373888527013337 
  1868.0   3.7147304140522657 
  1869.0   3.9853499747965375 
  1870.0   4.130757674509485 
  1871.0   3.6270466471674254 
  1872.0   3.4254190692477113 
  1873.0   3.52136236617176 
  1874.0   4.080965839731056 
  1875.0   4.237982016904494 
  1876.0   3.6505638580614495 
  1877.0   3.1336382051046052 
  1878.0   2.9711371182025825 
  1879.0   3.5679475436563868 
  1880.0   3.7312465263382184 
  1881.0   3.363143775926741 
  1882.0   3.249220918674271 
  1883.0   3.701190868557991 
  1884.0   3.3051705730570293 
  1885.0   3.5996109245631955 
  1886.0   3.4829847528476567 
  1887.0   3.97008272606754 
  1888.0   3.9191128098998003 
  1889.0   3.7923423553430364 
  1890.0   3.88799469392612 
  1891.0   4.032547167814835 
  1892.0   3.954217527906324 
  1893.0   3.9480521855678763 
  1894.0   3.9061247245616806 
  1895.0   3.6319086928055615 
  1896.0   4.0860296535990495 
  1897.0   4.255051075131027 
  1898.0   4.275218453938533 
  1899.0   3.7621718901880126 
  1900.0   3.574879730315121 
  1901.0   3.6158474327766177 
  1902.0   3.7578041140513654 
  1903.0   3.7507217490027047 
  1904.0   3.6554391057568343 
  1905.0   3.5978120036027024 
  1906.0   3.5297622484785247 
  1907.0   3.6945131194894274 
  1908.0   3.3590747541237804 
  1909.0   3.6282848736089948 
  1910.0   3.5904995785774068 
  1911.0   3.7422343857489717 
  1912.0   3.923656785604545 
  1913.0   3.6387995480460398 
  1914.0   3.4456416597108332 
  1915.0   3.4811717447160113 
  1916.0   3.5450019138155793 
  1917.0   3.647430249365291 
  1918.0   3.8128289842902534 
  1919.0   3.4668546175811388 
  1920.0   3.503580955502887 
  1921.0   3.747026784848478 
  1922.0   3.513728846857501 
  1923.0   3.2733177746307875 
  1924.0   3.7120707976964096 
  1925.0   3.540504696785454 
  1926.0   3.7788403362231375 
  1927.0   3.6410600934810695 
  1928.0   3.678415136455894 
  1929.0   3.619442311563968 
  1930.0   3.6982689563024262 
  1931.0   3.534914637911511 
  1932.0   3.6129372756307787 
  1933.0   3.773774964630857 
  1934.0   3.512206749464456 
  1935.0   3.532357352825031 
  1936.0   3.6707090203380313 
  1937.0   3.586412800470697 
  1938.0   3.382454750576685 
  1939.0   3.5925550486529985 
  1940.0   3.9241309656100287 
  1941.0   3.9571789446828447 
  1942.0   3.777612952701171 
  1943.0   3.563856573548033 
  1944.0   3.690922737440932 
  1945.0   3.6072855031295608 
  1946.0   3.536862510632283 
  1947.0   3.4092496815568256 
  1948.0   3.402182100964779 
  1949.0   3.6329945164139468 
  1950.0   3.70383822693288 
  1951.0   3.660879189860436 
  1952.0   3.439158575430023 
  1953.0   3.1717621600300903 
  1954.0   3.373004623313307 
  1955.0   3.715292064068408 
  1956.0   3.675662931405092 
  1957.0   3.440934217904641 
  1958.0   3.378300816395492 
  1959.0   3.5897034537810417 
  1960.0   3.666755846044585 
  1961.0   3.6283770883993127 
  1962.0   3.7203377074006574 
  1963.0   3.5146708021511035 
  1964.0   3.4445913474007392 
  1965.0   3.4286917599879696 
  1966.0   3.486401134016551 
  1967.0   3.519590574567669 
  1968.0   3.614640411238806 
  1969.0   3.407086560773448 
  1970.0   3.315245193788168 
  1971.0   3.548400493880702 
  1972.0   3.589304471467208 
  1973.0   3.657994398956094 
  1974.0   3.6924942147836775 
  1975.0   3.4398113120962788 
  1976.0   3.6141437750706342 
  1977.0   3.7366794369751726 
  1978.0   3.950170858100244 
  1979.0   3.719410683703913 
  1980.0   3.8597185385538273 
  1981.0   3.9991071984422257 
  1982.0   3.942609832255691 
  1983.0   3.614041824977215 
  1984.0   3.6252737977762757 
  1985.0   3.9569786672536496 
  1986.0   3.943506905392513 
  1987.0   3.8888344586493164 
  1988.0   3.989284842695735 
  1989.0   4.295719055813726 
  1990.0   4.056174469915212 
  1991.0   3.921152968510953 
  1992.0   4.047735648282411 
  1993.0   4.278277636672538 
  1994.0   4.122311250992368 
  1995.0   4.214336791079184 
  1996.0   4.323163135229682 
  1997.0   4.549891179802167 
  1998.0   4.47190700824896 
  1999.0   4.368459388802064 
  2000.0   4.182217433481704 
  2001.0   4.17214737600262 
  2002.0   4.223293359747366 
  2003.0   4.391605352194887 
  2004.0   4.4533701001169765 
  2005.0   4.471790700437653 
  2006.0   4.382871177460438 
  2007.0   4.69342075276665 
  2008.0   4.750302972318667 
  2009.0   4.760878969438334 
  2010.0   4.3332017018989895 
  2011.0   4.4911498883491 
  2012.0   4.899322511458723 
  2013.0   5.03791217192678 
  2014.0   4.731106480603621 
