  1850.0   13.29520467977335 
  1851.0   13.294964636384233 
  1852.0   13.29234661871782 
  1853.0   13.29021390953458 
  1854.0   13.290247834467852 
  1855.0   13.285378904437293 
  1856.0   13.283249898421346 
  1857.0   13.288349683187215 
  1858.0   13.288379915219313 
  1859.0   13.270384036135214 
  1860.0   13.254732436177266 
  1861.0   13.248620512942516 
  1862.0   13.251398441364605 
  1863.0   13.246748878987336 
  1864.0   13.255696787964844 
  1865.0   13.246288134574023 
  1866.0   13.234349131170415 
  1867.0   13.226946385721922 
  1868.0   13.23694452353242 
  1869.0   13.244439533409185 
  1870.0   13.229596053019627 
  1871.0   13.226587025720933 
  1872.0   13.227931031993226 
  1873.0   13.224126429064615 
  1874.0   13.22722669913389 
  1875.0   13.23514033964196 
  1876.0   13.226033426040662 
  1877.0   13.216631569047447 
  1878.0   13.213926272083658 
  1879.0   13.209809720141267 
  1880.0   13.209122615281942 
  1881.0   13.208917090800824 
  1882.0   13.205622730813214 
  1883.0   13.207406271016453 
  1884.0   13.21279158447807 
  1885.0   13.2149916395746 
  1886.0   13.213909837247138 
  1887.0   13.214794913263605 
  1888.0   13.217201204928115 
  1889.0   13.222438648610234 
  1890.0   13.213810418420039 
  1891.0   13.204063121059528 
  1892.0   13.200265643880911 
  1893.0   13.195077925847059 
  1894.0   13.191978949032128 
  1895.0   13.179850784072679 
  1896.0   13.171715113245087 
  1897.0   13.163933573061835 
  1898.0   13.170235391713968 
  1899.0   13.1668182814365 
  1900.0   13.163192811194136 
  1901.0   13.159566464107378 
  1902.0   13.16049331944769 
  1903.0   13.153077018228608 
  1904.0   13.165711534307908 
  1905.0   13.176264944177257 
  1906.0   13.177943822308304 
  1907.0   13.175498226833257 
  1908.0   13.167830444286576 
  1909.0   13.169323685742343 
  1910.0   13.169222919838717 
  1911.0   13.15977888842536 
  1912.0   13.165005078588226 
  1913.0   13.176990495096703 
  1914.0   13.176793220018688 
  1915.0   13.163355647184382 
  1916.0   13.172049057637054 
  1917.0   13.168873562250711 
  1918.0   13.162075903875094 
  1919.0   13.15970575021585 
  1920.0   13.161527818490816 
  1921.0   13.157756889014804 
  1922.0   13.156132736246821 
  1923.0   13.146731851677453 
  1924.0   13.150118040906422 
  1925.0   13.151964480289081 
  1926.0   13.146305968771335 
  1927.0   13.145169992853356 
  1928.0   13.157097667957535 
  1929.0   13.161883056270261 
  1930.0   13.158596475432622 
  1931.0   13.15318858047784 
  1932.0   13.152319412477613 
  1933.0   13.150015604981798 
  1934.0   13.137177521955964 
  1935.0   13.134412735996648 
  1936.0   13.138589861169116 
  1937.0   13.137435121990256 
  1938.0   13.138571742179039 
  1939.0   13.132135807135851 
  1940.0   13.137708447924682 
  1941.0   13.146949682295778 
  1942.0   13.142322438706625 
  1943.0   13.132147029918062 
  1944.0   13.132115478291261 
  1945.0   13.12542914394232 
  1946.0   13.127183328356008 
  1947.0   13.130765513377993 
  1948.0   13.131330532618103 
  1949.0   13.119424541182672 
  1950.0   13.117450337398132 
  1951.0   13.11786960926872 
  1952.0   13.11431535596668 
  1953.0   13.110073524779615 
  1954.0   13.107288276637318 
  1955.0   13.11490405597127 
  1956.0   13.111033972505847 
  1957.0   13.101252083085347 
  1958.0   13.108833163819696 
  1959.0   13.115690303875692 
  1960.0   13.11215522310248 
  1961.0   13.101114378048386 
  1962.0   13.106092379531168 
  1963.0   13.103180995040617 
  1964.0   13.09605360797166 
  1965.0   13.102911579031566 
  1966.0   13.116265846780548 
  1967.0   13.11107005640889 
  1968.0   13.103854382480682 
  1969.0   13.103891031847168 
  1970.0   13.123516928786637 
  1971.0   13.132713600665836 
  1972.0   13.131582301936113 
  1973.0   13.136649047382331 
  1974.0   13.155715983640539 
  1975.0   13.169377695528722 
  1976.0   13.17974669941575 
  1977.0   13.207770735861889 
  1978.0   13.215610972628935 
  1979.0   13.225180807537132 
  1980.0   13.242916593737121 
  1981.0   13.259226573398342 
  1982.0   13.2936821931994 
  1983.0   13.315822021173933 
  1984.0   13.33738417724494 
  1985.0   13.364142508832762 
  1986.0   13.388351275033209 
  1987.0   13.406205768471066 
  1988.0   13.417168037950809 
  1989.0   13.448608854273182 
  1990.0   13.47666898144449 
  1991.0   13.502673042387876 
  1992.0   13.543789276909925 
  1993.0   13.561002062137957 
  1994.0   13.592838553168555 
  1995.0   13.624390028327172 
  1996.0   13.662907948463722 
  1997.0   13.689763679379626 
  1998.0   13.717698338153053 
  1999.0   13.74534869021918 
  2000.0   13.767379181825062 
  2001.0   13.805851897231168 
  2002.0   13.815954918661859 
  2003.0   13.825134237821059 
  2004.0   13.862402527761848 
  2005.0   13.89503623517523 
  2006.0   13.909932457941203 
  2007.0   13.952285481890396 
  2008.0   13.994018655313264 
  2009.0   14.02791773473926 
  2010.0   14.06375828231605 
  2011.0   14.110632511821619 
  2012.0   14.14657949427638 
  2013.0   14.183747618721926 
  2014.0   14.223634609808983 
