  1850.0   1.6070706771207888 
  1851.0   1.4338258604624874 
  1852.0   1.4960295804972303 
  1853.0   1.3483315633400603 
  1854.0   1.4730844987917189 
  1855.0   1.5959742517589914 
  1856.0   1.4446016250504323 
  1857.0   1.3776258255490608 
  1858.0   1.6827281288575717 
  1859.0   1.6760989077657573 
  1860.0   1.508353315652189 
  1861.0   1.1914332759086779 
  1862.0   1.3312412449936746 
  1863.0   1.3273196762096315 
  1864.0   1.377702022943857 
  1865.0   1.6770293733831223 
  1866.0   1.5572289773972472 
  1867.0   1.6132662825539565 
  1868.0   1.656116154013342 
  1869.0   1.3604345304800682 
  1870.0   1.2466165872345445 
  1871.0   1.454883144629294 
  1872.0   1.341269108275404 
  1873.0   1.3617015301851458 
  1874.0   1.4471509920014414 
  1875.0   1.5405150657560742 
  1876.0   1.49127107887936 
  1877.0   1.6538819445769268 
  1878.0   1.382678986954038 
  1879.0   1.2567031444977186 
  1880.0   1.3791014946889817 
  1881.0   1.620054246826011 
  1882.0   1.604503509352324 
  1883.0   1.3614994451917848 
  1884.0   1.3227654684517085 
  1885.0   1.3793875046342041 
  1886.0   1.4921939092336525 
  1887.0   1.490920137583497 
  1888.0   1.46317611002713 
  1889.0   1.34622428784753 
  1890.0   1.4398756011261404 
  1891.0   1.2492526087026792 
  1892.0   1.37889059000189 
  1893.0   1.3837298784615517 
  1894.0   1.397978952086623 
  1895.0   1.4555565145903706 
  1896.0   1.3836539373565435 
  1897.0   1.3096079741725557 
  1898.0   1.494388272313478 
  1899.0   1.6013620698859075 
  1900.0   1.6453365568153988 
  1901.0   1.7648481829941194 
  1902.0   1.518217566590182 
  1903.0   1.3113162581400828 
  1904.0   1.2019904755358042 
  1905.0   1.4080678943524976 
  1906.0   1.5958660558882054 
  1907.0   1.528093887091662 
  1908.0   1.6854600082613287 
  1909.0   1.577139837046578 
  1910.0   1.4228796255612615 
  1911.0   1.34865500395085 
  1912.0   1.4680653213518633 
  1913.0   1.3812366692260978 
  1914.0   1.3899484737131798 
  1915.0   1.640598328312891 
  1916.0   1.5034750087746684 
  1917.0   1.5244165165578802 
  1918.0   1.2984731844340027 
  1919.0   1.3849154272352586 
  1920.0   1.348114977505506 
  1921.0   1.4507331881076657 
  1922.0   1.7319133016672712 
  1923.0   1.6017112367225708 
  1924.0   1.2102377722939353 
  1925.0   1.4183664121518058 
  1926.0   1.5482916091421572 
  1927.0   1.3193592210072196 
  1928.0   1.496506653466688 
  1929.0   1.5719978871152778 
  1930.0   1.327939277648736 
  1931.0   1.4071608248353134 
  1932.0   1.526989752857283 
  1933.0   1.434315735027398 
  1934.0   1.2746424936992886 
  1935.0   1.2226532287921712 
  1936.0   1.3728991563016455 
  1937.0   1.604540896891283 
  1938.0   1.6636765688944137 
  1939.0   1.6485003788946366 
  1940.0   1.6692439834071418 
  1941.0   1.5695182421155998 
  1942.0   1.4186254838918395 
  1943.0   1.3532478604573444 
  1944.0   1.6553681151227648 
  1945.0   1.590742610012325 
  1946.0   1.3399286456132415 
  1947.0   1.4624448070315599 
  1948.0   1.7112453126569336 
  1949.0   1.783635037563701 
  1950.0   1.6326490424888895 
  1951.0   1.335080760181516 
  1952.0   1.54316827553082 
  1953.0   1.5811799144244432 
  1954.0   1.5600215116397524 
  1955.0   1.719778763860017 
  1956.0   1.693256674521948 
  1957.0   1.5052622995396656 
  1958.0   1.7591205038966697 
  1959.0   1.485885609678959 
  1960.0   1.3941015148848315 
  1961.0   1.5143644188178174 
  1962.0   1.5961511853007273 
  1963.0   1.562129484309577 
  1964.0   1.7736002455218691 
  1965.0   1.529204141793699 
  1966.0   1.512531127024607 
  1967.0   1.4234496507426238 
  1968.0   1.3190125130555292 
  1969.0   1.5722492179450114 
  1970.0   1.621863248706004 
  1971.0   1.5365095024612367 
  1972.0   1.4163190902235239 
  1973.0   1.3367327035948324 
  1974.0   1.3517478248221249 
  1975.0   1.6829988494290924 
  1976.0   1.707164757534121 
  1977.0   1.4665568069443866 
  1978.0   1.4119339223432137 
  1979.0   1.6266943254478765 
  1980.0   1.6194896078387235 
  1981.0   1.4425757719794463 
  1982.0   1.5137897005542227 
  1983.0   1.6598659311961168 
  1984.0   1.672105330570872 
  1985.0   1.5453787280869278 
  1986.0   1.640101332047191 
  1987.0   1.6738722259152115 
  1988.0   1.6337483882515675 
  1989.0   1.7785315086964373 
  1990.0   1.5512958755231467 
  1991.0   1.6072398564860042 
  1992.0   1.6629501192002207 
  1993.0   1.7004724998391085 
  1994.0   1.6699908048075298 
  1995.0   1.8094599700486136 
  1996.0   1.7707959435427272 
  1997.0   1.629026062858372 
  1998.0   1.4163268094300936 
  1999.0   1.8036854386364813 
  2000.0   1.8362289944875334 
  2001.0   1.7379525937083324 
  2002.0   1.5781287273995395 
  2003.0   1.6935027676025691 
  2004.0   1.7785374815726391 
  2005.0   1.900449000869245 
  2006.0   2.0744061706855383 
  2007.0   1.8205092071811826 
  2008.0   1.847961150869028 
  2009.0   1.6951440362298784 
  2010.0   2.0030254817416986 
  2011.0   1.6753023347774085 
  2012.0   1.719363450423772 
  2013.0   1.7485513628887024 
  2014.0   1.9017127036119672 
