  1850.0   1.4376364710028662 
  1851.0   1.4461157676139282 
  1852.0   1.4411496131854178 
  1853.0   1.4970702814324532 
  1854.0   1.5173709251515324 
  1855.0   1.4368194954341458 
  1856.0   1.3619500357659085 
  1857.0   1.3769706582616612 
  1858.0   1.4543369439886875 
  1859.0   1.4421565027013248 
  1860.0   1.3627298975358084 
  1861.0   1.4463904088467208 
  1862.0   1.4266227330385597 
  1863.0   1.4550479786722534 
  1864.0   1.4402566772834957 
  1865.0   1.4065509532678027 
  1866.0   1.3437152267267856 
  1867.0   1.401257290798388 
  1868.0   1.3686006119574077 
  1869.0   1.3206727028907865 
  1870.0   1.3811624978605384 
  1871.0   1.389082243066969 
  1872.0   1.4271107218303336 
  1873.0   1.3546379307282825 
  1874.0   1.3855248335363919 
  1875.0   1.3891948164487982 
  1876.0   1.389029249990442 
  1877.0   1.4338066944943553 
  1878.0   1.4068026301448198 
  1879.0   1.3768406170906637 
  1880.0   1.41730952394807 
  1881.0   1.4931296326528258 
  1882.0   1.3776517613521988 
  1883.0   1.4666057641191839 
  1884.0   1.3608811496903623 
  1885.0   1.3616685341566792 
  1886.0   1.3878784936868915 
  1887.0   1.413922032293252 
  1888.0   1.398589634029415 
  1889.0   1.3998763748903926 
  1890.0   1.4130846188381672 
  1891.0   1.3579143434225827 
  1892.0   1.4056510788533656 
  1893.0   1.3907080055865828 
  1894.0   1.4015395157693153 
  1895.0   1.4417025507702794 
  1896.0   1.42821568195132 
  1897.0   1.413713877218599 
  1898.0   1.3925211112049436 
  1899.0   1.3745796289744558 
  1900.0   1.4188351017358327 
  1901.0   1.4406512538469471 
  1902.0   1.4134453211739035 
  1903.0   1.3848897474409063 
  1904.0   1.375886131669668 
  1905.0   1.3802544887105952 
  1906.0   1.428695162236434 
  1907.0   1.3906471975156722 
  1908.0   1.3864867808906822 
  1909.0   1.4353999166949052 
  1910.0   1.398550374020639 
  1911.0   1.3970771635382084 
  1912.0   1.4812238781033915 
  1913.0   1.3127369341613713 
  1914.0   1.3415842921970655 
  1915.0   1.412324698826888 
  1916.0   1.4300828496477818 
  1917.0   1.4096241716538167 
  1918.0   1.5036727131025673 
  1919.0   1.4899422158817404 
  1920.0   1.432674947322286 
  1921.0   1.359670697234758 
  1922.0   1.4921068256180314 
  1923.0   1.397653602391531 
  1924.0   1.4045869742501793 
  1925.0   1.484460917624138 
  1926.0   1.4176906433304213 
  1927.0   1.3657853826207502 
  1928.0   1.3734115454045421 
  1929.0   1.4480420881727403 
  1930.0   1.4231358293617171 
  1931.0   1.4240436084832826 
  1932.0   1.412113816700868 
  1933.0   1.4968826364629069 
  1934.0   1.5409741221379085 
  1935.0   1.4224005829974928 
  1936.0   1.4449697161647284 
  1937.0   1.4375251945573464 
  1938.0   1.5066402661863414 
  1939.0   1.4407902648184876 
  1940.0   1.4815524239704898 
  1941.0   1.4659371026205312 
  1942.0   1.4007963408913375 
  1943.0   1.4975610519684046 
  1944.0   1.4639309575687527 
  1945.0   1.47545401268994 
  1946.0   1.3817840107260542 
  1947.0   1.3457460776536432 
  1948.0   1.4869176409250222 
  1949.0   1.600505470951819 
  1950.0   1.4609020236864512 
  1951.0   1.384087155926284 
  1952.0   1.4377608164330937 
  1953.0   1.5115686661679006 
  1954.0   1.5162301720146891 
  1955.0   1.4174640143238526 
  1956.0   1.42623917869013 
  1957.0   1.377526709679289 
  1958.0   1.4108009274199864 
  1959.0   1.382133887209782 
  1960.0   1.505457767934629 
  1961.0   1.49521469304937 
  1962.0   1.4266120381932952 
  1963.0   1.4246605636442888 
  1964.0   1.4829490603630697 
  1965.0   1.39710856127414 
  1966.0   1.4248680936634428 
  1967.0   1.4649874516431078 
  1968.0   1.427541156952493 
  1969.0   1.447368637530624 
  1970.0   1.4288229415150038 
  1971.0   1.334967381259082 
  1972.0   1.4012482469839682 
  1973.0   1.4148310857680697 
  1974.0   1.4733771657138819 
  1975.0   1.426478345216262 
  1976.0   1.4298963472784945 
  1977.0   1.4554981042984072 
  1978.0   1.5254505898297668 
  1979.0   1.4135002765667308 
  1980.0   1.4900815092162014 
  1981.0   1.444872048855832 
  1982.0   1.4924353303933555 
  1983.0   1.3478616804178072 
  1984.0   1.4431667702067197 
  1985.0   1.4938721092058078 
  1986.0   1.4618191173245174 
  1987.0   1.4819807667286433 
  1988.0   1.395642332380676 
  1989.0   1.458192184443409 
  1990.0   1.4018397813630379 
  1991.0   1.4668084765075273 
  1992.0   1.417974566700865 
  1993.0   1.447693995027397 
  1994.0   1.4579507812227595 
  1995.0   1.5109687760463828 
  1996.0   1.4371938538346443 
  1997.0   1.429447656875581 
  1998.0   1.4890075156768658 
  1999.0   1.5094298967741053 
  2000.0   1.4385090324472956 
  2001.0   1.4573197768433976 
  2002.0   1.4094941175706117 
  2003.0   1.40303579901408 
  2004.0   1.4299710817341011 
  2005.0   1.427681901700545 
  2006.0   1.424899990739717 
  2007.0   1.4547778593362428 
  2008.0   1.3918480715376942 
  2009.0   1.4184097207442075 
  2010.0   1.440442777009886 
  2011.0   1.4410043329275342 
  2012.0   1.42599316864662 
  2013.0   1.4308132422524307 
  2014.0   1.4981896454271768 
