  1850.0   2.5228115642513442 
  1851.0   2.0831698844856583 
  1852.0   2.1081076238890484 
  1853.0   2.047242053552464 
  1854.0   2.5119132874570718 
  1855.0   2.0796618888093326 
  1856.0   2.1183664437040544 
  1857.0   2.1119509803478596 
  1858.0   1.94929656967428 
  1859.0   2.273476981800064 
  1860.0   2.424709579436635 
  1861.0   2.1539113167620485 
  1862.0   2.25562914216571 
  1863.0   2.50697545561959 
  1864.0   2.190871280287874 
  1865.0   2.230533979445967 
  1866.0   2.237935401211629 
  1867.0   1.7338325355070323 
  1868.0   2.707213563638536 
  1869.0   3.1819520231533867 
  1870.0   3.378713113594419 
  1871.0   2.6284663116289897 
  1872.0   1.9342003167992747 
  1873.0   2.5310859826987637 
  1874.0   2.584177230057434 
  1875.0   2.65252115793193 
  1876.0   2.6142633947990976 
  1877.0   2.045947353986966 
  1878.0   2.3214635038844382 
  1879.0   2.0354357945112236 
  1880.0   2.2741221566089846 
  1881.0   2.5373731648255666 
  1882.0   2.514142515480565 
  1883.0   2.7797765259144014 
  1884.0   2.2214118252399193 
  1885.0   2.654845063654971 
  1886.0   2.458817176839223 
  1887.0   2.20095091853247 
  1888.0   1.9774101808236333 
  1889.0   2.3648084565785705 
  1890.0   2.4804364907936893 
  1891.0   1.928132929457187 
  1892.0   2.5360569018867816 
  1893.0   2.977040220753056 
  1894.0   2.943855043932867 
  1895.0   2.841664390333007 
  1896.0   2.4139438919050695 
  1897.0   2.3752899870826396 
  1898.0   2.5724094593191396 
  1899.0   2.149041845732373 
  1900.0   2.3871668388087897 
  1901.0   2.7208968854250917 
  1902.0   2.4535162780379407 
  1903.0   2.7608417265400513 
  1904.0   2.0565125064170875 
  1905.0   2.3120781226105054 
  1906.0   2.0814955623354545 
  1907.0   2.4393178707308474 
  1908.0   2.6581517246110837 
  1909.0   2.0332721369329816 
  1910.0   2.2929919299196095 
  1911.0   2.4457375591734873 
  1912.0   2.3773357670415667 
  1913.0   1.7427934848840116 
  1914.0   2.304138234462908 
  1915.0   2.538883571450536 
  1916.0   2.566894152713528 
  1917.0   2.327344075916192 
  1918.0   2.378726234191374 
  1919.0   2.6058622783872947 
  1920.0   2.17673873404186 
  1921.0   2.3096172568615323 
  1922.0   2.094837218394074 
  1923.0   2.0024508987747915 
  1924.0   1.8192069492581784 
  1925.0   1.7295575001311727 
  1926.0   2.0126673606611285 
  1927.0   2.1988130145766216 
  1928.0   2.164704405411021 
  1929.0   1.8546593159974112 
  1930.0   1.7347263452835502 
  1931.0   2.0483886968137797 
  1932.0   2.133053005076309 
  1933.0   2.166325446350914 
  1934.0   2.2964338987776403 
  1935.0   2.08044134354386 
  1936.0   2.6198488903310384 
  1937.0   2.131715944949459 
  1938.0   2.3033882135037156 
  1939.0   1.9023929551687713 
  1940.0   2.0886240625561108 
  1941.0   2.106153499699651 
  1942.0   2.4912824747959705 
  1943.0   1.6321964909024123 
  1944.0   1.8408558655755547 
  1945.0   2.1278525397466836 
  1946.0   2.1541662692859846 
  1947.0   1.963250593394594 
  1948.0   1.6515894558834863 
  1949.0   1.9506773944157705 
  1950.0   2.0895172614163497 
  1951.0   2.0632484614076256 
  1952.0   2.072119986619678 
  1953.0   1.8956382158229932 
  1954.0   1.8489555991824396 
  1955.0   2.4529605738408042 
  1956.0   2.544246028379007 
  1957.0   2.17314438382639 
  1958.0   1.871818335070143 
  1959.0   2.217036118978044 
  1960.0   2.5210965646559758 
  1961.0   2.219630823763191 
  1962.0   1.8298375936254903 
  1963.0   2.1525837949560906 
  1964.0   2.32065924791065 
  1965.0   2.3180731400772125 
  1966.0   2.44955789378905 
  1967.0   2.5290396138107196 
  1968.0   2.1037303779495455 
  1969.0   2.0458421064518206 
  1970.0   1.9196634828242602 
  1971.0   2.1007773096740854 
  1972.0   1.8122343857700303 
  1973.0   1.8664818222088415 
  1974.0   1.7316859341082405 
  1975.0   1.9645043785428102 
  1976.0   1.8916337311500682 
  1977.0   2.1831617943368484 
  1978.0   1.9251376130229982 
  1979.0   2.2721631336652277 
  1980.0   2.1838532411100426 
  1981.0   1.661994567409279 
  1982.0   1.792946693726619 
  1983.0   1.7986615120134024 
  1984.0   1.784057846506189 
  1985.0   1.8112224703643292 
  1986.0   1.7406391458434722 
  1987.0   2.158668927328715 
  1988.0   1.964427234971932 
  1989.0   2.0699076500272278 
  1990.0   2.461366191563152 
  1991.0   2.780203740343249 
  1992.0   2.726827176268067 
  1993.0   2.1847869099816495 
  1994.0   2.3958898472688945 
  1995.0   2.263421070392227 
  1996.0   2.5830901732524403 
  1997.0   2.7224567204798906 
  1998.0   2.4111442541184696 
  1999.0   1.9672965339531165 
  2000.0   2.2330681327582393 
  2001.0   2.121478943750075 
  2002.0   2.432161619075608 
  2003.0   2.4993525850091705 
  2004.0   2.5791751758304096 
  2005.0   2.51006956228841 
  2006.0   2.5921221459801362 
  2007.0   2.628107639870945 
  2008.0   2.711296639324173 
  2009.0   2.380451001824235 
  2010.0   2.761939412973121 
  2011.0   2.712528231337317 
  2012.0   3.093155624391988 
  2013.0   2.9133748350524775 
  2014.0   2.4641406938001227 
