  1850.0   3.5571020799607245e-06 
  1851.0   3.8905043946898515e-06 
  1852.0   4.2266131078560036e-06 
  1853.0   4.565376950396412e-06 
  1854.0   4.906795517296497e-06 
  1855.0   5.250997545120747e-06 
  1856.0   5.597597301148423e-06 
  1857.0   5.9469806801007726e-06 
  1858.0   7.525104256176892e-05 
  1859.0   0.00011549794230540196 
  1860.0   0.0001090096149206855 
  1861.0   8.640360851862857e-05 
  1862.0   9.52814380203137e-05 
  1863.0   0.00010523887118700753 
  1864.0   0.0001005462428203876 
  1865.0   9.954283406453882e-05 
  1866.0   0.00011888574626688775 
  1867.0   1.1141845056128916e-05 
  1868.0   1.1615126730116621e-05 
  1869.0   1.2091131927405886e-05 
  1870.0   1.2569367272685688e-05 
  1871.0   1.304525951969017e-05 
  1872.0   1.3522220707502649e-05 
  1873.0   1.4000495441824027e-05 
  1874.0   1.448042122757826e-05 
  1875.0   1.4961697075261049e-05 
  1876.0   1.5444557746521294e-05 
  1877.0   1.5928467331544503e-05 
  1878.0   0.00033803518219676704 
  1879.0   0.00031435216637016656 
  1880.0   0.0003349310757226172 
  1881.0   0.0003272350626728936 
  1882.0   0.0004031187411202043 
  1883.0   0.0004346178197151869 
  1884.0   0.0005019846908705663 
  1885.0   0.00044958511300208866 
  1886.0   0.0005240185835262525 
  1887.0   0.0005764635175518003 
  1888.0   0.000650043387874397 
  1889.0   0.0007810995505816809 
  1890.0   0.0008591585162078425 
  1891.0   0.0009265986896934024 
  1892.0   0.001023297582525212 
  1893.0   0.0011067671461908477 
  1894.0   0.0010774667023595026 
  1895.0   0.0013364106440910488 
  1896.0   0.0014416839238061978 
  1897.0   0.0015880932909583903 
  1898.0   0.0017323090497516661 
  1899.0   0.0019039243154151154 
  1900.0   0.0022369089588162193 
  1901.0   0.002579329563380326 
  1902.0   0.002935078611484179 
  1903.0   0.003160732293787655 
  1904.0   0.0036980951189329253 
  1905.0   0.003943977754207652 
  1906.0   0.004459786321065426 
  1907.0   0.0048474353075530635 
  1908.0   0.0054343566935268995 
  1909.0   0.005269139556620323 
  1910.0   0.004991268565003 
  1911.0   0.005221981744254129 
  1912.0   0.005920038594847991 
  1913.0   0.006463639894370403 
  1914.0   0.006452367044332496 
  1915.0   0.006710971986219167 
  1916.0   0.0068057169748184185 
  1917.0   0.007075401296581341 
  1918.0   0.007867766390695459 
  1919.0   0.008561709595517669 
  1920.0   0.007134021952095445 
  1921.0   0.007627597915205989 
  1922.0   0.007510715749533098 
  1923.0   0.007690427264490976 
  1924.0   0.008152961723959814 
  1925.0   0.008060315393518926 
  1926.0   0.00802708654052037 
  1927.0   0.008390852539015899 
  1928.0   0.007905834734775167 
  1929.0   0.008219533086249719 
  1930.0   0.008363236075908342 
  1931.0   0.007794449510565056 
  1932.0   0.0073600051622337015 
  1933.0   0.007271087921074858 
  1934.0   0.008025877019925376 
  1935.0   0.008370772499570966 
  1936.0   0.008289696338134016 
  1937.0   0.009089191580964837 
  1938.0   0.009987178696075752 
  1939.0   0.009850877088502675 
  1940.0   0.010425122986986194 
  1941.0   0.010795386042400823 
  1942.0   0.010788360390378619 
  1943.0   0.009654002649560883 
  1944.0   0.009878362731539992 
  1945.0   0.010796541647255912 
  1946.0   0.011455987780647351 
  1947.0   0.012259550584273653 
  1948.0   0.012946668049707882 
  1949.0   0.014371469210384234 
  1950.0   0.018124506853725898 
  1951.0   0.01915599611033381 
  1952.0   0.02019526229022244 
  1953.0   0.020633131621403244 
  1954.0   0.021583072582143474 
  1955.0   0.023252281378424885 
  1956.0   0.024303062802748077 
  1957.0   0.02702778535085113 
  1958.0   0.028328284424659907 
  1959.0   0.02969848760414112 
  1960.0   0.0326108758022626 
  1961.0   0.034964856699353 
  1962.0   0.03835912066226187 
  1963.0   0.041369902777731726 
  1964.0   0.040830993954578454 
  1965.0   0.044695503823220725 
  1966.0   0.046490583864187425 
  1967.0   0.04694695724587876 
  1968.0   0.05176457231805934 
  1969.0   0.052823622786199356 
  1970.0   0.054210231303708736 
  1971.0   0.05769722694788927 
  1972.0   0.05933104154702015 
  1973.0   0.060061610174863285 
  1974.0   0.06409512873946327 
  1975.0   0.06818753598617137 
  1976.0   0.07179207605673935 
  1977.0   0.07328098752347079 
  1978.0   0.07191654285339907 
  1979.0   0.07770302706503306 
  1980.0   0.0810844120853383 
  1981.0   0.08808859224678192 
  1982.0   0.09467047953304404 
  1983.0   0.10016822269127351 
  1984.0   0.1088314952887508 
  1985.0   0.11550543246816238 
  1986.0   0.1240293238441052 
  1987.0   0.1348375277133617 
  1988.0   0.14305831663401328 
  1989.0   0.15421360457471503 
  1990.0   0.16340226409656045 
  1991.0   0.17230055502237174 
  1992.0   0.18205040976214176 
  1993.0   0.19096006129132154 
  1994.0   0.20311929854110217 
  1995.0   0.21849693596699815 
  1996.0   0.23015921222865143 
  1997.0   0.24054983275731506 
  1998.0   0.24783165718263778 
  1999.0   0.26447856641306583 
  2000.0   0.27515783812156447 
  2001.0   0.2836284426845753 
  2002.0   0.29310671415040745 
  2003.0   0.2991341221939543 
  2004.0   0.3245457634244025 
  2005.0   0.3417824055983648 
  2006.0   0.3647708735990353 
  2007.0   0.3966283801528776 
  2008.0   0.41985917261279726 
  2009.0   0.4675774190554125 
  2010.0   0.49036673896645644 
  2011.0   0.5093118075607636 
  2012.0   0.5465854835506985 
  2013.0   0.5696495918575533 
  2014.0   0.6087807090380143 
