  2015.0   0.9232822515522215 
  2016.0   0.9317800611513646 
  2017.0   0.9277418179775018 
  2018.0   0.9264597072846776 
  2019.0   0.9300189610460738 
  2020.0   0.9310691822332363 
  2021.0   0.9275153460443238 
  2022.0   0.9317247098301086 
  2023.0   0.9267666418868196 
  2024.0   0.9243821739242298 
  2025.0   0.9269604201697907 
  2026.0   0.9271061496208822 
  2027.0   0.9263846050437433 
  2028.0   0.9282721476913418 
  2029.0   0.9350886514745448 
  2030.0   0.9318359533664133 
  2031.0   0.9303973642008972 
  2032.0   0.929803078667717 
  2033.0   0.9277078956736915 
  2034.0   0.9223201646159714 
  2035.0   0.920186795108345 
  2036.0   0.9233835498839895 
  2037.0   0.9251166084549812 
  2038.0   0.9234258004353517 
  2039.0   0.9279426965287205 
  2040.0   0.9241709999787691 
  2041.0   0.9208312757875061 
  2042.0   0.9247018019805385 
  2043.0   0.924315684366492 
  2044.0   0.9214205823647582 
  2045.0   0.9197394102736473 
  2046.0   0.9185968557905627 
  2047.0   0.9108395988595418 
  2048.0   0.9111732637933873 
  2049.0   0.9140976765844518 
  2050.0   0.9084861617120903 
  2051.0   0.9133098675445096 
  2052.0   0.914180008580017 
  2053.0   0.9136114905918058 
  2054.0   0.9182022724552871 
  2055.0   0.9180262626440282 
  2056.0   0.9228878622700121 
  2057.0   0.923655205847477 
  2058.0   0.9220665064815501 
  2059.0   0.923531258901245 
  2060.0   0.9266118814887949 
  2061.0   0.9295166469528269 
  2062.0   0.9294538579182583 
  2063.0   0.9299562709836436 
  2064.0   0.9282830466387977 
  2065.0   0.9301112128900251 
  2066.0   0.9296249238464168 
  2067.0   0.9299176852705813 
  2068.0   0.9325545475446073 
  2069.0   0.91844818486613 
  2070.0   0.9112069518685295 
  2071.0   0.9036829394347137 
  2072.0   0.895402961254105 
  2073.0   0.8863540912230785 
  2074.0   0.8789168419234376 
  2075.0   0.8773647831560313 
  2076.0   0.8843404016622307 
  2077.0   0.8783876555240059 
  2078.0   0.8710099893407208 
  2079.0   0.8677002336572797 
  2080.0   0.8664432239755465 
  2081.0   0.8637278819643106 
  2082.0   0.8643360399016512 
  2083.0   0.8542747771223259 
  2084.0   0.8518242503703519 
  2085.0   0.8434454026867978 
  2086.0   0.8371950525446156 
  2087.0   0.8298126306115551 
  2088.0   0.8177125163688423 
  2089.0   0.8081591838555132 
  2090.0   0.7975967622722714 
  2091.0   0.7891255977462364 
  2092.0   0.7848767387983656 
  2093.0   0.7764183365281354 
  2094.0   0.7697827050005951 
  2095.0   0.7623747034957671 
  2096.0   0.7505655875271356 
  2097.0   0.7424740877232004 
  2098.0   0.7355616277653589 
  2099.0   0.7263180635804428 
  2100.0   0.7134074469465176 
