  2015.0   6.050169264164351 
  2016.0   6.048787393003307 
  2017.0   6.152499485669206 
  2018.0   5.855240389263695 
  2019.0   6.033831920320074 
  2020.0   6.161417691986193 
  2021.0   5.9857665569686445 
  2022.0   6.139512686318528 
  2023.0   6.448849164449007 
  2024.0   6.515959112920447 
  2025.0   6.30579324394686 
  2026.0   6.499161496970916 
  2027.0   6.091513557122823 
  2028.0   6.625156487213735 
  2029.0   6.830205041954718 
  2030.0   6.936481296126867 
  2031.0   6.480135904029072 
  2032.0   6.497589008720815 
  2033.0   6.870248876589324 
  2034.0   6.681428748566263 
  2035.0   6.498034163860721 
  2036.0   7.271858791317229 
  2037.0   7.257859655911716 
  2038.0   7.450075856235544 
  2039.0   7.494330677019084 
  2040.0   7.394898054120386 
  2041.0   7.5508893238532115 
  2042.0   7.107999470615514 
  2043.0   7.4041582255832195 
  2044.0   7.6247112764251055 
  2045.0   6.72214017971925 
  2046.0   7.181782048657413 
  2047.0   6.666859801712587 
  2048.0   7.762180652305695 
  2049.0   7.405545026554016 
  2050.0   7.455591709913405 
  2051.0   7.526685962899754 
  2052.0   7.488988630096107 
  2053.0   7.858969007505949 
  2054.0   7.911277434376399 
  2055.0   7.492649032338038 
  2056.0   7.552993767255874 
  2057.0   8.273480186995538 
  2058.0   7.421469264311097 
  2059.0   7.593619205572298 
  2060.0   8.004833244939457 
  2061.0   7.979453311761584 
  2062.0   8.09888312762118 
  2063.0   8.154545866007668 
  2064.0   7.820880489198561 
  2065.0   8.10293735242897 
  2066.0   7.7573019961475 
  2067.0   7.876269852603981 
  2068.0   7.641945412161898 
  2069.0   7.988419646213508 
  2070.0   7.539911491595668 
  2071.0   7.358283893591047 
  2072.0   7.749555119059781 
  2073.0   7.916658781730507 
  2074.0   7.855947774938161 
  2075.0   7.820976515567741 
  2076.0   7.635762190858958 
  2077.0   7.872370270266035 
  2078.0   7.741260141165349 
  2079.0   7.728040338756582 
  2080.0   7.579962126435254 
  2081.0   8.139495715234036 
  2082.0   7.837968076571123 
  2083.0   7.873879458034794 
  2084.0   7.54113763781705 
  2085.0   7.837899475150544 
  2086.0   7.46751655419524 
  2087.0   7.819927896846946 
  2088.0   7.850253374331795 
  2089.0   7.532495303306647 
  2090.0   7.909062323304187 
  2091.0   8.181462382498806 
  2092.0   7.898570610805136 
  2093.0   7.384349467736988 
  2094.0   7.728628077453453 
  2095.0   7.098048685417045 
  2096.0   7.550030519578781 
  2097.0   7.5253968302520855 
  2098.0   7.721384443533686 
  2099.0   7.7131878712085244 
  2100.0   7.7942080786709 
