  2015.0   9.594235124780383 
  2016.0   10.101845444683338 
  2017.0   9.850794929468016 
  2018.0   9.573584843266756 
  2019.0   10.408717089123146 
  2020.0   10.130247948887538 
  2021.0   10.414500279481198 
  2022.0   9.970479182783409 
  2023.0   9.924957552807681 
  2024.0   9.661875541082766 
  2025.0   10.052839818892487 
  2026.0   10.470638192563115 
  2027.0   10.700257428075918 
  2028.0   10.609861896469983 
  2029.0   10.341424145273422 
  2030.0   10.467542569691785 
  2031.0   10.442811059130321 
  2032.0   10.87845345415356 
  2033.0   10.694665639900755 
  2034.0   10.729548019011979 
  2035.0   9.939180056008556 
  2036.0   10.102323191264217 
  2037.0   10.579308852246896 
  2038.0   10.178135677866115 
  2039.0   10.824952206595352 
  2040.0   10.898961046313385 
  2041.0   10.593167295582985 
  2042.0   10.922665698908466 
  2043.0   11.129668316243311 
  2044.0   10.601807697836188 
  2045.0   10.490524607148371 
  2046.0   11.271378182756502 
  2047.0   10.951185648987218 
  2048.0   11.254352064458057 
  2049.0   10.750999875771559 
  2050.0   10.743811138221343 
  2051.0   10.718736030358906 
  2052.0   11.773048322953066 
  2053.0   10.524952814352968 
  2054.0   10.805629915839004 
  2055.0   10.423557664971163 
  2056.0   10.756084947672242 
  2057.0   11.41642260149455 
  2058.0   11.418608299992693 
  2059.0   10.741290982929229 
  2060.0   10.798950531948496 
  2061.0   11.546205765473573 
  2062.0   11.331190296946968 
  2063.0   11.462624404476525 
  2064.0   10.864018416495286 
  2065.0   11.226627927090288 
  2066.0   11.029482430628073 
  2067.0   11.007584334417839 
  2068.0   11.16617223490445 
  2069.0   10.897138762461568 
  2070.0   10.94220237430033 
  2071.0   10.369337017380305 
  2072.0   10.678204134165894 
  2073.0   11.384063734039675 
  2074.0   11.984719527493043 
  2075.0   11.36548023280757 
  2076.0   11.243854417171685 
  2077.0   11.39619391678607 
  2078.0   11.417925030472343 
  2079.0   12.017345487227388 
  2080.0   10.865737249935549 
  2081.0   11.242599042095343 
  2082.0   11.184830104535282 
  2083.0   11.241175908830874 
  2084.0   11.195275804567562 
  2085.0   11.327864923774852 
  2086.0   10.431701171142583 
  2087.0   11.601505620144884 
  2088.0   11.078711627337412 
  2089.0   11.921912946018528 
  2090.0   11.788285340129278 
  2091.0   12.00892671056923 
  2092.0   11.392298324905633 
  2093.0   11.076076297027189 
  2094.0   10.95701684837138 
  2095.0   10.777464114765976 
  2096.0   11.133795498871706 
  2097.0   11.237983689632072 
  2098.0   11.804752777791313 
  2099.0   10.48329978462375 
  2100.0   11.623741248504901 
