  2015.0   1.4719914585823856e-09 
  2016.0   1.3912751279302537e-09 
  2017.0   1.2722715239304235e-09 
  2018.0   1.4188325439538475e-09 
  2019.0   1.8651567628481527e-09 
  2020.0   1.528194354873551e-09 
  2021.0   1.0379392951328317e-09 
  2022.0   1.4995082780433675e-09 
  2023.0   1.1860813725186856e-09 
  2024.0   8.585111070868594e-10 
  2025.0   1.6597352627183116e-09 
  2026.0   1.7146451785717208e-09 
  2027.0   1.1684716599670802e-09 
  2028.0   1.63023413116568e-09 
  2029.0   1.5456570697471332e-09 
  2030.0   1.6231612182842364e-09 
  2031.0   1.4624944598287455e-09 
  2032.0   1.8430161381114276e-09 
  2033.0   1.496022583545283e-09 
  2034.0   1.1872203001219352e-09 
  2035.0   1.2783237655841716e-09 
  2036.0   1.2792120464695437e-09 
  2037.0   1.2909596487590144e-09 
  2038.0   1.5234200471694073e-09 
  2039.0   1.6471806758446828e-09 
  2040.0   1.9954618088946452e-09 
  2041.0   1.7386787026055625e-09 
  2042.0   2.0087315325855374e-09 
  2043.0   1.5916607254452633e-09 
  2044.0   1.0989490788962493e-09 
  2045.0   1.2291125071715875e-09 
  2046.0   1.9506731467479605e-09 
  2047.0   1.6465361970852531e-09 
  2048.0   1.1669591827558988e-09 
  2049.0   1.9021848420463247e-09 
  2050.0   1.8347024536143868e-09 
  2051.0   1.3693116973851417e-09 
  2052.0   1.9420116812669173e-09 
  2053.0   1.2479780428476483e-09 
  2054.0   1.3941319780882356e-09 
  2055.0   7.418378988463352e-10 
  2056.0   7.304380086508816e-10 
  2057.0   1.5011618304751175e-09 
  2058.0   2.2177224479512134e-09 
  2059.0   1.181139134151062e-09 
  2060.0   1.5293153543814814e-09 
  2061.0   1.6535127124168206e-09 
  2062.0   1.678636914495591e-09 
  2063.0   1.4027352184000216e-09 
  2064.0   1.1637763596749976e-09 
  2065.0   1.2961528385071948e-09 
  2066.0   1.0496526986946468e-09 
  2067.0   1.2626131443106284e-09 
  2068.0   8.384277155796925e-10 
  2069.0   6.101465648392888e-10 
  2070.0   9.301881204194816e-10 
  2071.0   7.819540912585724e-10 
  2072.0   1.2264209796376149e-09 
  2073.0   1.3612892009274799e-09 
  2074.0   1.183139058850522e-09 
  2075.0   5.626387208458967e-10 
  2076.0   9.93868406973371e-10 
  2077.0   5.445897025894282e-10 
  2078.0   1.274464901285351e-09 
  2079.0   1.176407779694689e-09 
  2080.0   7.060831108294879e-10 
  2081.0   5.194353221950179e-10 
  2082.0   7.368183555217884e-10 
  2083.0   6.671165647611548e-10 
  2084.0   4.4795208178974624e-10 
  2085.0   4.726759464977743e-10 
  2086.0   -1.0949456767457987e-10 
  2087.0   9.352055594262073e-10 
  2088.0   1.107818751377021e-09 
  2089.0   1.235283739608863e-09 
  2090.0   8.60272731616759e-10 
  2091.0   5.799576535937311e-10 
  2092.0   7.593052935507303e-10 
  2093.0   3.684283265904662e-11 
  2094.0   2.1578835494232943e-10 
  2095.0   2.7130632586540177e-10 
  2096.0   2.0278726755179948e-10 
  2097.0   6.978410778821011e-10 
  2098.0   8.603990258661749e-10 
  2099.0   -3.28951393058675e-10 
  2100.0   5.102719950791645e-10 
