  2015.0   59.552284251988425 
  2016.0   59.67168230444843 
  2017.0   60.01619594950012 
  2018.0   60.57202806716755 
  2019.0   61.00251992252016 
  2020.0   61.36191025070096 
  2021.0   61.657681678412544 
  2022.0   61.99919853302448 
  2023.0   62.28782789643766 
  2024.0   62.39245020598767 
  2025.0   62.56771538735268 
  2026.0   62.69995676647142 
  2027.0   62.927245559524174 
  2028.0   63.21000111808906 
  2029.0   63.33055169204741 
  2030.0   63.51695801014455 
  2031.0   63.935301553013495 
  2032.0   64.39779856787943 
  2033.0   64.84094624197594 
  2034.0   65.26773526772008 
  2035.0   65.74931604425649 
  2036.0   66.22551821925627 
  2037.0   66.49275404538264 
  2038.0   66.71801597199963 
  2039.0   66.9860201929001 
  2040.0   67.39148841070082 
  2041.0   67.84897109977229 
  2042.0   68.57819474590941 
  2043.0   68.8201402891826 
  2044.0   69.0826593340804 
  2045.0   69.43079442610485 
  2046.0   69.67429661144318 
  2047.0   69.87706700558951 
  2048.0   70.47418647426184 
  2049.0   70.99842892126536 
  2050.0   71.2075337989921 
  2051.0   71.59453525186674 
  2052.0   72.14626746496883 
  2053.0   72.27530109332675 
  2054.0   72.3560919685257 
  2055.0   72.58177842808486 
  2056.0   72.55757415733001 
  2057.0   72.72115515855462 
  2058.0   72.80346569006312 
  2059.0   72.98646974279303 
  2060.0   73.1009764380176 
  2061.0   73.11004595681769 
  2062.0   73.29512229111967 
  2063.0   73.51922096467649 
  2064.0   73.70604102122851 
  2065.0   73.81801581902803 
  2066.0   74.08770637795094 
  2067.0   74.49264717168795 
  2068.0   74.98989184808259 
  2069.0   75.31710916515982 
  2070.0   75.3679161953256 
  2071.0   75.35093380705257 
  2072.0   75.38616713436704 
  2073.0   75.64424498531145 
  2074.0   75.95723738508303 
  2075.0   76.34826610261511 
  2076.0   76.64152681645695 
  2077.0   76.80612937234501 
  2078.0   77.04487332506697 
  2079.0   76.85879915012084 
  2080.0   76.79581621762217 
  2081.0   77.10047159580317 
  2082.0   77.44692759540396 
  2083.0   77.58171941196638 
  2084.0   77.49728651473356 
  2085.0   77.53820592156572 
  2086.0   77.79745002707537 
  2087.0   77.9972269389549 
  2088.0   77.96394418004665 
  2089.0   78.14887722465828 
  2090.0   78.42967165438284 
  2091.0   78.56273263805213 
  2092.0   78.83374651891994 
  2093.0   78.96204999094597 
  2094.0   78.93505038976598 
  2095.0   79.24139919971395 
  2096.0   79.47081838984955 
  2097.0   79.53420946409639 
  2098.0   79.65130044325612 
  2099.0   79.88165779787406 
  2100.0   80.09655408600369 
