  2015.0   2.6279393283596453 
  2016.0   2.7259930453743273 
  2017.0   2.7399725096855114 
  2018.0   2.593334268307353 
  2019.0   2.755733854248258 
  2020.0   2.6672302559010554 
  2021.0   2.7059856186798874 
  2022.0   2.782082634961642 
  2023.0   2.7741238877307466 
  2024.0   2.7219233028132246 
  2025.0   2.7764488724138006 
  2026.0   2.958005052891765 
  2027.0   2.7611128621108514 
  2028.0   2.816419386661755 
  2029.0   2.9871515572127456 
  2030.0   2.884251481569006 
  2031.0   2.8459331202530205 
  2032.0   3.010437435106064 
  2033.0   2.8208432742148783 
  2034.0   2.8546994493820526 
  2035.0   2.943332780447097 
  2036.0   2.918531439382933 
  2037.0   2.8332496381730854 
  2038.0   2.884879923099974 
  2039.0   2.97766243548539 
  2040.0   3.1011959695707767 
  2041.0   3.1065020987753615 
  2042.0   2.882384624435631 
  2043.0   3.018088265343313 
  2044.0   2.9464670399054245 
  2045.0   3.086775858970499 
  2046.0   3.1724492249682545 
  2047.0   3.048683920700161 
  2048.0   2.9918487730681735 
  2049.0   3.107104725592089 
  2050.0   2.962335514345587 
  2051.0   3.0074229472064795 
  2052.0   3.1382872364696666 
  2053.0   2.9730531538352274 
  2054.0   3.1176084062559606 
  2055.0   3.009381488745935 
  2056.0   3.0118714011988 
  2057.0   3.0054072045872444 
  2058.0   2.9601519768962494 
  2059.0   3.123669301195974 
  2060.0   3.231572217869935 
  2061.0   3.0325067073633565 
  2062.0   2.9669023531570384 
  2063.0   3.2657533783410235 
  2064.0   3.003935687405202 
  2065.0   3.0814292854225136 
  2066.0   3.0145039125978603 
  2067.0   3.3518365353321014 
  2068.0   3.1617109212621908 
  2069.0   2.9047903248126046 
  2070.0   3.1034339798705473 
  2071.0   3.1474242123614125 
  2072.0   3.0619653653595886 
  2073.0   3.068366207396758 
  2074.0   3.1146885647617615 
  2075.0   3.0623820221967963 
  2076.0   3.032436931114126 
  2077.0   2.971322741286962 
  2078.0   3.115833408321667 
  2079.0   3.0604459492474696 
  2080.0   3.0345867019792614 
  2081.0   3.0669425063556854 
  2082.0   2.998879089671655 
  2083.0   3.029465711159379 
  2084.0   3.068518216470537 
  2085.0   3.085120866302215 
  2086.0   3.2194608078930234 
  2087.0   3.09751614064318 
  2088.0   3.000787653734053 
  2089.0   3.198789199371298 
  2090.0   3.11659555805172 
  2091.0   2.858265426075845 
  2092.0   3.1862884084295957 
  2093.0   2.9179085458122223 
  2094.0   2.967859321955458 
  2095.0   3.1501244432103253 
  2096.0   2.9977502901444284 
  2097.0   2.858622758770993 
  2098.0   3.135851851152635 
  2099.0   3.0170300695320114 
  2100.0   3.0538051132841884 
