  2015.0   0.6208654884919849 
  2016.0   0.6220653472916184 
  2017.0   0.625603482456227 
  2018.0   0.6314786393622744 
  2019.0   0.635820091640895 
  2020.0   0.6394469360807151 
  2021.0   0.6422104019716907 
  2022.0   0.6443784045640697 
  2023.0   0.646144519657286 
  2024.0   0.6475483681332446 
  2025.0   0.648739548982853 
  2026.0   0.6496769917137297 
  2027.0   0.6503358621693498 
  2028.0   0.6508071498871171 
  2029.0   0.6512073301320541 
  2030.0   0.6515170115295023 
  2031.0   0.6519477109960198 
  2032.0   0.6528446242980414 
  2033.0   0.6548845582315382 
  2034.0   0.6572987464100609 
  2035.0   0.659219289976 
  2036.0   0.6606226558228767 
  2037.0   0.6617200731337088 
  2038.0   0.6623440572556487 
  2039.0   0.6623515007117986 
  2040.0   0.6620608309778949 
  2041.0   0.6617831371598596 
  2042.0   0.6617270155263346 
  2043.0   0.6617815078819668 
  2044.0   0.6618142259830213 
  2045.0   0.6618357711896201 
  2046.0   0.6619398537858324 
  2047.0   0.6620142710167805 
  2048.0   0.6620397491978708 
  2049.0   0.6618229507446718 
  2050.0   0.6622419891429808 
  2051.0   0.6636566746144414 
  2052.0   0.6653069719547507 
  2053.0   0.6667156588709724 
  2054.0   0.6678901819361958 
  2055.0   0.6683429274333532 
  2056.0   0.668382762789805 
  2057.0   0.6681555454153512 
  2058.0   0.6678263239425837 
  2059.0   0.667656615411243 
  2060.0   0.6672048550695863 
  2061.0   0.6665991319774774 
  2062.0   0.6660932072033418 
  2063.0   0.6662462259956348 
  2064.0   0.6669590086487495 
  2065.0   0.6673734504444493 
  2066.0   0.6671754928520213 
  2067.0   0.6668314352473108 
  2068.0   0.6670239038686735 
  2069.0   0.6666651228970424 
  2070.0   0.664385659823751 
  2071.0   0.6610866094418806 
  2072.0   0.6570835886924503 
  2073.0   0.6522848259872133 
  2074.0   0.6482316358194331 
  2075.0   0.645155440004404 
  2076.0   0.6420426656477497 
  2077.0   0.6386549365925102 
  2078.0   0.6350427245792749 
  2079.0   0.6309747594848901 
  2080.0   0.6260286585700214 
  2081.0   0.6204427665900017 
  2082.0   0.6151022837045433 
  2083.0   0.6097872412731262 
  2084.0   0.6042451305835663 
  2085.0   0.5981681956328886 
  2086.0   0.591791817466917 
  2087.0   0.5856501587372417 
  2088.0   0.579734749038865 
  2089.0   0.5740175409650775 
  2090.0   0.5684076168449985 
  2091.0   0.5627604759590245 
  2092.0   0.5572117948104427 
  2093.0   0.5517688808889558 
  2094.0   0.5465299229044188 
  2095.0   0.5410159935432174 
  2096.0   0.5351920984006031 
  2097.0   0.5296934848198469 
  2098.0   0.5240628861568875 
  2099.0   0.5187566184322268 
  2100.0   0.5022980708989021 
