  2015.0   1.2787935867610367 
  2016.0   1.3318754925664333 
  2017.0   1.3641425139014736 
  2018.0   1.3744932142525803 
  2019.0   1.3514507302885863 
  2020.0   1.3163457943058978 
  2021.0   1.2949625696754414 
  2022.0   1.2952385198094587 
  2023.0   1.3200417663048403 
  2024.0   1.3513031794399375 
  2025.0   1.3589861942363148 
  2026.0   1.3093165037301453 
  2027.0   1.3515294362813604 
  2028.0   1.3539868559629584 
  2029.0   1.3242715108464176 
  2030.0   1.369418882278651 
  2031.0   1.4200944615554274 
  2032.0   1.3370564664213576 
  2033.0   1.4375107560513642 
  2034.0   1.419739067963037 
  2035.0   1.4717950507020272 
  2036.0   1.4673833237410656 
  2037.0   1.5246092778767362 
  2038.0   1.5182943219801124 
  2039.0   1.5417773299003819 
  2040.0   1.5389397627529486 
  2041.0   1.5301963813148705 
  2042.0   1.467129187143972 
  2043.0   1.424922322672572 
  2044.0   1.4200970571672413 
  2045.0   1.4637561684635183 
  2046.0   1.4924619713326193 
  2047.0   1.4453230030131823 
  2048.0   1.473681173564886 
  2049.0   1.484736084286738 
  2050.0   1.4727168552476921 
  2051.0   1.5190030459970534 
  2052.0   1.5231656466909476 
  2053.0   1.465344601009414 
  2054.0   1.491793959496589 
  2055.0   1.5124979237737766 
  2056.0   1.5542144378889042 
  2057.0   1.4924156490697804 
  2058.0   1.494796449162153 
  2059.0   1.517831693376148 
  2060.0   1.5447975003324037 
  2061.0   1.520952464078346 
  2062.0   1.4993102179373896 
  2063.0   1.5307777893954824 
  2064.0   1.486954355404338 
  2065.0   1.5113329562884952 
  2066.0   1.5487819822697417 
  2067.0   1.5332668263718245 
  2068.0   1.5497204117446426 
  2069.0   1.5099776147676411 
  2070.0   1.4986740214921015 
  2071.0   1.496860422715591 
  2072.0   1.4944156029519748 
  2073.0   1.5074561437620793 
  2074.0   1.529311656432532 
  2075.0   1.5418252085298345 
  2076.0   1.5525999326282083 
  2077.0   1.5472370866045895 
  2078.0   1.514493471389938 
  2079.0   1.513905850688306 
  2080.0   1.4686208363649067 
  2081.0   1.4635874800216007 
  2082.0   1.4260445361335752 
  2083.0   1.4642685231941936 
  2084.0   1.4798696863206775 
  2085.0   1.5309488397483684 
  2086.0   1.5511114038774045 
  2087.0   1.5425408456736478 
  2088.0   1.5076191790954225 
  2089.0   1.5192584689481006 
  2090.0   1.5449581394981347 
  2091.0   1.5195322877533715 
  2092.0   1.5493851575639235 
  2093.0   1.5327120920795205 
  2094.0   1.523421738354396 
  2095.0   1.4865212028690264 
  2096.0   1.5060809150418288 
  2097.0   1.5615180026421371 
  2098.0   1.5730835772466933 
  2099.0   1.574865944569314 
  2100.0   1.5348400895257697 
