  2015.0   0.10384365139005969 
  2016.0   0.25646924764258233 
  2017.0   0.22666197974600802 
  2018.0   0.4269101429002995 
  2019.0   0.3685852118151325 
  2020.0   0.37199397645511106 
  2021.0   0.29211581671353715 
  2022.0   0.4939131612202467 
  2023.0   0.5043108989475739 
  2024.0   0.252994599940679 
  2025.0   0.32698816421818094 
  2026.0   0.4506011094366019 
  2027.0   0.423199856723016 
  2028.0   0.6970851580815252 
  2029.0   0.908263764802458 
  2030.0   0.45610847456404147 
  2031.0   0.6057429661726242 
  2032.0   0.6049513646401941 
  2033.0   0.4144742679537378 
  2034.0   0.37361087769953394 
  2035.0   0.6028026524131238 
  2036.0   0.6028198422399152 
  2037.0   0.7319472098282327 
  2038.0   0.5770961704310088 
  2039.0   0.42387610497128014 
  2040.0   0.6593253218123429 
  2041.0   0.36313811745685537 
  2042.0   0.5364012781742297 
  2043.0   0.6619218262216782 
  2044.0   0.4107887252231223 
  2045.0   0.8169517439114672 
  2046.0   0.5130507592605581 
  2047.0   0.5620385615765743 
  2048.0   0.31403674894943595 
  2049.0   0.47547938820525315 
  2050.0   0.6705690198900109 
  2051.0   0.214591135498343 
  2052.0   0.3646739039474159 
  2053.0   0.5099731007602867 
  2054.0   0.4934678948662657 
  2055.0   0.6079925865176405 
  2056.0   0.5006553484508062 
  2057.0   0.6211306565370756 
  2058.0   0.4451647310002178 
  2059.0   0.2607708961988498 
  2060.0   0.6601737934720726 
  2061.0   0.4086057710767227 
  2062.0   0.6531705254633522 
  2063.0   0.49105196440269056 
  2064.0   0.7189442750081806 
  2065.0   0.615265842690031 
  2066.0   -0.09802411161494207 
  2067.0   0.3418910970202241 
  2068.0   0.4300064179968644 
  2069.0   0.40082896736209644 
  2070.0   0.5087212840426902 
  2071.0   0.4904926903806181 
  2072.0   0.3365141902898961 
  2073.0   0.7864887270688445 
  2074.0   0.7627885220646405 
  2075.0   0.4485839770456796 
  2076.0   0.45869602952209115 
  2077.0   0.5339418195893051 
  2078.0   0.36497268835474705 
  2079.0   0.17958929303621674 
  2080.0   0.36744571085471894 
  2081.0   0.49831774244299554 
  2082.0   0.5412062659342467 
  2083.0   0.6492491520501176 
  2084.0   0.8708612177887746 
  2085.0   0.42948041641614915 
  2086.0   0.4140067561919627 
  2087.0   0.3021705709513341 
  2088.0   0.27808785903744004 
  2089.0   0.43628467817866107 
  2090.0   0.15952939641315106 
  2091.0   -0.014957402475003179 
  2092.0   0.08786198567863157 
  2093.0   0.3790601174332782 
  2094.0   0.43137737549302846 
  2095.0   0.4404259103364503 
  2096.0   0.09865034899084803 
  2097.0   0.30863660165083195 
  2098.0   0.24797619501741774 
  2099.0   0.05016732631236033 
  2100.0   0.19040657422349905 
