  2015.0   1.0085384915659893e-11 
  2016.0   5.0917940800571476e-12 
  2017.0   5.145849167098114e-12 
  2018.0   5.193708999288027e-12 
  2019.0   5.2657676969981466e-12 
  2020.0   5.30857518667471e-12 
  2021.0   5.268590811111035e-12 
  2022.0   4.5492611396478595e-12 
  2023.0   4.75149335803129e-12 
  2024.0   4.76094022598599e-12 
  2025.0   4.8312294541211324e-12 
  2026.0   4.73595161374454e-12 
  2027.0   4.7527070927208455e-12 
  2028.0   4.826421446178426e-12 
  2029.0   4.908942323508387e-12 
  2030.0   4.982779669210955e-12 
  2031.0   5.784522146913079e-12 
  2032.0   5.939305499785895e-12 
  2033.0   6.0164134661632204e-12 
  2034.0   6.081127059898058e-12 
  2035.0   6.255084843657018e-12 
  2036.0   8.379067112918902e-12 
  2037.0   8.484204720513234e-12 
  2038.0   8.748164396130062e-12 
  2039.0   9.020582295674272e-12 
  2040.0   9.287306383825519e-12 
  2041.0   1.0349409740793884e-11 
  2042.0   1.0850906329313022e-11 
  2043.0   1.1215799282707076e-11 
  2044.0   1.1709184976207087e-11 
  2045.0   1.2260135117447744e-11 
  2046.0   1.2104313028538448e-11 
  2047.0   1.2445167970524327e-11 
  2048.0   1.2682917384803596e-11 
  2049.0   1.2960100103540082e-11 
  2050.0   1.3346522935666093e-11 
  2051.0   1.3942212476419792e-11 
  2052.0   1.409618135912292e-11 
  2053.0   1.4271665200650634e-11 
  2054.0   1.4457161909476007e-11 
  2055.0   1.462276426721048e-11 
  2056.0   1.8992078744717373e-11 
  2057.0   1.9482566205841212e-11 
  2058.0   2.0026221099197374e-11 
  2059.0   2.038769534492637e-11 
  2060.0   2.1624270815733268e-11 
  2061.0   2.383033286789809e-11 
  2062.0   2.4469069696373996e-11 
  2063.0   2.503972768617024e-11 
  2064.0   2.5674786824657838e-11 
  2065.0   2.61997525470619e-11 
  2066.0   2.170243687285859e-11 
  2067.0   2.1820242111686472e-11 
  2068.0   2.1935336195243078e-11 
  2069.0   2.1975212343722796e-11 
  2070.0   2.2066904636796875e-11 
  2071.0   2.873942780081187e-11 
  2072.0   2.920648160540192e-11 
  2073.0   3.031556555540731e-11 
  2074.0   3.0869246789899624e-11 
  2075.0   3.143873489909816e-11 
  2076.0   4.8335575892938036e-11 
  2077.0   5.011021458314326e-11 
  2078.0   5.213343527142833e-11 
  2079.0   5.3872537160833154e-11 
  2080.0   5.5628220750095334e-11 
  2081.0   4.9855706956693514e-11 
  2082.0   5.083762822931739e-11 
  2083.0   5.1822374448123096e-11 
  2084.0   5.2957249158430845e-11 
  2085.0   5.4025210647366844e-11 
  2086.0   3.381257636034398e-11 
  2087.0   3.260429896463388e-11 
  2088.0   3.149344629261515e-11 
  2089.0   3.0296981389589276e-11 
  2090.0   2.9127554462328587e-11 
  2091.0   2.5022222128121673e-11 
  2092.0   2.4005310184538686e-11 
  2093.0   2.2956702030604507e-11 
  2094.0   2.1893911784941617e-11 
  2095.0   2.083059126973983e-11 
  2096.0   1.337230025970388e-11 
  2097.0   1.2961452911454724e-11 
  2098.0   1.2568803803878352e-11 
  2099.0   1.2178571977374059e-11 
  2100.0   1.1742866827322564e-11 
