  2015.0   1.5790334409755404 
  2016.0   1.5720730290454015 
  2017.0   1.6176046625555975 
  2018.0   1.5968225836597896 
  2019.0   1.5726923944217222 
  2020.0   1.645020381986599 
  2021.0   1.5752637317378724 
  2022.0   1.5596677426960053 
  2023.0   1.635498386214273 
  2024.0   1.6318310487602345 
  2025.0   1.5758390769991084 
  2026.0   1.66290614669671 
  2027.0   1.510653151903151 
  2028.0   1.5746780727587772 
  2029.0   1.712660528984996 
  2030.0   1.6247528728804408 
  2031.0   1.5625032321474215 
  2032.0   1.6125019195360155 
  2033.0   1.6245975988259858 
  2034.0   1.6751586172474904 
  2035.0   1.672694264600659 
  2036.0   1.7202874666415233 
  2037.0   1.6556975027034544 
  2038.0   1.700625807041913 
  2039.0   1.570251633374116 
  2040.0   1.5314404521957496 
  2041.0   1.6850221424897667 
  2042.0   1.6763404334409207 
  2043.0   1.6835605380197858 
  2044.0   1.7181042105785382 
  2045.0   1.665448533792991 
  2046.0   1.644253754675544 
  2047.0   1.6848293847059783 
  2048.0   1.7303380711492775 
  2049.0   1.72870336687273 
  2050.0   1.692149474461306 
  2051.0   1.6813159889789084 
  2052.0   1.752854116765894 
  2053.0   1.7850207460523717 
  2054.0   1.690509717714203 
  2055.0   1.7650795294347636 
  2056.0   1.71230506588661 
  2057.0   1.7281904008544087 
  2058.0   1.7967082385582762 
  2059.0   1.8109786269121588 
  2060.0   1.7929987898466955 
  2061.0   1.825628608350312 
  2062.0   1.748937008013801 
  2063.0   1.6233326318625119 
  2064.0   1.7098754910923513 
  2065.0   1.7089741531671072 
  2066.0   1.7605189822949479 
  2067.0   1.726468717988962 
  2068.0   1.7895194601947908 
  2069.0   1.773424250892566 
  2070.0   1.6482520650687307 
  2071.0   1.743356208477223 
  2072.0   1.6312437516637497 
  2073.0   1.785218564911212 
  2074.0   1.7756405922359406 
  2075.0   1.7424302126396798 
  2076.0   1.7441474732070839 
  2077.0   1.7370458009846796 
  2078.0   1.7284274989516148 
  2079.0   1.6929159407829824 
  2080.0   1.717535229764601 
  2081.0   1.7586548619828506 
  2082.0   1.7809078544490917 
  2083.0   1.7581934383101472 
  2084.0   1.7466475689531853 
  2085.0   1.8134354279033946 
  2086.0   1.7280118281647934 
  2087.0   1.8484139414267011 
  2088.0   1.8503177635132333 
  2089.0   1.830205492164926 
  2090.0   1.772152668115274 
  2091.0   1.7845182138373965 
  2092.0   1.7533399011310022 
  2093.0   1.8095216037558794 
  2094.0   1.917815372507738 
  2095.0   1.7389890064273426 
  2096.0   1.946926769959148 
  2097.0   1.7934122912796897 
  2098.0   1.869677372665714 
  2099.0   1.8707737263216864 
  2100.0   1.8528746646161283 
