  2015.0   310.41340025081945 
  2016.0   310.32269960976066 
  2017.0   310.60374463810524 
  2018.0   311.0277609941772 
  2019.0   311.4944714463191 
  2020.0   311.96142331958873 
  2021.0   312.41057034337206 
  2022.0   312.9331153218154 
  2023.0   313.51230294273995 
  2024.0   313.9807976994825 
  2025.0   314.4016673141419 
  2026.0   314.7381830887117 
  2027.0   315.07428221973134 
  2028.0   315.5452279181059 
  2029.0   316.15514673617764 
  2030.0   316.53069515913825 
  2031.0   316.8406465966327 
  2032.0   317.434501095849 
  2033.0   317.9725957188438 
  2034.0   318.31372434776034 
  2035.0   318.5817125963911 
  2036.0   319.0917373709028 
  2037.0   319.6162733589099 
  2038.0   320.05406527799107 
  2039.0   320.2314324205906 
  2040.0   320.3851100377464 
  2041.0   320.75340278097553 
  2042.0   321.09815385502753 
  2043.0   321.3649850767933 
  2044.0   321.80843911529485 
  2045.0   322.0744151164354 
  2046.0   322.25174715405376 
  2047.0   322.47756561754665 
  2048.0   322.8497536373152 
  2049.0   323.3156325344257 
  2050.0   323.70925884207963 
  2051.0   323.9838491058244 
  2052.0   324.27537470375074 
  2053.0   324.59879015019095 
  2054.0   325.0439283767969 
  2055.0   325.4453101699607 
  2056.0   325.65591097684023 
  2057.0   325.6759923727356 
  2058.0   325.8511952699375 
  2059.0   326.2277215265354 
  2060.0   326.61807675469873 
  2061.0   326.96932350736904 
  2062.0   327.14122527720525 
  2063.0   327.1665910909899 
  2064.0   327.2572619198133 
  2065.0   327.2929782564923 
  2066.0   327.40465186992276 
  2067.0   327.6671137451871 
  2068.0   327.85672248711285 
  2069.0   327.955944544209 
  2070.0   328.305465584934 
  2071.0   328.8401895993711 
  2072.0   329.19418228422626 
  2073.0   329.2030135359495 
  2074.0   329.2159740965776 
  2075.0   329.2283316930853 
  2076.0   329.4077661750994 
  2077.0   329.6324395312235 
  2078.0   329.98563599029325 
  2079.0   330.2873015647694 
  2080.0   330.45234634475685 
  2081.0   330.86221699931724 
  2082.0   331.1136110502133 
  2083.0   331.07201075742694 
  2084.0   331.2047167090436 
  2085.0   331.2917635658136 
  2086.0   331.2764522406137 
  2087.0   331.24281182440893 
  2088.0   331.31603411374385 
  2089.0   331.4732074365482 
  2090.0   331.7136668213456 
  2091.0   331.8334214262671 
  2092.0   331.97372351110494 
  2093.0   332.26722245371485 
  2094.0   332.5153218272167 
  2095.0   332.68047055293016 
  2096.0   332.810204840594 
  2097.0   332.9975654640178 
  2098.0   333.2002276416518 
  2099.0   333.3267909958143 
  2100.0   333.5083839984083 
