  2015.0   0.32867495239653016 
  2016.0   0.5471408950237973 
  2017.0   0.31552593470683415 
  2018.0   0.23492024587230287 
  2019.0   0.4591594832260586 
  2020.0   0.39455989273372516 
  2021.0   0.38467039917896545 
  2022.0   0.2625160220919592 
  2023.0   0.34293538944496 
  2024.0   0.3933919160586306 
  2025.0   0.3624284319977299 
  2026.0   0.4712723870962883 
  2027.0   0.05391140263659591 
  2028.0   0.5118601890015784 
  2029.0   0.6624817073837226 
  2030.0   0.5799422696899852 
  2031.0   0.40941423896092655 
  2032.0   0.44505486280328893 
  2033.0   0.5402894095356864 
  2034.0   0.5732917567762611 
  2035.0   0.3338904315423238 
  2036.0   0.5181960194272339 
  2037.0   0.6321324639096304 
  2038.0   0.8424071366371257 
  2039.0   0.5951028401056837 
  2040.0   0.6519592054346635 
  2041.0   0.9185124730115469 
  2042.0   0.5520925247283095 
  2043.0   0.7660804229224752 
  2044.0   1.020585658942643 
  2045.0   0.44844299205536226 
  2046.0   0.3972340727367488 
  2047.0   0.2700558894447815 
  2048.0   0.8792272157339955 
  2049.0   0.6232359812119296 
  2050.0   0.6172325613735754 
  2051.0   0.5689243483873454 
  2052.0   0.6501559254702528 
  2053.0   0.6486330692471993 
  2054.0   0.5859060359084027 
  2055.0   0.6414197267046947 
  2056.0   0.5012612516652313 
  2057.0   0.8959642180189107 
  2058.0   0.6334318880340262 
  2059.0   0.5164398859387763 
  2060.0   0.6457301659867922 
  2061.0   0.6365900772596649 
  2062.0   0.7644120096208815 
  2063.0   0.6782753137709302 
  2064.0   0.5637429334537364 
  2065.0   0.8271369095178099 
  2066.0   0.6549301476652108 
  2067.0   0.6699903788427628 
  2068.0   0.6418136858010874 
  2069.0   0.6244895437875992 
  2070.0   0.45284982175894173 
  2071.0   0.36459225646822535 
  2072.0   0.6702775477152412 
  2073.0   0.5368599246645194 
  2074.0   0.47746150939901555 
  2075.0   0.48528943468084484 
  2076.0   0.20442969753086077 
  2077.0   0.40015953182090164 
  2078.0   0.4225388799487082 
  2079.0   0.3533278911361459 
  2080.0   0.3762977676468504 
  2081.0   0.5770608349884643 
  2082.0   0.47064772839950836 
  2083.0   0.48173732515814177 
  2084.0   0.36017695363133645 
  2085.0   0.288760739453749 
  2086.0   -0.008670358014267307 
  2087.0   0.41040694309690134 
  2088.0   0.37852748848137147 
  2089.0   0.2147525898150016 
  2090.0   0.4760170938654655 
  2091.0   0.45759826532922787 
  2092.0   0.40273229987081927 
  2093.0   -0.1039105637120933 
  2094.0   0.289825528950106 
  2095.0   0.0898894995476727 
  2096.0   0.42794082018614393 
  2097.0   0.26670263621544577 
  2098.0   0.3021964860369171 
  2099.0   0.15922403714697417 
  2100.0   0.2540521224401666 
