  2015.0   8.272960323554745 
  2016.0   8.465008921734382 
  2017.0   8.484782938187326 
  2018.0   8.410046964327883 
  2019.0   8.486301407797008 
  2020.0   8.5860750460281 
  2021.0   8.601465892569491 
  2022.0   8.442892876705193 
  2023.0   8.223325754730626 
  2024.0   8.322054637192045 
  2025.0   8.554103542894746 
  2026.0   8.70032137350836 
  2027.0   8.646137866822993 
  2028.0   8.700823157138736 
  2029.0   8.702655154628609 
  2030.0   8.611677307804639 
  2031.0   8.641353999523623 
  2032.0   8.77623302327397 
  2033.0   8.846135292672736 
  2034.0   9.053310693012603 
  2035.0   9.233205150226052 
  2036.0   9.366622779360377 
  2037.0   9.258522073543627 
  2038.0   9.216070864654515 
  2039.0   9.089352962828253 
  2040.0   9.146942803778543 
  2041.0   9.145491607583402 
  2042.0   9.031074895060295 
  2043.0   9.185917597906785 
  2044.0   9.37078618857457 
  2045.0   9.488789116379111 
  2046.0   9.593439667679784 
  2047.0   9.58883988559899 
  2048.0   9.747749253022517 
  2049.0   10.06139208472284 
  2050.0   10.189133816018467 
  2051.0   10.25173840642296 
  2052.0   10.20233243852123 
  2053.0   10.238915591001195 
  2054.0   10.38590937065352 
  2055.0   10.414883143424179 
  2056.0   10.289914787813036 
  2057.0   10.25766167582278 
  2058.0   10.337099611655049 
  2059.0   10.286458592003997 
  2060.0   10.357979153466193 
  2061.0   10.312909065329126 
  2062.0   10.439513461905701 
  2063.0   10.486443125661777 
  2064.0   10.45388896188442 
  2065.0   10.387479262238697 
  2066.0   10.527950391291816 
  2067.0   10.744576934227828 
  2068.0   10.804627994269067 
  2069.0   10.78050994882887 
  2070.0   10.80640851998354 
  2071.0   10.521930460357028 
  2072.0   10.349394246034752 
  2073.0   10.281717120690272 
  2074.0   10.523845983260182 
  2075.0   10.51016164459867 
  2076.0   10.40879562067934 
  2077.0   10.443715876693338 
  2078.0   10.621599323700634 
  2079.0   10.704642136467125 
  2080.0   10.74682351857865 
  2081.0   10.856174596369899 
  2082.0   11.079403956868203 
  2083.0   11.067563344783892 
  2084.0   10.989247057440153 
  2085.0   11.056256792517974 
  2086.0   11.099482858578583 
  2087.0   11.241683229309912 
  2088.0   11.350458637127986 
  2089.0   11.491672408260179 
  2090.0   11.503227370997656 
  2091.0   11.599181455756813 
  2092.0   11.547903182370943 
  2093.0   11.484130119900977 
  2094.0   11.402403629106285 
  2095.0   11.311646340960312 
  2096.0   11.309125529634631 
  2097.0   11.37656104283616 
  2098.0   11.407529248123447 
  2099.0   11.353885366611625 
  2100.0   11.426688796949522 
