  2015.0   286.6280251958915 
  2016.0   286.9769038123523 
  2017.0   287.76995451748303 
  2018.0   288.4719308462821 
  2019.0   289.174825735709 
  2020.0   289.6584387190345 
  2021.0   290.3518450423335 
  2022.0   291.158874710051 
  2023.0   291.7059440523036 
  2024.0   292.2161617928638 
  2025.0   292.69174042771687 
  2026.0   293.29938040375896 
  2027.0   293.97977018199884 
  2028.0   294.6803705084844 
  2029.0   295.3716530019548 
  2030.0   296.1310248122157 
  2031.0   296.83843276873995 
  2032.0   297.544104231383 
  2033.0   298.29000327415645 
  2034.0   299.01517076659417 
  2035.0   299.5683551510419 
  2036.0   300.3531402580073 
  2037.0   300.9890480521544 
  2038.0   301.61165538676886 
  2039.0   302.2894280568342 
  2040.0   302.8200746400658 
  2041.0   303.3908994042581 
  2042.0   304.30060303454985 
  2043.0   305.0377573512434 
  2044.0   305.6540687388899 
  2045.0   306.18565239298283 
  2046.0   306.6595399320853 
  2047.0   307.27309486001593 
  2048.0   307.7836630757143 
  2049.0   308.06540169087395 
  2050.0   308.499463093429 
  2051.0   308.9188500072345 
  2052.0   309.46439329145926 
  2053.0   310.02561979002365 
  2054.0   310.286284034154 
  2055.0   310.56745838551313 
  2056.0   310.95893951937745 
  2057.0   311.30904891905845 
  2058.0   311.79124168125963 
  2059.0   312.17822078766557 
  2060.0   312.67782114113913 
  2061.0   313.07094309193536 
  2062.0   313.46449160361925 
  2063.0   313.76960140871836 
  2064.0   314.1442763491094 
  2065.0   314.49600874047735 
  2066.0   314.87491071090494 
  2067.0   315.0332555283485 
  2068.0   315.28561993845085 
  2069.0   315.54650162020505 
  2070.0   315.8949827984037 
  2071.0   316.33951460660904 
  2072.0   316.5197816732729 
  2073.0   316.88580079006005 
  2074.0   317.1512184432767 
  2075.0   317.5169765531948 
  2076.0   317.80539423410494 
  2077.0   318.0884584988074 
  2078.0   318.4161196961371 
  2079.0   318.85315603972356 
  2080.0   319.0867400014288 
  2081.0   319.32604089653887 
  2082.0   319.4913820509298 
  2083.0   319.7059795631453 
  2084.0   319.8908459774041 
  2085.0   320.2293872295773 
  2086.0   320.4656949833568 
  2087.0   320.6179340457756 
  2088.0   320.6885975224189 
  2089.0   320.86252014104076 
  2090.0   321.0967362421899 
  2091.0   321.33687316284045 
  2092.0   321.52198835591753 
  2093.0   321.67925893554354 
  2094.0   321.93634922190057 
  2095.0   322.13059215887563 
  2096.0   322.17885784143783 
  2097.0   322.370335739539 
  2098.0   322.58661980370954 
  2099.0   322.8750843965715 
  2100.0   323.04019775985626 
