  2015.0   4.838042473176408 
  2016.0   4.8987696324029 
  2017.0   4.756131674462036 
  2018.0   4.754432746271353 
  2019.0   4.855023102928475 
  2020.0   4.885104877864448 
  2021.0   4.634719079106275 
  2022.0   4.6750013689956385 
  2023.0   4.937360155611161 
  2024.0   5.019190224538829 
  2025.0   4.805720889226993 
  2026.0   4.771993804371753 
  2027.0   4.710747411524445 
  2028.0   4.8402083690072075 
  2029.0   5.139044970197451 
  2030.0   4.840946116175288 
  2031.0   5.057991928149308 
  2032.0   5.076041863787957 
  2033.0   4.901418969964167 
  2034.0   5.234095616655188 
  2035.0   5.078216366861722 
  2036.0   5.33396667697367 
  2037.0   5.098057839890754 
  2038.0   5.118875061584135 
  2039.0   5.038844872932079 
  2040.0   4.984584110112398 
  2041.0   5.0202158579464395 
  2042.0   5.353074554512797 
  2043.0   5.1967397143048375 
  2044.0   5.145788987330493 
  2045.0   5.2706744565270265 
  2046.0   5.119106415878523 
  2047.0   5.310334625017744 
  2048.0   5.487588329068546 
  2049.0   5.464643432751759 
  2050.0   5.208760229293675 
  2051.0   5.377204985903458 
  2052.0   5.542112301175224 
  2053.0   5.456338905905783 
  2054.0   5.334574549765908 
  2055.0   5.505793517681909 
  2056.0   5.146200408308769 
  2057.0   5.434605253631552 
  2058.0   5.4341399018967005 
  2059.0   5.6822733216023025 
  2060.0   5.5532866939182615 
  2061.0   5.688953942378912 
  2062.0   5.506073809215985 
  2063.0   5.300993778741511 
  2064.0   5.682901602816361 
  2065.0   5.401278839521072 
  2066.0   5.51887003053986 
  2067.0   5.62884877426725 
  2068.0   5.6064312037181026 
  2069.0   5.533738580224444 
  2070.0   5.308400619826187 
  2071.0   5.623368140166518 
  2072.0   5.097984094584108 
  2073.0   5.404120944580593 
  2074.0   5.401519474847106 
  2075.0   5.557678197092742 
  2076.0   5.566673344412593 
  2077.0   5.59748667093752 
  2078.0   5.38881300434052 
  2079.0   5.509265768313794 
  2080.0   5.308858991253261 
  2081.0   5.5124384809147235 
  2082.0   5.618637768095849 
  2083.0   5.528686328736622 
  2084.0   5.563049614692206 
  2085.0   5.736900680938603 
  2086.0   5.51489803151782 
  2087.0   5.702488444382478 
  2088.0   5.750770546904374 
  2089.0   5.847100108089488 
  2090.0   5.563087148216951 
  2091.0   5.664158772282077 
  2092.0   5.67341959081692 
  2093.0   5.588435868162504 
  2094.0   5.931223442524973 
  2095.0   5.602240617614427 
  2096.0   5.7796523596593445 
  2097.0   5.748085180436479 
  2098.0   5.832057211543707 
  2099.0   6.039673884387449 
  2100.0   5.869432217104622 
