  2015.0   1.3579157372821198 
  2016.0   1.4361945829035816 
  2017.0   1.4773501114452932 
  2018.0   1.3387501384440588 
  2019.0   1.4808618185958928 
  2020.0   1.5247632993843263 
  2021.0   1.4930164387115268 
  2022.0   1.4615282781034427 
  2023.0   1.413613853193458 
  2024.0   1.4410697564929469 
  2025.0   1.5514408472884846 
  2026.0   1.5549515677226737 
  2027.0   1.512567170243214 
  2028.0   1.4698645974300124 
  2029.0   1.592077052196057 
  2030.0   1.488725341456728 
  2031.0   1.4694012768445666 
  2032.0   1.5977709773026574 
  2033.0   1.4513903911218071 
  2034.0   1.4070401172502112 
  2035.0   1.53848144099794 
  2036.0   1.523714223770102 
  2037.0   1.5611750125882278 
  2038.0   1.5127804996987342 
  2039.0   1.51868080393434 
  2040.0   1.5366560559786027 
  2041.0   1.645631698486021 
  2042.0   1.492517399380547 
  2043.0   1.5585132708610812 
  2044.0   1.5409693485215614 
  2045.0   1.5979885362704258 
  2046.0   1.5922378222078428 
  2047.0   1.6404424339199748 
  2048.0   1.6748960741100503 
  2049.0   1.5316282070981613 
  2050.0   1.550428654793891 
  2051.0   1.6126252768107563 
  2052.0   1.5995350444524479 
  2053.0   1.5041736008802995 
  2054.0   1.5393227000504262 
  2055.0   1.5127237176698907 
  2056.0   1.6191263542829266 
  2057.0   1.5810363188865824 
  2058.0   1.5373267722526145 
  2059.0   1.5779481935291273 
  2060.0   1.7022416375358147 
  2061.0   1.5619685616729768 
  2062.0   1.4845797023908591 
  2063.0   1.7859291405470157 
  2064.0   1.59992404536285 
  2065.0   1.5797700711916018 
  2066.0   1.6492320511926328 
  2067.0   1.6204677665599942 
  2068.0   1.6716195626756152 
  2069.0   1.631414610945623 
  2070.0   1.569152094154445 
  2071.0   1.5549183364106185 
  2072.0   1.6551692957047566 
  2073.0   1.6413858832159642 
  2074.0   1.6288563472349518 
  2075.0   1.602480875589171 
  2076.0   1.590587856021536 
  2077.0   1.5659414854784008 
  2078.0   1.6346940658488396 
  2079.0   1.5371641027405647 
  2080.0   1.5921805582531212 
  2081.0   1.6214579143215027 
  2082.0   1.6601133267300674 
  2083.0   1.599801534124349 
  2084.0   1.6054106108860249 
  2085.0   1.6332627600935246 
  2086.0   1.6188928383567163 
  2087.0   1.5677406384197106 
  2088.0   1.5317209317999345 
  2089.0   1.645550000679135 
  2090.0   1.5763724961960097 
  2091.0   1.5765529672942422 
  2092.0   1.6741302042676212 
  2093.0   1.5395010355344094 
  2094.0   1.5235264669665356 
  2095.0   1.5716555152769949 
  2096.0   1.5366840688838774 
  2097.0   1.546452711674506 
  2098.0   1.637516433103983 
  2099.0   1.658176010313686 
  2100.0   1.6307091991558604 
