  2015.0   9.949154439707197 
  2016.0   9.785488777250562 
  2017.0   9.81389478043503 
  2018.0   9.823922995297004 
  2019.0   9.539070145401785 
  2020.0   9.449487895606964 
  2021.0   9.567992623817682 
  2022.0   9.527056888815036 
  2023.0   9.493895029375851 
  2024.0   9.305808866732074 
  2025.0   9.328204330534392 
  2026.0   9.381870489878795 
  2027.0   9.383594357967562 
  2028.0   9.3310998252333 
  2029.0   9.151930394208001 
  2030.0   9.188990247110398 
  2031.0   9.355793455011403 
  2032.0   9.26134682512072 
  2033.0   9.604816338437821 
  2034.0   9.848370564576713 
  2035.0   9.729218982261397 
  2036.0   9.604439828564368 
  2037.0   9.604711055689043 
  2038.0   9.74177656207304 
  2039.0   9.682956315591397 
  2040.0   9.822483627337444 
  2041.0   9.817989241684947 
  2042.0   9.671227200647808 
  2043.0   9.38768005177651 
  2044.0   9.55540428466138 
  2045.0   9.87288960037712 
  2046.0   9.932883099046942 
  2047.0   9.9068057307937 
  2048.0   10.000528699786672 
  2049.0   9.958968393980978 
  2050.0   9.92725102649771 
  2051.0   9.938289154243543 
  2052.0   9.767547754420793 
  2053.0   9.560907261031293 
  2054.0   9.599305723665607 
  2055.0   9.678041039371124 
  2056.0   9.990041894156867 
  2057.0   9.959092296711614 
  2058.0   9.789285877352285 
  2059.0   9.588781537997386 
  2060.0   9.725428170491814 
  2061.0   9.577109214888882 
  2062.0   9.490671002396963 
  2063.0   9.873775232164792 
  2064.0   9.935089574148996 
  2065.0   9.734818564968721 
  2066.0   9.76584419598088 
  2067.0   9.764577615780812 
  2068.0   9.784658322369316 
  2069.0   9.764767045611148 
  2070.0   10.059110995757226 
  2071.0   10.069046527258402 
  2072.0   9.982366501055902 
  2073.0   10.130223516391931 
  2074.0   10.08923453226619 
  2075.0   10.109120741298234 
  2076.0   9.790184570471421 
  2077.0   9.779764499044695 
  2078.0   9.860167934070452 
  2079.0   9.844489186202983 
  2080.0   9.80536680072592 
  2081.0   9.75930571063757 
  2082.0   9.830815377133648 
  2083.0   9.792196379041597 
  2084.0   9.839534385662182 
  2085.0   9.908797734942373 
  2086.0   9.78407062752678 
  2087.0   9.752189498901604 
  2088.0   9.509431000080856 
  2089.0   9.294412724748671 
  2090.0   9.580578584520937 
  2091.0   9.746875956542414 
  2092.0   9.569578244553478 
  2093.0   9.737639258951333 
  2094.0   9.525630743249316 
  2095.0   9.578548374324123 
  2096.0   9.583379844025558 
  2097.0   9.485242853792293 
  2098.0   9.55275909530863 
  2099.0   9.39557654682126 
  2100.0   9.465349080659797 
