  2015.0   3.0764486389999894 
  2016.0   2.9959708852338705 
  2017.0   3.1140257458452023 
  2018.0   3.220058169444615 
  2019.0   3.2779105497785053 
  2020.0   3.2062987166955867 
  2021.0   3.274597734734515 
  2022.0   3.285325365187369 
  2023.0   3.313662330075203 
  2024.0   3.273729875198717 
  2025.0   3.3257574550747204 
  2026.0   3.265064135107181 
  2027.0   3.2532951603693703 
  2028.0   3.308601201530044 
  2029.0   3.4370347606210823 
  2030.0   3.4088411901341122 
  2031.0   3.4312928922817085 
  2032.0   3.299200137498843 
  2033.0   3.448030375439198 
  2034.0   3.52766699386708 
  2035.0   3.6400056200591755 
  2036.0   3.495386632012989 
  2037.0   3.5501827970625013 
  2038.0   3.6177367805923826 
  2039.0   3.5140204430052187 
  2040.0   3.5874085358747503 
  2041.0   3.648811509817218 
  2042.0   3.629412356055769 
  2043.0   3.7622968929993728 
  2044.0   3.6153724217507217 
  2045.0   3.6693050146256336 
  2046.0   3.725446570576567 
  2047.0   3.762921167379303 
  2048.0   3.8673798948436975 
  2049.0   3.916792012389476 
  2050.0   3.9568666662364986 
  2051.0   3.761255615138777 
  2052.0   3.710396256299433 
  2053.0   3.907188463031731 
  2054.0   3.87133929142489 
  2055.0   3.877018906990535 
  2056.0   3.867231197489912 
  2057.0   4.014854308882711 
  2058.0   3.9812674997004702 
  2059.0   3.7743573745560703 
  2060.0   3.8336953550491026 
  2061.0   3.8751054787888193 
  2062.0   3.8040404027245023 
  2063.0   4.026412714844203 
  2064.0   4.047310453928734 
  2065.0   3.8517581886078474 
  2066.0   4.067191341069871 
  2067.0   3.973787721424979 
  2068.0   3.95889148197874 
  2069.0   3.929507201893386 
  2070.0   3.970418091801835 
  2071.0   3.9616490211237574 
  2072.0   4.0881667651849005 
  2073.0   4.180748760022997 
  2074.0   4.165669322775315 
  2075.0   4.103288471867162 
  2076.0   4.181393299270313 
  2077.0   4.159170493363805 
  2078.0   4.1771703137531615 
  2079.0   4.203380194647319 
  2080.0   4.095006166775096 
  2081.0   4.106251507955739 
  2082.0   4.125642153918781 
  2083.0   4.125203515861952 
  2084.0   4.110988019524916 
  2085.0   4.093626225801303 
  2086.0   4.205930762886534 
  2087.0   4.136914682088752 
  2088.0   4.224789353227253 
  2089.0   4.2444349206489385 
  2090.0   4.24009626243979 
  2091.0   4.124731238021586 
  2092.0   4.133058091941425 
  2093.0   4.201827306872737 
  2094.0   4.17532678933568 
  2095.0   4.083272606009323 
  2096.0   4.012071829595532 
  2097.0   4.1355700757922165 
  2098.0   4.148803235477711 
  2099.0   4.124356413023687 
  2100.0   4.092765178568211 
