  2015.0   1.6078854204988988 
  2016.0   1.5535274438949473 
  2017.0   1.6666991406804321 
  2018.0   1.5960301827742491 
  2019.0   1.6215123003953622 
  2020.0   1.6420062641057733 
  2021.0   1.7205596278734374 
  2022.0   1.6057258962854304 
  2023.0   1.6282729635181972 
  2024.0   1.6727233062947955 
  2025.0   1.7054942489186937 
  2026.0   1.6345719378079615 
  2027.0   1.6882988293384624 
  2028.0   1.7094673072017026 
  2029.0   1.719592040537998 
  2030.0   1.6847120440986199 
  2031.0   1.6637348998299448 
  2032.0   1.7223990544907752 
  2033.0   1.7593808784599352 
  2034.0   1.7044079516530104 
  2035.0   1.74851874592734 
  2036.0   1.6990397985531938 
  2037.0   1.6581576748012203 
  2038.0   1.8000259016827453 
  2039.0   1.6870226053393242 
  2040.0   1.7410939576878535 
  2041.0   1.8371278254749388 
  2042.0   1.639565619100614 
  2043.0   1.7694316213183527 
  2044.0   1.7316063300719124 
  2045.0   1.7661297534461053 
  2046.0   1.664755670444318 
  2047.0   1.7706911667950973 
  2048.0   1.8236789127930568 
  2049.0   1.6229835411435816 
  2050.0   1.811847403816097 
  2051.0   1.7363660727438885 
  2052.0   1.7710373031612587 
  2053.0   1.7225304604344114 
  2054.0   1.7484950254746627 
  2055.0   1.7043682369548552 
  2056.0   1.7681955768385762 
  2057.0   1.7258170062543676 
  2058.0   1.7896265797415722 
  2059.0   1.8444852897694501 
  2060.0   1.8224309683591253 
  2061.0   1.8672738735385073 
  2062.0   1.7507524826214487 
  2063.0   1.6820345484644623 
  2064.0   1.8566226603494247 
  2065.0   1.7275359431099135 
  2066.0   1.652911913852837 
  2067.0   1.71749514277436 
  2068.0   1.8582045886051886 
  2069.0   1.755564072411488 
  2070.0   1.7779153530541747 
  2071.0   1.8144217309652149 
  2072.0   1.8160600516063679 
  2073.0   1.8490109414840943 
  2074.0   1.8137882444669398 
  2075.0   1.8302509708817427 
  2076.0   1.8170848762950933 
  2077.0   1.90278293850208 
  2078.0   1.7202395596856108 
  2079.0   1.800705101235923 
  2080.0   1.8727878627442538 
  2081.0   1.819986128738548 
  2082.0   1.852079326703244 
  2083.0   1.8649336022820564 
  2084.0   1.8723045790909243 
  2085.0   1.8058437978024073 
  2086.0   1.7677876383503062 
  2087.0   1.9372956981352125 
  2088.0   1.8239497888612948 
  2089.0   1.7298030668779518 
  2090.0   1.7821066909743262 
  2091.0   1.7584462975400523 
  2092.0   1.8173004877639278 
  2093.0   1.826817557649815 
  2094.0   1.9152655407798143 
  2095.0   1.8443038990218135 
  2096.0   1.7468891490608016 
  2097.0   1.822457534264276 
  2098.0   1.7687454498754296 
  2099.0   1.851472300542338 
  2100.0   1.7775390098224064 
