  2015.0   1.0301870958227255e-11 
  2016.0   9.166778138635214e-12 
  2017.0   9.03910684412238e-12 
  2018.0   8.854797487795192e-12 
  2019.0   8.513295362034916e-12 
  2020.0   7.960243898586075e-12 
  2021.0   3.939661094415185e-12 
  2022.0   3.9386649397802325e-12 
  2023.0   3.5736773431499977e-12 
  2024.0   3.3868652339430415e-12 
  2025.0   3.2899644028388232e-12 
  2026.0   3.382742673512884e-12 
  2027.0   3.3111052437338012e-12 
  2028.0   3.2956769410907105e-12 
  2029.0   3.2647027045738758e-12 
  2030.0   3.2538058361279782e-12 
  2031.0   3.675294203105376e-12 
  2032.0   3.683412551418826e-12 
  2033.0   3.792617292320041e-12 
  2034.0   3.7140832358124244e-12 
  2035.0   3.720127853592369e-12 
  2036.0   4.1496613421357385e-12 
  2037.0   4.20492813234667e-12 
  2038.0   4.243170730147999e-12 
  2039.0   4.274945254650938e-12 
  2040.0   4.353488726623639e-12 
  2041.0   6.880284001993187e-12 
  2042.0   7.370792147679e-12 
  2043.0   7.507347349590729e-12 
  2044.0   7.627107744036734e-12 
  2045.0   5.87731013899219e-12 
  2046.0   4.339527038514463e-12 
  2047.0   4.546442083060786e-12 
  2048.0   4.8108217164196184e-12 
  2049.0   5.072011999250596e-12 
  2050.0   5.4761551340555416e-12 
  2051.0   1.3990067284508161e-11 
  2052.0   1.4486795711203732e-11 
  2053.0   1.5064051091889756e-11 
  2054.0   1.5608216692840522e-11 
  2055.0   1.65784755559088e-11 
  2056.0   1.139699060683633e-11 
  2057.0   1.1726842221410042e-11 
  2058.0   1.2038238606319523e-11 
  2059.0   1.2674886967385821e-11 
  2060.0   1.3329199434111738e-11 
  2061.0   1.284370781832576e-11 
  2062.0   1.2717811331424678e-11 
  2063.0   1.437970667371514e-11 
  2064.0   1.657958058515814e-11 
  2065.0   1.6400413593823542e-11 
  2066.0   1.2110683221794493e-11 
  2067.0   1.248372056322154e-11 
  2068.0   1.24261453961276e-11 
  2069.0   1.2462150222148403e-11 
  2070.0   1.2433827098388328e-11 
  2071.0   1.8557707840829e-11 
  2072.0   1.9593985225604374e-11 
  2073.0   2.0034397077742456e-11 
  2074.0   2.3124968489019968e-11 
  2075.0   2.856020082578574e-11 
  2076.0   4.413702175422576e-11 
  2077.0   4.6788985060131264e-11 
  2078.0   4.870426223956454e-11 
  2079.0   5.1076805166151456e-11 
  2080.0   5.557698361877531e-11 
  2081.0   5.026939270168587e-11 
  2082.0   5.317993946042404e-11 
  2083.0   5.525004323382154e-11 
  2084.0   5.543095362570489e-11 
  2085.0   5.6983153739071044e-11 
  2086.0   2.7696153606493308e-11 
  2087.0   2.604862339686357e-11 
  2088.0   2.5193923207847067e-11 
  2089.0   2.4044288745356034e-11 
  2090.0   2.3076883958548416e-11 
  2091.0   1.779641614311989e-11 
  2092.0   1.5907738328457714e-11 
  2093.0   1.4318023765276217e-11 
  2094.0   1.3163073364749868e-11 
  2095.0   1.2407800468161895e-11 
  2096.0   7.1504272007112415e-12 
  2097.0   6.77656656211591e-12 
  2098.0   6.4620326557167535e-12 
  2099.0   6.025724375126875e-12 
  2100.0   5.539001017237511e-12 
