  2015.0   33.8858617762372 
  2016.0   34.01274329984973 
  2017.0   34.3534137809987 
  2018.0   34.48415878488494 
  2019.0   34.58620551799151 
  2020.0   34.877187503387404 
  2021.0   35.083077896676905 
  2022.0   35.154406487451034 
  2023.0   35.31073709350528 
  2024.0   35.611342720492026 
  2025.0   35.807737209751366 
  2026.0   35.957281000673945 
  2027.0   36.1583333828339 
  2028.0   36.4835174233635 
  2029.0   36.75853295250186 
  2030.0   36.939839627232544 
  2031.0   37.218882501582804 
  2032.0   37.319252253633564 
  2033.0   37.45076849314113 
  2034.0   37.522508651695965 
  2035.0   37.60464746306554 
  2036.0   37.80037228212847 
  2037.0   37.87145196755636 
  2038.0   37.994210787731205 
  2039.0   38.29479043671434 
  2040.0   38.44488678514462 
  2041.0   38.57185777057075 
  2042.0   38.77273872968112 
  2043.0   38.6903164932822 
  2044.0   38.96062653902752 
  2045.0   39.24175976600663 
  2046.0   39.46245909043079 
  2047.0   39.57758506199472 
  2048.0   39.69137468120898 
  2049.0   39.94349070169865 
  2050.0   40.08083401982681 
  2051.0   40.25264699347589 
  2052.0   40.344982895362094 
  2053.0   40.53419474771861 
  2054.0   40.707616548453856 
  2055.0   40.821353149685535 
  2056.0   40.89169465013823 
  2057.0   40.99199582694551 
  2058.0   41.09173898067829 
  2059.0   41.032061387707124 
  2060.0   41.04890600448412 
  2061.0   41.23332237540129 
  2062.0   41.43237912394933 
  2063.0   41.51354778234588 
  2064.0   41.65966532960954 
  2065.0   41.78479441007455 
  2066.0   41.86821629467823 
  2067.0   42.029585008285515 
  2068.0   42.16494379231572 
  2069.0   42.26145282552608 
  2070.0   42.3118051707283 
  2071.0   42.587983860469556 
  2072.0   42.69177933405421 
  2073.0   42.72114389291038 
  2074.0   42.7538709282776 
  2075.0   42.7713898425306 
  2076.0   42.81672847494878 
  2077.0   42.91004724722509 
  2078.0   43.027087892293316 
  2079.0   43.11529432549012 
  2080.0   43.25843558226562 
  2081.0   43.41199670550479 
  2082.0   43.38085592413825 
  2083.0   43.40770616520642 
  2084.0   43.485480971688844 
  2085.0   43.47437973767941 
  2086.0   43.64477301714961 
  2087.0   43.65091788857573 
  2088.0   43.69916536671917 
  2089.0   43.74735858077332 
  2090.0   43.806311682469854 
  2091.0   44.14824808739901 
  2092.0   44.149264050789135 
  2093.0   44.19265892308882 
  2094.0   44.36631440220824 
  2095.0   44.4909658341218 
  2096.0   44.54634765318775 
  2097.0   44.693657295077664 
  2098.0   44.67545756909913 
  2099.0   44.80207778745829 
  2100.0   45.012767233058746 
