  2015.0   4.431898360251063 
  2016.0   4.355092126260436 
  2017.0   4.685651371016181 
  2018.0   4.249372314537653 
  2019.0   4.286688234507209 
  2020.0   4.345327112659117 
  2021.0   4.903045803089921 
  2022.0   4.926630089974705 
  2023.0   4.884627791951112 
  2024.0   4.965886633275803 
  2025.0   4.964671412863325 
  2026.0   4.569076421204031 
  2027.0   4.645537107919688 
  2028.0   5.064588616185493 
  2029.0   4.829898337144442 
  2030.0   5.110845540620495 
  2031.0   5.031817747514106 
  2032.0   4.664420872120381 
  2033.0   4.798770002405018 
  2034.0   4.600737254917947 
  2035.0   4.870798123614385 
  2036.0   4.824424591815903 
  2037.0   4.54794154083529 
  2038.0   4.950632019716643 
  2039.0   4.6055418633429746 
  2040.0   4.493313667190321 
  2041.0   4.84691703035209 
  2042.0   4.610392084531786 
  2043.0   4.938689317733838 
  2044.0   5.0923835816685274 
  2045.0   4.938079173189391 
  2046.0   5.12570052775409 
  2047.0   5.275753343125948 
  2048.0   5.1098216622500106 
  2049.0   5.446306922627475 
  2050.0   4.573748485170491 
  2051.0   4.8334903818391695 
  2052.0   4.6119527591262015 
  2053.0   4.924767007708534 
  2054.0   4.865674751515095 
  2055.0   4.561540970135547 
  2056.0   5.032945892327978 
  2057.0   5.599229895695657 
  2058.0   5.444389554233931 
  2059.0   5.166238121237929 
  2060.0   5.125642985351762 
  2061.0   5.225677788516144 
  2062.0   4.902357397830976 
  2063.0   5.07575500148375 
  2064.0   5.235225821025784 
  2065.0   5.113369677926427 
  2066.0   5.358383712888155 
  2067.0   5.6713136562964666 
  2068.0   5.438919343452301 
  2069.0   5.462542371710147 
  2070.0   5.691937231257694 
  2071.0   5.200564948395087 
  2072.0   4.902580746316727 
  2073.0   5.322131522446557 
  2074.0   5.039831628591492 
  2075.0   5.131351298886988 
  2076.0   5.203405910155966 
  2077.0   5.182968279093423 
  2078.0   5.111975408980116 
  2079.0   5.277996435941113 
  2080.0   5.590145563750359 
  2081.0   5.157550541610402 
  2082.0   5.9061983102498194 
  2083.0   5.441874335260742 
  2084.0   5.524925394508035 
  2085.0   5.016511036273778 
  2086.0   5.067853333550025 
  2087.0   5.216752876843524 
  2088.0   5.173168460206901 
  2089.0   5.065586231380813 
  2090.0   5.303263450997417 
  2091.0   4.922969745356936 
  2092.0   5.1142262455180525 
  2093.0   5.182032890460471 
  2094.0   5.295148266692546 
  2095.0   5.0974421285485665 
  2096.0   5.42230622050032 
  2097.0   5.245316422397889 
  2098.0   5.2877139735544985 
  2099.0   4.9232404609376434 
  2100.0   5.189039478152925 
