  2015.0   9.886193930355889e-11 
  2016.0   8.684095156115268e-11 
  2017.0   8.21442637964735e-11 
  2018.0   7.850465589980267e-11 
  2019.0   7.569423448184312e-11 
  2020.0   7.311861713532761e-11 
  2021.0   7.154332160920176e-11 
  2022.0   6.98784917671376e-11 
  2023.0   6.867144193640139e-11 
  2024.0   6.771321387652146e-11 
  2025.0   6.740202071368424e-11 
  2026.0   6.740917339993245e-11 
  2027.0   6.690150616753173e-11 
  2028.0   6.647410632113643e-11 
  2029.0   6.61038407298966e-11 
  2030.0   6.670418939648369e-11 
  2031.0   6.66169978644966e-11 
  2032.0   6.655200548324655e-11 
  2033.0   6.633292870574074e-11 
  2034.0   6.606772048120205e-11 
  2035.0   6.641734386898835e-11 
  2036.0   6.656308406420039e-11 
  2037.0   6.650706224455276e-11 
  2038.0   6.662343411583626e-11 
  2039.0   6.685914755635079e-11 
  2040.0   6.791427186506815e-11 
  2041.0   6.851524798682128e-11 
  2042.0   6.879786379547611e-11 
  2043.0   6.910569602930364e-11 
  2044.0   6.912217121299129e-11 
  2045.0   6.917990207392175e-11 
  2046.0   6.935499846245944e-11 
  2047.0   6.909012309344826e-11 
  2048.0   6.882824013824822e-11 
  2049.0   6.907638570994532e-11 
  2050.0   7.368034872355296e-11 
  2051.0   7.618534230011136e-11 
  2052.0   7.815429509948266e-11 
  2053.0   7.944388527614004e-11 
  2054.0   8.082971841036493e-11 
  2055.0   7.930591108820942e-11 
  2056.0   7.982467438599432e-11 
  2057.0   8.046162999931466e-11 
  2058.0   8.051959228783267e-11 
  2059.0   8.06115319270775e-11 
  2060.0   8.101238480943133e-11 
  2061.0   8.062487485420167e-11 
  2062.0   8.074490896357918e-11 
  2063.0   8.076602281849262e-11 
  2064.0   8.01349514878604e-11 
  2065.0   7.917328580678587e-11 
  2066.0   7.839116486231012e-11 
  2067.0   7.823349083416035e-11 
  2068.0   7.703766896301561e-11 
  2069.0   7.330974342650167e-11 
  2070.0   7.296668557246254e-11 
  2071.0   7.180317888814334e-11 
  2072.0   7.113903534250216e-11 
  2073.0   6.857371300289701e-11 
  2074.0   6.67969294803733e-11 
  2075.0   7.816383155450182e-11 
  2076.0   7.808401550071053e-11 
  2077.0   7.818081749602146e-11 
  2078.0   7.818633289439675e-11 
  2079.0   7.796092124607376e-11 
  2080.0   7.248614077907132e-11 
  2081.0   7.262381641674902e-11 
  2082.0   7.283289874259391e-11 
  2083.0   7.163209467500626e-11 
  2084.0   7.062019300945642e-11 
  2085.0   6.072743741983352e-11 
  2086.0   5.948061716691105e-11 
  2087.0   5.881245786603849e-11 
  2088.0   5.7257597741792574e-11 
  2089.0   5.68119527041995e-11 
  2090.0   5.482571213998094e-11 
  2091.0   5.3691115863449815e-11 
  2092.0   5.273572574839661e-11 
  2093.0   5.1642950099169804e-11 
  2094.0   5.0886657549628346e-11 
  2095.0   4.9103794365103166e-11 
  2096.0   4.84054357283425e-11 
  2097.0   4.7127936808178833e-11 
  2098.0   4.674654997438645e-11 
  2099.0   4.705204232780857e-11 
  2100.0   3.959343392459561e-11 
