  2015.0   10.101363414228874 
  2016.0   10.764319551207407 
  2017.0   9.099635937946397 
  2018.0   9.084517258872436 
  2019.0   10.19810474135209 
  2020.0   10.295617392247044 
  2021.0   9.258731777578271 
  2022.0   9.906578314841779 
  2023.0   9.859384276312657 
  2024.0   9.676913627829483 
  2025.0   10.589926489245808 
  2026.0   9.865186149552606 
  2027.0   10.077000645863244 
  2028.0   9.708371473535124 
  2029.0   10.100329791049322 
  2030.0   10.868111618892872 
  2031.0   9.540901446396841 
  2032.0   9.95991609706719 
  2033.0   10.823882604104064 
  2034.0   9.877492663901707 
  2035.0   10.146076090814356 
  2036.0   10.515122609075467 
  2037.0   10.699570872997228 
  2038.0   9.732015234387179 
  2039.0   10.381103692729226 
  2040.0   10.439588027372187 
  2041.0   10.703282254815722 
  2042.0   10.041855766070302 
  2043.0   10.398866333772048 
  2044.0   10.626148593143158 
  2045.0   9.955846198518826 
  2046.0   9.90447091041213 
  2047.0   10.643548212754894 
  2048.0   11.381054391042557 
  2049.0   9.859097649057562 
  2050.0   9.974045260477675 
  2051.0   10.45275539560928 
  2052.0   10.920511125995603 
  2053.0   10.473719061948781 
  2054.0   10.642829915996046 
  2055.0   10.31286463524859 
  2056.0   10.506576727274656 
  2057.0   10.924679789546545 
  2058.0   10.701315262013088 
  2059.0   11.44625097885353 
  2060.0   10.172126534776577 
  2061.0   9.998326244747776 
  2062.0   10.873968419503154 
  2063.0   11.383712730871576 
  2064.0   10.227510563306982 
  2065.0   10.22874641168569 
  2066.0   10.857661455108927 
  2067.0   11.235464803819347 
  2068.0   9.870809648091727 
  2069.0   10.709438349625838 
  2070.0   10.845052969634954 
  2071.0   11.600712374915036 
  2072.0   9.83291101356255 
  2073.0   11.118166824100925 
  2074.0   10.182712266295301 
  2075.0   11.40383725057791 
  2076.0   10.785608162407055 
  2077.0   10.874932676443706 
  2078.0   10.98039687664808 
  2079.0   11.455721538152346 
  2080.0   10.581528725817853 
  2081.0   11.028811676704134 
  2082.0   10.921851671994805 
  2083.0   11.61312710007208 
  2084.0   10.340979134414413 
  2085.0   10.741377695237503 
  2086.0   11.722556854201846 
  2087.0   11.032958458230535 
  2088.0   10.709456381184006 
  2089.0   11.153566322809237 
  2090.0   10.61967158536203 
  2091.0   12.181909088942293 
  2092.0   10.865806299872679 
  2093.0   9.922275328001076 
  2094.0   11.489193015818325 
  2095.0   11.159641662992973 
  2096.0   10.960357464400982 
  2097.0   11.313708356960946 
  2098.0   10.734306875166983 
  2099.0   12.32926501918579 
  2100.0   10.677047189908828 
