  2015.0   1.527203977068942 
  2016.0   1.5415541288533303 
  2017.0   1.5490048459796153 
  2018.0   1.5737281922609956 
  2019.0   1.589495342544005 
  2020.0   1.6139715144999238 
  2021.0   1.6622088451529309 
  2022.0   1.7036982920409345 
  2023.0   1.7241240883074997 
  2024.0   1.7377111819362885 
  2025.0   1.7382960320865446 
  2026.0   1.7394842616282817 
  2027.0   1.7652777260924508 
  2028.0   1.7988924438201812 
  2029.0   1.7872039734852416 
  2030.0   1.8018710336603574 
  2031.0   1.8232863583436731 
  2032.0   1.8339666525890292 
  2033.0   1.824181866807356 
  2034.0   1.8060588426747615 
  2035.0   1.827047255511561 
  2036.0   1.8429018365873957 
  2037.0   1.8536233603246126 
  2038.0   1.8747085224672506 
  2039.0   1.8793106624071356 
  2040.0   1.9045313718713124 
  2041.0   1.9600897333347989 
  2042.0   1.985530053863647 
  2043.0   2.0045427239508635 
  2044.0   2.0324734038562644 
  2045.0   2.030414507369389 
  2046.0   2.0193785962482016 
  2047.0   2.016717906331668 
  2048.0   2.088780090003585 
  2049.0   2.1117377210782817 
  2050.0   2.165801925009874 
  2051.0   2.232490049324866 
  2052.0   2.2638649538453537 
  2053.0   2.2999408241824186 
  2054.0   2.3578031281163754 
  2055.0   2.4016799774048043 
  2056.0   2.4110921698795957 
  2057.0   2.4424857549265293 
  2058.0   2.4392921071275873 
  2059.0   2.494255529420582 
  2060.0   2.51397718381633 
  2061.0   2.517395728386545 
  2062.0   2.4806046776755797 
  2063.0   2.473048174124083 
  2064.0   2.535387359179322 
  2065.0   2.5658160517826287 
  2066.0   2.5753895509110474 
  2067.0   2.604441716795838 
  2068.0   2.6136768202234086 
  2069.0   2.6441976967930785 
  2070.0   2.594193790260476 
  2071.0   2.5743366373725984 
  2072.0   2.5826900362816345 
  2073.0   2.5988418397121893 
  2074.0   2.591612638068841 
  2075.0   2.529390572165614 
  2076.0   2.5160574322752662 
  2077.0   2.5718824301363337 
  2078.0   2.59978307940221 
  2079.0   2.619254677434673 
  2080.0   2.5987824275233247 
  2081.0   2.5497430584578202 
  2082.0   2.5572166636378255 
  2083.0   2.548976785027912 
  2084.0   2.5873329860547445 
  2085.0   2.6042884219434908 
  2086.0   2.573207027601299 
  2087.0   2.5519211131583517 
  2088.0   2.5587144238797594 
  2089.0   2.603887647590876 
  2090.0   2.592977127748318 
  2091.0   2.566352643995034 
  2092.0   2.5606601461365215 
  2093.0   2.592755304654509 
  2094.0   2.615007142680201 
  2095.0   2.6271961791818974 
  2096.0   2.590215220158571 
  2097.0   2.5929020064213284 
  2098.0   2.5496073269655066 
  2099.0   2.549412746382768 
  2100.0   2.458656786510037 
