  2015.0   135.0383316594788 
  2016.0   135.14479940172313 
  2017.0   135.0869742953493 
  2018.0   135.3171928920642 
  2019.0   135.20348639199733 
  2020.0   135.3581126120985 
  2021.0   135.24021188313162 
  2022.0   135.44535833283766 
  2023.0   135.44653090514825 
  2024.0   135.51755004487265 
  2025.0   135.51708586833797 
  2026.0   135.51914618122203 
  2027.0   135.59402350399444 
  2028.0   135.50039693546864 
  2029.0   135.5853564736994 
  2030.0   135.64227862234654 
  2031.0   135.64578898321452 
  2032.0   135.57625767825525 
  2033.0   135.6872350440923 
  2034.0   135.58640568875006 
  2035.0   135.46169961682264 
  2036.0   135.48036941481246 
  2037.0   135.6252019505999 
  2038.0   135.68462144115415 
  2039.0   135.64654178651594 
  2040.0   135.65324167596782 
  2041.0   135.64602883282964 
  2042.0   135.69155639988958 
  2043.0   135.60234873178186 
  2044.0   135.51645690232667 
  2045.0   135.6626515049674 
  2046.0   135.5697531378903 
  2047.0   135.60103124117697 
  2048.0   135.4339665108141 
  2049.0   135.33994529370906 
  2050.0   135.3317795687668 
  2051.0   135.21785830934033 
  2052.0   135.21519344601813 
  2053.0   135.1054297548943 
  2054.0   135.10358599583407 
  2055.0   135.02054043713073 
  2056.0   135.07690417826308 
  2057.0   135.19265648128354 
  2058.0   135.03803685408576 
  2059.0   135.07763740178407 
  2060.0   135.04558420293657 
  2061.0   135.00572268681614 
  2062.0   135.00605462940896 
  2063.0   134.77211936101696 
  2064.0   134.70423688464751 
  2065.0   134.5528195987551 
  2066.0   134.4213014935554 
  2067.0   134.34199513891602 
  2068.0   134.15179983651956 
  2069.0   134.07750157130195 
  2070.0   133.73729142381129 
  2071.0   133.56342837166065 
  2072.0   133.46199045938525 
  2073.0   133.30352751413136 
  2074.0   133.14602827172112 
  2075.0   133.04594357012547 
  2076.0   132.97253023570232 
  2077.0   132.73542890083763 
  2078.0   132.48670381550014 
  2079.0   132.24699321857545 
  2080.0   132.01289525974337 
  2081.0   131.7690702300621 
  2082.0   131.6752899985284 
  2083.0   131.5259912586833 
  2084.0   131.1905984774364 
  2085.0   130.83235046036506 
  2086.0   130.61112972847394 
  2087.0   130.3338947182835 
  2088.0   130.0991284241505 
  2089.0   129.87570650476076 
  2090.0   129.6036175796292 
  2091.0   129.3315289596616 
  2092.0   129.18881528740633 
  2093.0   128.91725790633126 
  2094.0   128.74800232875728 
  2095.0   128.4186263813396 
  2096.0   128.19768746924743 
  2097.0   127.90597320683545 
  2098.0   127.56624837703353 
  2099.0   127.47246004534414 
  2100.0   127.38673504265527 
