  2015.0   298.2813986425792 
  2016.0   298.22860818721097 
  2017.0   297.4225458586407 
  2018.0   297.5884668361707 
  2019.0   298.3533975845663 
  2020.0   298.3562466683796 
  2021.0   297.57838297484125 
  2022.0   297.8967231546591 
  2023.0   298.12744636023893 
  2024.0   298.2742842932999 
  2025.0   298.3067358202169 
  2026.0   298.2742194621153 
  2027.0   297.89838262303897 
  2028.0   298.3836244865269 
  2029.0   298.5751696270255 
  2030.0   298.53903827391355 
  2031.0   298.08750498038773 
  2032.0   298.4522627141571 
  2033.0   298.4090294010641 
  2034.0   298.44708095032587 
  2035.0   298.6855425626667 
  2036.0   298.88249881978504 
  2037.0   298.49975039193237 
  2038.0   298.72104410365165 
  2039.0   299.30168161603495 
  2040.0   299.3253135195942 
  2041.0   299.01617120824676 
  2042.0   298.73595023176887 
  2043.0   299.4279416550061 
  2044.0   299.2947881456829 
  2045.0   299.2335496730339 
  2046.0   299.3084728212386 
  2047.0   299.59537801160764 
  2048.0   299.29889393027946 
  2049.0   299.08405385374533 
  2050.0   298.978315852702 
  2051.0   298.9930896202839 
  2052.0   299.8873682174355 
  2053.0   299.8425180558007 
  2054.0   299.9638845179486 
  2055.0   299.61889433259404 
  2056.0   299.86798037573374 
  2057.0   300.04721573097396 
  2058.0   300.40132475658936 
  2059.0   300.0291771751607 
  2060.0   299.45149158885823 
  2061.0   299.923132906419 
  2062.0   300.824617848578 
  2063.0   300.58968912711225 
  2064.0   299.92799737919745 
  2065.0   299.9608070686919 
  2066.0   300.6098617817987 
  2067.0   300.4907118709542 
  2068.0   300.39574347677734 
  2069.0   300.56895228501423 
  2070.0   300.8239657625573 
  2071.0   300.80771049264973 
  2072.0   300.71348788204523 
  2073.0   300.8887331172288 
  2074.0   300.91270675669546 
  2075.0   301.0986161079977 
  2076.0   301.2780230180772 
  2077.0   301.23305717791794 
  2078.0   301.30272543387883 
  2079.0   301.23079113068457 
  2080.0   301.48607862118024 
  2081.0   301.4002068285121 
  2082.0   301.56883935507733 
  2083.0   301.4179128135701 
  2084.0   301.0439114464649 
  2085.0   301.44475948446694 
  2086.0   302.0113551326829 
  2087.0   301.60240522601515 
  2088.0   301.38185034621966 
  2089.0   301.4074876201755 
  2090.0   301.98331599528626 
  2091.0   302.5498986294145 
  2092.0   301.768475484463 
  2093.0   301.7495493018557 
  2094.0   301.99886736486195 
  2095.0   302.28977374496975 
  2096.0   302.1305391380224 
  2097.0   302.26553297717516 
  2098.0   302.6842133951273 
  2099.0   302.97581758168417 
  2100.0   302.643829536765 
