  2015.0   251.9421204872088 
  2016.0   251.650696789076 
  2017.0   251.87773982688674 
  2018.0   252.13494385320092 
  2019.0   251.97372896475787 
  2020.0   251.59125904215423 
  2021.0   251.3399648509513 
  2022.0   251.39034589565028 
  2023.0   251.2698776924078 
  2024.0   250.79839423195259 
  2025.0   250.69843688914486 
  2026.0   251.07788466816228 
  2027.0   251.22713624324618 
  2028.0   250.98956512311972 
  2029.0   250.72730193530987 
  2030.0   251.2724736513073 
  2031.0   251.97344706120845 
  2032.0   252.2043634834426 
  2033.0   251.62861947583914 
  2034.0   252.16082868946714 
  2035.0   253.14759115419602 
  2036.0   253.5599063918949 
  2037.0   253.24670996353692 
  2038.0   253.2968098912515 
  2039.0   253.53912826180502 
  2040.0   254.39864281278787 
  2041.0   255.29154367239428 
  2042.0   255.30617650987608 
  2043.0   255.49173774551284 
  2044.0   256.2520918200304 
  2045.0   257.0360603087083 
  2046.0   256.79785712844017 
  2047.0   256.3239439040422 
  2048.0   257.22721495664473 
  2049.0   258.37061011380433 
  2050.0   258.37701062161864 
  2051.0   258.0433320007238 
  2052.0   258.59000080250354 
  2053.0   259.4113259149289 
  2054.0   260.16833016061435 
  2055.0   260.1857665567703 
  2056.0   259.5548504917484 
  2057.0   259.47664080376296 
  2058.0   259.95385090076365 
  2059.0   259.66941112973564 
  2060.0   259.0621847447614 
  2061.0   259.26299750694005 
  2062.0   260.08438979874745 
  2063.0   259.94993469774516 
  2064.0   260.08466110472494 
  2065.0   261.008632399657 
  2066.0   261.90715624008766 
  2067.0   261.73301632464245 
  2068.0   261.72265353893016 
  2069.0   262.4767697310737 
  2070.0   263.56088133021603 
  2071.0   263.76855610916846 
  2072.0   263.4026859067296 
  2073.0   264.33797386181 
  2074.0   265.28704078601953 
  2075.0   265.8227934929826 
  2076.0   265.5510332576383 
  2077.0   265.5564003984393 
  2078.0   266.1462127850625 
  2079.0   267.0939597338604 
  2080.0   267.54683583300897 
  2081.0   266.97858321318154 
  2082.0   267.04891596625123 
  2083.0   267.72398391787897 
  2084.0   268.58253978049345 
  2085.0   269.2467696902955 
  2086.0   268.47117075797104 
  2087.0   268.90206480636647 
  2088.0   270.0381029192576 
  2089.0   270.19004176619035 
  2090.0   270.02777044987505 
  2091.0   270.9103071130747 
  2092.0   271.8029809985566 
  2093.0   271.61055058779436 
  2094.0   271.5440788839564 
  2095.0   272.581314184565 
  2096.0   273.78625729991523 
  2097.0   274.3342002711377 
  2098.0   273.9850022269974 
  2099.0   274.7432698464404 
  2100.0   275.5796311228295 
