  2015.0   3.7286895235290833e-10 
  2016.0   3.8892831537676884e-10 
  2017.0   3.8886574748962886e-10 
  2018.0   4.015212221002899e-10 
  2019.0   4.0134409691954843e-10 
  2020.0   4.1412983449819226e-10 
  2021.0   4.512479627190786e-10 
  2022.0   4.748778918443472e-10 
  2023.0   4.800057840345732e-10 
  2024.0   4.800949713885696e-10 
  2025.0   4.786612483102056e-10 
  2026.0   4.79254913273734e-10 
  2027.0   5.023278863884022e-10 
  2028.0   5.363485503518993e-10 
  2029.0   5.176618272714948e-10 
  2030.0   5.39408504764537e-10 
  2031.0   5.681329603800844e-10 
  2032.0   5.816884858684485e-10 
  2033.0   5.702673984003062e-10 
  2034.0   5.493315052862375e-10 
  2035.0   5.678543186708212e-10 
  2036.0   5.801536890697346e-10 
  2037.0   5.888751365896716e-10 
  2038.0   6.069830987505248e-10 
  2039.0   6.083645631658295e-10 
  2040.0   6.210811185489489e-10 
  2041.0   6.670092894228838e-10 
  2042.0   6.824215475390153e-10 
  2043.0   6.929059965234074e-10 
  2044.0   7.117184845754955e-10 
  2045.0   6.959305444131616e-10 
  2046.0   6.712820306310441e-10 
  2047.0   6.599084520229179e-10 
  2048.0   7.30905933714975e-10 
  2049.0   7.436771347105864e-10 
  2050.0   7.610714605965081e-10 
  2051.0   7.894655544480556e-10 
  2052.0   7.925874209749918e-10 
  2053.0   8.048911088416733e-10 
  2054.0   8.450748712656323e-10 
  2055.0   8.536062499819711e-10 
  2056.0   8.24171026702724e-10 
  2057.0   8.269453932474045e-10 
  2058.0   7.986567162213281e-10 
  2059.0   8.410415184337943e-10 
  2060.0   8.602324913805601e-10 
  2061.0   8.645671203122696e-10 
  2062.0   8.189709599169185e-10 
  2063.0   8.053618888892216e-10 
  2064.0   8.700348573711725e-10 
  2065.0   9.000836686179872e-10 
  2066.0   9.024901036616738e-10 
  2067.0   9.245270711158159e-10 
  2068.0   9.271644210775654e-10 
  2069.0   9.523851426677482e-10 
  2070.0   9.272247144143201e-10 
  2071.0   9.427038815723948e-10 
  2072.0   9.6641237176692e-10 
  2073.0   9.943631170980561e-10 
  2074.0   9.951476636664757e-10 
  2075.0   9.429720998899136e-10 
  2076.0   9.444751001847445e-10 
  2077.0   1.0157671884964518e-09 
  2078.0   1.0532431349607585e-09 
  2079.0   1.0802865999500947e-09 
  2080.0   1.0727741905638339e-09 
  2081.0   1.0324200330433476e-09 
  2082.0   1.0488817929217834e-09 
  2083.0   1.0462790487944427e-09 
  2084.0   1.0939887034871584e-09 
  2085.0   1.1209698826294337e-09 
  2086.0   1.0934244861522402e-09 
  2087.0   1.0750255523930223e-09 
  2088.0   1.0862711165003395e-09 
  2089.0   1.1385381298744381e-09 
  2090.0   1.131606500789642e-09 
  2091.0   1.1079798230130823e-09 
  2092.0   1.1066185510476518e-09 
  2093.0   1.145870245561559e-09 
  2094.0   1.1743015171898387e-09 
  2095.0   1.212302158062142e-09 
  2096.0   1.1980160126564223e-09 
  2097.0   1.2185980593343437e-09 
  2098.0   1.1841415314737112e-09 
  2099.0   1.1944393759176722e-09 
  2100.0   1.2103381657115778e-09 
