  2015.0   184.7105570157951 
  2016.0   184.77057574916097 
  2017.0   184.5252489488056 
  2018.0   184.87658927809144 
  2019.0   185.17937820406542 
  2020.0   185.47926558091262 
  2021.0   186.66090248572786 
  2022.0   187.45361613245086 
  2023.0   187.89710890850378 
  2024.0   187.8987507422971 
  2025.0   187.86476644790508 
  2026.0   187.96592912828484 
  2027.0   188.32270676003478 
  2028.0   189.25403910659952 
  2029.0   189.10064210776662 
  2030.0   189.88408678001494 
  2031.0   190.75948909439126 
  2032.0   191.22075536096634 
  2033.0   191.18912500031712 
  2034.0   190.92559694066418 
  2035.0   191.6305307207516 
  2036.0   191.843435219149 
  2037.0   192.13528850587127 
  2038.0   192.53861672632556 
  2039.0   192.91122997916725 
  2040.0   193.66690195871672 
  2041.0   194.9102991681287 
  2042.0   195.19325291218567 
  2043.0   195.4267812875422 
  2044.0   196.09394971284777 
  2045.0   196.03526474983093 
  2046.0   195.87850408181302 
  2047.0   195.59377109294428 
  2048.0   196.56663562268972 
  2049.0   196.70582373925433 
  2050.0   197.5384745754062 
  2051.0   197.9687574656414 
  2052.0   197.71159904847505 
  2053.0   198.05985307512057 
  2054.0   198.75835722258267 
  2055.0   198.97417544610371 
  2056.0   198.2643456820962 
  2057.0   197.86030041692203 
  2058.0   197.38465604913043 
  2059.0   197.5668902928296 
  2060.0   197.02832070236562 
  2061.0   196.52905676228568 
  2062.0   195.55086862335543 
  2063.0   195.14497473699652 
  2064.0   195.11627204408833 
  2065.0   195.3433847997372 
  2066.0   195.32768188506856 
  2067.0   195.18332171175174 
  2068.0   194.8690452112245 
  2069.0   194.7427613906842 
  2070.0   194.0072988918352 
  2071.0   193.70204433191319 
  2072.0   193.78580324453182 
  2073.0   193.74776863972303 
  2074.0   193.1245319557988 
  2075.0   192.12701048772954 
  2076.0   191.4902853106056 
  2077.0   192.09022258485336 
  2078.0   192.41678119970456 
  2079.0   192.45036900832275 
  2080.0   191.91401141324218 
  2081.0   191.21122096055853 
  2082.0   190.77996717332098 
  2083.0   190.12576504990648 
  2084.0   190.5134502279192 
  2085.0   190.505065563162 
  2086.0   189.82871470284576 
  2087.0   189.19536074742453 
  2088.0   189.00964041313514 
  2089.0   189.22019745678762 
  2090.0   188.5014079479156 
  2091.0   188.2140789202368 
  2092.0   187.88314813143185 
  2093.0   188.41396108437053 
  2094.0   188.47209492863774 
  2095.0   188.61664520035245 
  2096.0   188.35778737101055 
  2097.0   188.2221748357522 
  2098.0   187.8115574266589 
  2099.0   187.99072477898795 
  2100.0   188.03932229018776 
