  2015.0   -0.10000476390041085 
  2016.0   0.24165222968652633 
  2017.0   0.11679429011935095 
  2018.0   -0.03600609370282142 
  2019.0   0.6107004390777409 
  2020.0   -0.3573221978458787 
  2021.0   0.34127406628862966 
  2022.0   0.5327755014871031 
  2023.0   0.5653312454048695 
  2024.0   0.14351707246207807 
  2025.0   0.1670504665781813 
  2026.0   0.17366844362941192 
  2027.0   0.6614348768941863 
  2028.0   0.4125743888634871 
  2029.0   0.6660760432980241 
  2030.0   0.4095448596635718 
  2031.0   0.37220829604943745 
  2032.0   0.18979987695447803 
  2033.0   0.5348767802434036 
  2034.0   0.5823389643993727 
  2035.0   0.42172672580860643 
  2036.0   0.5239892739618426 
  2037.0   0.33998491840155215 
  2038.0   0.5929907736141019 
  2039.0   0.6373391815843356 
  2040.0   0.6784083451527114 
  2041.0   0.24900194374295273 
  2042.0   0.5250029880757536 
  2043.0   0.815806588729675 
  2044.0   0.8693697622992921 
  2045.0   0.8462132424846809 
  2046.0   0.39182345023574755 
  2047.0   0.7863657846687769 
  2048.0   0.7892512295842479 
  2049.0   0.5600658159448453 
  2050.0   0.6547271290247115 
  2051.0   0.8042436332110009 
  2052.0   1.1469798016280528 
  2053.0   0.9889071033370918 
  2054.0   0.7122469111894618 
  2055.0   0.5262126883183614 
  2056.0   0.8470397738642612 
  2057.0   0.6316353970508232 
  2058.0   0.6119072234906681 
  2059.0   1.0908726388835244 
  2060.0   0.6343677981625735 
  2061.0   0.7722925202320756 
  2062.0   0.7536015777336377 
  2063.0   1.0321629001855308 
  2064.0   0.9600972508162242 
  2065.0   1.134626938098114 
  2066.0   0.71271479642552 
  2067.0   0.8373172977420932 
  2068.0   0.5258272058501795 
  2069.0   0.6984680509206055 
  2070.0   1.1707030819268052 
  2071.0   1.0179639235003373 
  2072.0   0.3995594221626648 
  2073.0   0.7480258865834988 
  2074.0   0.8640049687652235 
  2075.0   1.1527238384489662 
  2076.0   0.8642893028064045 
  2077.0   0.3746838931485229 
  2078.0   0.9196790979868983 
  2079.0   0.9809860684890475 
  2080.0   0.6577310787270054 
  2081.0   0.5960261122702889 
  2082.0   0.6844448449783225 
  2083.0   0.915094455451283 
  2084.0   1.3185645826692725 
  2085.0   0.6287018322432706 
  2086.0   0.32838714525413426 
  2087.0   0.8122305533870862 
  2088.0   0.8625865103196443 
  2089.0   0.42639764850428763 
  2090.0   0.2833772787564028 
  2091.0   0.8763302753212437 
  2092.0   0.7942805035688423 
  2093.0   1.168770168465238 
  2094.0   0.786776571695893 
  2095.0   0.5942223354294692 
  2096.0   1.3607489072937315 
  2097.0   0.7912494965920361 
  2098.0   1.0407152519626721 
  2099.0   1.216793456586641 
  2100.0   0.7994941269334298 
