  2015.0   65.40875984073358 
  2016.0   64.92913535290704 
  2017.0   64.5810525605762 
  2018.0   63.76869708095024 
  2019.0   63.842883653689626 
  2020.0   63.72952907841857 
  2021.0   63.38532176372845 
  2022.0   62.17192261845845 
  2023.0   62.794924353040614 
  2024.0   62.738206755704226 
  2025.0   62.93307390958842 
  2026.0   61.69882139470785 
  2027.0   62.07211224576536 
  2028.0   61.642310089400944 
  2029.0   61.792497618260064 
  2030.0   61.6707192348826 
  2031.0   61.71607659724576 
  2032.0   61.751103103285665 
  2033.0   61.78526077286339 
  2034.0   61.21228184033893 
  2035.0   61.13695859509644 
  2036.0   60.74143311300958 
  2037.0   60.58955840221777 
  2038.0   59.54430503960629 
  2039.0   59.54409780082053 
  2040.0   58.98704969830356 
  2041.0   59.07943277968318 
  2042.0   58.75294874200066 
  2043.0   59.01096909509427 
  2044.0   58.10927729188062 
  2045.0   57.870789391176004 
  2046.0   57.67914272853552 
  2047.0   57.45158873639291 
  2048.0   57.20095692496181 
  2049.0   57.18878648534858 
  2050.0   56.562842818950905 
  2051.0   55.95344435495809 
  2052.0   55.381912615005234 
  2053.0   54.60269047322314 
  2054.0   53.92276274409907 
  2055.0   53.6396773231209 
  2056.0   53.29265931645761 
  2057.0   53.10534580231679 
  2058.0   52.35564674502853 
  2059.0   51.78678102190775 
  2060.0   50.98859261658287 
  2061.0   50.492018378107126 
  2062.0   49.73892994800037 
  2063.0   49.04625265666603 
  2064.0   48.21031361535753 
  2065.0   48.176718112954376 
  2066.0   47.18375356390248 
  2067.0   46.1204747500132 
  2068.0   44.987478293300754 
  2069.0   43.95106220690757 
  2070.0   43.225330303880426 
  2071.0   42.70859788700313 
  2072.0   42.12660385405202 
  2073.0   41.511592167104226 
  2074.0   40.37987505766041 
  2075.0   39.79882000253498 
  2076.0   39.376406312777625 
  2077.0   38.49321117685838 
  2078.0   37.980144011848544 
  2079.0   37.03319315296756 
  2080.0   36.50705267380654 
  2081.0   35.680317946666555 
  2082.0   35.14479493201217 
  2083.0   34.35300310716488 
  2084.0   34.041969090069735 
  2085.0   33.516582293966415 
  2086.0   32.91625534817155 
  2087.0   32.5401244469283 
  2088.0   31.946201177653233 
  2089.0   31.501612266946506 
  2090.0   30.707998302648633 
  2091.0   30.068774528140615 
  2092.0   29.77343253519244 
  2093.0   29.432609730389796 
  2094.0   29.116417839846957 
  2095.0   28.533922508417877 
  2096.0   28.365945761899194 
  2097.0   28.51448283494597 
  2098.0   29.0201591759252 
  2099.0   29.001652537294326 
  2100.0   28.7006323491274 
