  2015.0   0.5636108708664158 
  2016.0   0.18922625440785004 
  2017.0   0.6758119249799249 
  2018.0   0.3838769551332942 
  2019.0   0.2764791937912725 
  2020.0   0.5816878116921463 
  2021.0   0.7155196400643941 
  2022.0   0.7172485940490622 
  2023.0   0.8642472782589785 
  2024.0   1.231059158538215 
  2025.0   0.5609080047562742 
  2026.0   0.5867992602905377 
  2027.0   -0.021794382497922003 
  2028.0   0.24469570976312643 
  2029.0   0.7184090154442917 
  2030.0   0.8564797802633907 
  2031.0   0.16173129789516025 
  2032.0   1.0267366323054388 
  2033.0   0.7139648629535228 
  2034.0   0.6803181381047264 
  2035.0   0.21313327853904468 
  2036.0   0.20757767733756433 
  2037.0   0.5425098347257135 
  2038.0   0.8743210819257029 
  2039.0   1.1750359903057306 
  2040.0   1.1027777266072374 
  2041.0   0.9248575698288548 
  2042.0   1.30071633151037 
  2043.0   0.7851030224915196 
  2044.0   0.8031457334921224 
  2045.0   0.43469650925261183 
  2046.0   1.1075738698544426 
  2047.0   2.060896737135701 
  2048.0   0.7012159146073386 
  2049.0   0.02399704539495378 
  2050.0   -0.11410363929280408 
  2051.0   1.19186354311707 
  2052.0   1.3942909184874268 
  2053.0   0.6867530802375186 
  2054.0   -0.24136120821075646 
  2055.0   0.9250259214076675 
  2056.0   1.1608879323675112 
  2057.0   0.6870613812416293 
  2058.0   0.7463201464617316 
  2059.0   0.767790683353139 
  2060.0   1.0908764669408662 
  2061.0   0.8459254972509748 
  2062.0   0.6602306715605872 
  2063.0   1.5279045420532062 
  2064.0   1.0930300867788585 
  2065.0   1.1643748871979431 
  2066.0   0.7239544073101645 
  2067.0   -0.3512525257216421 
  2068.0   0.8076697755676491 
  2069.0   1.9177704077684807 
  2070.0   0.6520370971654125 
  2071.0   0.75948896265149 
  2072.0   0.7512220457423331 
  2073.0   0.0579008888240027 
  2074.0   0.34206687553472914 
  2075.0   0.3303384891817009 
  2076.0   1.389310051775055 
  2077.0   1.6952613768381217 
  2078.0   0.39733649455570386 
  2079.0   0.9561137916262299 
  2080.0   0.27627646811056433 
  2081.0   -0.11509046411891839 
  2082.0   0.968747854781425 
  2083.0   1.3507978151147284 
  2084.0   0.30144656088434696 
  2085.0   0.7466361965010058 
  2086.0   0.2103647510137409 
  2087.0   0.4326802218387875 
  2088.0   1.0781606658446181 
  2089.0   1.236713988051331 
  2090.0   0.8124433300871984 
  2091.0   0.3854667370023581 
  2092.0   0.23120954895900186 
  2093.0   1.618564761149997 
  2094.0   -0.07642158735338522 
  2095.0   1.5311328197631735 
  2096.0   0.7667989405495206 
  2097.0   0.23169585594607028 
  2098.0   0.7053331204886082 
  2099.0   0.413846443853096 
  2100.0   1.347726470067248 
