  2015.0   -1.5094554006753676e-09 
  2016.0   -1.6510271361494289e-09 
  2017.0   -1.7195696801067848e-09 
  2018.0   -1.7872638321725462e-09 
  2019.0   -1.8297596321154653e-09 
  2020.0   -1.862573536774508e-09 
  2021.0   -1.8439949963389976e-09 
  2022.0   -1.8076318221922325e-09 
  2023.0   -1.8336513345537464e-09 
  2024.0   -1.876840722820796e-09 
  2025.0   -1.8778643282087127e-09 
  2026.0   -1.8598632242283021e-09 
  2027.0   -1.977310313788476e-09 
  2028.0   -2.043628392394533e-09 
  2029.0   -1.9906082322433066e-09 
  2030.0   -1.9784971762547094e-09 
  2031.0   -1.9020213536611105e-09 
  2032.0   -1.9173261346196614e-09 
  2033.0   -1.9985871210778778e-09 
  2034.0   -2.050672895162725e-09 
  2035.0   -2.195773554559107e-09 
  2036.0   -2.1491064514529944e-09 
  2037.0   -2.1278130704080376e-09 
  2038.0   -2.2078448334553393e-09 
  2039.0   -2.241726188397795e-09 
  2040.0   -2.21121846284922e-09 
  2041.0   -2.2611134538193776e-09 
  2042.0   -2.311419064874896e-09 
  2043.0   -2.428544650779382e-09 
  2044.0   -2.358592342671938e-09 
  2045.0   -2.4619613567404058e-09 
  2046.0   -2.5764176612547643e-09 
  2047.0   -2.6101135094314096e-09 
  2048.0   -2.6411537606339946e-09 
  2049.0   -2.5849672428830252e-09 
  2050.0   -2.4786160143755113e-09 
  2051.0   -2.6752397855275854e-09 
  2052.0   -2.743044511631637e-09 
  2053.0   -2.7172109432758607e-09 
  2054.0   -2.8405666007804404e-09 
  2055.0   -2.920534134635556e-09 
  2056.0   -2.9961046883631295e-09 
  2057.0   -2.981880430274511e-09 
  2058.0   -3.0023670305325584e-09 
  2059.0   -3.047286636959895e-09 
  2060.0   -3.119840482893148e-09 
  2061.0   -3.026006529831928e-09 
  2062.0   -3.1995729273899213e-09 
  2063.0   -3.148912856962237e-09 
  2064.0   -3.1734994292439036e-09 
  2065.0   -3.3126048132593303e-09 
  2066.0   -3.4386918928146667e-09 
  2067.0   -3.3901859559919055e-09 
  2068.0   -3.3356993121935676e-09 
  2069.0   -3.25150258321665e-09 
  2070.0   -3.254375311229237e-09 
  2071.0   -3.266859790347888e-09 
  2072.0   -3.4852791608073603e-09 
  2073.0   -3.5730507860734454e-09 
  2074.0   -3.5017444301176355e-09 
  2075.0   -3.6136114455655806e-09 
  2076.0   -3.584909969820559e-09 
  2077.0   -3.5480864617806178e-09 
  2078.0   -3.6604699388826713e-09 
  2079.0   -3.555307139787323e-09 
  2080.0   -3.5473984164902284e-09 
  2081.0   -3.594987628369279e-09 
  2082.0   -3.843056048874986e-09 
  2083.0   -3.6913994787106666e-09 
  2084.0   -3.5386108194093963e-09 
  2085.0   -3.7850778154812465e-09 
  2086.0   -3.9294310559532686e-09 
  2087.0   -3.903131613595338e-09 
  2088.0   -3.8317852013028824e-09 
  2089.0   -3.912595765867181e-09 
  2090.0   -3.979370162296404e-09 
  2091.0   -3.997594586742657e-09 
  2092.0   -4.093079000424802e-09 
  2093.0   -4.12316421585659e-09 
  2094.0   -4.049809825674255e-09 
  2095.0   -4.047870597951518e-09 
  2096.0   -4.008790007958667e-09 
  2097.0   -4.119515683871709e-09 
  2098.0   -4.166705117141722e-09 
  2099.0   -4.0827035651540835e-09 
  2100.0   -3.917120463215844e-09 
