  2015.0   106.80323167803229 
  2016.0   106.7502939959465 
  2017.0   106.85883559471883 
  2018.0   107.06254664283819 
  2019.0   107.1069544382695 
  2020.0   107.09414754537191 
  2021.0   107.16927237629781 
  2022.0   107.00906238143286 
  2023.0   106.88195891323947 
  2024.0   106.64326374657736 
  2025.0   106.50831986964756 
  2026.0   106.50648419487645 
  2027.0   106.47242184271201 
  2028.0   106.46073747876835 
  2029.0   106.27948065783465 
  2030.0   106.30873889753262 
  2031.0   106.51760568559035 
  2032.0   106.71364244223611 
  2033.0   106.51910324184723 
  2034.0   106.45045193879628 
  2035.0   106.70524170961659 
  2036.0   106.84166438203418 
  2037.0   106.80903197134934 
  2038.0   106.74682570123122 
  2039.0   106.73195226003655 
  2040.0   106.90567071611432 
  2041.0   107.12647813644334 
  2042.0   107.26715255936305 
  2043.0   107.1970181383983 
  2044.0   107.29171953730447 
  2045.0   107.54997107056944 
  2046.0   107.53663868658492 
  2047.0   107.39293559156576 
  2048.0   107.5247588724429 
  2049.0   107.73182239225113 
  2050.0   107.85672593491746 
  2051.0   107.76455772958788 
  2052.0   107.84484551197794 
  2053.0   108.119709690732 
  2054.0   108.33654147326308 
  2055.0   108.37839154696543 
  2056.0   108.1145305494494 
  2057.0   107.94477794092339 
  2058.0   108.04267248029765 
  2059.0   108.0447748730984 
  2060.0   107.77404294548984 
  2061.0   107.66884268010253 
  2062.0   107.8748950785452 
  2063.0   107.9485670536897 
  2064.0   107.86785264813439 
  2065.0   108.04629491416179 
  2066.0   108.25776599566971 
  2067.0   108.24122903967587 
  2068.0   108.02988326358734 
  2069.0   108.01915734096421 
  2070.0   108.20314382004273 
  2071.0   108.25827936698289 
  2072.0   108.13004142558914 
  2073.0   108.18561835820346 
  2074.0   108.24471316605674 
  2075.0   108.3393031758094 
  2076.0   108.3431703115215 
  2077.0   108.18545998138995 
  2078.0   108.13351412081668 
  2079.0   108.32661468175395 
  2080.0   108.47859273202504 
  2081.0   108.37323406350964 
  2082.0   108.42513239816746 
  2083.0   108.70334700983334 
  2084.0   108.88988274989276 
  2085.0   108.89373325360322 
  2086.0   108.53064692134112 
  2087.0   108.55502572085473 
  2088.0   108.81146260591211 
  2089.0   108.7532783967827 
  2090.0   108.56167787344457 
  2091.0   108.72637118597888 
  2092.0   108.95720545218065 
  2093.0   108.94548729869534 
  2094.0   108.9210216047726 
  2095.0   109.17599567845534 
  2096.0   109.53530906731305 
  2097.0   109.73570183301362 
  2098.0   109.51560519342078 
  2099.0   109.54069396760777 
  2100.0   109.84130057300713 
