  2015.0   23.82247801139166 
  2016.0   24.035904838539874 
  2017.0   23.928284254752416 
  2018.0   23.953051108699704 
  2019.0   24.12473360623337 
  2020.0   24.28024905124066 
  2021.0   24.356184493613018 
  2022.0   24.48354768911699 
  2023.0   24.575188047010375 
  2024.0   24.59866070717964 
  2025.0   24.43892060063836 
  2026.0   24.369910963410586 
  2027.0   24.497886336157784 
  2028.0   24.595902779291045 
  2029.0   24.44447618138908 
  2030.0   24.49745437419404 
  2031.0   24.603492915987754 
  2032.0   24.67990797799022 
  2033.0   24.587646059794427 
  2034.0   24.597080335193866 
  2035.0   24.60068085019045 
  2036.0   24.844409808830935 
  2037.0   24.882754276406626 
  2038.0   24.72670471770749 
  2039.0   24.696044457735184 
  2040.0   24.65954733933305 
  2041.0   24.72194314500988 
  2042.0   24.67412121541703 
  2043.0   24.712050046158385 
  2044.0   24.8068068225454 
  2045.0   24.820909797708737 
  2046.0   24.895191040028706 
  2047.0   24.89105113421302 
  2048.0   25.022325606407765 
  2049.0   25.1461121192204 
  2050.0   25.058548513126027 
  2051.0   24.870496782697753 
  2052.0   24.83531691674213 
  2053.0   24.719522275067202 
  2054.0   24.876868457816542 
  2055.0   24.796550461776974 
  2056.0   24.909007847114143 
  2057.0   25.001684190579383 
  2058.0   24.92252106011577 
  2059.0   25.057020582382535 
  2060.0   25.21951379139982 
  2061.0   25.23802658895097 
  2062.0   25.11602144026274 
  2063.0   25.094414629807197 
  2064.0   25.14989145992993 
  2065.0   25.093578500004906 
  2066.0   25.166212017229164 
  2067.0   25.150690044576148 
  2068.0   25.187416743703537 
  2069.0   25.068992416282203 
  2070.0   25.068225766779236 
  2071.0   24.853211056116105 
  2072.0   24.783364855866402 
  2073.0   24.760111609990528 
  2074.0   24.880878579438615 
  2075.0   24.837078341869756 
  2076.0   24.775664426851097 
  2077.0   24.938007210806898 
  2078.0   24.816716649888605 
  2079.0   24.839861650089752 
  2080.0   24.72210714588906 
  2081.0   24.730953309734716 
  2082.0   24.630097597397704 
  2083.0   24.49604521195808 
  2084.0   24.5044454451649 
  2085.0   24.23983387996757 
  2086.0   24.14043675464233 
  2087.0   24.373934644866154 
  2088.0   24.448584648026465 
  2089.0   24.475454483309296 
  2090.0   24.312891004347325 
  2091.0   24.252784842899885 
  2092.0   24.408850897909133 
  2093.0   24.269105076962436 
  2094.0   24.078285931523038 
  2095.0   24.186679407866034 
  2096.0   24.043957726572145 
  2097.0   23.85041146932216 
  2098.0   23.916137151592963 
  2099.0   23.81806327881841 
  2100.0   23.855799240314667 
