  2015.0   1.470459694410385e-09 
  2016.0   1.4993421125368296e-09 
  2017.0   1.5218341878386463e-09 
  2018.0   1.5350197163671978e-09 
  2019.0   1.5423973887795913e-09 
  2020.0   1.5269204098054545e-09 
  2021.0   1.5306336550839218e-09 
  2022.0   1.5323504251798478e-09 
  2023.0   1.5356776210608438e-09 
  2024.0   1.5337958599183041e-09 
  2025.0   1.5051991685056823e-09 
  2026.0   1.504803623649058e-09 
  2027.0   1.5021301073750756e-09 
  2028.0   1.4954907853423387e-09 
  2029.0   1.4959748872421e-09 
  2030.0   1.4878534797922374e-09 
  2031.0   1.4923786688593231e-09 
  2032.0   1.4857483525062448e-09 
  2033.0   1.4779818924358182e-09 
  2034.0   1.4760354879815223e-09 
  2035.0   1.4996675583282328e-09 
  2036.0   1.4970144381490243e-09 
  2037.0   1.4959882901242144e-09 
  2038.0   1.4934749454354097e-09 
  2039.0   1.4910326227248443e-09 
  2040.0   1.5125398762472651e-09 
  2041.0   1.5378738885737015e-09 
  2042.0   1.5417482745013514e-09 
  2043.0   1.5435160198467699e-09 
  2044.0   1.5484089868962385e-09 
  2045.0   1.5680401338042465e-09 
  2046.0   1.5703215603756415e-09 
  2047.0   1.5744748722743232e-09 
  2048.0   1.5812600842590818e-09 
  2049.0   1.5990582676047182e-09 
  2050.0   1.6668349894062217e-09 
  2051.0   1.6825866812724128e-09 
  2052.0   1.6918119962986056e-09 
  2053.0   1.708582875405037e-09 
  2054.0   1.7202765901539876e-09 
  2055.0   1.7487376126378155e-09 
  2056.0   1.7505119138680808e-09 
  2057.0   1.7598311724277093e-09 
  2058.0   1.7682268341358079e-09 
  2059.0   1.7646746249137334e-09 
  2060.0   1.777951531924732e-09 
  2061.0   1.7976054805466213e-09 
  2062.0   1.8116070370549373e-09 
  2063.0   1.8141157412595349e-09 
  2064.0   1.8028935697824432e-09 
  2065.0   1.8158956794288236e-09 
  2066.0   1.8317291927452056e-09 
  2067.0   1.8295316112747576e-09 
  2068.0   1.8253817704616747e-09 
  2069.0   1.826682755047586e-09 
  2070.0   1.8136088114302546e-09 
  2071.0   1.8174137104660878e-09 
  2072.0   1.7767342832357487e-09 
  2073.0   1.776154048172866e-09 
  2074.0   1.7781465774003423e-09 
  2075.0   1.749004883169616e-09 
  2076.0   1.7307475351757584e-09 
  2077.0   1.7103886731123835e-09 
  2078.0   1.693830491926869e-09 
  2079.0   1.6993133013050656e-09 
  2080.0   1.6857596822937807e-09 
  2081.0   1.6878351527545292e-09 
  2082.0   1.6774506173114135e-09 
  2083.0   1.6808692909963338e-09 
  2084.0   1.6846619887136953e-09 
  2085.0   1.679066112544875e-09 
  2086.0   1.6667670751131258e-09 
  2087.0   1.6711659168230401e-09 
  2088.0   1.6678637489152246e-09 
  2089.0   1.6589633471805907e-09 
  2090.0   1.6536758345313773e-09 
  2091.0   1.6717960954864705e-09 
  2092.0   1.7184949927216844e-09 
  2093.0   1.7069081621365216e-09 
  2094.0   1.6913853643802922e-09 
  2095.0   1.6689666172964693e-09 
  2096.0   1.6203899157611982e-09 
  2097.0   1.6061347492954871e-09 
  2098.0   1.5854045253078526e-09 
  2099.0   1.5780108634502796e-09 
  2100.0   1.5748176705539874e-09 
