  2015.0   0.08772404319438397 
  2016.0   0.10151522814144967 
  2017.0   0.11504423280425845 
  2018.0   0.12780610240564055 
  2019.0   0.13943486171423988 
  2020.0   0.15116141226146323 
  2021.0   0.16276106290847986 
  2022.0   0.17134498734174358 
  2023.0   0.17958976935208834 
  2024.0   0.18822317467517893 
  2025.0   0.19819883307763012 
  2026.0   0.1979008103343346 
  2027.0   0.1960550414071842 
  2028.0   0.1935388104824806 
  2029.0   0.1910644361509054 
  2030.0   0.1884105301524836 
  2031.0   0.18450886622800283 
  2032.0   0.1826435742757393 
  2033.0   0.18096014355625062 
  2034.0   0.17941225944657857 
  2035.0   0.18109188402839163 
  2036.0   0.1859083784185641 
  2037.0   0.1924764567869033 
  2038.0   0.19909168982012398 
  2039.0   0.2055125538260672 
  2040.0   0.21071976065619452 
  2041.0   0.22039343880685108 
  2042.0   0.23061686875240395 
  2043.0   0.2447495116898795 
  2044.0   0.25882813894472134 
  2045.0   0.27223259866130384 
  2046.0   0.28622231748803845 
  2047.0   0.29940788927490986 
  2048.0   0.31357901979243735 
  2049.0   0.3262613832827514 
  2050.0   0.3361465807123025 
  2051.0   0.36473502391530976 
  2052.0   0.3954153837643228 
  2053.0   0.4278150422151202 
  2054.0   0.45664617860820006 
  2055.0   0.4811639200164933 
  2056.0   0.5391928839037858 
  2057.0   0.5825990250241754 
  2058.0   0.6143651955284217 
  2059.0   0.6353769474555133 
  2060.0   0.6440285911049629 
  2061.0   0.6449267354576932 
  2062.0   0.6388633905854116 
  2063.0   0.6286096604075604 
  2064.0   0.6159293349799131 
  2065.0   0.5979132581227334 
  2066.0   0.5839741793659959 
  2067.0   0.5720042365129254 
  2068.0   0.5590761503917349 
  2069.0   0.5419474680451237 
  2070.0   0.5238483703082915 
  2071.0   0.5091755774775505 
  2072.0   0.4936082236055797 
  2073.0   0.4776445015221145 
  2074.0   0.4617033646447528 
  2075.0   0.4506765964271953 
  2076.0   0.4381040549529461 
  2077.0   0.4251063745231602 
  2078.0   0.4127308251418063 
  2079.0   0.40206139776023514 
  2080.0   0.3918044945117105 
  2081.0   0.3801998059797111 
  2082.0   0.3678186706404921 
  2083.0   0.3542221317223903 
  2084.0   0.3401089912850824 
  2085.0   0.3262892211584734 
  2086.0   0.3103534895399231 
  2087.0   0.2945763865994436 
  2088.0   0.27884359668884645 
  2089.0   0.26411423054761435 
  2090.0   0.24974261982696347 
  2091.0   0.23631682500942372 
  2092.0   0.22307054547835692 
  2093.0   0.2092826890272731 
  2094.0   0.19598778006944062 
  2095.0   0.18462118479928377 
  2096.0   0.17402440118675408 
  2097.0   0.16405797320729648 
  2098.0   0.15448111017874216 
  2099.0   0.146330992843367 
  2100.0   0.13967174143491384 
