  2015.0   298.3495794208985 
  2016.0   297.7179411623304 
  2017.0   297.49178802777357 
  2018.0   298.03675698978617 
  2019.0   298.2449936447115 
  2020.0   297.4924426665565 
  2021.0   297.25900297742226 
  2022.0   297.04730014195866 
  2023.0   297.7317456297236 
  2024.0   297.9335067051263 
  2025.0   297.98901846499405 
  2026.0   297.76475611584675 
  2027.0   298.5753306158552 
  2028.0   298.65655604341515 
  2029.0   297.7772117246556 
  2030.0   297.65363797643914 
  2031.0   298.0889793381895 
  2032.0   298.2709468656582 
  2033.0   298.28845587799026 
  2034.0   297.88934038038167 
  2035.0   297.976466979825 
  2036.0   298.76209518615536 
  2037.0   298.96457032346547 
  2038.0   298.3139980604408 
  2039.0   297.93010863736686 
  2040.0   298.08878061754774 
  2041.0   298.40827759315573 
  2042.0   299.0153240775685 
  2043.0   298.51092619988987 
  2044.0   298.5215710826814 
  2045.0   298.4903625435597 
  2046.0   298.6668050001999 
  2047.0   299.23423610339535 
  2048.0   298.57926465666475 
  2049.0   298.4642983670167 
  2050.0   298.8008252271756 
  2051.0   299.32254575807593 
  2052.0   299.16582155685364 
  2053.0   299.03763386298283 
  2054.0   299.3101972916729 
  2055.0   298.92807852878497 
  2056.0   299.7263477139246 
  2057.0   300.0805966107983 
  2058.0   298.9023624556333 
  2059.0   298.65084851345796 
  2060.0   299.3282335479458 
  2061.0   299.4794915004854 
  2062.0   298.8279033775168 
  2063.0   298.5604029669389 
  2064.0   299.3207647710822 
  2065.0   300.56108227813036 
  2066.0   299.70585453594487 
  2067.0   299.5387762557458 
  2068.0   300.0127557429811 
  2069.0   299.9174734812189 
  2070.0   299.54128319959443 
  2071.0   299.8086309776245 
  2072.0   300.2637152021624 
  2073.0   299.59986952088656 
  2074.0   299.73164202709654 
  2075.0   300.57906419100794 
  2076.0   300.8566763629813 
  2077.0   299.4604661034831 
  2078.0   298.9285336919298 
  2079.0   300.0320087849759 
  2080.0   300.7169282329881 
  2081.0   299.9994500586633 
  2082.0   300.4508357875854 
  2083.0   300.6590926526029 
  2084.0   300.24115955094294 
  2085.0   300.57559192563957 
  2086.0   300.21470912256103 
  2087.0   300.3967557770188 
  2088.0   300.7665792413033 
  2089.0   301.19082759790143 
  2090.0   300.7193610380823 
  2091.0   300.600099682266 
  2092.0   300.567240469657 
  2093.0   300.5647261682242 
  2094.0   301.58951820210575 
  2095.0   301.3692343862882 
  2096.0   300.2126838757977 
  2097.0   300.3711018765719 
  2098.0   301.2557787712322 
  2099.0   301.8826550542123 
  2100.0   301.3356025647285 
