  2015.0   1.2946690896430264 
  2016.0   1.2923117877439747 
  2017.0   1.2993979575698533 
  2018.0   1.3391800590557277 
  2019.0   1.3183708243788135 
  2020.0   1.3356110369298084 
  2021.0   1.4837343312684883 
  2022.0   1.3876540843850675 
  2023.0   1.4026872076021453 
  2024.0   1.3229744014748974 
  2025.0   1.3566551162449085 
  2026.0   1.3453206888906801 
  2027.0   1.4011489811767888 
  2028.0   1.4154507259145337 
  2029.0   1.3964525089830626 
  2030.0   1.4335289715664317 
  2031.0   1.4402334892432782 
  2032.0   1.431348945399323 
  2033.0   1.3600652530823492 
  2034.0   1.3888330123358015 
  2035.0   1.4219354407693912 
  2036.0   1.4026056245175698 
  2037.0   1.415048495951465 
  2038.0   1.394732527241646 
  2039.0   1.4281114635259515 
  2040.0   1.4738958977041843 
  2041.0   1.4983210000318063 
  2042.0   1.4291055455679875 
  2043.0   1.4747120102129454 
  2044.0   1.4883109625409665 
  2045.0   1.4369387644763874 
  2046.0   1.359134691235368 
  2047.0   1.3869324712229798 
  2048.0   1.471451379118442 
  2049.0   1.4417864774885942 
  2050.0   1.515544377639547 
  2051.0   1.4379310509262764 
  2052.0   1.4472240654284276 
  2053.0   1.5201270225999914 
  2054.0   1.5460660776424129 
  2055.0   1.4644723201454986 
  2056.0   1.4430873288756492 
  2057.0   1.3913853249752448 
  2058.0   1.4377828920357718 
  2059.0   1.464913708565399 
  2060.0   1.4229028252189053 
  2061.0   1.394651127393979 
  2062.0   1.2831523467097483 
  2063.0   1.4072552808120726 
  2064.0   1.4398969446624965 
  2065.0   1.4604258243604151 
  2066.0   1.465590455885253 
  2067.0   1.425884000517586 
  2068.0   1.4411834117307456 
  2069.0   1.3988925253808713 
  2070.0   1.4082600444290516 
  2071.0   1.4434224161996483 
  2072.0   1.444073400428503 
  2073.0   1.4280722068480105 
  2074.0   1.326879711052913 
  2075.0   1.297673648938993 
  2076.0   1.37586144987733 
  2077.0   1.4766298615527451 
  2078.0   1.4888316324616122 
  2079.0   1.493764318499301 
  2080.0   1.41879686443533 
  2081.0   1.4390478288585113 
  2082.0   1.4054289011409338 
  2083.0   1.4294767727119724 
  2084.0   1.503378897442667 
  2085.0   1.452798204358375 
  2086.0   1.3639826846421146 
  2087.0   1.4111468720070106 
  2088.0   1.4542796887628517 
  2089.0   1.4768329410731083 
  2090.0   1.4009843470564403 
  2091.0   1.4352294103026275 
  2092.0   1.4389606688829735 
  2093.0   1.494125852912114 
  2094.0   1.5184551636538146 
  2095.0   1.4990113549000605 
  2096.0   1.480496498946933 
  2097.0   1.414098139631085 
  2098.0   1.452474230507189 
  2099.0   1.4768556057493096 
  2100.0   1.4682326602989884 
