  2015.0   -0.15627879635852612 
  2016.0   0.2500891469017402 
  2017.0   -0.41863181097160057 
  2018.0   -0.2663175475496967 
  2019.0   -0.109644719076116 
  2020.0   -0.2874378831281377 
  2021.0   -0.1683098329585588 
  2022.0   -0.781679317986218 
  2023.0   -0.4186737647168359 
  2024.0   -0.49039788386381883 
  2025.0   -0.8419465796914061 
  2026.0   -0.037408951513003816 
  2027.0   -0.3269654007391071 
  2028.0   0.014521607282411246 
  2029.0   -0.00020471101836477568 
  2030.0   -0.20221466701129057 
  2031.0   -0.445688461871694 
  2032.0   -0.04557765360798081 
  2033.0   -0.07865003447460875 
  2034.0   -0.06447333314150835 
  2035.0   -0.0668326639135095 
  2036.0   -0.5123857490966902 
  2037.0   -0.47588615991026395 
  2038.0   -0.1525105494780282 
  2039.0   0.23848106727972224 
  2040.0   0.19880854102774936 
  2041.0   -0.1559101171627696 
  2042.0   -0.23786592274753346 
  2043.0   -0.35079346341496154 
  2044.0   -0.2175754754203926 
  2045.0   0.01728970250360328 
  2046.0   -0.30476736677229604 
  2047.0   -0.3115300370095086 
  2048.0   -0.3823578233304706 
  2049.0   -0.47590984580477674 
  2050.0   -0.063758640667403 
  2051.0   -0.699391746684174 
  2052.0   -0.8190429660684976 
  2053.0   -0.6295342783247665 
  2054.0   -0.24460717024928325 
  2055.0   -0.31904574881480624 
  2056.0   -1.1828243923845483 
  2057.0   -0.6756464423846114 
  2058.0   -0.7221525455611086 
  2059.0   -0.7705802894234781 
  2060.0   -0.6631483172127148 
  2061.0   -1.2137128100415886 
  2062.0   -0.3691239285973981 
  2063.0   -1.2676836489269463 
  2064.0   -0.530315777136803 
  2065.0   -0.806818038769875 
  2066.0   -0.7866514258491102 
  2067.0   -0.43714099404697154 
  2068.0   -0.1118112026324549 
  2069.0   -0.33851025997397927 
  2070.0   -0.6410971119087664 
  2071.0   -1.2883090535840611 
  2072.0   -0.8006974039744335 
  2073.0   -0.3718959491516041 
  2074.0   -0.24311085065359544 
  2075.0   -0.7464325351185978 
  2076.0   -1.7961362217828094 
  2077.0   -0.6114917487860414 
  2078.0   -1.0157381930489409 
  2079.0   -0.4453864689301585 
  2080.0   -0.01239816341076301 
  2081.0   -0.38337651297062814 
  2082.0   -0.24415813629285668 
  2083.0   -0.12659250003070702 
  2084.0   -0.22595404481101505 
  2085.0   0.12699965153449894 
  2086.0   -0.09478668271343076 
  2087.0   -0.14154023282600656 
  2088.0   -0.01926187810698961 
  2089.0   -0.048735460387575556 
  2090.0   -0.09793533128088416 
  2091.0   0.40698609470471886 
  2092.0   0.41173119067449376 
  2093.0   -0.11722662281898062 
  2094.0   -0.18956119758347803 
  2095.0   0.29309834032521836 
  2096.0   -0.05045565874241895 
  2097.0   -0.16091846036681934 
  2098.0   -0.24518250029697913 
  2099.0   0.19672163804842863 
  2100.0   -0.2631738914703245 
