  2015.0   121.88336915301029 
  2016.0   122.79158925468208 
  2017.0   123.49079513542506 
  2018.0   124.11837786898224 
  2019.0   123.93658546094976 
  2020.0   124.67365330260897 
  2021.0   125.64036698745072 
  2022.0   125.79419329910063 
  2023.0   125.98622358286579 
  2024.0   126.82359412753576 
  2025.0   127.41139543041514 
  2026.0   128.41095198478718 
  2027.0   129.28976913638385 
  2028.0   129.72014218313592 
  2029.0   129.62044805329094 
  2030.0   130.10346312019493 
  2031.0   130.95414569960627 
  2032.0   131.02929892326972 
  2033.0   131.9147121347288 
  2034.0   132.6687831065254 
  2035.0   133.19936193706795 
  2036.0   134.56029411554223 
  2037.0   135.8472855408909 
  2038.0   136.69326439077386 
  2039.0   137.38552489228314 
  2040.0   137.5305963290217 
  2041.0   137.367112697118 
  2042.0   137.88262223601618 
  2043.0   138.2920711908027 
  2044.0   139.262592524714 
  2045.0   139.41153701234023 
  2046.0   140.2247262199827 
  2047.0   141.16871190952284 
  2048.0   141.7174212344005 
  2049.0   143.25221567439482 
  2050.0   143.70728481027305 
  2051.0   144.4778182678928 
  2052.0   144.67403941952722 
  2053.0   145.3791643761545 
  2054.0   146.43691607064324 
  2055.0   147.63329469357816 
  2056.0   148.04817971249363 
  2057.0   148.54766930923472 
  2058.0   149.50839223859265 
  2059.0   149.9862290552307 
  2060.0   150.4658059236973 
  2061.0   150.2810040584435 
  2062.0   150.10083515708106 
  2063.0   150.3292905195237 
  2064.0   151.55152772770055 
  2065.0   152.57162379009807 
  2066.0   153.27636465126272 
  2067.0   152.93015672585798 
  2068.0   153.7165490229662 
  2069.0   154.43739073696702 
  2070.0   154.745312582473 
  2071.0   155.33002548145515 
  2072.0   156.37656092902867 
  2073.0   156.95690499369607 
  2074.0   157.08704231054716 
  2075.0   157.2089018912877 
  2076.0   157.89670973479446 
  2077.0   158.6450111717638 
  2078.0   159.32675611412145 
  2079.0   159.1256281844415 
  2080.0   159.11268716634265 
  2081.0   160.10055368079387 
  2082.0   160.4133747354799 
  2083.0   161.08758138260808 
  2084.0   162.0775926567968 
  2085.0   162.71992620354308 
  2086.0   163.1541802580582 
  2087.0   163.66248570871497 
  2088.0   164.160051936211 
  2089.0   165.05825090435798 
  2090.0   166.04202329468822 
  2091.0   166.4884066285885 
  2092.0   166.6940961808992 
  2093.0   166.31994636519255 
  2094.0   166.6780284309126 
  2095.0   166.70478494953034 
  2096.0   166.688707031777 
  2097.0   166.22766241653636 
  2098.0   166.62897706133938 
  2099.0   167.33511872906925 
  2100.0   168.79181604042702 
