  2015.0   0.879970617047777 
  2016.0   1.0566850282665177 
  2017.0   -0.3895232795556408 
  2018.0   1.0881819836135327 
  2019.0   1.1989580040512504 
  2020.0   0.979720768242155 
  2021.0   0.6777872123933968 
  2022.0   1.5939174632501742 
  2023.0   2.6521457652258484 
  2024.0   0.19138137004526987 
  2025.0   1.6930860154231042 
  2026.0   0.04415416550328117 
  2027.0   2.093068450015776 
  2028.0   2.162937541822656 
  2029.0   1.6225735638679712 
  2030.0   1.4813875580815956 
  2031.0   1.865636042018193 
  2032.0   2.0993590150000765 
  2033.0   1.473105880826191 
  2034.0   0.7903982079696497 
  2035.0   1.6033737969410917 
  2036.0   1.5338536765194055 
  2037.0   2.2903430368542104 
  2038.0   0.18260232997211934 
  2039.0   0.6893553920684512 
  2040.0   1.6870841788331077 
  2041.0   0.8659389104173892 
  2042.0   1.1258886866892677 
  2043.0   0.42299242640210394 
  2044.0   0.1878199110656964 
  2045.0   2.1683011776622005 
  2046.0   1.1163762349305613 
  2047.0   1.322015302776216 
  2048.0   2.020194473472025 
  2049.0   1.5932068293587631 
  2050.0   0.051283617195134926 
  2051.0   1.8966342741685451 
  2052.0   2.3182875413712525 
  2053.0   1.0107428749131175 
  2054.0   2.3336741062803292 
  2055.0   2.0656902703268223 
  2056.0   0.8492528805630666 
  2057.0   0.8734478945415812 
  2058.0   1.1694618808332535 
  2059.0   1.95997087721754 
  2060.0   2.2909083806514166 
  2061.0   1.8485472476339861 
  2062.0   0.543817757416704 
  2063.0   2.4255187421166187 
  2064.0   1.5407255239768793 
  2065.0   2.505847588411322 
  2066.0   1.2439522717874865 
  2067.0   1.1144853169946258 
  2068.0   1.9716160872204376 
  2069.0   1.812603180774094 
  2070.0   1.3145294749052854 
  2071.0   1.6361193467124626 
  2072.0   -0.3969420742901041 
  2073.0   0.33157752818274244 
  2074.0   -0.04409702792344659 
  2075.0   -0.25446106025958265 
  2076.0   0.8523193076625658 
  2077.0   1.0289424424728304 
  2078.0   -0.3488979182768219 
  2079.0   1.3928034582852915 
  2080.0   0.18036647410192705 
  2081.0   0.5126567962034109 
  2082.0   -0.2424333885176572 
  2083.0   0.5065919772150828 
  2084.0   1.1456872409917114 
  2085.0   0.3182760451382125 
  2086.0   1.4858979036791737 
  2087.0   1.4996926806860298 
  2088.0   1.5055125498532875 
  2089.0   1.039266458056317 
  2090.0   0.9159895606688645 
  2091.0   -0.5060619155654205 
  2092.0   0.909489537872841 
  2093.0   0.09570931372971872 
  2094.0   0.37681277046279366 
  2095.0   0.7668417331972018 
  2096.0   1.0987920974909602 
  2097.0   -0.5649059473663032 
  2098.0   0.6878359111797362 
  2099.0   -0.6411340688239954 
  2100.0   0.250979584212614 
