  2015.0   3.9464584043277785e-10 
  2016.0   4.075144558094318e-10 
  2017.0   4.2458564897507135e-10 
  2018.0   4.09602238890397e-10 
  2019.0   4.233739203641554e-10 
  2020.0   4.332457217744124e-10 
  2021.0   4.303378867236164e-10 
  2022.0   4.2439506413942553e-10 
  2023.0   4.4638565615817355e-10 
  2024.0   4.6235698237326093e-10 
  2025.0   4.699726129128589e-10 
  2026.0   4.551478629772749e-10 
  2027.0   4.936048676722856e-10 
  2028.0   5.058139381514084e-10 
  2029.0   4.925375331975178e-10 
  2030.0   5.160140282929429e-10 
  2031.0   4.920284189079887e-10 
  2032.0   5.591783521363825e-10 
  2033.0   5.089681403122946e-10 
  2034.0   5.325450283882628e-10 
  2035.0   5.439662683782331e-10 
  2036.0   5.908552870361243e-10 
  2037.0   5.698861658029759e-10 
  2038.0   5.954784949073708e-10 
  2039.0   6.017543403492646e-10 
  2040.0   6.088500420688974e-10 
  2041.0   6.021933651913126e-10 
  2042.0   5.931525772860019e-10 
  2043.0   6.092338302638228e-10 
  2044.0   6.485588705732382e-10 
  2045.0   6.556934320478188e-10 
  2046.0   6.181870999022313e-10 
  2047.0   6.547364873659451e-10 
  2048.0   6.42749149680712e-10 
  2049.0   6.581358433765016e-10 
  2050.0   6.915195491910743e-10 
  2051.0   7.214680701895839e-10 
  2052.0   7.235180969305829e-10 
  2053.0   7.428153934934732e-10 
  2054.0   7.689254966225994e-10 
  2055.0   7.965008822449545e-10 
  2056.0   8.156020145080222e-10 
  2057.0   7.863548570320581e-10 
  2058.0   8.33748623020235e-10 
  2059.0   7.913132169146182e-10 
  2060.0   8.339061792122745e-10 
  2061.0   8.514743997555534e-10 
  2062.0   8.68505142094364e-10 
  2063.0   8.771610865754666e-10 
  2064.0   8.963106202077169e-10 
  2065.0   8.610365217848539e-10 
  2066.0   8.431114027635863e-10 
  2067.0   8.959771689859958e-10 
  2068.0   9.802410735098875e-10 
  2069.0   9.654430462042314e-10 
  2070.0   9.173531482309542e-10 
  2071.0   9.59179964615845e-10 
  2072.0   9.934167179926508e-10 
  2073.0   1.0124303555533692e-09 
  2074.0   9.436000377646326e-10 
  2075.0   9.261982260620744e-10 
  2076.0   1.0201431180401066e-09 
  2077.0   1.0729766317871084e-09 
  2078.0   1.0515215422826131e-09 
  2079.0   1.027116039696248e-09 
  2080.0   1.0746005114388046e-09 
  2081.0   1.0710594344708783e-09 
  2082.0   1.092938393530825e-09 
  2083.0   1.0876453950569534e-09 
  2084.0   1.1058248718264969e-09 
  2085.0   1.1431468070166556e-09 
  2086.0   1.1381495343585185e-09 
  2087.0   1.0900915684483337e-09 
  2088.0   1.180351861124686e-09 
  2089.0   1.10675489799909e-09 
  2090.0   1.1106067188805856e-09 
  2091.0   1.1133241603582163e-09 
  2092.0   1.1626421633877585e-09 
  2093.0   1.2483628235675646e-09 
  2094.0   1.2360274576095307e-09 
  2095.0   1.1175410783663825e-09 
  2096.0   1.2447186527744593e-09 
  2097.0   1.1748509387478634e-09 
  2098.0   1.1895312381955248e-09 
  2099.0   1.2709876537625159e-09 
  2100.0   1.2253376298849822e-09 
