  2015.0   12.405826617046099 
  2016.0   12.473903542595567 
  2017.0   12.859182481977795 
  2018.0   12.616054384463858 
  2019.0   12.64475350984191 
  2020.0   12.877295579232358 
  2021.0   12.760799515459137 
  2022.0   12.607359529294422 
  2023.0   12.72095933350091 
  2024.0   12.605655598778503 
  2025.0   12.931507959507178 
  2026.0   12.90238941681703 
  2027.0   13.19585722771694 
  2028.0   13.120862851338183 
  2029.0   13.209102639184412 
  2030.0   12.996052891256422 
  2031.0   12.59179566054763 
  2032.0   12.669906229935993 
  2033.0   12.838038142173408 
  2034.0   13.131083005331824 
  2035.0   13.788791198711143 
  2036.0   13.27582550805079 
  2037.0   13.085579315693687 
  2038.0   13.684294504947061 
  2039.0   13.528743989027873 
  2040.0   13.495416083441159 
  2041.0   13.446691582734406 
  2042.0   13.385375528821758 
  2043.0   13.498642455167571 
  2044.0   13.520885620095745 
  2045.0   13.731561584617836 
  2046.0   14.021173106885415 
  2047.0   13.755024442473305 
  2048.0   13.958480787172002 
  2049.0   13.864114825762682 
  2050.0   13.392112517492222 
  2051.0   14.039921465990487 
  2052.0   13.822265232971397 
  2053.0   13.80852295583154 
  2054.0   13.660637525065455 
  2055.0   14.184325448972098 
  2056.0   14.142501206738865 
  2057.0   13.893287390044351 
  2058.0   14.312854010790508 
  2059.0   14.023978442855213 
  2060.0   13.83468216459462 
  2061.0   13.97843324296458 
  2062.0   14.455165292728537 
  2063.0   14.346166908185578 
  2064.0   14.031917575733528 
  2065.0   14.583134151582186 
  2066.0   14.673619677172711 
  2067.0   14.493094810994624 
  2068.0   14.352773801592084 
  2069.0   14.046228686950865 
  2070.0   13.935506343674652 
  2071.0   14.040044383499426 
  2072.0   14.369435237063046 
  2073.0   14.696343393605975 
  2074.0   14.483372350207333 
  2075.0   14.759630801635609 
  2076.0   14.64897418036481 
  2077.0   14.16075951794084 
  2078.0   14.620673916388185 
  2079.0   14.38804054127846 
  2080.0   14.25006544826395 
  2081.0   14.364391545504684 
  2082.0   14.568715869426208 
  2083.0   14.710261998388802 
  2084.0   14.133109917291534 
  2085.0   14.782519456071398 
  2086.0   14.849579874897515 
  2087.0   14.743564454266291 
  2088.0   14.540037557085117 
  2089.0   14.569611924501093 
  2090.0   14.934884355240069 
  2091.0   14.733302421219902 
  2092.0   14.951355839297678 
  2093.0   15.132154608166719 
  2094.0   15.124259075335742 
  2095.0   14.661909688750557 
  2096.0   14.619097456122631 
  2097.0   15.132787862324205 
  2098.0   14.61485350868453 
  2099.0   14.679206382592845 
  2100.0   14.225436433118416 
