  2015.0   14.330381227011314 
  2016.0   14.54231985504671 
  2017.0   14.415060503213356 
  2018.0   14.14848665720076 
  2019.0   14.089474759198591 
  2020.0   14.128654229438169 
  2021.0   14.063431766049547 
  2022.0   13.979220246025196 
  2023.0   14.02500832756754 
  2024.0   14.296798023006227 
  2025.0   14.367034698590713 
  2026.0   14.131091766620427 
  2027.0   14.22016565794683 
  2028.0   14.411084944273721 
  2029.0   14.409920527335341 
  2030.0   14.36729403518237 
  2031.0   14.124004726992926 
  2032.0   14.224791424871515 
  2033.0   14.008270033579178 
  2034.0   13.805080932346959 
  2035.0   13.580307953673055 
  2036.0   13.695050523597383 
  2037.0   13.57354291787916 
  2038.0   13.524575714247412 
  2039.0   13.474954348572469 
  2040.0   13.556334407603172 
  2041.0   13.68510111824848 
  2042.0   13.634853510316498 
  2043.0   13.527266592286692 
  2044.0   13.68839652181535 
  2045.0   13.801445885839941 
  2046.0   13.615093127439524 
  2047.0   13.500975238413172 
  2048.0   13.362335713971305 
  2049.0   13.334178217413635 
  2050.0   13.518506802299171 
  2051.0   13.52583788838232 
  2052.0   13.523986946552 
  2053.0   13.403357836455479 
  2054.0   13.225079896458704 
  2055.0   13.160858905175644 
  2056.0   13.176482318407935 
  2057.0   13.086922170073647 
  2058.0   12.899096548942985 
  2059.0   12.526018498394079 
  2060.0   12.4439433101317 
  2061.0   12.223633390128002 
  2062.0   12.234891407224607 
  2063.0   12.020761000941551 
  2064.0   11.974182864521177 
  2065.0   11.938172702364493 
  2066.0   11.613310360478131 
  2067.0   11.453132516684754 
  2068.0   11.51287083792834 
  2069.0   11.453317386218963 
  2070.0   11.098692586823153 
  2071.0   10.810890561334642 
  2072.0   10.838523574920204 
  2073.0   10.716054461963422 
  2074.0   10.308129993800044 
  2075.0   9.898094683038998 
  2076.0   9.881938348379391 
  2077.0   9.801662688823145 
  2078.0   9.711107622015673 
  2079.0   9.459657570356494 
  2080.0   9.508460190137423 
  2081.0   9.388173819872035 
  2082.0   9.198002467728887 
  2083.0   9.124638638428419 
  2084.0   9.03774534816716 
  2085.0   9.026157230853483 
  2086.0   8.78356858007608 
  2087.0   8.679913476926268 
  2088.0   8.675531397346584 
  2089.0   8.570365997818651 
  2090.0   8.470644760779983 
  2091.0   8.24568540913306 
  2092.0   8.138875532853566 
  2093.0   8.143708291763925 
  2094.0   8.071226672936149 
  2095.0   7.90983548921596 
  2096.0   7.975903556179683 
  2097.0   7.873843097376731 
  2098.0   7.632009744588745 
  2099.0   7.593428267218374 
  2100.0   7.449444469940173 
