  2015.0   0.3048784737973312 
  2016.0   0.3107922676035445 
  2017.0   0.34850694106633945 
  2018.0   0.39795198504411883 
  2019.0   0.4614817414441467 
  2020.0   0.5469689155422746 
  2021.0   0.6342331455898892 
  2022.0   0.7290658624278671 
  2023.0   0.8280990809012738 
  2024.0   0.9246643330027212 
  2025.0   1.0107703029317545 
  2026.0   1.0100931647353528 
  2027.0   1.032032471930034 
  2028.0   1.0808265642437864 
  2029.0   1.1327951656202673 
  2030.0   1.1722162201093413 
  2031.0   1.14538567436302 
  2032.0   1.135235935250415 
  2033.0   1.1446252805131774 
  2034.0   1.159360167167837 
  2035.0   1.1800068112216047 
  2036.0   1.176730222130095 
  2037.0   1.1850393943239244 
  2038.0   1.2013588250789862 
  2039.0   1.2355416492186855 
  2040.0   1.2714976395709794 
  2041.0   1.2722033044562924 
  2042.0   1.2848328921692684 
  2043.0   1.3139525370441794 
  2044.0   1.3536057475547074 
  2045.0   1.3817537338250108 
  2046.0   1.3676858084293382 
  2047.0   1.369884275748734 
  2048.0   1.3784393739158427 
  2049.0   1.3904420814029883 
  2050.0   1.4124570425103464 
  2051.0   1.4712610127529182 
  2052.0   1.5431407039436806 
  2053.0   1.6102733494301535 
  2054.0   1.6867614058757148 
  2055.0   1.7497328538939378 
  2056.0   1.771108708478184 
  2057.0   1.8310659334695922 
  2058.0   1.8996938107758576 
  2059.0   1.9787217099525654 
  2060.0   2.055905523551142 
  2061.0   2.078825887183509 
  2062.0   2.1170203106992114 
  2063.0   2.165921792421442 
  2064.0   2.222098674959906 
  2065.0   2.28414829232773 
  2066.0   2.318951318604324 
  2067.0   2.361399632987145 
  2068.0   2.411147217662439 
  2069.0   2.466181498034861 
  2070.0   2.5082551903357704 
  2071.0   2.4755531624001423 
  2072.0   2.4612162154675232 
  2073.0   2.4741079797298626 
  2074.0   2.499415322259854 
  2075.0   2.504732029641245 
  2076.0   2.4489948949305687 
  2077.0   2.412804838854926 
  2078.0   2.3906785260533554 
  2079.0   2.379408648895899 
  2080.0   2.3796410799887564 
  2081.0   2.3521264795188475 
  2082.0   2.340574052472959 
  2083.0   2.3410170750112114 
  2084.0   2.3465309103462024 
  2085.0   2.3455061999052202 
  2086.0   2.309011214844513 
  2087.0   2.288280120047446 
  2088.0   2.278064705132997 
  2089.0   2.274030287332268 
  2090.0   2.2689301348380564 
  2091.0   2.2444574063838822 
  2092.0   2.2301532257993713 
  2093.0   2.222228887646427 
  2094.0   2.2203535058094404 
  2095.0   2.208710890409303 
  2096.0   2.145911230120677 
  2097.0   2.0981407607600717 
  2098.0   2.063349738679731 
  2099.0   2.03792707705394 
  2100.0   2.003377059060899 
