  2015.0   104.63601197713078 
  2016.0   104.66545108923724 
  2017.0   104.68792938464111 
  2018.0   104.74163966199589 
  2019.0   104.76303186048048 
  2020.0   104.80792158386322 
  2021.0   104.9275938911965 
  2022.0   104.91247743451517 
  2023.0   104.89424263416889 
  2024.0   104.9113628476789 
  2025.0   105.00963779094903 
  2026.0   105.11306241683768 
  2027.0   105.14202338041116 
  2028.0   105.12385009304091 
  2029.0   105.1887199930754 
  2030.0   105.29008268690548 
  2031.0   105.37393708432835 
  2032.0   105.46935470671173 
  2033.0   105.54569089513893 
  2034.0   105.64147020378181 
  2035.0   105.74081119344027 
  2036.0   105.83474165070454 
  2037.0   105.88017347070559 
  2038.0   105.93936347261175 
  2039.0   105.9825329388635 
  2040.0   106.04339632765735 
  2041.0   106.14774075314352 
  2042.0   106.25206070174447 
  2043.0   106.30585327112792 
  2044.0   106.35771920538767 
  2045.0   106.43127931377937 
  2046.0   106.55546911539373 
  2047.0   106.66188920062596 
  2048.0   106.74534815054496 
  2049.0   106.85015292736155 
  2050.0   106.95689710190004 
  2051.0   107.08986471372165 
  2052.0   107.11261696998177 
  2053.0   107.19905316003374 
  2054.0   107.37528564115014 
  2055.0   107.56953631158079 
  2056.0   107.68845879560848 
  2057.0   107.76623274142143 
  2058.0   107.90939513433807 
  2059.0   107.97073966053041 
  2060.0   108.0691205943912 
  2061.0   108.2256545095129 
  2062.0   108.31237942575623 
  2063.0   108.37765506399568 
  2064.0   108.50240021155757 
  2065.0   108.58725372709885 
  2066.0   108.7185694795404 
  2067.0   108.84807200214405 
  2068.0   109.00901413662203 
  2069.0   109.13854597753758 
  2070.0   109.1858686615226 
  2071.0   109.24724342604412 
  2072.0   109.39827498047882 
  2073.0   109.57899834574917 
  2074.0   109.68229394047266 
  2075.0   109.73184582556706 
  2076.0   109.82952523943958 
  2077.0   109.95403801195856 
  2078.0   110.07630095073134 
  2079.0   110.14439544350671 
  2080.0   110.3021071298535 
  2081.0   110.4319399913266 
  2082.0   110.55311281519452 
  2083.0   110.65761493763196 
  2084.0   110.69824263159775 
  2085.0   110.79196792103951 
  2086.0   110.97664002537199 
  2087.0   111.11594806453667 
  2088.0   111.17251835474487 
  2089.0   111.28777905556036 
  2090.0   111.49249148108076 
  2091.0   111.55421989515912 
  2092.0   111.64395304351456 
  2093.0   111.758454344664 
  2094.0   111.80529829119811 
  2095.0   111.93803122699029 
  2096.0   112.02418527969222 
  2097.0   112.13246978318453 
  2098.0   112.196089334954 
  2099.0   112.33831110170078 
  2100.0   112.47654261845503 
