  2015.0   0.0 
  2016.0   9.85736687841916e-11 
  2017.0   1.0104931421118096e-10 
  2018.0   1.0248873793435011e-10 
  2019.0   1.0333050173450582e-10 
  2020.0   1.0489422548809589e-10 
  2021.0   1.0685316746605591e-10 
  2022.0   1.0778163610642034e-10 
  2023.0   1.0848768132072042e-10 
  2024.0   1.1031978154246199e-10 
  2025.0   1.139092312913119e-10 
  2026.0   1.1556291606092595e-10 
  2027.0   1.1708098354305516e-10 
  2028.0   1.1878859305596504e-10 
  2029.0   1.2077448237606766e-10 
  2030.0   1.2253423357824952e-10 
  2031.0   1.2424493422138447e-10 
  2032.0   1.2491909656847837e-10 
  2033.0   1.260229158149498e-10 
  2034.0   1.2907435292245722e-10 
  2035.0   1.3076183194517405e-10 
  2036.0   1.3150871303940796e-10 
  2037.0   1.3250796373057011e-10 
  2038.0   1.333013302600415e-10 
  2039.0   1.3424185910075113e-10 
  2040.0   1.3313673547223325e-10 
  2041.0   1.3683950129964099e-10 
  2042.0   1.500034158995385e-10 
  2043.0   1.5445693731461226e-10 
  2044.0   1.566780188280306e-10 
  2045.0   1.5983543235890334e-10 
  2046.0   1.6223799910010097e-10 
  2047.0   1.6435211710964194e-10 
  2048.0   1.6710608254952082e-10 
  2049.0   1.6921250603543537e-10 
  2050.0   1.7322833281078238e-10 
  2051.0   1.7016782037102483e-10 
  2052.0   1.725136922878729e-10 
  2053.0   1.7337444466990946e-10 
  2054.0   1.7519464531681424e-10 
  2055.0   1.7793377934730493e-10 
  2056.0   1.789954103819434e-10 
  2057.0   1.802541606573021e-10 
  2058.0   1.7994634585044464e-10 
  2059.0   1.8184421642598601e-10 
  2060.0   1.8419791438585323e-10 
  2061.0   1.910410584579269e-10 
  2062.0   1.9405548576137423e-10 
  2063.0   1.9540195000177605e-10 
  2064.0   1.973495400016009e-10 
  2065.0   1.9871401319560905e-10 
  2066.0   1.9984932838421946e-10 
  2067.0   2.0284069872047847e-10 
  2068.0   2.0310292963951572e-10 
  2069.0   2.1203546570740753e-10 
  2070.0   2.1889949541672658e-10 
  2071.0   2.212386094927682e-10 
  2072.0   2.2063562562388586e-10 
  2073.0   2.2018049773922325e-10 
  2074.0   2.2144634527291033e-10 
  2075.0   2.2321512794960856e-10 
  2076.0   2.246937743913871e-10 
  2077.0   2.2424649601800798e-10 
  2078.0   2.2270291275113536e-10 
  2079.0   2.2164427036993556e-10 
  2080.0   2.2291567915994947e-10 
  2081.0   2.2529656264979352e-10 
  2082.0   2.2873354645600537e-10 
  2083.0   2.296583799855062e-10 
  2084.0   2.2656524332273243e-10 
  2085.0   2.2660476105556762e-10 
  2086.0   2.2833607647492722e-10 
  2087.0   2.2865149388298256e-10 
  2088.0   2.2928521641386299e-10 
  2089.0   2.298889608248509e-10 
  2090.0   2.3195976309650612e-10 
  2091.0   2.340370979592572e-10 
  2092.0   2.3641244693983604e-10 
  2093.0   2.3938099806322764e-10 
  2094.0   2.4182849184784345e-10 
  2095.0   2.443925173380775e-10 
  2096.0   2.4542802694402053e-10 
  2097.0   2.5134249908945463e-10 
  2098.0   2.528538448435488e-10 
  2099.0   2.5377300795595266e-10 
  2100.0   2.538254858086643e-10 
