  2015.0   -9.930080884724574e-10 
  2016.0   2.7130686197255443e-10 
  2017.0   1.574261009818931e-10 
  2018.0   8.905996162962696e-11 
  2019.0   -2.2189519285022733e-10 
  2020.0   -5.058677899253688e-10 
  2021.0   -1.3081551803547396e-10 
  2022.0   7.437804005716323e-11 
  2023.0   -5.065463036454671e-10 
  2024.0   -3.3355677260894437e-10 
  2025.0   2.7630167717621426e-10 
  2026.0   2.1190684976818542e-10 
  2027.0   1.3124833622150995e-10 
  2028.0   -6.401601598409834e-10 
  2029.0   2.701980650100707e-10 
  2030.0   7.806336877348292e-10 
  2031.0   5.960806276848113e-10 
  2032.0   -3.3170014787886236e-10 
  2033.0   -2.58412722886748e-10 
  2034.0   9.52173126499288e-10 
  2035.0   1.00366813410932e-09 
  2036.0   -3.5320399960654427e-10 
  2037.0   -2.084436705949233e-11 
  2038.0   1.1577777626866081e-10 
  2039.0   6.768744261824356e-10 
  2040.0   8.423895200049524e-10 
  2041.0   7.632908867475573e-10 
  2042.0   -4.1000497573863084e-10 
  2043.0   7.139058938287045e-10 
  2044.0   9.003105662405492e-10 
  2045.0   5.465553180893553e-10 
  2046.0   -9.253753350913077e-10 
  2047.0   2.9414349314023384e-10 
  2048.0   1.2350905877739055e-09 
  2049.0   8.26226017790857e-10 
  2050.0   -6.012519807661816e-10 
  2051.0   1.0241399544780507e-10 
  2052.0   8.002245290369918e-10 
  2053.0   8.691134000020339e-10 
  2054.0   6.817094337965884e-10 
  2055.0   -7.072553738372577e-10 
  2056.0   -4.896095490412385e-10 
  2057.0   3.205281707297677e-10 
  2058.0   4.169109748602554e-10 
  2059.0   -8.924454837168603e-10 
  2060.0   -3.311463695424995e-10 
  2061.0   7.748469241768164e-10 
  2062.0   4.855815826565384e-10 
  2063.0   -2.556800472271443e-10 
  2064.0   6.136233785005132e-10 
  2065.0   1.1275481499142221e-09 
  2066.0   5.576920175420586e-10 
  2067.0   -5.185461819471068e-10 
  2068.0   3.0530697850069357e-10 
  2069.0   1.2232494512281483e-09 
  2070.0   7.357503282794323e-10 
  2071.0   -1.7108887348203528e-10 
  2072.0   1.1762245044859354e-11 
  2073.0   1.3451929166715145e-09 
  2074.0   5.842432218914247e-10 
  2075.0   4.3521204185212003e-10 
  2076.0   -4.817956658194213e-10 
  2077.0   3.3196589431449134e-10 
  2078.0   7.697978835797709e-10 
  2079.0   1.0907716007211253e-09 
  2080.0   -2.0168629762697784e-10 
  2081.0   -5.11290445266988e-10 
  2082.0   4.546122609603103e-10 
  2083.0   7.130314714765631e-10 
  2084.0   9.964723353181665e-10 
  2085.0   -1.0946643843028295e-10 
  2086.0   -5.937878730069203e-10 
  2087.0   1.2005890883829555e-09 
  2088.0   1.0589881122514247e-09 
  2089.0   -6.760748845165779e-10 
  2090.0   5.514343610129752e-10 
  2091.0   1.0674149672968453e-09 
  2092.0   6.376845722493572e-10 
  2093.0   -6.165542031757451e-10 
  2094.0   4.776617881575688e-10 
  2095.0   1.2731543221879838e-09 
  2096.0   1.2939765473856595e-09 
  2097.0   -1.334763795084865e-10 
  2098.0   -1.653886229519478e-10 
  2099.0   1.156386935855161e-09 
  2100.0   6.729234254773426e-10 
