  2015.0   0.18654944598701337 
  2016.0   -0.2279742288161201 
  2017.0   0.08743189519340029 
  2018.0   0.45743981057776634 
  2019.0   0.2128415173693975 
  2020.0   0.3483082191885475 
  2021.0   1.7501582726129443 
  2022.0   0.004375617339654655 
  2023.0   0.7365993918920061 
  2024.0   -0.40479489895557663 
  2025.0   0.06020128879646204 
  2026.0   0.42166988189920807 
  2027.0   0.6438848297692892 
  2028.0   0.28829551918088103 
  2029.0   0.306974405817038 
  2030.0   0.9202918168546861 
  2031.0   0.5732199498548818 
  2032.0   0.5205064540109016 
  2033.0   -0.5642642288445391 
  2034.0   0.3183555636480243 
  2035.0   0.6279027436052532 
  2036.0   0.32527753585140334 
  2037.0   0.2327168964494607 
  2038.0   0.1719565719288555 
  2039.0   0.8519655624343162 
  2040.0   0.9749114655043882 
  2041.0   1.0492906414187924 
  2042.0   -0.036758390796778576 
  2043.0   0.4798212784576955 
  2044.0   0.37708421826129906 
  2045.0   -0.10547747254575184 
  2046.0   -0.5163337077966643 
  2047.0   0.6372436572037201 
  2048.0   0.6637435341943402 
  2049.0   0.21587709670720598 
  2050.0   0.9897512534126072 
  2051.0   -0.05449685737530414 
  2052.0   -0.21801117836598455 
  2053.0   0.6985461511729397 
  2054.0   0.6146528766254419 
  2055.0   -0.39910758548711084 
  2056.0   -0.46765958569406774 
  2057.0   -0.8770767867707696 
  2058.0   0.274936736026536 
  2059.0   -0.09698204696185851 
  2060.0   -0.7588594274373383 
  2061.0   -0.6915968028701796 
  2062.0   -1.15002304382838 
  2063.0   0.5710563338951391 
  2064.0   -0.2541732855391663 
  2065.0   0.15933704554641143 
  2066.0   0.12525826901948428 
  2067.0   -0.43691539546737934 
  2068.0   -0.0527957713555461 
  2069.0   -0.6454401820063046 
  2070.0   -0.5659844974551786 
  2071.0   0.0889159640575374 
  2072.0   0.12368461198988134 
  2073.0   -0.5586548300254514 
  2074.0   -0.9587158174799554 
  2075.0   -0.5932416982712501 
  2076.0   -0.06646657351482949 
  2077.0   0.6708338350295457 
  2078.0   0.1549141411741729 
  2079.0   -0.22937134513839133 
  2080.0   -0.7554221764309456 
  2081.0   -0.35864624442869336 
  2082.0   -0.6719437887490999 
  2083.0   -0.036958042060699824 
  2084.0   0.37129098604689825 
  2085.0   -0.4393629530007267 
  2086.0   -1.002227319112281 
  2087.0   -0.06335825180478284 
  2088.0   0.022303473675662266 
  2089.0   -0.29629648724922975 
  2090.0   -0.6665610772539172 
  2091.0   -0.22886082747452363 
  2092.0   0.024342061706552374 
  2093.0   0.6343081186866452 
  2094.0   -0.24528905998049813 
  2095.0   0.1481772858375776 
  2096.0   -0.035118706285257706 
  2097.0   -0.6400036511724085 
  2098.0   -0.031433422379574895 
  2099.0   0.2915415446805815 
  2100.0   -0.0619783900154725 
