  2015.0   79.04702904482721 
  2016.0   79.36748511122595 
  2017.0   78.77824412480122 
  2018.0   78.41065609282784 
  2019.0   78.42082019280315 
  2020.0   78.42231518297612 
  2021.0   78.05538580412382 
  2022.0   77.64507181446123 
  2023.0   77.99670031934117 
  2024.0   78.45336582596583 
  2025.0   77.83494655862152 
  2026.0   77.77545388309565 
  2027.0   78.17545850843824 
  2028.0   78.02864940170589 
  2029.0   77.85179199897081 
  2030.0   77.3368935752726 
  2031.0   77.22077146723348 
  2032.0   77.04050333857312 
  2033.0   76.38290228431308 
  2034.0   76.05406016910665 
  2035.0   76.01434529850515 
  2036.0   75.74989274213138 
  2037.0   75.46714630578828 
  2038.0   75.25041285821327 
  2039.0   75.44643612859137 
  2040.0   75.36882594623101 
  2041.0   75.2465538101604 
  2042.0   74.62763186924158 
  2043.0   74.41839294015891 
  2044.0   74.56748302072235 
  2045.0   74.18378087747199 
  2046.0   73.7560118270738 
  2047.0   73.3951115380901 
  2048.0   73.00738735747514 
  2049.0   73.22856903921695 
  2050.0   73.32524685065559 
  2051.0   73.06821617524639 
  2052.0   72.93768089369588 
  2053.0   72.4235481727852 
  2054.0   72.16708385552592 
  2055.0   71.80671807592303 
  2056.0   71.35739249451466 
  2057.0   70.7945262364343 
  2058.0   69.55608682458721 
  2059.0   69.04045276892626 
  2060.0   68.67905493178334 
  2061.0   68.09888301992476 
  2062.0   67.79785344416936 
  2063.0   66.94561044363779 
  2064.0   66.48877567152358 
  2065.0   65.69732989601434 
  2066.0   64.68472156222087 
  2067.0   64.57865993711142 
  2068.0   64.38057343589766 
  2069.0   63.433319781810155 
  2070.0   62.33982680362938 
  2071.0   62.07575114151686 
  2072.0   61.82454860147471 
  2073.0   60.811676044057506 
  2074.0   59.13250121306934 
  2075.0   58.54484762326903 
  2076.0   58.48484244252558 
  2077.0   58.00645171488445 
  2078.0   57.328630146545066 
  2079.0   56.75969047590767 
  2080.0   56.762372625772045 
  2081.0   56.089193530173674 
  2082.0   55.296940333545564 
  2083.0   54.79379557088852 
  2084.0   54.62286213323999 
  2085.0   54.09986686473936 
  2086.0   53.40167420633588 
  2087.0   53.387024159780445 
  2088.0   52.87983859935862 
  2089.0   52.275375927415354 
  2090.0   51.69742654867803 
  2091.0   51.25856264756069 
  2092.0   51.27038252684423 
  2093.0   51.17628335298945 
  2094.0   50.326671670596056 
  2095.0   50.2593777534221 
  2096.0   50.0700175690239 
  2097.0   49.37444681252259 
  2098.0   48.96362251333744 
  2099.0   48.73573064446736 
  2100.0   48.210737175535655 
