  2015.0   19.842412806059183 
  2016.0   21.164197601323075 
  2017.0   20.65009044251258 
  2018.0   20.610959940238185 
  2019.0   20.777299064616965 
  2020.0   20.53542483165332 
  2021.0   21.2073548198432 
  2022.0   20.49080108162545 
  2023.0   20.76696901063728 
  2024.0   20.80428155676411 
  2025.0   19.820886697217883 
  2026.0   21.29733471674628 
  2027.0   20.590487942294537 
  2028.0   21.139297551926706 
  2029.0   21.52936072040406 
  2030.0   21.448240140126913 
  2031.0   21.216499337396407 
  2032.0   21.49552981628076 
  2033.0   21.496431994313717 
  2034.0   21.729021778056076 
  2035.0   22.49024470120797 
  2036.0   21.181539215422035 
  2037.0   20.85352900047034 
  2038.0   21.716804872634988 
  2039.0   22.56877175431429 
  2040.0   23.052869781592836 
  2041.0   22.98212875607815 
  2042.0   22.388044802006284 
  2043.0   22.798977437853313 
  2044.0   22.76214461281037 
  2045.0   22.92715631437788 
  2046.0   22.68654913632611 
  2047.0   22.50309585684008 
  2048.0   22.990533179471775 
  2049.0   22.95754450461896 
  2050.0   22.495562827599258 
  2051.0   22.74470984531825 
  2052.0   22.77654064280602 
  2053.0   23.173627838998712 
  2054.0   23.84106450659064 
  2055.0   23.518414710854458 
  2056.0   23.24691986852158 
  2057.0   23.051988442953416 
  2058.0   23.242014045187993 
  2059.0   22.872433433872672 
  2060.0   22.777826140993675 
  2061.0   21.99112239543794 
  2062.0   23.97536206781593 
  2063.0   22.70520856775272 
  2064.0   21.9936070441126 
  2065.0   22.272845080843688 
  2066.0   22.752027730324432 
  2067.0   23.113779055574884 
  2068.0   23.875633773100656 
  2069.0   23.45037188731644 
  2070.0   23.255555395332085 
  2071.0   22.908957673259827 
  2072.0   23.660328129238962 
  2073.0   24.077858155524613 
  2074.0   24.124405617803042 
  2075.0   23.713740601954324 
  2076.0   22.18418664044117 
  2077.0   23.35287895009383 
  2078.0   23.206393960415316 
  2079.0   22.89595618711298 
  2080.0   23.547897425729996 
  2081.0   23.142788158169186 
  2082.0   23.815713961647656 
  2083.0   23.708467439039406 
  2084.0   24.18723729014832 
  2085.0   24.93786988080957 
  2086.0   24.383226524463137 
  2087.0   23.90791461776091 
  2088.0   23.753875979296115 
  2089.0   24.19727064621274 
  2090.0   23.75467976493549 
  2091.0   24.82013875905123 
  2092.0   25.706830559273243 
  2093.0   25.101768153214238 
  2094.0   24.299881269138943 
  2095.0   24.85178478026947 
  2096.0   24.75480718221417 
  2097.0   24.51400824127411 
  2098.0   23.34903316753537 
  2099.0   23.807375666942953 
  2100.0   23.05970297826602 
