  2015.0   3.8437026088898745e-10 
  2016.0   3.830020220834691e-10 
  2017.0   3.874548523034468e-10 
  2018.0   3.976057652531296e-10 
  2019.0   4.0665762207555494e-10 
  2020.0   4.102705779642855e-10 
  2021.0   4.203265334859611e-10 
  2022.0   4.307722422943781e-10 
  2023.0   4.3382127463636835e-10 
  2024.0   4.3466443785323667e-10 
  2025.0   4.199180827387633e-10 
  2026.0   4.1000512351514097e-10 
  2027.0   4.120786918408896e-10 
  2028.0   4.1313256939047467e-10 
  2029.0   4.10008761973036e-10 
  2030.0   3.969088840732397e-10 
  2031.0   3.902737709232345e-10 
  2032.0   3.8946829225588173e-10 
  2033.0   3.8632563338637214e-10 
  2034.0   3.826751275327584e-10 
  2035.0   3.87961064592679e-10 
  2036.0   3.881491912098632e-10 
  2037.0   3.872900485089582e-10 
  2038.0   3.8791151543510505e-10 
  2039.0   3.893703458047545e-10 
  2040.0   4.0406028398483383e-10 
  2041.0   4.1675653280662285e-10 
  2042.0   4.1900576522530284e-10 
  2043.0   4.1919679884906635e-10 
  2044.0   4.2486138192335903e-10 
  2045.0   4.261266750814044e-10 
  2046.0   4.260321185446641e-10 
  2047.0   4.245350349033045e-10 
  2048.0   4.301329714095893e-10 
  2049.0   4.3568762433832116e-10 
  2050.0   4.779744275611654e-10 
  2051.0   5.06093277682505e-10 
  2052.0   5.139738074643362e-10 
  2053.0   5.227142269413752e-10 
  2054.0   5.299006907913961e-10 
  2055.0   5.563602365932005e-10 
  2056.0   5.751201362954054e-10 
  2057.0   5.851663846050599e-10 
  2058.0   5.885872439840588e-10 
  2059.0   5.925626227868923e-10 
  2060.0   5.769247400815455e-10 
  2061.0   5.710958693154139e-10 
  2062.0   5.693444787490298e-10 
  2063.0   5.688207727693481e-10 
  2064.0   5.710627319129538e-10 
  2065.0   5.729367797986018e-10 
  2066.0   5.783832810724521e-10 
  2067.0   5.827947466788799e-10 
  2068.0   5.81965774319489e-10 
  2069.0   5.854399898247456e-10 
  2070.0   5.398742879979903e-10 
  2071.0   5.110106229132432e-10 
  2072.0   5.094192119102111e-10 
  2073.0   5.067828705407964e-10 
  2074.0   5.020098323292048e-10 
  2075.0   4.83289074315349e-10 
  2076.0   4.713740880107984e-10 
  2077.0   4.716140460519093e-10 
  2078.0   4.710607549046843e-10 
  2079.0   4.693166981692844e-10 
  2080.0   4.531285499321458e-10 
  2081.0   4.433612494760699e-10 
  2082.0   4.4012543659709287e-10 
  2083.0   4.373138594242552e-10 
  2084.0   4.371732285407265e-10 
  2085.0   4.3041002264755394e-10 
  2086.0   4.2358934501923884e-10 
  2087.0   4.199243769366836e-10 
  2088.0   4.1818049738240634e-10 
  2089.0   4.1940056452600313e-10 
  2090.0   4.1278688829941735e-10 
  2091.0   4.065852642608033e-10 
  2092.0   4.0338153350822694e-10 
  2093.0   4.021108764825136e-10 
  2094.0   3.987133145688262e-10 
  2095.0   3.7125303308155595e-10 
  2096.0   3.5059400349836794e-10 
  2097.0   3.4351588579447207e-10 
  2098.0   3.393552419088102e-10 
  2099.0   3.3733717107134133e-10 
  2100.0   1.961390436261903e-10 
