  2015.0   2.298685796827296 
  2016.0   2.5805267039147344 
  2017.0   2.5022748741105136 
  2018.0   2.4561948457240925 
  2019.0   2.6998135958484233 
  2020.0   2.5790508952448525 
  2021.0   2.5913020139937863 
  2022.0   2.547945742977004 
  2023.0   2.683908368259104 
  2024.0   2.7552057552974474 
  2025.0   2.546817953292127 
  2026.0   2.5105077759909875 
  2027.0   2.6789358171918263 
  2028.0   2.6764886869802083 
  2029.0   2.632545138074047 
  2030.0   2.6220491848729117 
  2031.0   2.4578788556546827 
  2032.0   2.6423733759032166 
  2033.0   2.6113088720200044 
  2034.0   2.595156925026977 
  2035.0   2.5300692498018447 
  2036.0   2.5134127517523845 
  2037.0   2.822299898350895 
  2038.0   2.7183523239239697 
  2039.0   2.5335939660051165 
  2040.0   2.606803269755938 
  2041.0   2.677834176963934 
  2042.0   2.6309159521888863 
  2043.0   2.664688872728089 
  2044.0   2.736727373487613 
  2045.0   2.8525651493221647 
  2046.0   3.057589670212884 
  2047.0   2.700131502836367 
  2048.0   2.487364528644433 
  2049.0   2.470258556239422 
  2050.0   2.765859125744358 
  2051.0   2.7826445775805686 
  2052.0   2.8028233929073108 
  2053.0   2.427674625191925 
  2054.0   2.63659010060103 
  2055.0   2.7658300326043985 
  2056.0   2.7564973885671176 
  2057.0   2.73439839978496 
  2058.0   2.8529813304972516 
  2059.0   2.8428059879360466 
  2060.0   2.7543111773934026 
  2061.0   2.8240359211506467 
  2062.0   3.1042290587847154 
  2063.0   2.8518654056276795 
  2064.0   2.8696807505294726 
  2065.0   2.6885551935476855 
  2066.0   2.567756935658082 
  2067.0   2.9647436061482506 
  2068.0   3.007716061787381 
  2069.0   2.8195326596901347 
  2070.0   2.8711352248398794 
  2071.0   2.6796767155595673 
  2072.0   2.5604686100645133 
  2073.0   2.7581462458284394 
  2074.0   2.6999351718024682 
  2075.0   3.026575387233742 
  2076.0   2.8433786994444255 
  2077.0   2.8624528371951676 
  2078.0   2.7833906147363274 
  2079.0   2.9184556224047555 
  2080.0   2.6806572453235913 
  2081.0   2.7749202012234977 
  2082.0   2.998180756081136 
  2083.0   2.7326190748890617 
  2084.0   2.7771571718584513 
  2085.0   2.6041145320798007 
  2086.0   2.855454627932839 
  2087.0   2.9089494100236046 
  2088.0   3.029058850450348 
  2089.0   2.9112407099256017 
  2090.0   2.76113453995453 
  2091.0   2.9077707393119296 
  2092.0   3.01629010524068 
  2093.0   2.818435981055382 
  2094.0   2.824704972229223 
  2095.0   2.8071134603544876 
  2096.0   2.6861372559051966 
  2097.0   2.8636483407510496 
  2098.0   2.860741511021853 
  2099.0   2.8767847000398774 
  2100.0   2.8468611868879132 
