  2015.0   12.520488114494999 
  2016.0   11.550703340931243 
  2017.0   11.828852621606657 
  2018.0   12.072297557067051 
  2019.0   11.820635952277119 
  2020.0   11.895479471331912 
  2021.0   11.41922393287364 
  2022.0   11.501701621439908 
  2023.0   11.815831575258818 
  2024.0   12.208634811057472 
  2025.0   11.917117899502188 
  2026.0   12.116052805089822 
  2027.0   11.894906909653548 
  2028.0   12.151267167478636 
  2029.0   11.89771238489248 
  2030.0   11.951118812143697 
  2031.0   12.373328358724235 
  2032.0   12.452047522559194 
  2033.0   12.235765514969977 
  2034.0   12.57143176945289 
  2035.0   12.471542117584056 
  2036.0   12.398409266880483 
  2037.0   12.541093154154819 
  2038.0   12.601975313707593 
  2039.0   12.598307488848258 
  2040.0   12.993358936021414 
  2041.0   12.428854868928006 
  2042.0   13.103147165310192 
  2043.0   12.860770057917339 
  2044.0   12.788149057972602 
  2045.0   12.92877838232709 
  2046.0   13.288883140722199 
  2047.0   12.838813451162554 
  2048.0   13.907574984420581 
  2049.0   13.235478274190884 
  2050.0   13.55149960445691 
  2051.0   13.55885725173106 
  2052.0   13.156885274875536 
  2053.0   13.614202664263637 
  2054.0   12.91547869501431 
  2055.0   12.27081848979262 
  2056.0   12.931741835140796 
  2057.0   13.098655584218099 
  2058.0   14.06049220917438 
  2059.0   13.421001621616726 
  2060.0   12.6850765322487 
  2061.0   13.309487473640964 
  2062.0   14.12759861153974 
  2063.0   13.491984729984187 
  2064.0   13.972620773691736 
  2065.0   14.108355180391133 
  2066.0   13.333196872237783 
  2067.0   13.688434745990433 
  2068.0   14.207162912278275 
  2069.0   14.031353600563277 
  2070.0   14.20276774203666 
  2071.0   13.828062446352709 
  2072.0   14.28744778741668 
  2073.0   14.38372886903104 
  2074.0   13.315037884094897 
  2075.0   14.325660773046728 
  2076.0   14.56610558797899 
  2077.0   13.68631405440935 
  2078.0   13.676057456801114 
  2079.0   15.17772447318836 
  2080.0   13.90053368977906 
  2081.0   14.832018140108428 
  2082.0   14.616284318192626 
  2083.0   14.325318249609095 
  2084.0   14.658768036459263 
  2085.0   14.697049948877531 
  2086.0   14.946925629237901 
  2087.0   14.524842960899534 
  2088.0   15.020194286404863 
  2089.0   15.272377861029796 
  2090.0   14.84984522027354 
  2091.0   15.601199396614138 
  2092.0   14.799561588459987 
  2093.0   14.270231268061126 
  2094.0   14.583310269668269 
  2095.0   14.785166544071776 
  2096.0   15.022385059868814 
  2097.0   14.576581858062507 
  2098.0   15.89467932137692 
  2099.0   15.46641499574526 
  2100.0   14.627657057649198 
