  2015.0   6.931864770090631 
  2016.0   7.7403874186214185 
  2017.0   7.100304267342174 
  2018.0   7.242606888924197 
  2019.0   6.319426418552677 
  2020.0   7.7736991793168615 
  2021.0   7.873310971415565 
  2022.0   6.672081075531881 
  2023.0   6.424608081310933 
  2024.0   7.252075445656766 
  2025.0   7.805133098278962 
  2026.0   7.059559065655817 
  2027.0   6.80001311890493 
  2028.0   7.122744760607873 
  2029.0   7.505003076868901 
  2030.0   6.098050106184531 
  2031.0   7.11184521585595 
  2032.0   7.100516745464794 
  2033.0   6.101706355198552 
  2034.0   7.26701106064498 
  2035.0   7.550437309647641 
  2036.0   8.45429949839841 
  2037.0   7.696514140698883 
  2038.0   7.24839621566515 
  2039.0   6.85709467821838 
  2040.0   7.249267993860865 
  2041.0   6.729282831248206 
  2042.0   7.176471780188563 
  2043.0   6.763775857481994 
  2044.0   7.316042613392665 
  2045.0   7.0892151005586985 
  2046.0   6.283308917601769 
  2047.0   5.030081816746535 
  2048.0   8.19997736645884 
  2049.0   6.334732077020586 
  2050.0   6.6365930302813965 
  2051.0   7.410941229751095 
  2052.0   7.223102206604766 
  2053.0   7.058986686539205 
  2054.0   7.8116400921903395 
  2055.0   6.161587042378292 
  2056.0   6.908256359143994 
  2057.0   6.514306846661845 
  2058.0   6.120072078138894 
  2059.0   7.097445463329745 
  2060.0   5.714148535664398 
  2061.0   5.4090626561966895 
  2062.0   6.035657626429634 
  2063.0   6.584590369040833 
  2064.0   5.519378891520706 
  2065.0   6.429986058888292 
  2066.0   6.457938438423122 
  2067.0   5.494518037740354 
  2068.0   4.841120888356912 
  2069.0   5.134378782564906 
  2070.0   5.858153568956714 
  2071.0   6.332540235001097 
  2072.0   6.044246274488716 
  2073.0   5.83944250339116 
  2074.0   6.093766091765928 
  2075.0   4.177115047219194 
  2076.0   5.025014577243904 
  2077.0   5.156280326897198 
  2078.0   6.707670798103053 
  2079.0   5.296042900052976 
  2080.0   5.94545375809562 
  2081.0   5.664238810613858 
  2082.0   5.082830184822533 
  2083.0   5.108169822560489 
  2084.0   5.3877831144394905 
  2085.0   5.924368763286106 
  2086.0   5.440103033963466 
  2087.0   5.791484898831162 
  2088.0   4.443993339064884 
  2089.0   4.592528956355515 
  2090.0   5.209443213329914 
  2091.0   5.465793730354697 
  2092.0   5.214403303606275 
  2093.0   3.9914970191952177 
  2094.0   5.418105864789883 
  2095.0   4.50784501882457 
  2096.0   5.040874839733711 
  2097.0   4.959432868807629 
  2098.0   5.720994447468516 
  2099.0   3.9294915044206955 
  2100.0   4.347053931757988 
