  2015.0   7.215599065628901 
  2016.0   7.263004306705563 
  2017.0   7.317686841125742 
  2018.0   7.160431626821073 
  2019.0   7.4550252904244845 
  2020.0   6.771594192588327 
  2021.0   7.2471265625964625 
  2022.0   7.263865863895488 
  2023.0   7.623664511305917 
  2024.0   7.410524944144199 
  2025.0   7.112925050925742 
  2026.0   7.1708702998980955 
  2027.0   7.661354963771663 
  2028.0   7.510511078664943 
  2029.0   7.479255726377936 
  2030.0   7.5273367986354245 
  2031.0   7.437921300992717 
  2032.0   7.424011307698925 
  2033.0   7.408718170163004 
  2034.0   7.303993614688841 
  2035.0   7.385936240124247 
  2036.0   7.551341751481405 
  2037.0   7.5348035224347125 
  2038.0   7.767002456787639 
  2039.0   7.808467708516369 
  2040.0   7.823539882665435 
  2041.0   7.719483577916203 
  2042.0   7.7750208100669544 
  2043.0   7.9740891672967065 
  2044.0   7.981045762170115 
  2045.0   8.05051973313439 
  2046.0   7.996445753741083 
  2047.0   7.9518673381693326 
  2048.0   7.9001762012517975 
  2049.0   8.104752329132682 
  2050.0   7.934839694232305 
  2051.0   8.250591383031397 
  2052.0   8.504370089436271 
  2053.0   8.260032133671986 
  2054.0   7.848452921983624 
  2055.0   8.205485334646317 
  2056.0   8.401094325953027 
  2057.0   8.049085615511256 
  2058.0   8.350819467277626 
  2059.0   8.675857265699431 
  2060.0   8.173957236816392 
  2061.0   8.53022270724327 
  2062.0   8.526559568872573 
  2063.0   8.504481619235458 
  2064.0   8.679454689633637 
  2065.0   8.701804131172516 
  2066.0   8.86998933379589 
  2067.0   8.928560051145388 
  2068.0   8.660807124267771 
  2069.0   8.819054935798395 
  2070.0   8.9349212329653 
  2071.0   9.086931734478034 
  2072.0   8.616538621478927 
  2073.0   8.77851551603236 
  2074.0   9.04457276979073 
  2075.0   9.204299813069182 
  2076.0   9.076278311938413 
  2077.0   9.04938171957091 
  2078.0   9.352535775129217 
  2079.0   9.154346530411155 
  2080.0   9.176449359342376 
  2081.0   9.436734976237869 
  2082.0   9.281094855256448 
  2083.0   9.690484369891259 
  2084.0   10.037336296254361 
  2085.0   9.741216399830646 
  2086.0   9.398163174507362 
  2087.0   9.83108242932022 
  2088.0   9.728491836009074 
  2089.0   9.025275835786628 
  2090.0   9.29402105561564 
  2091.0   9.37793873377322 
  2092.0   8.953054302226358 
  2093.0   9.660769076749693 
  2094.0   9.44465531754317 
  2095.0   9.658465024951871 
  2096.0   9.820866967681631 
  2097.0   9.543691008120879 
  2098.0   9.765289071613692 
  2099.0   9.88875400486232 
  2100.0   9.720929270794974 
