  2015.0   0.3282775718652572 
  2016.0   0.34090733280926555 
  2017.0   0.3535370875225422 
  2018.0   0.3661668436054132 
  2019.0   0.3787966029825208 
  2020.0   0.39142635567440864 
  2021.0   0.4056564869591657 
  2022.0   0.41988882499016195 
  2023.0   0.43412114379273636 
  2024.0   0.44835347014451943 
  2025.0   0.4625857960764068 
  2026.0   0.4768181314070651 
  2027.0   0.49105045859051666 
  2028.0   0.5052827810119932 
  2029.0   0.5195151120932517 
  2030.0   0.533747437815443 
  2031.0   0.5477210543886235 
  2032.0   0.5616943202834523 
  2033.0   0.5756675877841321 
  2034.0   0.5896408548325047 
  2035.0   0.6036141130266555 
  2036.0   0.6175873769763853 
  2037.0   0.6315606417000491 
  2038.0   0.6455339222377137 
  2039.0   0.6595071730416666 
  2040.0   0.6734804445189362 
  2041.0   0.6906179991567454 
  2042.0   0.7077598803854682 
  2043.0   0.7249017791238843 
  2044.0   0.7420436662168599 
  2045.0   0.7591855515755561 
  2046.0   0.7763274371872144 
  2047.0   0.7934693300767072 
  2048.0   0.8106112240984009 
  2049.0   0.8277531154179196 
  2050.0   0.8448949960731129 
  2051.0   0.8667986691162938 
  2052.0   0.8887088664069123 
  2053.0   0.9106190855571782 
  2054.0   0.9325292931321069 
  2055.0   0.9544394746889266 
  2056.0   0.976349683444149 
  2057.0   0.99825987855412 
  2058.0   1.0201700870607557 
  2059.0   1.0420802813110388 
  2060.0   1.0639904861204812 
  2061.0   1.0910910082091478 
  2062.0   1.1181986432096913 
  2063.0   1.145306283716192 
  2064.0   1.1724139090193997 
  2065.0   1.1995215503469758 
  2066.0   1.226629190532547 
  2067.0   1.2537368474435975 
  2068.0   1.2808444940955344 
  2069.0   1.307952101436749 
  2070.0   1.3350597459621851 
  2071.0   1.3738758343468778 
  2072.0   1.4127079264466427 
  2073.0   1.4515400344638136 
  2074.0   1.4903721519941475 
  2075.0   1.5292042845654688 
  2076.0   1.5680364081470717 
  2077.0   1.6068685312619593 
  2078.0   1.6457006480099066 
  2079.0   1.6845327726102224 
  2080.0   1.7233649175989612 
  2081.0   1.7745718066831662 
  2082.0   1.8257956718005197 
  2083.0   1.8770196216866901 
  2084.0   1.9282435227983379 
  2085.0   1.9794674316116625 
  2086.0   2.0306912992940696 
  2087.0   2.081915189371395 
  2088.0   2.133139082292769 
  2089.0   2.1843629654783965 
  2090.0   2.235586831124129 
  2091.0   2.299459022396242 
  2092.0   2.3633485404290435 
  2093.0   2.427238034959292 
  2094.0   2.491127585358196 
  2095.0   2.5550171010248564 
  2096.0   2.618906608061109 
  2097.0   2.6827960824422723 
  2098.0   2.746685662905244 
  2099.0   2.8105750670232856 
  2100.0   2.8744646182985347 
