  2015.0   0.013561109488741787 
  2016.0   0.013116262981985293 
  2017.0   0.012707924331270708 
  2018.0   0.01234089871376633 
  2019.0   0.011989062578142647 
  2020.0   0.011658195253746513 
  2021.0   0.011279983586076264 
  2022.0   0.010968890681000766 
  2023.0   0.010748859758833475 
  2024.0   0.010603149296264734 
  2025.0   0.010445806575643547 
  2026.0   0.010275843292358526 
  2027.0   0.010124615697521318 
  2028.0   0.01004105262507437 
  2029.0   0.00999200455508314 
  2030.0   0.009952546552352224 
  2031.0   0.009898518255224148 
  2032.0   0.00991165653367806 
  2033.0   0.009964965911412712 
  2034.0   0.010039696369920246 
  2035.0   0.01024474449753187 
  2036.0   0.01049389998378728 
  2037.0   0.010722291845037401 
  2038.0   0.01094189354054696 
  2039.0   0.011144019203988668 
  2040.0   0.011308714526715226 
  2041.0   0.011348375662832522 
  2042.0   0.011372327812009019 
  2043.0   0.011388979332321776 
  2044.0   0.011418388931454254 
  2045.0   0.011419337620878923 
  2046.0   0.011398162211186403 
  2047.0   0.011367301701880208 
  2048.0   0.01135274516080455 
  2049.0   0.011336294591497336 
  2050.0   0.011324953342105643 
  2051.0   0.011142548249626726 
  2052.0   0.010948707280020176 
  2053.0   0.010789810080146515 
  2054.0   0.01066371848951657 
  2055.0   0.010503965435911528 
  2056.0   0.010358337924039807 
  2057.0   0.010237073677530953 
  2058.0   0.010122173821577261 
  2059.0   0.010058078734966926 
  2060.0   0.010016348618673954 
  2061.0   0.01010484399931624 
  2062.0   0.010238010707909072 
  2063.0   0.010373496513612773 
  2064.0   0.01054640387316906 
  2065.0   0.010746072878559242 
  2066.0   0.010724587139986563 
  2067.0   0.010735595461941293 
  2068.0   0.010732427866244875 
  2069.0   0.010743639038261648 
  2070.0   0.010769732694296432 
  2071.0   0.010652250490403407 
  2072.0   0.010560443083785771 
  2073.0   0.010553631014328145 
  2074.0   0.010596896066694594 
  2075.0   0.010697124625093327 
  2076.0   0.010857093451002359 
  2077.0   0.011087971655303919 
  2078.0   0.011196319867665302 
  2079.0   0.011382239175085735 
  2080.0   0.011617765254509502 
  2081.0   0.01176617794684911 
  2082.0   0.01190281903534372 
  2083.0   0.012101644756196663 
  2084.0   0.012346689278559078 
  2085.0   0.012605825499646723 
  2086.0   0.012732680796727847 
  2087.0   0.012871295422788018 
  2088.0   0.013063705146277485 
  2089.0   0.013437719766747423 
  2090.0   0.013895244840274896 
  2091.0   0.014221709555793906 
  2092.0   0.014596158247467279 
  2093.0   0.014931089629081786 
  2094.0   0.01543283985933278 
  2095.0   0.015952003621685484 
  2096.0   0.015849537043589188 
  2097.0   0.015760223261035832 
  2098.0   0.01563056681949901 
  2099.0   0.015552768389567907 
  2100.0   0.015475950610937931 
