  2015.0   4.17167691347641e-10 
  2016.0   4.5129382532231943e-10 
  2017.0   4.6053014091697786e-10 
  2018.0   4.955398492431237e-10 
  2019.0   4.928681942557216e-10 
  2020.0   4.36538176916713e-10 
  2021.0   4.757686154059767e-10 
  2022.0   5.695328192188082e-10 
  2023.0   4.891442544834962e-10 
  2024.0   5.203980884201467e-10 
  2025.0   4.699979087221718e-10 
  2026.0   5.122565206389087e-10 
  2027.0   5.188096419932354e-10 
  2028.0   5.534837615383005e-10 
  2029.0   5.20073891102479e-10 
  2030.0   5.313846560531847e-10 
  2031.0   4.844071637296083e-10 
  2032.0   5.432245410717565e-10 
  2033.0   5.289511423325941e-10 
  2034.0   5.270191978079954e-10 
  2035.0   5.077877026052052e-10 
  2036.0   5.144289870722776e-10 
  2037.0   5.45984157203317e-10 
  2038.0   5.919362162091766e-10 
  2039.0   5.707163030110701e-10 
  2040.0   6.12125648448113e-10 
  2041.0   5.187287110080248e-10 
  2042.0   5.80929392646763e-10 
  2043.0   6.205386788907058e-10 
  2044.0   5.911955262892381e-10 
  2045.0   6.047324883665021e-10 
  2046.0   6.041036011752858e-10 
  2047.0   6.151850246148618e-10 
  2048.0   6.537283719351163e-10 
  2049.0   5.776158359145839e-10 
  2050.0   5.760202809290683e-10 
  2051.0   6.319587570115326e-10 
  2052.0   6.172683546019321e-10 
  2053.0   6.099875856178213e-10 
  2054.0   6.313559437137459e-10 
  2055.0   6.170817074191799e-10 
  2056.0   6.369422958040987e-10 
  2057.0   5.852005696145052e-10 
  2058.0   6.988023701201567e-10 
  2059.0   7.432947996431467e-10 
  2060.0   6.631825397184152e-10 
  2061.0   7.826370518402258e-10 
  2062.0   7.226947439913774e-10 
  2063.0   7.223730925262516e-10 
  2064.0   7.004193001821696e-10 
  2065.0   6.071078201840686e-10 
  2066.0   7.088305331116488e-10 
  2067.0   6.530482485135409e-10 
  2068.0   6.812556295201554e-10 
  2069.0   6.638355623298691e-10 
  2070.0   6.379947992982827e-10 
  2071.0   6.624199800991845e-10 
  2072.0   7.075567087654429e-10 
  2073.0   7.734922977410268e-10 
  2074.0   8.553331424675648e-10 
  2075.0   7.39076901293554e-10 
  2076.0   7.596906580564014e-10 
  2077.0   6.771305017339257e-10 
  2078.0   7.538434799947505e-10 
  2079.0   7.554604664941019e-10 
  2080.0   8.481143511061314e-10 
  2081.0   7.30474590538154e-10 
  2082.0   7.486971718802261e-10 
  2083.0   9.201385222970415e-10 
  2084.0   7.61599777369017e-10 
  2085.0   7.587387303702246e-10 
  2086.0   8.995512060816763e-10 
  2087.0   8.20641620943511e-10 
  2088.0   7.542045376474476e-10 
  2089.0   9.043003610258574e-10 
  2090.0   9.408908617718181e-10 
  2091.0   8.318067404269706e-10 
  2092.0   7.272731980518824e-10 
  2093.0   9.436412409622571e-10 
  2094.0   9.28385362004365e-10 
  2095.0   1.0219479892148636e-09 
  2096.0   8.501054610571931e-10 
  2097.0   9.47931232231552e-10 
  2098.0   9.037091502585915e-10 
  2099.0   9.901723249636688e-10 
  2100.0   9.033509202182287e-10 
