  2015.0   7.244675638852693e-10 
  2016.0   3.947145266303288e-10 
  2017.0   7.719617927273788e-10 
  2018.0   3.1100067650218286e-10 
  2019.0   3.8763067949429384e-10 
  2020.0   3.7081920740549426e-10 
  2021.0   3.6841766187126326e-10 
  2022.0   6.943022999835311e-10 
  2023.0   6.572662849240237e-10 
  2024.0   5.947130683733019e-10 
  2025.0   3.4829634043760135e-10 
  2026.0   6.766931683981349e-10 
  2027.0   5.150105355966047e-10 
  2028.0   5.018291100308035e-10 
  2029.0   5.862505062920968e-10 
  2030.0   4.5316766439827314e-10 
  2031.0   5.97979370937322e-10 
  2032.0   7.759055152683855e-10 
  2033.0   4.6029565533955e-10 
  2034.0   3.957886049560164e-10 
  2035.0   5.45892667304307e-10 
  2036.0   7.821590506750699e-10 
  2037.0   1.0748836259104347e-09 
  2038.0   5.106384583663648e-10 
  2039.0   4.750553404675858e-10 
  2040.0   5.605860239095718e-10 
  2041.0   9.420218973529242e-10 
  2042.0   5.964463917843796e-10 
  2043.0   7.241334877933101e-10 
  2044.0   6.110268544686119e-10 
  2045.0   7.823125714714885e-10 
  2046.0   5.845991177990863e-10 
  2047.0   6.167108870106842e-10 
  2048.0   8.1133527495265e-10 
  2049.0   7.626102698079763e-10 
  2050.0   1.1812745505804287e-09 
  2051.0   6.073973365621817e-10 
  2052.0   8.244689723186591e-10 
  2053.0   1.218253922082239e-09 
  2054.0   6.04276833513264e-10 
  2055.0   4.5118226905224806e-10 
  2056.0   7.385813272073687e-10 
  2057.0   6.976804091079053e-10 
  2058.0   7.766021721745294e-10 
  2059.0   1.0909685432245489e-09 
  2060.0   5.386539782165872e-10 
  2061.0   8.77442785636821e-10 
  2062.0   7.976575218576436e-10 
  2063.0   7.11220666518126e-10 
  2064.0   1.07000939744129e-09 
  2065.0   7.229656145375951e-10 
  2066.0   1.7555497133040883e-09 
  2067.0   7.44279760344812e-10 
  2068.0   7.782947104504374e-10 
  2069.0   8.461363727631788e-10 
  2070.0   6.756262968975412e-10 
  2071.0   1.292351485747136e-09 
  2072.0   7.009073553787598e-10 
  2073.0   9.108858014452671e-10 
  2074.0   1.1695877883441686e-09 
  2075.0   9.523744055402777e-10 
  2076.0   6.162158299742326e-10 
  2077.0   9.406003298268035e-10 
  2078.0   1.1062139513403764e-09 
  2079.0   1.1873630139010236e-09 
  2080.0   1.438604857082755e-09 
  2081.0   1.18655680218286e-09 
  2082.0   1.4518245998378235e-09 
  2083.0   7.562345121670974e-10 
  2084.0   1.1884551354791282e-09 
  2085.0   8.157664315173246e-10 
  2086.0   1.4061484784703993e-09 
  2087.0   9.556313738936351e-10 
  2088.0   1.1129922894455513e-09 
  2089.0   7.419870642237283e-10 
  2090.0   9.224584211262692e-10 
  2091.0   1.8010780480722076e-09 
  2092.0   7.917225444627613e-10 
  2093.0   1.0989767660263744e-09 
  2094.0   1.029508227746837e-09 
  2095.0   1.136121914425643e-09 
  2096.0   1.6035735244867522e-09 
  2097.0   8.543280022050327e-10 
  2098.0   1.539006575241913e-09 
  2099.0   1.3426792954211305e-09 
  2100.0   9.501187189681014e-10 
