  2015.0   3.9887201794270167e-10 
  2016.0   3.469566221376282e-10 
  2017.0   3.0249906347400264e-10 
  2018.0   2.6682004096804785e-10 
  2019.0   2.394276364870907e-10 
  2020.0   2.2553473176874593e-10 
  2021.0   2.0963264272836672e-10 
  2022.0   1.9735995218322526e-10 
  2023.0   1.8536291198214564e-10 
  2024.0   1.7460196255421815e-10 
  2025.0   1.7772217043347072e-10 
  2026.0   1.718645654541105e-10 
  2027.0   1.6575857585066778e-10 
  2028.0   1.6174054082133596e-10 
  2029.0   1.5865601517169155e-10 
  2030.0   1.6099044159251247e-10 
  2031.0   1.5976316897520765e-10 
  2032.0   1.5867919606771827e-10 
  2033.0   1.600386055459517e-10 
  2034.0   1.6250054360847819e-10 
  2035.0   1.5432351078649983e-10 
  2036.0   1.5037815495381414e-10 
  2037.0   1.5094370666613264e-10 
  2038.0   1.5471779092527282e-10 
  2039.0   1.525856375468499e-10 
  2040.0   1.4734074956412753e-10 
  2041.0   1.4639301361847708e-10 
  2042.0   1.409808808097046e-10 
  2043.0   1.408154687008737e-10 
  2044.0   1.4600226473250602e-10 
  2045.0   1.4347587244437657e-10 
  2046.0   1.3851310737673508e-10 
  2047.0   1.3760816397623805e-10 
  2048.0   1.3932756171434103e-10 
  2049.0   1.421950963271255e-10 
  2050.0   1.2884681109371308e-10 
  2051.0   1.2751092438369626e-10 
  2052.0   1.2626305540837064e-10 
  2053.0   1.289991246458811e-10 
  2054.0   1.272939621843705e-10 
  2055.0   1.284577225395336e-10 
  2056.0   1.2936949132227084e-10 
  2057.0   1.297635540638162e-10 
  2058.0   1.3297324284171108e-10 
  2059.0   1.3358824218885493e-10 
  2060.0   1.308996934909697e-10 
  2061.0   1.3167959471602968e-10 
  2062.0   1.3281790376884109e-10 
  2063.0   1.3334150052488347e-10 
  2064.0   1.3329601656852963e-10 
  2065.0   1.2799945981434696e-10 
  2066.0   1.261777147333948e-10 
  2067.0   1.275909390506488e-10 
  2068.0   1.2645687498166666e-10 
  2069.0   1.2579218329308794e-10 
  2070.0   1.30278211427141e-10 
  2071.0   1.3128538716369868e-10 
  2072.0   1.278518315444249e-10 
  2073.0   1.2950680638439714e-10 
  2074.0   1.2842388900985526e-10 
  2075.0   1.3096817290288208e-10 
  2076.0   1.2968728983145106e-10 
  2077.0   1.307518071547924e-10 
  2078.0   1.3179063536380999e-10 
  2079.0   1.3206963307123763e-10 
  2080.0   1.2926953660125375e-10 
  2081.0   1.300314581984054e-10 
  2082.0   1.2915951219154122e-10 
  2083.0   1.277830654787875e-10 
  2084.0   1.2628839582386116e-10 
  2085.0   1.2795171705535732e-10 
  2086.0   1.3093155162671585e-10 
  2087.0   1.2986093210151515e-10 
  2088.0   1.2980167460734987e-10 
  2089.0   1.3066413611755852e-10 
  2090.0   1.2883118752501604e-10 
  2091.0   1.2431900325984968e-10 
  2092.0   1.2568695967376295e-10 
  2093.0   1.2805689911161698e-10 
  2094.0   1.2753002333410114e-10 
  2095.0   1.269769099963544e-10 
  2096.0   1.2754326891925195e-10 
  2097.0   1.2810904747410315e-10 
  2098.0   1.2480039232075665e-10 
  2099.0   1.2609030069917774e-10 
  2100.0   9.801219776965912e-11 
