  2015.0   1.6368966903280004 
  2016.0   1.722541147629367 
  2017.0   1.6478237586576894 
  2018.0   1.5912243346598591 
  2019.0   1.6650679744818315 
  2020.0   1.7309510144941915 
  2021.0   1.7030567766123765 
  2022.0   1.6052226697601526 
  2023.0   1.6907706492651924 
  2024.0   1.6782747671088283 
  2025.0   1.7344082124712352 
  2026.0   1.7124684030920776 
  2027.0   1.721578562204771 
  2028.0   1.7050651316354044 
  2029.0   1.6221665477980223 
  2030.0   1.7165352708760107 
  2031.0   1.7628644111310636 
  2032.0   1.729596841840592 
  2033.0   1.7241121975754192 
  2034.0   1.701448884828983 
  2035.0   1.7332381387794975 
  2036.0   1.7243918488450913 
  2037.0   1.7278128155826886 
  2038.0   1.7604634683169853 
  2039.0   1.8114239846251698 
  2040.0   1.7567426361209963 
  2041.0   1.7725536935334931 
  2042.0   1.8186197161129758 
  2043.0   1.7407598406738494 
  2044.0   1.8383523202113754 
  2045.0   1.8196398119179584 
  2046.0   1.7239482509218538 
  2047.0   1.7065250607886064 
  2048.0   1.759616452739829 
  2049.0   1.747348139824449 
  2050.0   1.706195794230455 
  2051.0   1.8137809146556825 
  2052.0   1.8697875305228495 
  2053.0   1.747993029469634 
  2054.0   1.7198694643782741 
  2055.0   1.7779473898383693 
  2056.0   1.8406114806471268 
  2057.0   1.7596686483770034 
  2058.0   1.7937449651138448 
  2059.0   1.78533017485195 
  2060.0   1.8248645532222867 
  2061.0   1.8453385256877395 
  2062.0   1.8190184947917143 
  2063.0   1.937229272752218 
  2064.0   1.921413597533722 
  2065.0   1.848993136063854 
  2066.0   1.8309087108610238 
  2067.0   1.9513319365006616 
  2068.0   1.8940974074310069 
  2069.0   1.8939026966498405 
  2070.0   1.8509569174527154 
  2071.0   1.8476381169944656 
  2072.0   1.8045953478280214 
  2073.0   1.88321246850512 
  2074.0   1.9042667847009782 
  2075.0   1.9482251658435066 
  2076.0   1.9249800400061106 
  2077.0   1.9879614827316547 
  2078.0   1.9564043797743256 
  2079.0   1.932025878757942 
  2080.0   1.8652373696285283 
  2081.0   1.8455425839873305 
  2082.0   1.8674011739035477 
  2083.0   1.7795896049407198 
  2084.0   1.8311284711654967 
  2085.0   1.9677088613982125 
  2086.0   2.0016992012559838 
  2087.0   1.9778340395630647 
  2088.0   1.8841292468589894 
  2089.0   1.7941976721385402 
  2090.0   1.9091411719159617 
  2091.0   1.900924793270903 
  2092.0   1.9257542364367268 
  2093.0   2.0532533434095477 
  2094.0   2.002270058603437 
  2095.0   2.0098031902552327 
  2096.0   2.00105937634534 
  2097.0   1.9121603713850437 
  2098.0   1.9797407594160787 
  2099.0   2.049339620378709 
  2100.0   2.0150195958843637 
