  2015.0   1.594936825216651 
  2016.0   1.562251787555202 
  2017.0   1.690531376730335 
  2018.0   1.6821154132762168 
  2019.0   1.5344193284661387 
  2020.0   1.6611141270760112 
  2021.0   1.6494967091142982 
  2022.0   1.6743406964074339 
  2023.0   1.583699075899261 
  2024.0   1.590031125676966 
  2025.0   1.624132342057275 
  2026.0   1.632646862448251 
  2027.0   1.7854324744895742 
  2028.0   1.5613893364530267 
  2029.0   1.7415697792983993 
  2030.0   1.503642895079269 
  2031.0   1.6140069230207736 
  2032.0   1.648682071681161 
  2033.0   1.5921333727574716 
  2034.0   1.761005666392973 
  2035.0   1.6714942360233145 
  2036.0   1.7722148509973592 
  2037.0   1.8865138332041058 
  2038.0   1.7994821094463864 
  2039.0   1.6528389588366228 
  2040.0   1.7136814931685211 
  2041.0   1.8547467408873315 
  2042.0   1.7132970252052586 
  2043.0   1.5697442302494935 
  2044.0   1.6647411833615653 
  2045.0   1.6690409728197269 
  2046.0   1.7950928362689922 
  2047.0   1.8860671943039806 
  2048.0   1.8064954428000346 
  2049.0   1.8814332548991741 
  2050.0   1.572834204873118 
  2051.0   1.9342761764777128 
  2052.0   1.8125303121643201 
  2053.0   1.9211560333329791 
  2054.0   1.8418485329193754 
  2055.0   2.0576302743338974 
  2056.0   1.7597343575104436 
  2057.0   1.9835610214173942 
  2058.0   1.857080707983895 
  2059.0   1.9670144482952663 
  2060.0   1.8671008666582982 
  2061.0   2.0239667270357433 
  2062.0   2.063754207213468 
  2063.0   2.0774067822877966 
  2064.0   1.9205374412660996 
  2065.0   1.9964900282606577 
  2066.0   1.8597854956137048 
  2067.0   2.1154114327702027 
  2068.0   2.0151318999192407 
  2069.0   1.9862309418012059 
  2070.0   2.13349571056108 
  2071.0   1.9444128015421982 
  2072.0   1.9604165178910147 
  2073.0   2.1499538443225807 
  2074.0   2.078631371993486 
  2075.0   1.8585405954320544 
  2076.0   2.111462941184597 
  2077.0   2.3565589871777877 
  2078.0   2.194207287779378 
  2079.0   1.9789387164522134 
  2080.0   2.0351359249271654 
  2081.0   2.061141669768662 
  2082.0   2.114276720896236 
  2083.0   1.912621282640356 
  2084.0   2.1483871253836764 
  2085.0   2.366157863334996 
  2086.0   2.2888418705056504 
  2087.0   2.1089954404447155 
  2088.0   2.101422970653207 
  2089.0   2.150713759414436 
  2090.0   2.138534053192296 
  2091.0   2.1720164058022475 
  2092.0   2.5178754169598636 
  2093.0   2.1632728115749758 
  2094.0   2.1889419418246177 
  2095.0   2.191359100559762 
  2096.0   2.1061576613271424 
  2097.0   2.303455554884715 
  2098.0   2.1165013950284988 
  2099.0   2.329091950173079 
  2100.0   2.2421238424867567 
