  2015.0   1.3928901535094464 
  2016.0   1.31746511679462 
  2017.0   1.071159108597428 
  2018.0   1.144503967834159 
  2019.0   1.3443021344740307 
  2020.0   1.2500855233598502 
  2021.0   1.363500098636341 
  2022.0   1.2817132834159863 
  2023.0   1.2280190556600021 
  2024.0   1.2386184388779955 
  2025.0   1.322953084985944 
  2026.0   1.34616512502409 
  2027.0   1.2328693328044515 
  2028.0   1.1612843748888295 
  2029.0   1.2903134877815292 
  2030.0   1.4185122485699733 
  2031.0   1.1946523803487759 
  2032.0   1.3251817340124394 
  2033.0   1.3145942493361733 
  2034.0   1.3158741972981207 
  2035.0   1.2824161641184417 
  2036.0   1.1874629600578315 
  2037.0   1.5020726865627099 
  2038.0   1.2598571655734463 
  2039.0   1.4353645925156113 
  2040.0   1.3177894704836823 
  2041.0   1.2912779886972299 
  2042.0   1.1249039277630162 
  2043.0   1.5319750121866906 
  2044.0   1.4858781371461571 
  2045.0   1.231371712254381 
  2046.0   1.205008753233368 
  2047.0   1.3730680684388268 
  2048.0   1.4884559848828827 
  2049.0   1.330865962203926 
  2050.0   1.4031722053473454 
  2051.0   1.1510962632583357 
  2052.0   1.5535568826976986 
  2053.0   1.3174293065997904 
  2054.0   1.4465202468862524 
  2055.0   1.2455314637776793 
  2056.0   1.4165706729854126 
  2057.0   1.4217687279205276 
  2058.0   1.5583835812055848 
  2059.0   1.2933443891304783 
  2060.0   1.3062404348498924 
  2061.0   1.4142433120279994 
  2062.0   1.395790189992185 
  2063.0   1.5305325138240788 
  2064.0   1.35375660776807 
  2065.0   1.2969336304393904 
  2066.0   1.4695717165409337 
  2067.0   1.4544324458873188 
  2068.0   1.4532169677029472 
  2069.0   1.378534861292943 
  2070.0   1.501555624427606 
  2071.0   1.4832881733623187 
  2072.0   1.32251539862428 
  2073.0   1.4823065192465708 
  2074.0   1.4035176412291115 
  2075.0   1.4425434217760054 
  2076.0   1.4232416494717735 
  2077.0   1.597056696933475 
  2078.0   1.4870444214821712 
  2079.0   1.4374080306051296 
  2080.0   1.4929289828558263 
  2081.0   1.4797347364694162 
  2082.0   1.5435096338416139 
  2083.0   1.4801420913066508 
  2084.0   1.3873184699195265 
  2085.0   1.6756574542125213 
  2086.0   1.3759592158821232 
  2087.0   1.616379191253373 
  2088.0   1.3815054682484564 
  2089.0   1.5646503532082998 
  2090.0   1.2658478075104451 
  2091.0   1.4909685516844569 
  2092.0   1.6091749887101725 
  2093.0   1.4939912850814443 
  2094.0   1.3674039215951355 
  2095.0   1.56317161805864 
  2096.0   1.5664201742082628 
  2097.0   1.3723864946638515 
  2098.0   1.3888125920057883 
  2099.0   1.7133580053372717 
  2100.0   1.572409797879808 
