  2015.0   1.4985185168757237e-09 
  2016.0   1.4479062171838309e-09 
  2017.0   1.3721080552456942e-09 
  2018.0   1.2744830309410284e-09 
  2019.0   1.261616810283849e-09 
  2020.0   1.1896231895090112e-09 
  2021.0   1.3706319708274616e-09 
  2022.0   1.5293694982934905e-09 
  2023.0   1.411879108767953e-09 
  2024.0   1.6085978976426564e-09 
  2025.0   1.4196205332395211e-09 
  2026.0   1.2633653842891276e-09 
  2027.0   1.4448593649678106e-09 
  2028.0   1.468110892065532e-09 
  2029.0   1.5701495891832032e-09 
  2030.0   1.3445137024823925e-09 
  2031.0   1.419101127411364e-09 
  2032.0   1.5757655409825191e-09 
  2033.0   1.441578452830563e-09 
  2034.0   1.4625762701337965e-09 
  2035.0   1.372307428088923e-09 
  2036.0   1.3210008712351618e-09 
  2037.0   9.789100748144904e-10 
  2038.0   1.3239624661918225e-09 
  2039.0   1.4032984951855622e-09 
  2040.0   1.4242933722541515e-09 
  2041.0   1.633055280191896e-09 
  2042.0   1.5454575156623981e-09 
  2043.0   1.5350421582494288e-09 
  2044.0   1.614380447341012e-09 
  2045.0   1.6241051340513231e-09 
  2046.0   1.6407924373571507e-09 
  2047.0   1.4921216822717327e-09 
  2048.0   1.419471552005689e-09 
  2049.0   1.6338331419395264e-09 
  2050.0   1.7162854208972423e-09 
  2051.0   1.6587814043265105e-09 
  2052.0   1.357300221670374e-09 
  2053.0   1.5263709169914742e-09 
  2054.0   1.5045791724555047e-09 
  2055.0   1.4784296786436309e-09 
  2056.0   1.4877518842091262e-09 
  2057.0   1.5884969852201685e-09 
  2058.0   1.6293043232841022e-09 
  2059.0   1.684373112581489e-09 
  2060.0   1.6521354335710305e-09 
  2061.0   1.7904918888280892e-09 
  2062.0   1.8240922101178662e-09 
  2063.0   1.6814642303151779e-09 
  2064.0   1.81253744887103e-09 
  2065.0   1.9387023358489802e-09 
  2066.0   1.91068978817222e-09 
  2067.0   1.8537521061188529e-09 
  2068.0   1.8706183024089218e-09 
  2069.0   1.8437441857433945e-09 
  2070.0   1.8576331796337158e-09 
  2071.0   1.8567538185912395e-09 
  2072.0   1.9729278651866393e-09 
  2073.0   2.0554859003470455e-09 
  2074.0   1.9247377225218023e-09 
  2075.0   1.849060268767595e-09 
  2076.0   1.9340003001051738e-09 
  2077.0   1.9566849693282987e-09 
  2078.0   1.914162036594756e-09 
  2079.0   1.637966490273238e-09 
  2080.0   1.6409586966127761e-09 
  2081.0   1.9085966061931393e-09 
  2082.0   1.8587354789833595e-09 
  2083.0   1.9829382105929246e-09 
  2084.0   2.1171967297724135e-09 
  2085.0   2.144514706055411e-09 
  2086.0   2.2761391446144236e-09 
  2087.0   2.3322579271443286e-09 
  2088.0   2.398652270351954e-09 
  2089.0   2.49014287288944e-09 
  2090.0   2.2636006340546603e-09 
  2091.0   2.4190173505747257e-09 
  2092.0   2.3608066812554653e-09 
  2093.0   2.294000743301113e-09 
  2094.0   2.389761379340744e-09 
  2095.0   2.1418052026165846e-09 
  2096.0   2.114533927270701e-09 
  2097.0   2.187526671998952e-09 
  2098.0   2.212291509951818e-09 
  2099.0   2.353353428701261e-09 
  2100.0   2.2366213584515286e-09 
