  2015.0   0.0909626435238509 
  2016.0   -0.02439304195644923 
  2017.0   0.14432322327995023 
  2018.0   0.09783762699717907 
  2019.0   0.13037462490511179 
  2020.0   -0.05439905550475797 
  2021.0   0.09070610598908316 
  2022.0   0.2518374815166127 
  2023.0   0.1773297515402549 
  2024.0   0.1340390387714977 
  2025.0   0.018088903749535565 
  2026.0   0.04155404129802694 
  2027.0   0.06447595917607392 
  2028.0   0.17981893790438144 
  2029.0   0.13679069962076582 
  2030.0   0.03915412034275511 
  2031.0   0.09679678075569918 
  2032.0   0.1896371156784267 
  2033.0   0.054213575200011244 
  2034.0   0.09690658393793233 
  2035.0   0.06854691057061413 
  2036.0   0.028841552917844262 
  2037.0   0.12948125876370248 
  2038.0   0.0007581221745972988 
  2039.0   0.20764696945953634 
  2040.0   0.1347929318105646 
  2041.0   0.21166775783998476 
  2042.0   0.1118433008180424 
  2043.0   0.08786974490328363 
  2044.0   0.1302159675111595 
  2045.0   0.09287937082462702 
  2046.0   0.16322763699167395 
  2047.0   0.17738233121545655 
  2048.0   0.21243176739679287 
  2049.0   0.060714767375740775 
  2050.0   0.21264878255439634 
  2051.0   0.13275587450816076 
  2052.0   0.08200103737924354 
  2053.0   0.2020271684154941 
  2054.0   0.0634750091225147 
  2055.0   0.08575714198238046 
  2056.0   0.09708999765453288 
  2057.0   0.16571112604037933 
  2058.0   0.046936786996902964 
  2059.0   0.17344741802788852 
  2060.0   0.17952133800090067 
  2061.0   0.10355174897768221 
  2062.0   0.13538571632360646 
  2063.0   0.171075744817005 
  2064.0   0.1388369078015862 
  2065.0   0.2768206783323572 
  2066.0   0.08142338254405267 
  2067.0   0.06285762557003205 
  2068.0   0.06758841964439506 
  2069.0   0.18426579382003966 
  2070.0   0.18207916832330523 
  2071.0   0.09367565475941883 
  2072.0   0.18265480865384906 
  2073.0   0.27763591002367083 
  2074.0   -0.022325540117807012 
  2075.0   0.14350784155797502 
  2076.0   0.14726162521420383 
  2077.0   0.16953622765864043 
  2078.0   0.04407746092674124 
  2079.0   0.084885175419525 
  2080.0   0.09381653357289713 
  2081.0   0.09888054695521303 
  2082.0   0.021326862064250066 
  2083.0   0.12189152328561699 
  2084.0   0.20857026464689943 
  2085.0   0.12471502293528561 
  2086.0   0.3101392985504476 
  2087.0   0.14470680180191725 
  2088.0   0.015828555603364082 
  2089.0   0.1396664498066372 
  2090.0   0.12041558282167883 
  2091.0   0.15327389515314663 
  2092.0   0.0013938739548564126 
  2093.0   0.07873204052088106 
  2094.0   0.11516206294761905 
  2095.0   0.09824368121760636 
  2096.0   0.08590316049314489 
  2097.0   0.17579898858349124 
  2098.0   0.15194181122939748 
  2099.0   0.17998522464181907 
  2100.0   0.12799052437097191 
