  2015.0   181.11744672150346 
  2016.0   181.12468786908425 
  2017.0   181.09271995124456 
  2018.0   181.03080604661488 
  2019.0   181.0191433675825 
  2020.0   181.0211360770873 
  2021.0   180.9418737804695 
  2022.0   180.86981449958182 
  2023.0   180.97992942166044 
  2024.0   181.0261562296812 
  2025.0   180.9779912308672 
  2026.0   180.9371166796856 
  2027.0   180.87292427902386 
  2028.0   180.8702854477241 
  2029.0   180.89051166000837 
  2030.0   180.79445498153888 
  2031.0   180.84247394177586 
  2032.0   180.8981120975103 
  2033.0   180.84829860471007 
  2034.0   180.68032027905187 
  2035.0   180.65196127741117 
  2036.0   180.80307234882375 
  2037.0   180.84999977455954 
  2038.0   180.82853949569193 
  2039.0   180.86630499557688 
  2040.0   180.75404056341833 
  2041.0   180.72382128241844 
  2042.0   180.66285444478464 
  2043.0   180.63358288629897 
  2044.0   180.59013750115574 
  2045.0   180.4639258440717 
  2046.0   180.5096767179551 
  2047.0   180.6097038045969 
  2048.0   180.56807992638332 
  2049.0   180.4902861165761 
  2050.0   180.53834899194086 
  2051.0   180.5207088609486 
  2052.0   180.50851770887004 
  2053.0   180.51138059321084 
  2054.0   180.5357758348145 
  2055.0   180.36926322290122 
  2056.0   180.27603263053066 
  2057.0   180.28617684585757 
  2058.0   180.26261315410449 
  2059.0   180.2042275763998 
  2060.0   180.0963842896684 
  2061.0   180.14043897226253 
  2062.0   180.1247716013528 
  2063.0   180.1564722810145 
  2064.0   180.16769135235063 
  2065.0   180.20151974513448 
  2066.0   180.20901948019525 
  2067.0   180.2112939818998 
  2068.0   180.14822994799366 
  2069.0   180.01770018642762 
  2070.0   180.04120188103366 
  2071.0   180.11804744853762 
  2072.0   180.0717710992881 
  2073.0   179.99931242858634 
  2074.0   180.01383899108055 
  2075.0   180.06851272409054 
  2076.0   180.0413922224514 
  2077.0   179.92697484894353 
  2078.0   179.8783553723373 
  2079.0   179.86139403334047 
  2080.0   179.75688506426562 
  2081.0   179.70103885732274 
  2082.0   179.655141189942 
  2083.0   179.6264820157187 
  2084.0   179.58962854109012 
  2085.0   179.59686833755973 
  2086.0   179.6114175183425 
  2087.0   179.46572585024074 
  2088.0   179.39739855077144 
  2089.0   179.46106452468902 
  2090.0   179.5345832506197 
  2091.0   179.39417122589612 
  2092.0   179.1739049276545 
  2093.0   179.12534361284315 
  2094.0   179.24893788157374 
  2095.0   179.27442099253184 
  2096.0   179.15974030080116 
  2097.0   179.0224794422386 
  2098.0   179.01061065047892 
  2099.0   178.9810767678336 
  2100.0   178.88894518113963 
