  2015.0   0.001170934894760843 
  2016.0   0.0011374564800999635 
  2017.0   0.0011225544336864951 
  2018.0   0.0011099327684502241 
  2019.0   0.0010947857752593357 
  2020.0   0.0010795450715743234 
  2021.0   0.0010709510647524275 
  2022.0   0.0010633151009920847 
  2023.0   0.0010590933643972364 
  2024.0   0.001056401361085698 
  2025.0   0.001054146309817386 
  2026.0   0.001036770473886371 
  2027.0   0.0010241283810937256 
  2028.0   0.0010265007503346994 
  2029.0   0.001037800678444685 
  2030.0   0.0011130490817733182 
  2031.0   0.0011163364979544614 
  2032.0   0.0011007185876449118 
  2033.0   0.0010956094780930443 
  2034.0   0.0011106491712426958 
  2035.0   0.0011966997921492675 
  2036.0   0.0014730993702808076 
  2037.0   0.001626866019125976 
  2038.0   0.0016642563251689473 
  2039.0   0.0017525420905463974 
  2040.0   0.0017836896818429642 
  2041.0   0.0016700453617707247 
  2042.0   0.001606309021399163 
  2043.0   0.0015435150000126057 
  2044.0   0.0014749262718349407 
  2045.0   0.0014247025180778518 
  2046.0   0.0014348088940196054 
  2047.0   0.0014521908549687305 
  2048.0   0.001446472422648547 
  2049.0   0.0014270508641902068 
  2050.0   0.0014007882668350805 
  2051.0   0.0013474196836922364 
  2052.0   0.0013161340184666113 
  2053.0   0.0013145900885253975 
  2054.0   0.0013070717109953088 
  2055.0   0.0012892797072326177 
  2056.0   0.0012428819519237062 
  2057.0   0.001211891849961745 
  2058.0   0.0012068091455353725 
  2059.0   0.0012080304297429764 
  2060.0   0.0011961608460262165 
  2061.0   0.0011584346920523608 
  2062.0   0.001122019901355216 
  2063.0   0.0010898218551476373 
  2064.0   0.0010592078612618443 
  2065.0   0.0010303674159399155 
  2066.0   0.0009990648093440304 
  2067.0   0.0009768459175618933 
  2068.0   0.0009513469564045399 
  2069.0   0.0009394014177374042 
  2070.0   0.0009313999018172145 
  2071.0   0.0009272623175058752 
  2072.0   0.0009147176478776661 
  2073.0   0.0009032023485856055 
  2074.0   0.0008859786367868517 
  2075.0   0.0008733960068796098 
  2076.0   0.0008493567174417844 
  2077.0   0.0008340291486087362 
  2078.0   0.0008345572447098485 
  2079.0   0.0008283104320257615 
  2080.0   0.0008226435992708183 
  2081.0   0.0008052970586305718 
  2082.0   0.0007831853767187227 
  2083.0   0.0007646934959709088 
  2084.0   0.0007514788572664671 
  2085.0   0.000738316886172383 
  2086.0   0.0007223373216045019 
  2087.0   0.0007081171949759699 
  2088.0   0.0007038296531385253 
  2089.0   0.0007109695890838915 
  2090.0   0.0007159863541224949 
  2091.0   0.0008060063831691423 
  2092.0   0.0008868739868263759 
  2093.0   0.0009310776507139995 
  2094.0   0.0010410583718754162 
  2095.0   0.0010619116133410514 
  2096.0   0.0009817554488904445 
  2097.0   0.0009255793733872286 
  2098.0   0.0008915715142086875 
  2099.0   0.0008666138069432594 
  2100.0   0.000865818909150733 
