  2015.0   38.95108740865424 
  2016.0   38.92250484734244 
  2017.0   39.072672901348454 
  2018.0   39.12032773336471 
  2019.0   39.168148226710684 
  2020.0   39.32179562468283 
  2021.0   39.46080967017515 
  2022.0   39.607408738086384 
  2023.0   39.76026664007418 
  2024.0   39.87264000945065 
  2025.0   39.98705287178004 
  2026.0   39.985291895254235 
  2027.0   40.10152512607897 
  2028.0   40.26045576577192 
  2029.0   40.47269008936721 
  2030.0   40.54234516045295 
  2031.0   40.568091644704566 
  2032.0   40.646648105175906 
  2033.0   40.750731262801125 
  2034.0   40.832315977283564 
  2035.0   40.980720780120286 
  2036.0   41.087576519026086 
  2037.0   41.15415462512344 
  2038.0   41.35893252794699 
  2039.0   41.540171441021265 
  2040.0   41.70724541488986 
  2041.0   41.87678256515994 
  2042.0   42.03271608522977 
  2043.0   42.1966952896665 
  2044.0   42.31091575506798 
  2045.0   42.53755638911315 
  2046.0   42.722052769868135 
  2047.0   42.86552633757005 
  2048.0   42.98103828652421 
  2049.0   43.20308321305697 
  2050.0   43.30553676569057 
  2051.0   43.50480265078204 
  2052.0   43.61019321561082 
  2053.0   43.7222912757229 
  2054.0   43.95696933171771 
  2055.0   44.12649964355653 
  2056.0   44.32597833363063 
  2057.0   44.430467260436224 
  2058.0   44.49281818502535 
  2059.0   44.6407800713324 
  2060.0   44.84630855046057 
  2061.0   44.984397236197374 
  2062.0   45.035600882057615 
  2063.0   45.06110719832478 
  2064.0   45.14045613631627 
  2065.0   45.34587409556777 
  2066.0   45.32102178257871 
  2067.0   45.533526565262484 
  2068.0   45.67441607298537 
  2069.0   45.83199598078709 
  2070.0   45.915050275920024 
  2071.0   46.08088857508766 
  2072.0   46.28664461252023 
  2073.0   46.4086729936494 
  2074.0   46.66050058947379 
  2075.0   46.75801939583444 
  2076.0   47.01198741177449 
  2077.0   47.10975695786566 
  2078.0   47.23812098484642 
  2079.0   47.36240078965146 
  2080.0   47.35207411853488 
  2081.0   47.57716280895653 
  2082.0   47.71917648176442 
  2083.0   47.888930662652186 
  2084.0   48.00781111756315 
  2085.0   48.30832580757959 
  2086.0   48.58279212574489 
  2087.0   48.66886487536318 
  2088.0   48.877796532282034 
  2089.0   49.07947106657667 
  2090.0   49.297393238666395 
  2091.0   49.32544739288329 
  2092.0   49.37919739656716 
  2093.0   49.400192953877635 
  2094.0   49.50358745220007 
  2095.0   49.63464021822528 
  2096.0   49.80345553400805 
  2097.0   49.9171936150334 
  2098.0   50.13943484659457 
  2099.0   50.236089273527604 
  2100.0   50.44069354134791 
