  2015.0   283.10167247557564 
  2016.0   284.34714938927436 
  2017.0   283.6015555147019 
  2018.0   283.5323404186336 
  2019.0   284.0307612891284 
  2020.0   283.9760897753082 
  2021.0   284.80237130891567 
  2022.0   284.6858277443385 
  2023.0   284.2850696470018 
  2024.0   284.2964850659488 
  2025.0   283.6133701279064 
  2026.0   282.775984538608 
  2027.0   283.27869410228834 
  2028.0   283.38388352494115 
  2029.0   284.3178650093039 
  2030.0   285.00391321764357 
  2031.0   283.9847553056573 
  2032.0   284.39486763258907 
  2033.0   284.3350192322243 
  2034.0   284.5760499742555 
  2035.0   283.80712170635604 
  2036.0   284.13202468020955 
  2037.0   284.32314366352495 
  2038.0   283.19560839080293 
  2039.0   283.6183646963053 
  2040.0   283.6078986056702 
  2041.0   284.1151715145939 
  2042.0   283.2577096353291 
  2043.0   283.90163881822355 
  2044.0   284.79374140490006 
  2045.0   283.5068282191465 
  2046.0   283.36916411308096 
  2047.0   284.030374814106 
  2048.0   284.6637613099362 
  2049.0   284.3985980508297 
  2050.0   284.7678974308714 
  2051.0   284.77505321140154 
  2052.0   284.59586805297306 
  2053.0   284.4720470108355 
  2054.0   284.9122995664528 
  2055.0   284.99877208218396 
  2056.0   285.76652687546397 
  2057.0   285.4343008738733 
  2058.0   285.08452864369156 
  2059.0   285.3103850021944 
  2060.0   285.5900418313943 
  2061.0   285.96467301638376 
  2062.0   286.00768500684535 
  2063.0   285.7950716776929 
  2064.0   285.3307729869521 
  2065.0   285.4233802819134 
  2066.0   285.9360760004154 
  2067.0   285.7424991543249 
  2068.0   285.7724866652196 
  2069.0   285.9352618818652 
  2070.0   286.43368133558164 
  2071.0   285.43350063587803 
  2072.0   285.8602109450605 
  2073.0   285.7824208301506 
  2074.0   286.1799444102924 
  2075.0   286.3094110831748 
  2076.0   286.35054230850255 
  2077.0   285.76960972460745 
  2078.0   286.27909385774325 
  2079.0   287.65702043602056 
  2080.0   286.81415526079064 
  2081.0   286.1883853901684 
  2082.0   286.85002755970817 
  2083.0   287.29965263874624 
  2084.0   287.1963325181187 
  2085.0   287.17084037342755 
  2086.0   286.5867577254727 
  2087.0   286.49619446964334 
  2088.0   287.3417979098641 
  2089.0   287.4108764592264 
  2090.0   287.2058032165161 
  2091.0   287.6933460205549 
  2092.0   286.87118387252093 
  2093.0   287.8553797269455 
  2094.0   287.541705403529 
  2095.0   287.3032906900382 
  2096.0   287.62712333174716 
  2097.0   287.5510744019552 
  2098.0   287.27008591748904 
  2099.0   287.47211876538427 
  2100.0   287.82080097822956 
