  2015.0   7.8183372148878885 
  2016.0   7.862543357263482 
  2017.0   7.92346555015284 
  2018.0   7.869955442142969 
  2019.0   7.893219917335533 
  2020.0   7.946037198554603 
  2021.0   8.047200450934943 
  2022.0   7.999550511583413 
  2023.0   8.048072036274927 
  2024.0   8.1216130977425 
  2025.0   8.125390279975067 
  2026.0   8.1792211417183 
  2027.0   8.249042790277068 
  2028.0   8.303936941876255 
  2029.0   8.305587237969903 
  2030.0   8.345437429669667 
  2031.0   8.397473334603111 
  2032.0   8.424396617415654 
  2033.0   8.448722370855137 
  2034.0   8.45582838789664 
  2035.0   8.477196440436332 
  2036.0   8.489031312779941 
  2037.0   8.504442414434559 
  2038.0   8.455133710036012 
  2039.0   8.364903017059092 
  2040.0   8.350830704414298 
  2041.0   8.466726807685527 
  2042.0   8.524588089426052 
  2043.0   8.4481609048399 
  2044.0   8.511063467762185 
  2045.0   8.553700227333406 
  2046.0   8.652626293250654 
  2047.0   8.72254099861381 
  2048.0   8.708565846001393 
  2049.0   8.72156301824969 
  2050.0   8.833237285576084 
  2051.0   8.783971817319708 
  2052.0   8.773935898059486 
  2053.0   8.814199294991282 
  2054.0   8.872711163309651 
  2055.0   8.913807348685527 
  2056.0   8.914205985164392 
  2057.0   9.081493487161502 
  2058.0   9.100863746162442 
  2059.0   9.098503625751128 
  2060.0   9.204903497200768 
  2061.0   9.248829279747882 
  2062.0   9.272634699503735 
  2063.0   9.314620390308209 
  2064.0   9.350654510908534 
  2065.0   9.401431687323779 
  2066.0   9.394772212632011 
  2067.0   9.41687502460726 
  2068.0   9.418855244286261 
  2069.0   9.459733575404224 
  2070.0   9.478096005059724 
  2071.0   9.589134272409405 
  2072.0   9.805946542487586 
  2073.0   9.86884388325946 
  2074.0   9.897660544906193 
  2075.0   9.986580014195496 
  2076.0   10.113930189445968 
  2077.0   10.215265642922327 
  2078.0   10.333154103377066 
  2079.0   10.346353192101912 
  2080.0   10.300528309863669 
  2081.0   10.318790793856849 
  2082.0   10.493732639330519 
  2083.0   10.524476565149198 
  2084.0   10.600464818164951 
  2085.0   10.696983311681691 
  2086.0   10.688556284824914 
  2087.0   10.76058002217966 
  2088.0   10.940936325304367 
  2089.0   11.063803385612971 
  2090.0   11.067795009205241 
  2091.0   10.982110941454199 
  2092.0   11.216852648681378 
  2093.0   11.325403122315269 
  2094.0   11.413202550854644 
  2095.0   11.391487495293099 
  2096.0   11.483900842248763 
  2097.0   11.552725785924611 
  2098.0   11.540652160380796 
  2099.0   11.620618610589105 
  2100.0   11.724196463317762 
