  2015.0   2.440700543886156 
  2016.0   2.376859179928684 
  2017.0   2.385385801855443 
  2018.0   2.43529999089364 
  2019.0   2.5943842585690002 
  2020.0   2.607348473624974 
  2021.0   2.830288674977809 
  2022.0   2.500684336086654 
  2023.0   2.512292852260019 
  2024.0   2.479635417708835 
  2025.0   2.516442715342411 
  2026.0   2.5699892980139936 
  2027.0   2.5947777249296244 
  2028.0   2.63993840632152 
  2029.0   2.447506596684721 
  2030.0   2.6009756849592334 
  2031.0   2.657321066945043 
  2032.0   2.6304491262014387 
  2033.0   2.6811956347069352 
  2034.0   2.600003387439116 
  2035.0   2.641760645655048 
  2036.0   2.792315836461978 
  2037.0   2.5307801872123994 
  2038.0   2.6311385611968725 
  2039.0   2.80205943954981 
  2040.0   2.8430283779826686 
  2041.0   2.6689983605108054 
  2042.0   2.7121635041412913 
  2043.0   2.725220683316931 
  2044.0   2.805450695253516 
  2045.0   2.602211274796052 
  2046.0   2.708763686846289 
  2047.0   2.8409387513037627 
  2048.0   2.81512181328028 
  2049.0   2.897719229562149 
  2050.0   2.7888683695265297 
  2051.0   2.7234810465154355 
  2052.0   2.7582411925844816 
  2053.0   2.726540970976693 
  2054.0   2.712913223031444 
  2055.0   3.011719332850915 
  2056.0   2.9345119249246117 
  2057.0   2.886568784563955 
  2058.0   2.9293254737780248 
  2059.0   2.789615398882575 
  2060.0   2.8726378252856537 
  2061.0   2.8785083259778697 
  2062.0   2.9790568027703 
  2063.0   3.2191521292431484 
  2064.0   2.914045413317117 
  2065.0   2.996541742909117 
  2066.0   2.9242119357084024 
  2067.0   3.076830227510399 
  2068.0   2.9028039961625383 
  2069.0   3.040257499228241 
  2070.0   3.227890478611889 
  2071.0   3.023275580929137 
  2072.0   3.1596632945561147 
  2073.0   3.1447153626343 
  2074.0   3.2363770097992304 
  2075.0   3.209221872155668 
  2076.0   3.2314731178548857 
  2077.0   3.2851090146950046 
  2078.0   3.2495921377815162 
  2079.0   3.129421914302708 
  2080.0   3.319451558815946 
  2081.0   3.2859789962836423 
  2082.0   3.1238874645493873 
  2083.0   3.4805952749440987 
  2084.0   3.4773393401160684 
  2085.0   3.5930017498019864 
  2086.0   3.302171915655386 
  2087.0   3.417907518963525 
  2088.0   3.5215802018017763 
  2089.0   3.518170657555913 
  2090.0   3.466289190372507 
  2091.0   3.270560182996571 
  2092.0   3.7204083990417147 
  2093.0   3.6543575845308722 
  2094.0   3.640926289129583 
  2095.0   3.568966617855275 
  2096.0   3.508391597979747 
  2097.0   3.69697119028936 
  2098.0   3.349048567888584 
  2099.0   3.56230107334349 
  2100.0   3.6740694412616377 
