  2015.0   2.1308062729174752e-10 
  2016.0   1.3754560172144113e-10 
  2017.0   2.482226211868473e-10 
  2018.0   4.869516579717125e-10 
  2019.0   5.649544792707987e-10 
  2020.0   1.4081763384940135e-10 
  2021.0   3.6808110167003384e-10 
  2022.0   3.4226125417374415e-10 
  2023.0   2.338185478596873e-10 
  2024.0   2.619050053222422e-10 
  2025.0   2.2644096872769597e-10 
  2026.0   3.4012622608989713e-10 
  2027.0   2.4748207660873027e-10 
  2028.0   2.844411862074725e-10 
  2029.0   2.2251334295367852e-10 
  2030.0   3.9922475932191466e-10 
  2031.0   2.1398872112815792e-10 
  2032.0   5.147913352134161e-10 
  2033.0   3.6784860106610227e-10 
  2034.0   3.4767028366522463e-10 
  2035.0   5.849829015771687e-10 
  2036.0   2.664973830304612e-10 
  2037.0   3.918120179788238e-10 
  2038.0   5.87539353741992e-10 
  2039.0   4.85183533564356e-10 
  2040.0   3.564585587738563e-10 
  2041.0   2.1421630393772527e-10 
  2042.0   3.4469606204180465e-10 
  2043.0   8.473057542050493e-10 
  2044.0   3.461847917862612e-10 
  2045.0   4.242815751564025e-10 
  2046.0   4.0758011769935514e-10 
  2047.0   5.023818218895294e-10 
  2048.0   5.630383269564937e-10 
  2049.0   6.176343313535979e-10 
  2050.0   2.9229926523683597e-10 
  2051.0   7.76774031201432e-10 
  2052.0   7.072793084838515e-10 
  2053.0   5.669261711165752e-10 
  2054.0   4.5127116570339764e-10 
  2055.0   7.771598896481168e-10 
  2056.0   6.155838079824416e-10 
  2057.0   3.5789154964529257e-10 
  2058.0   1.0617108612839811e-09 
  2059.0   4.1730264926447996e-10 
  2060.0   5.09752740945344e-10 
  2061.0   5.545710855594623e-10 
  2062.0   6.687103631626254e-10 
  2063.0   5.05112684287636e-10 
  2064.0   5.879761528100534e-10 
  2065.0   8.133399991743013e-10 
  2066.0   9.801732309980936e-10 
  2067.0   6.585493228926818e-10 
  2068.0   7.170879234225116e-10 
  2069.0   7.800985428310394e-10 
  2070.0   5.411186863175679e-10 
  2071.0   6.093867093150985e-10 
  2072.0   3.801154166738739e-10 
  2073.0   1.0838527628265688e-09 
  2074.0   5.474935216905848e-10 
  2075.0   9.711763680247156e-10 
  2076.0   8.146877990237368e-10 
  2077.0   6.788053342155747e-10 
  2078.0   8.064025053751593e-10 
  2079.0   1.3111257900599808e-09 
  2080.0   1.4892592699863434e-09 
  2081.0   6.529743240370476e-10 
  2082.0   6.842099291053818e-10 
  2083.0   1.2505995294804855e-09 
  2084.0   7.513352461999643e-10 
  2085.0   6.834045634508314e-10 
  2086.0   1.189057886974117e-09 
  2087.0   6.764536524967781e-10 
  2088.0   8.566362544097133e-10 
  2089.0   6.833439429461583e-10 
  2090.0   1.312109267973323e-09 
  2091.0   1.6767274875191419e-09 
  2092.0   7.055201239835843e-10 
  2093.0   8.738147639428018e-10 
  2094.0   9.723690819062529e-10 
  2095.0   1.3126813426704358e-09 
  2096.0   9.209926696770352e-10 
  2097.0   9.7508632643031e-10 
  2098.0   1.650889446395998e-09 
  2099.0   1.2850979607978007e-09 
  2100.0   1.6318482721724925e-09 
