  2015.0   4.081826080345545 
  2016.0   4.039753931912368 
  2017.0   4.231297587993671 
  2018.0   3.9884426504864696 
  2019.0   4.033166094684626 
  2020.0   4.215132513697165 
  2021.0   4.405851230198875 
  2022.0   4.119636412879655 
  2023.0   4.293290245012654 
  2024.0   4.384971131089668 
  2025.0   4.299306039383238 
  2026.0   4.453784580624617 
  2027.0   4.570494597084925 
  2028.0   4.4854739976829725 
  2029.0   4.327003283849091 
  2030.0   4.367450458755211 
  2031.0   4.597539425516677 
  2032.0   4.4332354750457 
  2033.0   4.492306509517906 
  2034.0   4.181926202636705 
  2035.0   4.545433057322463 
  2036.0   4.499202563671833 
  2037.0   4.633807718930321 
  2038.0   4.716507492964253 
  2039.0   4.544110637032366 
  2040.0   4.430033459418768 
  2041.0   4.972467923120376 
  2042.0   4.9144660378983955 
  2043.0   4.525382481684374 
  2044.0   4.862777073629237 
  2045.0   4.722788838750578 
  2046.0   5.140790345742552 
  2047.0   5.060809595201454 
  2048.0   4.85022639765972 
  2049.0   4.840040453766612 
  2050.0   5.097793286402168 
  2051.0   4.572092054312342 
  2052.0   4.798765087268731 
  2053.0   4.931776205322093 
  2054.0   5.090918882101529 
  2055.0   5.026937218128539 
  2056.0   4.871662573559302 
  2057.0   5.615008370491758 
  2058.0   5.1824795694162855 
  2059.0   5.425936291693154 
  2060.0   5.687574386754871 
  2061.0   5.49303005137417 
  2062.0   5.4549281601630915 
  2063.0   5.657201225960431 
  2064.0   5.3734944426439855 
  2065.0   5.531642469358693 
  2066.0   5.23748714997382 
  2067.0   5.4760190901260835 
  2068.0   5.3051031883440745 
  2069.0   5.28171982335917 
  2070.0   5.14460644676962 
  2071.0   5.498089775305344 
  2072.0   6.080801251412116 
  2073.0   5.878151272611699 
  2074.0   5.7865590370428945 
  2075.0   5.943512643819756 
  2076.0   5.812044627696217 
  2077.0   6.108970938169453 
  2078.0   5.9713554102506246 
  2079.0   5.9562943935813655 
  2080.0   5.693797199159333 
  2081.0   5.842460696818885 
  2082.0   6.309440545730341 
  2083.0   5.752607108795414 
  2084.0   6.122761087636908 
  2085.0   6.40693862482893 
  2086.0   6.039142073718379 
  2087.0   6.362130023694778 
  2088.0   6.605640757895882 
  2089.0   6.938481538271026 
  2090.0   6.420396310088075 
  2091.0   5.8630007185227475 
  2092.0   6.956304707347627 
  2093.0   6.804015781101119 
  2094.0   6.81479385684102 
  2095.0   6.55790225797478 
  2096.0   6.790998364050957 
  2097.0   6.838042405784202 
  2098.0   6.6830404549622635 
  2099.0   6.598113945441163 
  2100.0   6.357257729816351 
