  2015.0   60.13462985984832 
  2016.0   60.24315495658847 
  2017.0   60.33736187450702 
  2018.0   60.448691062802624 
  2019.0   60.5727696784982 
  2020.0   60.63126236983155 
  2021.0   60.71569947473864 
  2022.0   60.77419730634432 
  2023.0   60.89206886843342 
  2024.0   60.929825006928176 
  2025.0   61.008024568250804 
  2026.0   61.241959926620076 
  2027.0   61.36687103934384 
  2028.0   61.41964908577149 
  2029.0   61.500083217152884 
  2030.0   61.53074397680354 
  2031.0   61.61606027307468 
  2032.0   61.7183541361456 
  2033.0   61.7871013661966 
  2034.0   61.79365867737453 
  2035.0   61.97748723369956 
  2036.0   62.1394827003612 
  2037.0   62.13178283976402 
  2038.0   62.122521689726014 
  2039.0   62.29514956707028 
  2040.0   62.44543544062465 
  2041.0   62.628860895107906 
  2042.0   62.685070337782875 
  2043.0   62.722224400262164 
  2044.0   62.81982170056722 
  2045.0   62.968350858638196 
  2046.0   63.020270464801264 
  2047.0   63.14007205446361 
  2048.0   63.2773091270172 
  2049.0   63.44258519800855 
  2050.0   63.53272543340085 
  2051.0   63.59772602954431 
  2052.0   63.792953591111 
  2053.0   63.88010930829494 
  2054.0   63.93697631355608 
  2055.0   64.12144908801739 
  2056.0   64.11465924027726 
  2057.0   64.04227680241216 
  2058.0   64.23471200265996 
  2059.0   64.42216995612263 
  2060.0   64.5656013067186 
  2061.0   64.67954069709269 
  2062.0   64.7165248282345 
  2063.0   64.80646634211517 
  2064.0   64.91717842943565 
  2065.0   65.02731013246024 
  2066.0   65.09245420479903 
  2067.0   65.16593510502726 
  2068.0   65.34346301507671 
  2069.0   65.4799515228061 
  2070.0   65.66874534874984 
  2071.0   65.73719857864585 
  2072.0   65.71362687561292 
  2073.0   65.91246916955801 
  2074.0   66.073276734779 
  2075.0   66.24438615346189 
  2076.0   66.33770392953056 
  2077.0   66.40258023920534 
  2078.0   66.4778906226906 
  2079.0   66.6096377133273 
  2080.0   66.7930490610411 
  2081.0   66.94166627777318 
  2082.0   67.07370393433764 
  2083.0   67.17342622185365 
  2084.0   67.29636367962235 
  2085.0   67.32679574848125 
  2086.0   67.42194133196494 
  2087.0   67.53247395623306 
  2088.0   67.63251369590294 
  2089.0   67.82372834224564 
  2090.0   68.0191920121341 
  2091.0   68.07367455444914 
  2092.0   68.16632962536602 
  2093.0   68.30122861296424 
  2094.0   68.42668882102542 
  2095.0   68.49325773531737 
  2096.0   68.67726944894633 
  2097.0   68.63227586912147 
  2098.0   68.69426364628309 
  2099.0   68.92070670076154 
  2100.0   69.0616131889528 
