  2015.0   7.656484533311024 
  2016.0   7.552034547951316 
  2017.0   7.469137221923363 
  2018.0   7.619982312775501 
  2019.0   7.564896427334285 
  2020.0   7.412594016041248 
  2021.0   7.362443886437138 
  2022.0   7.419402435719516 
  2023.0   7.531347059803937 
  2024.0   7.535864017057366 
  2025.0   7.694097214063392 
  2026.0   7.698467011682388 
  2027.0   7.440937426294357 
  2028.0   7.264326888496913 
  2029.0   7.587996554778032 
  2030.0   7.609277795824461 
  2031.0   7.6204850071812364 
  2032.0   7.6591054488724275 
  2033.0   7.747855517826761 
  2034.0   7.715334371086686 
  2035.0   7.680427700769675 
  2036.0   7.616185413906995 
  2037.0   7.470484409327945 
  2038.0   7.416413556316552 
  2039.0   7.475546210083268 
  2040.0   7.616609823984618 
  2041.0   7.620684738142244 
  2042.0   7.577829367598418 
  2043.0   7.498572131633024 
  2044.0   7.477482561302819 
  2045.0   7.557409762509349 
  2046.0   7.448030769761258 
  2047.0   7.370313160693954 
  2048.0   7.540843915448609 
  2049.0   7.592853509391139 
  2050.0   7.368543995305871 
  2051.0   7.295353643920907 
  2052.0   7.532008630893537 
  2053.0   7.823831266525212 
  2054.0   7.835846243488201 
  2055.0   7.777161459414905 
  2056.0   7.855396132421803 
  2057.0   7.803414070192915 
  2058.0   7.8253407899293626 
  2059.0   7.826963606423166 
  2060.0   7.784264776855115 
  2061.0   7.742635265901196 
  2062.0   7.905263815006204 
  2063.0   7.915427094976465 
  2064.0   7.967760913263449 
  2065.0   7.943970443312409 
  2066.0   8.028090840032432 
  2067.0   7.98972540887124 
  2068.0   7.74438954275285 
  2069.0   7.782013350621252 
  2070.0   8.052590155178914 
  2071.0   7.920709622818456 
  2072.0   7.876965933586059 
  2073.0   7.8811819243648475 
  2074.0   7.794793610687991 
  2075.0   7.977436143692114 
  2076.0   8.10278788729804 
  2077.0   8.243963116034795 
  2078.0   8.166753838235088 
  2079.0   7.968799322502837 
  2080.0   7.861579982019796 
  2081.0   7.864777801711735 
  2082.0   7.853864964059934 
  2083.0   8.058191835792234 
  2084.0   8.018821896765875 
  2085.0   8.168346382490483 
  2086.0   8.314720687011315 
  2087.0   8.102034340953281 
  2088.0   7.914131767813582 
  2089.0   8.132165813402926 
  2090.0   8.2093299774531 
  2091.0   7.855261523364605 
  2092.0   7.7232507650958775 
  2093.0   7.922958488210488 
  2094.0   8.01242793427472 
  2095.0   7.927267702785606 
  2096.0   8.002857869458456 
  2097.0   8.154951598131541 
  2098.0   8.287523558486944 
  2099.0   8.249245239095956 
  2100.0   8.211916154455182 
