  2015.0   4.042145131512699 
  2016.0   4.050522805233222 
  2017.0   3.983264335737188 
  2018.0   3.9904393519200854 
  2019.0   3.9704897346294485 
  2020.0   3.9534691262743826 
  2021.0   3.8750661672835904 
  2022.0   3.803608626950242 
  2023.0   3.7956489238347455 
  2024.0   3.7933895033399603 
  2025.0   3.8334429981623113 
  2026.0   3.911564437171425 
  2027.0   3.9665592129955907 
  2028.0   4.013823179652234 
  2029.0   4.020852468453243 
  2030.0   3.947780218963363 
  2031.0   3.908446673671497 
  2032.0   3.926056671705034 
  2033.0   3.96111270410878 
  2034.0   3.978841617176012 
  2035.0   4.009065312938885 
  2036.0   4.027161090213281 
  2037.0   3.9821500953188624 
  2038.0   4.010500226416794 
  2039.0   4.073167409409408 
  2040.0   4.0987357156183615 
  2041.0   4.101219186712979 
  2042.0   4.113368746091062 
  2043.0   4.132690021709348 
  2044.0   4.055464198327916 
  2045.0   4.073969657856846 
  2046.0   4.125908045807011 
  2047.0   4.142041778047324 
  2048.0   4.104867513885856 
  2049.0   4.082658474595361 
  2050.0   4.062329306561908 
  2051.0   4.031679212282351 
  2052.0   4.032230934269503 
  2053.0   4.054256616343623 
  2054.0   4.052125666768218 
  2055.0   4.0175132350750955 
  2056.0   3.983093052397315 
  2057.0   3.910718348640281 
  2058.0   3.881233004104441 
  2059.0   3.864311271616066 
  2060.0   3.855419237393431 
  2061.0   3.8229915501434384 
  2062.0   3.788225220289107 
  2063.0   3.787319715990988 
  2064.0   3.8329654337642656 
  2065.0   3.8769633494820903 
  2066.0   3.861415455754997 
  2067.0   3.82655412013468 
  2068.0   3.8571391953087244 
  2069.0   3.839623496859906 
  2070.0   3.8015925897700664 
  2071.0   3.8194404131970874 
  2072.0   3.850001528256267 
  2073.0   3.834035383320365 
  2074.0   3.817084796420697 
  2075.0   3.7752183688467387 
  2076.0   3.7560272023246872 
  2077.0   3.7477720760626196 
  2078.0   3.737424642284169 
  2079.0   3.6779212410262425 
  2080.0   3.5704206844335578 
  2081.0   3.570399956060778 
  2082.0   3.5852273885834127 
  2083.0   3.536066036943771 
  2084.0   3.5015192670120263 
  2085.0   3.5273443557521933 
  2086.0   3.532954632450874 
  2087.0   3.5636129324005847 
  2088.0   3.565384736370198 
  2089.0   3.560350511100276 
  2090.0   3.5294865224245937 
  2091.0   3.511195719716932 
  2092.0   3.4732577415285952 
  2093.0   3.4641717928693296 
  2094.0   3.4291970600049555 
  2095.0   3.446472410402329 
  2096.0   3.4362126191025344 
  2097.0   3.427996064998434 
  2098.0   3.4456487222373564 
  2099.0   3.4565363140592242 
  2100.0   3.445586890108677 
