  2015.0   0.15476890262379167 
  2016.0   -0.17569973431472904 
  2017.0   -0.06117911567849544 
  2018.0   -0.1185947576412249 
  2019.0   -0.21157001812843249 
  2020.0   0.1087043862187382 
  2021.0   -0.11115047078332732 
  2022.0   0.28189304821281386 
  2023.0   0.17623435393381795 
  2024.0   0.4893099642714515 
  2025.0   0.09269596384070554 
  2026.0   0.1956158240152003 
  2027.0   0.09668286302810575 
  2028.0   -0.05092598746054832 
  2029.0   0.03741144561296607 
  2030.0   -0.009067076422584133 
  2031.0   -0.19113775627271862 
  2032.0   -0.08289895143994923 
  2033.0   -0.1560536076257137 
  2034.0   -0.291307801893476 
  2035.0   0.03540297310169221 
  2036.0   -0.33943395856488034 
  2037.0   0.13967661659761627 
  2038.0   0.22432051807579967 
  2039.0   -0.02540058039868656 
  2040.0   0.015528421737061105 
  2041.0   0.14876720205600905 
  2042.0   -0.015998113826488462 
  2043.0   -0.19267173595444165 
  2044.0   0.20049755466946123 
  2045.0   -0.1320167856619363 
  2046.0   0.037562304122073766 
  2047.0   0.06571284384742312 
  2048.0   -0.006402559871251223 
  2049.0   -0.0915155334255121 
  2050.0   0.05201406817341571 
  2051.0   -0.03240896817655626 
  2052.0   -0.13345661357914607 
  2053.0   0.22459151509131345 
  2054.0   0.19526628649859817 
  2055.0   0.5808119654811902 
  2056.0   0.03735554778640141 
  2057.0   0.15109932924717015 
  2058.0   -0.13195116282078717 
  2059.0   0.06571054171945516 
  2060.0   0.026802230745628073 
  2061.0   -0.09581279501613707 
  2062.0   -0.1342116780124373 
  2063.0   0.08035800682370306 
  2064.0   0.28405272639668383 
  2065.0   -0.16064212323939517 
  2066.0   0.02576365818695971 
  2067.0   0.0031800825924660197 
  2068.0   0.3356199696963543 
  2069.0   -0.08655549292717209 
  2070.0   0.10331074527127754 
  2071.0   0.10421749415577279 
  2072.0   -0.01013030276655779 
  2073.0   0.4604325120988017 
  2074.0   -0.15280685389278872 
  2075.0   0.38715370283614203 
  2076.0   -0.018561541911656387 
  2077.0   0.3076649602311717 
  2078.0   0.36549643474854654 
  2079.0   -0.05397151578498832 
  2080.0   0.06671369702588244 
  2081.0   0.4260182932420962 
  2082.0   -0.033550552722979014 
  2083.0   0.36273305378034937 
  2084.0   0.13895359237978733 
  2085.0   0.09529909504108684 
  2086.0   0.05505435573002621 
  2087.0   0.3245554194022939 
  2088.0   -0.40151684585267466 
  2089.0   -0.3061697256478063 
  2090.0   0.023290119603115996 
  2091.0   -0.03049437679258936 
  2092.0   -0.08633184560237238 
  2093.0   -0.028097169100311216 
  2094.0   0.2911103699443975 
  2095.0   0.08784886948218049 
  2096.0   -0.20209917176680442 
  2097.0   -0.20926952614681357 
  2098.0   -0.007343731299502172 
  2099.0   0.003396381591227371 
  2100.0   0.10737707858459954 
