  2015.0   119.32479147867798 
  2016.0   119.47489513224778 
  2017.0   119.69062079382314 
  2018.0   119.82047380464037 
  2019.0   120.00585093759945 
  2020.0   120.18364634516001 
  2021.0   120.36164411530842 
  2022.0   120.517025494827 
  2023.0   120.64780664323114 
  2024.0   120.8556052324901 
  2025.0   121.05857494683697 
  2026.0   121.185700241245 
  2027.0   121.19612766888065 
  2028.0   121.40084086245898 
  2029.0   121.63583622006726 
  2030.0   121.7795451811703 
  2031.0   121.8760980583916 
  2032.0   121.98513294181329 
  2033.0   122.11165968521853 
  2034.0   122.24777957437514 
  2035.0   122.40470721103928 
  2036.0   122.48705402256472 
  2037.0   122.59995775024574 
  2038.0   122.76757466175125 
  2039.0   122.95993170484728 
  2040.0   123.06992832706074 
  2041.0   123.15087214944116 
  2042.0   123.3408692886627 
  2043.0   123.66885487230027 
  2044.0   123.99292952852981 
  2045.0   124.18600407508055 
  2046.0   124.31839311237141 
  2047.0   124.57794326986493 
  2048.0   124.77294504652346 
  2049.0   124.91871613190328 
  2050.0   125.11852835286669 
  2051.0   125.35061851850945 
  2052.0   125.45432416662794 
  2053.0   125.61728463224628 
  2054.0   125.77505490406345 
  2055.0   125.9373256065284 
  2056.0   126.01752579405414 
  2057.0   125.93008086931671 
  2058.0   125.96239811957825 
  2059.0   126.01250829574903 
  2060.0   126.20502117489308 
  2061.0   126.51661243499453 
  2062.0   126.61994698178985 
  2063.0   126.86960520980833 
  2064.0   127.11144427469334 
  2065.0   127.26076192283708 
  2066.0   127.45885383296493 
  2067.0   127.62490510931723 
  2068.0   127.59096970126765 
  2069.0   127.69520627417864 
  2070.0   127.85438230760832 
  2071.0   127.94422853004994 
  2072.0   128.15354280878998 
  2073.0   128.34406544291116 
  2074.0   128.5731785449354 
  2075.0   128.85633748525194 
  2076.0   129.01560949328132 
  2077.0   129.14566678644223 
  2078.0   129.31132517139207 
  2079.0   129.34469527388083 
  2080.0   129.5758496379979 
  2081.0   129.66691551657215 
  2082.0   129.70758663132435 
  2083.0   129.80969117708364 
  2084.0   129.89376927035022 
  2085.0   129.92989227719664 
  2086.0   130.03056174388294 
  2087.0   129.9605716282125 
  2088.0   129.9413424529088 
  2089.0   130.01028369284091 
  2090.0   130.12639573004301 
  2091.0   130.36177409936641 
  2092.0   130.5067783055781 
  2093.0   130.60722664753382 
  2094.0   130.80130019741955 
  2095.0   130.86974470267492 
  2096.0   130.86670492343933 
  2097.0   130.99340182989758 
  2098.0   131.15152061287182 
  2099.0   131.14275228730347 
  2100.0   131.1610400948666 
