  2015.0   1.5207163210413068 
  2016.0   1.535967316947949 
  2017.0   1.5378153722775207 
  2018.0   1.527109272488621 
  2019.0   1.5319600118152814 
  2020.0   1.5775371983418698 
  2021.0   1.5920684438927968 
  2022.0   1.583721737241756 
  2023.0   1.5778357795731142 
  2024.0   1.6060009016919863 
  2025.0   1.5593843735154695 
  2026.0   1.5882831650589402 
  2027.0   1.6041022708535622 
  2028.0   1.6714307829413637 
  2029.0   1.634166708857443 
  2030.0   1.6956220079052122 
  2031.0   1.6274415923199652 
  2032.0   1.6712232267069824 
  2033.0   1.6410634286912693 
  2034.0   1.6485719763830917 
  2035.0   1.6741715171232037 
  2036.0   1.6614681548855539 
  2037.0   1.7644655113791838 
  2038.0   1.7035357170556262 
  2039.0   1.6942533304020497 
  2040.0   1.687637435144163 
  2041.0   1.7390233978327159 
  2042.0   1.7429785944533351 
  2043.0   1.7045687502129252 
  2044.0   1.755438214648763 
  2045.0   1.7575939554509237 
  2046.0   1.7762575979581305 
  2047.0   1.8359998138010318 
  2048.0   1.8072648397899287 
  2049.0   1.84051401570215 
  2050.0   1.906778465717356 
  2051.0   1.8192048144256026 
  2052.0   1.8834643103963191 
  2053.0   1.8496748242739964 
  2054.0   1.7828398393425469 
  2055.0   1.8477593222926054 
  2056.0   1.8458191968447888 
  2057.0   1.898612600973404 
  2058.0   1.8822138817203693 
  2059.0   1.8506964392359024 
  2060.0   1.9439768064759333 
  2061.0   1.956276588266707 
  2062.0   1.9605572400977966 
  2063.0   1.9941765843696106 
  2064.0   1.9069991094421286 
  2065.0   1.9757218648292205 
  2066.0   2.0308751037643376 
  2067.0   2.026244895236283 
  2068.0   2.020910808036308 
  2069.0   2.0217241269688864 
  2070.0   1.965071021737993 
  2071.0   2.0053563877634937 
  2072.0   1.9835997817687077 
  2073.0   2.0458360975928565 
  2074.0   2.0604396014870106 
  2075.0   2.054140744651251 
  2076.0   2.0241862183471655 
  2077.0   2.093564006499181 
  2078.0   2.1049634688482537 
  2079.0   2.134128807569212 
  2080.0   2.213107381065068 
  2081.0   2.108916505330652 
  2082.0   2.1649495149750946 
  2083.0   2.067883853724196 
  2084.0   2.153051342615317 
  2085.0   2.126961141841363 
  2086.0   2.162078759474803 
  2087.0   2.251739748420522 
  2088.0   2.266250657375185 
  2089.0   2.2648580399651226 
  2090.0   2.247063952830546 
  2091.0   2.361365906704529 
  2092.0   2.273023168490233 
  2093.0   2.2744713222973516 
  2094.0   2.34878787160923 
  2095.0   2.2831323692868115 
  2096.0   2.355521089278131 
  2097.0   2.364897210448023 
  2098.0   2.2879197631789383 
  2099.0   2.3515406711633626 
  2100.0   2.4125171135250083 
