  2015.0   8.030602326976472e-10 
  2016.0   8.691039383170621e-10 
  2017.0   8.69484652657787e-10 
  2018.0   8.54681664826466e-10 
  2019.0   8.947096119956207e-10 
  2020.0   8.169388323261093e-10 
  2021.0   8.838072693476556e-10 
  2022.0   8.662507593654815e-10 
  2023.0   8.704220532632231e-10 
  2024.0   8.566040408203041e-10 
  2025.0   8.606872525855802e-10 
  2026.0   8.561124044465157e-10 
  2027.0   8.770239957653912e-10 
  2028.0   8.779761655508507e-10 
  2029.0   8.589806851826185e-10 
  2030.0   8.255776176760012e-10 
  2031.0   8.997635631288815e-10 
  2032.0   9.173232518726037e-10 
  2033.0   9.386275103551136e-10 
  2034.0   8.847108862268955e-10 
  2035.0   8.738886562434498e-10 
  2036.0   8.351241202724949e-10 
  2037.0   8.863717017142386e-10 
  2038.0   8.516538651917414e-10 
  2039.0   8.837139550929842e-10 
  2040.0   8.980911699797883e-10 
  2041.0   9.162275535648201e-10 
  2042.0   9.50065416090369e-10 
  2043.0   9.017803976534334e-10 
  2044.0   9.552414265848606e-10 
  2045.0   9.608332391387406e-10 
  2046.0   9.3825643403167e-10 
  2047.0   9.083519362461402e-10 
  2048.0   9.133056669343196e-10 
  2049.0   9.008792306106463e-10 
  2050.0   8.871131403477232e-10 
  2051.0   8.781703284119647e-10 
  2052.0   9.185399984112246e-10 
  2053.0   9.371074543945218e-10 
  2054.0   9.445789973660503e-10 
  2055.0   9.863238095236724e-10 
  2056.0   9.585422629642162e-10 
  2057.0   9.343697530772865e-10 
  2058.0   9.678508008724054e-10 
  2059.0   9.848440012841517e-10 
  2060.0   9.752205442882542e-10 
  2061.0   9.439419695881758e-10 
  2062.0   1.0205104576499065e-09 
  2063.0   9.655633501586991e-10 
  2064.0   9.705945554350777e-10 
  2065.0   9.759850358363927e-10 
  2066.0   9.581886251427436e-10 
  2067.0   1.003748164553582e-09 
  2068.0   1.009241890712996e-09 
  2069.0   9.040749956960155e-10 
  2070.0   1.025275412851898e-09 
  2071.0   9.921353679460914e-10 
  2072.0   1.0172519457723551e-09 
  2073.0   9.60602124056485e-10 
  2074.0   1.0224436165947402e-09 
  2075.0   9.52510527339185e-10 
  2076.0   9.654967320261805e-10 
  2077.0   9.45883702462468e-10 
  2078.0   8.688059329291714e-10 
  2079.0   1.0080299663978157e-09 
  2080.0   9.919918732481144e-10 
  2081.0   1.010290095541971e-09 
  2082.0   1.019796908793522e-09 
  2083.0   1.117571106485799e-09 
  2084.0   1.0664578281853228e-09 
  2085.0   1.0351909571287378e-09 
  2086.0   1.0827303461689123e-09 
  2087.0   1.0505948610610257e-09 
  2088.0   9.57417830850497e-10 
  2089.0   1.0074300118964896e-09 
  2090.0   1.0827230828767284e-09 
  2091.0   1.06870594224252e-09 
  2092.0   1.0877570551067977e-09 
  2093.0   1.0444189113256352e-09 
  2094.0   1.0659815092642795e-09 
  2095.0   1.0596491081434172e-09 
  2096.0   1.0665030638117676e-09 
  2097.0   1.007124076785417e-09 
  2098.0   1.0163320470649053e-09 
  2099.0   9.754529803602974e-10 
  2100.0   1.052691938111475e-09 
