  2015.0   2.664863377597008 
  2016.0   2.5060859558307236 
  2017.0   2.517729454993755 
  2018.0   2.4658808588023287 
  2019.0   2.4758048107687745 
  2020.0   2.218734339728309 
  2021.0   2.5030303172522523 
  2022.0   2.2312757805576093 
  2023.0   2.4557386915372894 
  2024.0   2.54121030761254 
  2025.0   2.3493167103723223 
  2026.0   2.5679287738440735 
  2027.0   2.4762639980460617 
  2028.0   2.6319201233083125 
  2029.0   2.3611895360250315 
  2030.0   2.3463861644496444 
  2031.0   2.3890550384523785 
  2032.0   2.5902414521408406 
  2033.0   2.6756191555567326 
  2034.0   2.499928478183468 
  2035.0   2.5480667237991956 
  2036.0   2.589791920748087 
  2037.0   2.4167991030721674 
  2038.0   2.6642914505922928 
  2039.0   2.306133065006649 
  2040.0   2.436182605106313 
  2041.0   2.314178360302861 
  2042.0   2.6488055280827836 
  2043.0   2.3160829038913646 
  2044.0   2.5403670799806513 
  2045.0   2.574635662933556 
  2046.0   2.561624172303583 
  2047.0   2.39810842811278 
  2048.0   2.387636627426792 
  2049.0   2.3646261309439773 
  2050.0   2.4668398709605315 
  2051.0   2.4082701862863947 
  2052.0   2.595656178003483 
  2053.0   2.5463767746197283 
  2054.0   2.255445176035353 
  2055.0   2.5024600959600174 
  2056.0   2.3510461279245507 
  2057.0   2.4009757073226394 
  2058.0   2.3701924841054507 
  2059.0   2.5557897403944163 
  2060.0   2.5691806588693544 
  2061.0   2.1835696385245065 
  2062.0   2.8413537258417896 
  2063.0   2.4891997576305767 
  2064.0   2.468248324363978 
  2065.0   2.5664886163150125 
  2066.0   2.313512199401315 
  2067.0   2.78386596301416 
  2068.0   2.2891228175449054 
  2069.0   2.4122576817141725 
  2070.0   2.355892608055796 
  2071.0   2.2193450499028073 
  2072.0   2.475244020500776 
  2073.0   2.6887512099876525 
  2074.0   2.447050656782203 
  2075.0   2.45916914351433 
  2076.0   2.2164298089560197 
  2077.0   2.745921697531756 
  2078.0   2.268890363881729 
  2079.0   2.1345569466884013 
  2080.0   2.465512806261432 
  2081.0   2.5270433098619733 
  2082.0   2.397376628233797 
  2083.0   2.5263562914774855 
  2084.0   2.6316009230626016 
  2085.0   2.4224098348200522 
  2086.0   2.3165664479695827 
  2087.0   2.377404814610298 
  2088.0   2.53121956752449 
  2089.0   2.377600266169457 
  2090.0   2.2298024503177474 
  2091.0   2.199780685514517 
  2092.0   2.415922489964469 
  2093.0   2.4433276089423215 
  2094.0   2.4335501364923755 
  2095.0   2.20128751047455 
  2096.0   2.3109097123868985 
  2097.0   2.6460295984423614 
  2098.0   2.3825446795106604 
  2099.0   2.2831363905866344 
  2100.0   2.4490809803297857 
