  2015.0   4.216215784684103 
  2016.0   4.561862170932596 
  2017.0   4.443803958613537 
  2018.0   4.255163756128277 
  2019.0   4.312900045503224 
  2020.0   4.541492365775629 
  2021.0   4.703858522553597 
  2022.0   4.907896006688115 
  2023.0   4.9191542115530345 
  2024.0   4.655465144260886 
  2025.0   4.633157623306681 
  2026.0   4.699162819066834 
  2027.0   4.606273862525334 
  2028.0   4.526440525591013 
  2029.0   4.40036344586709 
  2030.0   4.614074185934378 
  2031.0   4.683621386883124 
  2032.0   4.6566994913754165 
  2033.0   4.578323477102251 
  2034.0   4.767062857242477 
  2035.0   4.6637110264485395 
  2036.0   4.45202566406209 
  2037.0   4.500714179017466 
  2038.0   4.754771469856073 
  2039.0   4.7797245883409385 
  2040.0   4.7998473581745 
  2041.0   4.741019142054083 
  2042.0   4.376420809076132 
  2043.0   4.307197255456163 
  2044.0   4.746622968068063 
  2045.0   4.789640431774063 
  2046.0   4.428022788929902 
  2047.0   4.226859253616885 
  2048.0   4.343138799940132 
  2049.0   4.520995309868097 
  2050.0   4.675461933592564 
  2051.0   4.567380276034341 
  2052.0   4.4670932630739095 
  2053.0   4.746100423690579 
  2054.0   4.690062191788293 
  2055.0   4.416125491751397 
  2056.0   4.540573880099348 
  2057.0   4.688995835559009 
  2058.0   4.942685653353468 
  2059.0   4.95599269332535 
  2060.0   4.564339853517981 
  2061.0   4.532643529426308 
  2062.0   4.588744565437379 
  2063.0   4.682335963687029 
  2064.0   4.77438023990386 
  2065.0   4.508802987097742 
  2066.0   4.388404920260905 
  2067.0   4.641006975270927 
  2068.0   4.626096999506323 
  2069.0   4.734950992482933 
  2070.0   4.803871982148688 
  2071.0   5.045164211186666 
  2072.0   4.765427305774496 
  2073.0   4.768666611689428 
  2074.0   4.800244753285623 
  2075.0   4.726785578294964 
  2076.0   4.566306762845351 
  2077.0   4.864009845887464 
  2078.0   4.9961651025589475 
  2079.0   4.961974268258871 
  2080.0   5.0024663110633405 
  2081.0   4.950240924151032 
  2082.0   4.968474394333308 
  2083.0   4.938624510597069 
  2084.0   4.778938384582275 
  2085.0   4.8534354182660016 
  2086.0   5.0212036654326555 
  2087.0   4.983623732475713 
  2088.0   5.004670725085213 
  2089.0   5.073912471192168 
  2090.0   4.947496975654433 
  2091.0   4.5889579073858355 
  2092.0   4.709768248620681 
  2093.0   4.90241242292131 
  2094.0   4.895971602414744 
  2095.0   4.865654605679491 
  2096.0   5.040821196645742 
  2097.0   4.995978313912916 
  2098.0   4.639717369651397 
  2099.0   4.825339663476197 
  2100.0   5.174742377489791 
