  2015.0   41.13044096268993 
  2016.0   41.164572114932426 
  2017.0   41.19678165780181 
  2018.0   41.222983494909826 
  2019.0   41.263665744085756 
  2020.0   41.2928002979217 
  2021.0   41.333081805587305 
  2022.0   41.34856241015669 
  2023.0   41.375937537574764 
  2024.0   41.438795423553906 
  2025.0   41.467024794191396 
  2026.0   41.49285958737305 
  2027.0   41.55432690042222 
  2028.0   41.62983835834575 
  2029.0   41.68371848678663 
  2030.0   41.70537936412139 
  2031.0   41.71593221816494 
  2032.0   41.73309742934648 
  2033.0   41.753652854157686 
  2034.0   41.79469601607386 
  2035.0   41.817080182872715 
  2036.0   41.85946816910801 
  2037.0   41.9183178925173 
  2038.0   41.94614348716375 
  2039.0   41.94795511608301 
  2040.0   41.9432645148968 
  2041.0   41.96530092292135 
  2042.0   42.03637915115001 
  2043.0   42.05516878959134 
  2044.0   42.064203682273664 
  2045.0   42.093727633958665 
  2046.0   42.11086671301667 
  2047.0   42.13341474038838 
  2048.0   42.170750528113985 
  2049.0   42.18268787766615 
  2050.0   42.22687547387089 
  2051.0   42.27148200705213 
  2052.0   42.28908886390328 
  2053.0   42.333883466670116 
  2054.0   42.36140514705322 
  2055.0   42.381667962244 
  2056.0   42.46626335588899 
  2057.0   42.512709404951885 
  2058.0   42.517831472047455 
  2059.0   42.53814738082339 
  2060.0   42.56053773013785 
  2061.0   42.5903937395495 
  2062.0   42.64104928023399 
  2063.0   42.66578448203606 
  2064.0   42.68299908629539 
  2065.0   42.71132254205675 
  2066.0   42.73678014430916 
  2067.0   42.74991756681361 
  2068.0   42.752846667911264 
  2069.0   42.77489943419731 
  2070.0   42.78279237564645 
  2071.0   42.84676145058693 
  2072.0   42.888496543195444 
  2073.0   42.89451564094144 
  2074.0   42.904405678755445 
  2075.0   42.940388831454015 
  2076.0   42.99027010151981 
  2077.0   43.02258508992192 
  2078.0   43.051888543650364 
  2079.0   43.075673876537586 
  2080.0   43.090326278056686 
  2081.0   43.106556990434406 
  2082.0   43.13076483070734 
  2083.0   43.16840326052237 
  2084.0   43.20933281252844 
  2085.0   43.21458752708712 
  2086.0   43.23314814879005 
  2087.0   43.25807652195618 
  2088.0   43.302745088186 
  2089.0   43.318996672172446 
  2090.0   43.34925771892853 
  2091.0   43.380572460303384 
  2092.0   43.38916234464348 
  2093.0   43.41671439900753 
  2094.0   43.464691204680776 
  2095.0   43.49092605237305 
  2096.0   43.51269989849612 
  2097.0   43.576431733168924 
  2098.0   43.60374569225367 
  2099.0   43.60263201092592 
  2100.0   43.6206771411442 
