  2015.0   3.264688726268647e-10 
  2016.0   1.4837150526313378e-09 
  2017.0   -5.525686452669461e-11 
  2018.0   1.969009188321443e-09 
  2019.0   1.9413895061268324e-09 
  2020.0   1.2009933899704972e-09 
  2021.0   2.141019726158771e-09 
  2022.0   1.0432835824498922e-10 
  2023.0   5.344120727854972e-10 
  2024.0   2.5725253965881658e-11 
  2025.0   3.6802603992155904e-09 
  2026.0   -1.498655028928891e-10 
  2027.0   1.0336684572710776e-09 
  2028.0   1.8660537388094293e-09 
  2029.0   9.751753201504604e-10 
  2030.0   1.8831232610579314e-09 
  2031.0   7.768193032537679e-10 
  2032.0   -4.886347644591259e-11 
  2033.0   2.4370031466379434e-09 
  2034.0   2.3554641376839103e-09 
  2035.0   1.3362729972700807e-09 
  2036.0   1.1870799247275221e-09 
  2037.0   -3.312036155693346e-10 
  2038.0   1.85517783434698e-09 
  2039.0   2.3979252893390654e-09 
  2040.0   1.8683164657951876e-09 
  2041.0   5.440769127792612e-10 
  2042.0   2.4014176647907026e-09 
  2043.0   1.4342106369432135e-09 
  2044.0   1.9328116875236855e-09 
  2045.0   1.6676554108886325e-09 
  2046.0   1.8160325791898774e-09 
  2047.0   1.8827972224585795e-09 
  2048.0   1.3654400222360194e-09 
  2049.0   1.9961317907213963e-09 
  2050.0   -5.437710609141291e-10 
  2051.0   2.9988532607115357e-09 
  2052.0   1.5105302945802608e-09 
  2053.0   8.832980426122389e-11 
  2054.0   2.9561068616537046e-09 
  2055.0   2.9544166049479107e-09 
  2056.0   1.7235479305767326e-09 
  2057.0   2.269466547691654e-09 
  2058.0   2.3813791584830433e-09 
  2059.0   2.97491645295087e-10 
  2060.0   3.1697478635066466e-09 
  2061.0   3.129948241598485e-09 
  2062.0   1.8168479796896372e-09 
  2063.0   1.177527498719958e-09 
  2064.0   1.9328209978246397e-09 
  2065.0   2.0540255996747075e-09 
  2066.0   -5.5116206895274095e-11 
  2067.0   2.405694231046349e-09 
  2068.0   2.6535903072992864e-09 
  2069.0   1.975251695024974e-09 
  2070.0   2.233066028311226e-09 
  2071.0   9.644519367520737e-10 
  2072.0   2.8358050578598433e-09 
  2073.0   2.7689464352232147e-09 
  2074.0   7.828907332533201e-10 
  2075.0   1.8836626113941512e-09 
  2076.0   3.5808437215617412e-09 
  2077.0   1.8308148916987567e-09 
  2078.0   1.9621138959559003e-09 
  2079.0   1.0334760583647926e-09 
  2080.0   1.2235555568524356e-09 
  2081.0   1.400127535372273e-09 
  2082.0   1.065836186634756e-09 
  2083.0   2.7910263485490376e-09 
  2084.0   1.1325345940611853e-09 
  2085.0   2.7864390878930453e-09 
  2086.0   9.361201045736167e-10 
  2087.0   3.1594250415999476e-09 
  2088.0   1.3627712254844892e-09 
  2089.0   2.8685823235149068e-09 
  2090.0   2.2575525772836694e-09 
  2091.0   1.864065199291082e-09 
  2092.0   2.6776487279743866e-09 
  2093.0   1.3077081100976304e-09 
  2094.0   2.4264040875785793e-09 
  2095.0   1.6706877877551652e-09 
  2096.0   9.520847416491881e-10 
  2097.0   2.2275704023459824e-09 
  2098.0   1.3217556768466597e-09 
  2099.0   1.6616915351212992e-09 
  2100.0   3.14063273928809e-09 
