  2015.0   -0.07393927583902543 
  2016.0   -0.03930956355775895 
  2017.0   0.30518909028796565 
  2018.0   -0.11611484708494928 
  2019.0   0.15720962271288297 
  2020.0   0.25836612906983364 
  2021.0   0.10303164522188457 
  2022.0   0.21659860378528686 
  2023.0   0.18872544002233396 
  2024.0   0.13730973958615747 
  2025.0   0.1862467736712941 
  2026.0   -0.18267747413077445 
  2027.0   0.2875709980855475 
  2028.0   0.28846026118148604 
  2029.0   0.1871296671141059 
  2030.0   0.10642054578440675 
  2031.0   0.015645648578591326 
  2032.0   0.009632652049611456 
  2033.0   0.12894025426139782 
  2034.0   0.10678933883102065 
  2035.0   0.22242554001000958 
  2036.0   0.12750294407850518 
  2037.0   0.0035515594434315854 
  2038.0   0.2827712713261853 
  2039.0   0.18557759437587487 
  2040.0   0.1856865896383722 
  2041.0   0.2649405833532564 
  2042.0   0.20064426939093385 
  2043.0   0.14562017524732151 
  2044.0   0.14583094067559385 
  2045.0   0.29811794578073075 
  2046.0   0.2333825074386762 
  2047.0   0.07300997951244494 
  2048.0   0.16565694005746157 
  2049.0   0.30022886361796375 
  2050.0   0.13123289867426 
  2051.0   0.20090546599103173 
  2052.0   0.03477700335714469 
  2053.0   0.10888331537793562 
  2054.0   0.26257732308785126 
  2055.0   0.2683779349237064 
  2056.0   0.19079370335982931 
  2057.0   0.13851039608261387 
  2058.0   0.08974724577239095 
  2059.0   0.08647292891354427 
  2060.0   0.3342694921997991 
  2061.0   0.11258322242941703 
  2062.0   -0.07782097121041698 
  2063.0   -0.00907848723980822 
  2064.0   0.09482178385901818 
  2065.0   0.31998931713751655 
  2066.0   -0.21760355808787993 
  2067.0   0.413496500210166 
  2068.0   0.06213301074706942 
  2069.0   0.18326742687088604 
  2070.0   0.14139545629561553 
  2071.0   0.21301786874369402 
  2072.0   0.2180564450220803 
  2073.0   0.009351742618939165 
  2074.0   0.44643338782431535 
  2075.0   0.02668153727233193 
  2076.0   0.3486259164118077 
  2077.0   -0.036801753048474904 
  2078.0   0.1427224413699052 
  2079.0   0.0999133077181635 
  2080.0   -0.05514137834994994 
  2081.0   0.3517732226869709 
  2082.0   0.016981658336970764 
  2083.0   0.24659596785495796 
  2084.0   0.1316526140244743 
  2085.0   0.4288279823748282 
  2086.0   0.2250291430084624 
  2087.0   0.07582001523337151 
  2088.0   0.24782160732914504 
  2089.0   0.22917318128239964 
  2090.0   0.25551038364748196 
  2091.0   -0.218557111430854 
  2092.0   0.11005118270068691 
  2093.0   -0.026463443289172214 
  2094.0   0.062237350192271786 
  2095.0   0.1194641157508995 
  2096.0   0.18194459497660362 
  2097.0   0.0935073434247425 
  2098.0   0.33550883628653466 
  2099.0   0.06365875274796007 
  2100.0   0.34688375305749547 
