  2015.0   1.9055222955879577e-11 
  2016.0   2.879992296933463e-11 
  2017.0   2.6497355143673234e-11 
  2018.0   2.919126891604768e-11 
  2019.0   2.8868656060208214e-11 
  2020.0   2.796501064182739e-11 
  2021.0   2.4411764215984396e-11 
  2022.0   5.128467203073308e-11 
  2023.0   5.906145254843399e-11 
  2024.0   6.053109868383904e-11 
  2025.0   5.329049127470153e-11 
  2026.0   5.550237889514908e-11 
  2027.0   5.308438909521695e-11 
  2028.0   5.402669766660163e-11 
  2029.0   5.3624445411632976e-11 
  2030.0   5.238562384632595e-11 
  2031.0   4.949656368893688e-11 
  2032.0   5.270518454350181e-11 
  2033.0   5.3858903584575785e-11 
  2034.0   5.409820490064225e-11 
  2035.0   1.2470439864590968e-10 
  2036.0   1.6350058055648434e-10 
  2037.0   1.5732638183907721e-10 
  2038.0   1.5357293788616087e-10 
  2039.0   1.4876030011048926e-10 
  2040.0   1.4307491987715205e-10 
  2041.0   1.3283042461214758e-10 
  2042.0   1.2743882775411402e-10 
  2043.0   1.2258249700232838e-10 
  2044.0   1.1792794471598195e-10 
  2045.0   1.1131799279630668e-10 
  2046.0   1.0540292542731842e-10 
  2047.0   9.948251035569989e-11 
  2048.0   9.542972440117643e-11 
  2049.0   9.011998954635036e-11 
  2050.0   8.638582497803216e-11 
  2051.0   7.41887012791937e-11 
  2052.0   6.957883797288906e-11 
  2053.0   6.782609425453493e-11 
  2054.0   6.424595596178912e-11 
  2055.0   5.827855562299698e-11 
  2056.0   6.645718349108502e-11 
  2057.0   6.450918076598497e-11 
  2058.0   6.265789619266602e-11 
  2059.0   6.373869282773427e-11 
  2060.0   6.360828693406064e-11 
  2061.0   6.637868792857483e-11 
  2062.0   7.000456964378786e-11 
  2063.0   7.511136653530657e-11 
  2064.0   7.313076830534119e-11 
  2065.0   7.302500249034349e-11 
  2066.0   5.496219717975989e-11 
  2067.0   5.409796561614222e-11 
  2068.0   5.247873440248245e-11 
  2069.0   5.236592985173801e-11 
  2070.0   5.1697733930196345e-11 
  2071.0   4.495658696753794e-11 
  2072.0   4.560594245627691e-11 
  2073.0   5.051854138094819e-11 
  2074.0   5.2900790288985864e-11 
  2075.0   5.5085340853096936e-11 
  2076.0   5.747512788740571e-11 
  2077.0   6.085189483278232e-11 
  2078.0   5.2480384418624526e-11 
  2079.0   5.581790390483708e-11 
  2080.0   5.708981096461e-11 
  2081.0   5.137401205695229e-11 
  2082.0   4.703520006104952e-11 
  2083.0   4.995186837257547e-11 
  2084.0   5.17195084091221e-11 
  2085.0   5.216555129955419e-11 
  2086.0   4.4945386557982944e-11 
  2087.0   4.678477653523974e-11 
  2088.0   4.784052372149634e-11 
  2089.0   5.74713009110985e-11 
  2090.0   6.002254415186445e-11 
  2091.0   5.070751325360127e-11 
  2092.0   5.3904274973445165e-11 
  2093.0   5.1758416547945344e-11 
  2094.0   5.935876142578401e-11 
  2095.0   6.079499201269526e-11 
  2096.0   3.7307081507980726e-11 
  2097.0   3.7506115837950486e-11 
  2098.0   3.420549371578257e-11 
  2099.0   3.7132405365518076e-11 
  2100.0   3.6300164286106514e-11 
