  2015.0   1.1241051685996115e-09 
  2016.0   1.2123108941157262e-09 
  2017.0   1.1298334537677776e-09 
  2018.0   1.3006480884858546e-09 
  2019.0   1.1246886313620752e-09 
  2020.0   1.0395180788926083e-09 
  2021.0   1.0756108063872544e-09 
  2022.0   1.1334972575697341e-09 
  2023.0   1.3118208792338377e-09 
  2024.0   1.2541051024835343e-09 
  2025.0   1.312834612472699e-09 
  2026.0   9.997773516689157e-10 
  2027.0   1.0775899233852855e-09 
  2028.0   1.1999758876077923e-09 
  2029.0   1.223334284974744e-09 
  2030.0   1.207555623351652e-09 
  2031.0   1.1476285331779352e-09 
  2032.0   9.800788023044028e-10 
  2033.0   9.709005846787326e-10 
  2034.0   1.1324091069242937e-09 
  2035.0   1.2147795151868175e-09 
  2036.0   1.0841149824853915e-09 
  2037.0   1.0161213594896218e-09 
  2038.0   1.2241570809971107e-09 
  2039.0   1.2573005530268155e-09 
  2040.0   1.192194614180692e-09 
  2041.0   1.1190625333214016e-09 
  2042.0   1.3880926728608253e-09 
  2043.0   1.3013824287182915e-09 
  2044.0   1.2401672733510492e-09 
  2045.0   1.1527165012766921e-09 
  2046.0   1.3098150902304111e-09 
  2047.0   1.2292811973564576e-09 
  2048.0   1.2763184597394197e-09 
  2049.0   1.1781674749614837e-09 
  2050.0   1.243919453687586e-09 
  2051.0   1.0988927042868662e-09 
  2052.0   1.0611866155950752e-09 
  2053.0   1.1647669824357817e-09 
  2054.0   1.1840265001900766e-09 
  2055.0   1.1916343076343792e-09 
  2056.0   9.298701852795604e-10 
  2057.0   1.0945938563935416e-09 
  2058.0   1.2634352056734141e-09 
  2059.0   1.2260789247774558e-09 
  2060.0   1.408894617765868e-09 
  2061.0   1.2703002116586309e-09 
  2062.0   1.2919572091097125e-09 
  2063.0   1.1824150128398817e-09 
  2064.0   1.3708377282682945e-09 
  2065.0   1.1707925817208553e-09 
  2066.0   1.159874269453814e-09 
  2067.0   1.1371801316136854e-09 
  2068.0   1.0269437410801565e-09 
  2069.0   1.2099035636034085e-09 
  2070.0   1.1511131999289453e-09 
  2071.0   1.240272622114069e-09 
  2072.0   1.2061293364227226e-09 
  2073.0   1.289294457407432e-09 
  2074.0   1.3083865132459713e-09 
  2075.0   1.3762368087619053e-09 
  2076.0   1.0191292304398885e-09 
  2077.0   1.1685089560450835e-09 
  2078.0   1.1695200970643767e-09 
  2079.0   1.1028193241683804e-09 
  2080.0   1.1266839579822219e-09 
  2081.0   1.105426937197273e-09 
  2082.0   1.0880742178209192e-09 
  2083.0   1.0712655080306736e-09 
  2084.0   1.0923305862292387e-09 
  2085.0   1.0445475625414377e-09 
  2086.0   9.496380926549489e-10 
  2087.0   1.0740971011984322e-09 
  2088.0   1.1218737438635678e-09 
  2089.0   1.2406314041285057e-09 
  2090.0   1.103933852080052e-09 
  2091.0   1.2533082023504775e-09 
  2092.0   1.1867107613759732e-09 
  2093.0   1.1536589761067435e-09 
  2094.0   1.1684847069136326e-09 
  2095.0   9.831065389371478e-10 
  2096.0   1.1013909090511303e-09 
  2097.0   1.1157158749909966e-09 
  2098.0   1.07088284126827e-09 
  2099.0   1.152789114906039e-09 
  2100.0   1.137607744333222e-09 
