  2015.0   0.16422780850290897 
  2016.0   0.22760940174925254 
  2017.0   0.08296638048531779 
  2018.0   0.22161354195097785 
  2019.0   0.1884002334873691 
  2020.0   0.19416293081911307 
  2021.0   0.16606485028112064 
  2022.0   0.03798586637623801 
  2023.0   0.3000110147114016 
  2024.0   0.22042868733534837 
  2025.0   0.15288163827884543 
  2026.0   -0.06761946297620214 
  2027.0   0.21171500814388253 
  2028.0   0.2454027609284345 
  2029.0   0.18518016180288954 
  2030.0   0.08471879919046338 
  2031.0   0.13348431766204483 
  2032.0   0.05649411691487182 
  2033.0   0.20060735647374833 
  2034.0   0.0884869543844698 
  2035.0   0.15905853393148675 
  2036.0   0.05193410585207187 
  2037.0   0.20238992890860913 
  2038.0   0.15309619816922906 
  2039.0   0.14345846323088288 
  2040.0   0.11968954672362356 
  2041.0   0.02156800392696989 
  2042.0   0.3836847139727783 
  2043.0   0.31271336931784793 
  2044.0   0.30490859729491315 
  2045.0   0.0499826105797598 
  2046.0   0.2419499506435123 
  2047.0   0.26724912418549285 
  2048.0   0.13242820772740857 
  2049.0   0.18606352770754864 
  2050.0   0.2342893785929514 
  2051.0   0.11977943463496674 
  2052.0   0.1964942498312066 
  2053.0   0.10199219119916925 
  2054.0   0.16854917902297448 
  2055.0   0.15441014539769538 
  2056.0   -0.03395644582457919 
  2057.0   -0.045302476119325155 
  2058.0   0.1030361236318619 
  2059.0   0.028955156815171832 
  2060.0   0.37868102931566694 
  2061.0   0.13859453949636003 
  2062.0   0.18349657938402605 
  2063.0   0.25493647831699456 
  2064.0   0.23235732903766113 
  2065.0   0.15493480059218964 
  2066.0   0.135552043587908 
  2067.0   0.10550425464342536 
  2068.0   0.020994652367113717 
  2069.0   0.18319221906032992 
  2070.0   0.02480849341123785 
  2071.0   0.139144276396484 
  2072.0   0.2238278845359728 
  2073.0   0.24479641754783066 
  2074.0   0.2793717071823426 
  2075.0   0.2889503173039137 
  2076.0   0.016286691385738072 
  2077.0   0.2852029144403497 
  2078.0   -0.041648658501709644 
  2079.0   0.16472248467531253 
  2080.0   0.2199504818661908 
  2081.0   0.0017263678440853686 
  2082.0   0.02749475384088412 
  2083.0   0.18261437128322305 
  2084.0   -0.04623386150141854 
  2085.0   0.15881821476017546 
  2086.0   -0.01661969737129458 
  2087.0   -0.07360383569031889 
  2088.0   -0.012575634482965966 
  2089.0   0.15454312435325976 
  2090.0   0.1108022030674134 
  2091.0   0.25257260637837187 
  2092.0   0.1094704634454536 
  2093.0   0.1350237523890421 
  2094.0   0.2746767090981426 
  2095.0   -0.13689892087482547 
  2096.0   0.12180966498863459 
  2097.0   0.18655836472580448 
  2098.0   -0.032940721038964726 
  2099.0   0.049904288976706235 
  2100.0   -0.13293976916806594 
