  2015.0   0.04713090708384917 
  2016.0   -0.002314616603563071 
  2017.0   -0.013925606365424925 
  2018.0   0.25320063405721455 
  2019.0   -0.08765235767612953 
  2020.0   0.3084138217827298 
  2021.0   -0.023804681160043462 
  2022.0   0.1663294987108498 
  2023.0   0.16781189581686284 
  2024.0   -0.06776982311070985 
  2025.0   0.06689425161207012 
  2026.0   0.07079103267942334 
  2027.0   0.01836459322770297 
  2028.0   0.0055293918232603495 
  2029.0   0.1961275046844581 
  2030.0   0.13048106419075112 
  2031.0   -0.14159804445922153 
  2032.0   -0.012480807435783914 
  2033.0   -0.008533142795567938 
  2034.0   0.1264412185144675 
  2035.0   0.146589953634298 
  2036.0   0.2105829286676777 
  2037.0   -0.024122008030991585 
  2038.0   0.1944976698510351 
  2039.0   -0.11825452050205916 
  2040.0   0.12057182951025547 
  2041.0   -0.047599011500599656 
  2042.0   0.17787019977163482 
  2043.0   -0.06305092640101309 
  2044.0   0.1355616656684231 
  2045.0   -0.019489643601410728 
  2046.0   0.03628837068555777 
  2047.0   -0.0405365671003789 
  2048.0   0.07548513178607623 
  2049.0   -0.137249237480152 
  2050.0   0.06303278793344287 
  2051.0   0.04582763810798872 
  2052.0   0.09716041224546527 
  2053.0   -0.11335762089335366 
  2054.0   0.05770580493334752 
  2055.0   0.034883945317568374 
  2056.0   0.10846362349958681 
  2057.0   0.2769805096364709 
  2058.0   -0.11053910655239049 
  2059.0   0.11829028466214934 
  2060.0   -0.11119542966187534 
  2061.0   0.0020675326534053506 
  2062.0   0.0733702774487979 
  2063.0   0.012153215158066069 
  2064.0   -0.006894188781933502 
  2065.0   -0.03683157106446977 
  2066.0   -0.022797131467199448 
  2067.0   0.24379857994863413 
  2068.0   -0.21566720070794085 
  2069.0   -0.08420202123186636 
  2070.0   0.2667855188728048 
  2071.0   0.10618053896814053 
  2072.0   -0.11864345235585633 
  2073.0   -0.11431963003271203 
  2074.0   0.04567241112677676 
  2075.0   0.06896824371879862 
  2076.0   0.12276122012472317 
  2077.0   -0.011218256936002084 
  2078.0   -0.05258072458410626 
  2079.0   -0.051932769383868364 
  2080.0   0.14461685885101186 
  2081.0   0.009555657287802099 
  2082.0   -0.09852484457129275 
  2083.0   0.1530506572293119 
  2084.0   0.05237710649241565 
  2085.0   -0.3031123421853489 
  2086.0   0.027466717667116523 
  2087.0   -0.16804888577349086 
  2088.0   0.11124685171803671 
  2089.0   0.044281538754330406 
  2090.0   -0.04491831217069359 
  2091.0   0.10567169702416 
  2092.0   -0.23659457756567762 
  2093.0   0.08768277372098651 
  2094.0   -0.12302308062068763 
  2095.0   0.15991216058805 
  2096.0   0.01709591831013458 
  2097.0   -0.33385777779015896 
  2098.0   0.19767248116751635 
  2099.0   -0.08374840672395394 
  2100.0   -0.13181898250066001 
