  2015.0   -0.07405919539771114 
  2016.0   0.13685357909990617 
  2017.0   0.08186368170363757 
  2018.0   0.18372268695465868 
  2019.0   -0.12785764920103046 
  2020.0   0.046029674632370225 
  2021.0   0.1059864495568176 
  2022.0   0.024810791716954692 
  2023.0   0.09808409753190236 
  2024.0   0.09021309652970597 
  2025.0   0.08076686571440742 
  2026.0   0.1224143142899528 
  2027.0   0.08273478246174298 
  2028.0   0.028489405917202497 
  2029.0   -0.016146130131564337 
  2030.0   0.028369134756103066 
  2031.0   0.25313366335966103 
  2032.0   0.15562650052333915 
  2033.0   0.050630727669258434 
  2034.0   -0.23051704082257096 
  2035.0   -0.03464612628523982 
  2036.0   0.15452840422009312 
  2037.0   0.10604799326710539 
  2038.0   0.03138534523808536 
  2039.0   0.07052104102611306 
  2040.0   0.11003924870904482 
  2041.0   0.1786896125307238 
  2042.0   0.07934800178231668 
  2043.0   -0.1060003454575339 
  2044.0   0.030811809024359774 
  2045.0   0.1764163954471688 
  2046.0   0.08328361305790319 
  2047.0   -0.12645641528428428 
  2048.0   -0.027320782232659636 
  2049.0   0.07005011267421109 
  2050.0   0.03633366835477377 
  2051.0   -0.11736543779019624 
  2052.0   0.07345809873710211 
  2053.0   0.09695041034804405 
  2054.0   0.13613604169359156 
  2055.0   -0.06757657914331788 
  2056.0   -0.1547630933461116 
  2057.0   0.08631099274412632 
  2058.0   0.15609887293583297 
  2059.0   -0.015551946929909815 
  2060.0   0.15423146487280825 
  2061.0   0.09694148397717998 
  2062.0   0.11598378698439037 
  2063.0   -0.0867147939427757 
  2064.0   -0.20022153682926688 
  2065.0   0.04926925028356601 
  2066.0   0.24532425745223285 
  2067.0   0.06760297750856838 
  2068.0   -0.0422142897125068 
  2069.0   0.10807278828472021 
  2070.0   0.09336958030001911 
  2071.0   0.23476035244131097 
  2072.0   0.08823824260557116 
  2073.0   0.1193130386129824 
  2074.0   -0.10228997870976954 
  2075.0   0.06375701405583227 
  2076.0   0.08580427985958303 
  2077.0   0.038911894012993824 
  2078.0   0.007110472203919318 
  2079.0   -0.09809927289983066 
  2080.0   -0.0698561877369154 
  2081.0   0.08234842185652003 
  2082.0   0.08976416248272692 
  2083.0   0.12950793250809056 
  2084.0   -0.19823517394610402 
  2085.0   -0.051718857772481704 
  2086.0   0.0522891425611714 
  2087.0   0.11388569956705963 
  2088.0   -0.07432710982929198 
  2089.0   0.1342418910489339 
  2090.0   0.0932143634763955 
  2091.0   0.02279032337142805 
  2092.0   -0.2033677703001516 
  2093.0   0.04621085091838311 
  2094.0   0.054533455858175255 
  2095.0   -0.007039958286487403 
  2096.0   -0.17670631612436893 
  2097.0   -0.24666819448696725 
  2098.0   0.04717775959967542 
  2099.0   0.20715676075236775 
  2100.0   0.07410589908454474 
