  2015.0   0.6529318599271193 
  2016.0   0.6286119124557747 
  2017.0   0.6034587593064267 
  2018.0   0.6466131028986487 
  2019.0   0.6543079304636037 
  2020.0   0.6958751677284949 
  2021.0   0.6549083670729842 
  2022.0   0.6179552533869517 
  2023.0   0.666255192174896 
  2024.0   0.7184121831466401 
  2025.0   0.7653859415760739 
  2026.0   0.7317766496896521 
  2027.0   0.6844231205575798 
  2028.0   0.6830482452266925 
  2029.0   0.6379747508295144 
  2030.0   0.6690221997703504 
  2031.0   0.7574998587586701 
  2032.0   0.7263655036376568 
  2033.0   0.6848807815386398 
  2034.0   0.6911451769268588 
  2035.0   0.6595420287486959 
  2036.0   0.6948625898424842 
  2037.0   0.754965638724752 
  2038.0   0.696139259269188 
  2039.0   0.6988719874189789 
  2040.0   0.7213762706533957 
  2041.0   0.7189827144924481 
  2042.0   0.694749117492819 
  2043.0   0.7157767627169729 
  2044.0   0.7113179675345667 
  2045.0   0.7148953820754967 
  2046.0   0.7498275817130784 
  2047.0   0.7546751996278038 
  2048.0   0.715673155021345 
  2049.0   0.6883522522838159 
  2050.0   0.7309285419716661 
  2051.0   0.7165054087087026 
  2052.0   0.6885628768047674 
  2053.0   0.7034939692992924 
  2054.0   0.7558419516854211 
  2055.0   0.7335582205863 
  2056.0   0.7075338180688586 
  2057.0   0.7670578021328862 
  2058.0   0.7735967261985564 
  2059.0   0.7103665146701166 
  2060.0   0.6995960267240764 
  2061.0   0.7383420179681296 
  2062.0   0.7638440803505888 
  2063.0   0.7831724188385585 
  2064.0   0.759509171150428 
  2065.0   0.6895146832345143 
  2066.0   0.7374449134419518 
  2067.0   0.8012034158770999 
  2068.0   0.7366509089074138 
  2069.0   0.7102381184837375 
  2070.0   0.750776253503605 
  2071.0   0.7833689293506441 
  2072.0   0.749792893994906 
  2073.0   0.7116555590677307 
  2074.0   0.6971219103764325 
  2075.0   0.7493126715484166 
  2076.0   0.7691782007078083 
  2077.0   0.7374956252509259 
  2078.0   0.7924238590465817 
  2079.0   0.743504585439166 
  2080.0   0.7221332316106528 
  2081.0   0.7322697506393643 
  2082.0   0.7528865016733791 
  2083.0   0.7377241693328386 
  2084.0   0.753583532427074 
  2085.0   0.8107986093878369 
  2086.0   0.7790836031271512 
  2087.0   0.7101046966281878 
  2088.0   0.7341141998734864 
  2089.0   0.7269666603229601 
  2090.0   0.753410222966893 
  2091.0   0.7794355353153153 
  2092.0   0.7116803715965764 
  2093.0   0.7944858121617392 
  2094.0   0.7341122525082069 
  2095.0   0.6708674481600577 
  2096.0   0.7437697432989366 
  2097.0   0.7984597557309134 
  2098.0   0.7920025777699724 
  2099.0   0.7731903974578894 
  2100.0   0.7510529443005252 
