  2015.0   10.589411689829667 
  2016.0   10.610424228467608 
  2017.0   10.621262940338722 
  2018.0   10.613356074618297 
  2019.0   10.623239239570601 
  2020.0   10.629673708360707 
  2021.0   10.625692249319156 
  2022.0   10.630688883530594 
  2023.0   10.637512680873847 
  2024.0   10.650466909974051 
  2025.0   10.670541392208008 
  2026.0   10.671833859311812 
  2027.0   10.672655607263103 
  2028.0   10.696566790861617 
  2029.0   10.71352165451031 
  2030.0   10.7106957133656 
  2031.0   10.71339786016597 
  2032.0   10.719381989927149 
  2033.0   10.721657377380543 
  2034.0   10.730902023338457 
  2035.0   10.737460525462291 
  2036.0   10.751504624427309 
  2037.0   10.755513360927953 
  2038.0   10.749989077766203 
  2039.0   10.733573105463837 
  2040.0   10.751800802973612 
  2041.0   10.76656783249682 
  2042.0   10.768231362800314 
  2043.0   10.781691758018832 
  2044.0   10.799481068543683 
  2045.0   10.820547808102813 
  2046.0   10.81034161917606 
  2047.0   10.831422316400973 
  2048.0   10.829286555313672 
  2049.0   10.829235892230017 
  2050.0   10.84444108792447 
  2051.0   10.858739197398528 
  2052.0   10.8671616851397 
  2053.0   10.887659533156558 
  2054.0   10.90406606084895 
  2055.0   10.925151200829038 
  2056.0   10.94686842922953 
  2057.0   10.945888418127414 
  2058.0   10.95775498634639 
  2059.0   10.960616170567096 
  2060.0   10.955070767298569 
  2061.0   10.97450890275741 
  2062.0   10.99047669203394 
  2063.0   10.99301241856744 
  2064.0   10.994939779958102 
  2065.0   10.99207546098618 
  2066.0   10.998944277783515 
  2067.0   10.999590424370938 
  2068.0   11.007102010468603 
  2069.0   11.020765173532148 
  2070.0   11.034695487130527 
  2071.0   11.031323768949777 
  2072.0   11.048530087789056 
  2073.0   11.07310217875888 
  2074.0   11.089711647893722 
  2075.0   11.096791441869609 
  2076.0   11.09418396515242 
  2077.0   11.0936534307651 
  2078.0   11.099195889879278 
  2079.0   11.112231109466835 
  2080.0   11.1279849471272 
  2081.0   11.129186835523567 
  2082.0   11.131039833447593 
  2083.0   11.136873521784356 
  2084.0   11.133343209010313 
  2085.0   11.149543132100124 
  2086.0   11.171887502892636 
  2087.0   11.19114678438586 
  2088.0   11.184037847439612 
  2089.0   11.175317442307733 
  2090.0   11.180579967950719 
  2091.0   11.182255971287983 
  2092.0   11.209745154632209 
  2093.0   11.226582552130601 
  2094.0   11.23188367718803 
  2095.0   11.23505391948232 
  2096.0   11.265877534002351 
  2097.0   11.29087150712639 
  2098.0   11.300566173717938 
  2099.0   11.301718049379003 
  2100.0   11.3055060110935 
