  2015.0   0.90172970484693 
  2016.0   1.0442561883836226 
  2017.0   0.9792109662570528 
  2018.0   0.941701453893936 
  2019.0   0.9477807157529878 
  2020.0   0.8632116784588083 
  2021.0   0.8994437211024588 
  2022.0   0.9701309499371917 
  2023.0   0.9297035483277779 
  2024.0   0.9438327830355928 
  2025.0   1.0435435738690724 
  2026.0   1.0233692786828248 
  2027.0   0.9909104607213793 
  2028.0   0.9698582061226815 
  2029.0   0.9319696069643696 
  2030.0   0.9280628069610526 
  2031.0   0.982541148097565 
  2032.0   0.9273413671412551 
  2033.0   0.9784582117637882 
  2034.0   0.8839076784639365 
  2035.0   0.9826698757270566 
  2036.0   1.1410687059107807 
  2037.0   1.1626012600401388 
  2038.0   1.011090338693041 
  2039.0   1.0763132877985266 
  2040.0   0.9960210544118115 
  2041.0   0.9936900175435912 
  2042.0   1.094418231195033 
  2043.0   1.082994753166921 
  2044.0   1.0115180491605393 
  2045.0   0.8859600047101388 
  2046.0   0.8791325668176789 
  2047.0   1.0663994856319559 
  2048.0   1.0512441372073178 
  2049.0   1.07209437387046 
  2050.0   0.9608183953230289 
  2051.0   0.9224512836567405 
  2052.0   1.093138892525857 
  2053.0   1.1678322316872254 
  2054.0   1.0982281651596588 
  2055.0   1.1659764341017211 
  2056.0   1.081778222868212 
  2057.0   0.8789862737141867 
  2058.0   0.9364438526956914 
  2059.0   0.9773478364996062 
  2060.0   0.9311636751822048 
  2061.0   0.8890927652437012 
  2062.0   0.9457123976837633 
  2063.0   0.9655697356873654 
  2064.0   1.117323304930416 
  2065.0   1.1431722954296502 
  2066.0   0.9524035676453124 
  2067.0   1.0065351784977503 
  2068.0   1.0091101175015758 
  2069.0   1.0653446311631742 
  2070.0   1.044083305038001 
  2071.0   1.0954268804145155 
  2072.0   1.1024306355890763 
  2073.0   0.9425142614476931 
  2074.0   0.8689765210251645 
  2075.0   1.1059485990794722 
  2076.0   0.9820676003685129 
  2077.0   0.8826474746557561 
  2078.0   0.9817300270351541 
  2079.0   0.9963789142512501 
  2080.0   1.101756315576206 
  2081.0   0.967965641454299 
  2082.0   1.0783512762385625 
  2083.0   0.9644580078795647 
  2084.0   0.883655535481402 
  2085.0   0.8691306972518283 
  2086.0   0.9119069220358583 
  2087.0   0.8338866153838683 
  2088.0   0.8311186920276351 
  2089.0   0.8827539196851697 
  2090.0   0.9782486191738619 
  2091.0   1.0693353993609698 
  2092.0   0.980742103233405 
  2093.0   1.236934528707274 
  2094.0   1.1208646708267176 
  2095.0   0.9570478962612633 
  2096.0   0.9549900599338338 
  2097.0   1.060283046953584 
  2098.0   1.0385546966368202 
  2099.0   0.9587681001722681 
  2100.0   0.7541036239787302 
