  2015.0   5.861496585717962 
  2016.0   5.831725230955242 
  2017.0   6.183797098721803 
  2018.0   5.929589179951225 
  2019.0   5.492013762331894 
  2020.0   5.627225901243918 
  2021.0   5.84090070589486 
  2022.0   6.012376313183932 
  2023.0   5.9011579405204335 
  2024.0   6.082193968482322 
  2025.0   6.483157106971861 
  2026.0   5.96793484230365 
  2027.0   5.789307814064138 
  2028.0   5.759727753449026 
  2029.0   5.78724771333558 
  2030.0   5.994918168155391 
  2031.0   5.684025317399818 
  2032.0   5.506856789655133 
  2033.0   6.045137856411018 
  2034.0   6.042135690801977 
  2035.0   6.252746551673064 
  2036.0   5.970076403580071 
  2037.0   5.981114126032691 
  2038.0   5.949031057275707 
  2039.0   5.694950726390283 
  2040.0   6.643292136398436 
  2041.0   6.173776392979777 
  2042.0   6.394990037301377 
  2043.0   5.9845417989862355 
  2044.0   6.115959783251809 
  2045.0   5.639896703365383 
  2046.0   5.9516082555140235 
  2047.0   5.983892205224198 
  2048.0   6.125247031128211 
  2049.0   5.836072984668996 
  2050.0   5.5609736772069125 
  2051.0   5.913200706204811 
  2052.0   6.0832512653737485 
  2053.0   6.058166248787554 
  2054.0   6.380844961353658 
  2055.0   6.185724166075518 
  2056.0   5.881312115476411 
  2057.0   5.883161379541831 
  2058.0   5.987152766394078 
  2059.0   6.174064022261964 
  2060.0   6.226940871485565 
  2061.0   6.406556996896775 
  2062.0   6.062265318770253 
  2063.0   6.400099441202734 
  2064.0   6.263064137829295 
  2065.0   6.056184337914192 
  2066.0   5.757653207099313 
  2067.0   6.488496766872905 
  2068.0   5.840439823859967 
  2069.0   5.947581013251434 
  2070.0   6.438246556732972 
  2071.0   6.575343143929165 
  2072.0   5.801465175302261 
  2073.0   6.093101822603429 
  2074.0   5.929790457528591 
  2075.0   5.837077499489768 
  2076.0   6.451306601208906 
  2077.0   6.258797142307756 
  2078.0   6.711301432417631 
  2079.0   6.181473144276076 
  2080.0   6.067507917881561 
  2081.0   5.952558671220444 
  2082.0   6.013137006628864 
  2083.0   6.0798571512248865 
  2084.0   5.5275964666014925 
  2085.0   5.626810635670171 
  2086.0   5.702346714672852 
  2087.0   5.558607381137828 
  2088.0   5.700965510679711 
  2089.0   5.579487135125075 
  2090.0   5.728897077627401 
  2091.0   5.700703422624317 
  2092.0   5.996996473950716 
  2093.0   5.902323074074973 
  2094.0   6.033148602464032 
  2095.0   5.671892865818482 
  2096.0   5.894827703021081 
  2097.0   5.803121657946914 
  2098.0   5.796376494712879 
  2099.0   6.600994466135406 
  2100.0   5.978548558465288 
