  2015.0   1.7942386191685822 
  2016.0   1.8504517885610883 
  2017.0   1.9253139091672187 
  2018.0   1.9277342320536481 
  2019.0   1.512750929307267 
  2020.0   1.4585300828778318 
  2021.0   1.4868906893724665 
  2022.0   1.6889409454845898 
  2023.0   1.9622410685056846 
  2024.0   1.9661931561659824 
  2025.0   2.097633196204165 
  2026.0   1.7125278073034358 
  2027.0   2.2020146838746935 
  2028.0   2.0368408862511806 
  2029.0   1.9408088954435245 
  2030.0   1.7133122249820323 
  2031.0   1.8607750222731076 
  2032.0   2.152179830218273 
  2033.0   2.1607907873861674 
  2034.0   2.321317734692207 
  2035.0   2.0778752457923306 
  2036.0   1.8627323607645996 
  2037.0   2.1454318252054176 
  2038.0   2.0562610012287204 
  2039.0   2.33325453085201 
  2040.0   2.1356004025171633 
  2041.0   2.1012114431751474 
  2042.0   2.0167453031595604 
  2043.0   1.8856918446688489 
  2044.0   1.8300908133487472 
  2045.0   2.2027163166530004 
  2046.0   2.070078722852669 
  2047.0   1.9586775789067454 
  2048.0   1.9741366591505198 
  2049.0   1.91132345259794 
  2050.0   2.0563666291239673 
  2051.0   1.8694516883825354 
  2052.0   1.9540370052581224 
  2053.0   2.220558748650036 
  2054.0   2.3462234753886544 
  2055.0   1.8631657458576962 
  2056.0   2.1515013667867984 
  2057.0   2.027364521936621 
  2058.0   2.3402850592086506 
  2059.0   1.8420225470621925 
  2060.0   1.892191583202686 
  2061.0   2.094735697720289 
  2062.0   2.278598693472605 
  2063.0   2.501993090567364 
  2064.0   2.1400868773650608 
  2065.0   2.3281298241270276 
  2066.0   2.236617840734874 
  2067.0   1.9722933497917359 
  2068.0   2.2423414109284407 
  2069.0   2.0722625592665866 
  2070.0   2.127718611062924 
  2071.0   2.0667388051222764 
  2072.0   2.0409354173250387 
  2073.0   2.1405156188430148 
  2074.0   2.395682410263929 
  2075.0   2.203293192087343 
  2076.0   2.145619431823712 
  2077.0   2.098769935805222 
  2078.0   1.883878658507588 
  2079.0   2.096085006826398 
  2080.0   2.019526254107529 
  2081.0   2.270215124252711 
  2082.0   2.2025770321848777 
  2083.0   2.3297160340603136 
  2084.0   2.0572916342006757 
  2085.0   2.0717373083487463 
  2086.0   1.8381498223035009 
  2087.0   2.0192671754156413 
  2088.0   1.732910575124222 
  2089.0   2.1239420781978673 
  2090.0   2.0578947306528153 
  2091.0   1.946122471984397 
  2092.0   1.8831217202202617 
  2093.0   2.111705034960228 
  2094.0   2.0600013351112128 
  2095.0   2.4142324109790985 
  2096.0   2.364720651830954 
  2097.0   1.8932500876677905 
  2098.0   2.011262188986465 
  2099.0   2.0409005112400664 
  2100.0   2.2733118949097015 
