  2015.0   294.14005082695985 
  2016.0   294.52718654848513 
  2017.0   294.69608477331246 
  2018.0   294.4142787890093 
  2019.0   294.97063930676666 
  2020.0   294.95474288647284 
  2021.0   294.3437612701282 
  2022.0   294.72152581650585 
  2023.0   294.68755590122805 
  2024.0   294.9345579532086 
  2025.0   294.61027771671854 
  2026.0   294.72237610345167 
  2027.0   295.1613330278939 
  2028.0   294.9950976160451 
  2029.0   294.8357583413857 
  2030.0   294.776457288892 
  2031.0   295.0397014138002 
  2032.0   295.2470460352806 
  2033.0   294.88873778287484 
  2034.0   295.22149381273374 
  2035.0   294.773897527083 
  2036.0   295.04916118827424 
  2037.0   295.3532371895096 
  2038.0   295.2960322499551 
  2039.0   295.346258957234 
  2040.0   294.8353272467005 
  2041.0   295.08162372735416 
  2042.0   294.8377176356891 
  2043.0   295.0315331897801 
  2044.0   295.16012536268556 
  2045.0   295.37765592045923 
  2046.0   295.3842653765809 
  2047.0   295.2931074276059 
  2048.0   295.03940366489053 
  2049.0   295.5280915046254 
  2050.0   295.44202437342074 
  2051.0   295.34165756812297 
  2052.0   295.0381827629069 
  2053.0   295.08139478931025 
  2054.0   295.1229167054097 
  2055.0   294.96170424953675 
  2056.0   295.0735903985028 
  2057.0   295.4074159943052 
  2058.0   295.2080677210846 
  2059.0   295.1798585293238 
  2060.0   295.49971347904193 
  2061.0   295.4092575400564 
  2062.0   295.37171044475485 
  2063.0   295.0979666500118 
  2064.0   295.45927981299195 
  2065.0   295.32182457413177 
  2066.0   295.4474468342789 
  2067.0   295.0653721812393 
  2068.0   295.36404565319145 
  2069.0   295.59064465985773 
  2070.0   294.91839643515374 
  2071.0   294.6787506302234 
  2072.0   295.24753234633266 
  2073.0   295.4698677493375 
  2074.0   295.4406363336309 
  2075.0   295.52889518938264 
  2076.0   295.17878773534017 
  2077.0   294.7348060009461 
  2078.0   294.9804107605195 
  2079.0   295.44994097661873 
  2080.0   295.14508254457843 
  2081.0   295.3867736543522 
  2082.0   294.735052713102 
  2083.0   295.1652653444282 
  2084.0   294.87388459691056 
  2085.0   295.59677497331296 
  2086.0   295.0598182383047 
  2087.0   295.664424702068 
  2088.0   295.52011862409785 
  2089.0   295.18619259027776 
  2090.0   295.18416165822225 
  2091.0   295.2953014355972 
  2092.0   295.22387973283986 
  2093.0   295.04065512847353 
  2094.0   295.34521628625146 
  2095.0   295.210198207268 
  2096.0   295.2070984976982 
  2097.0   295.2096554611707 
  2098.0   295.21751263036816 
  2099.0   294.6747398422923 
  2100.0   294.7434324190254 
