  2015.0   20.18818596928418 
  2016.0   20.310577829771262 
  2017.0   20.30622162132693 
  2018.0   20.343547784140295 
  2019.0   20.463360584180865 
  2020.0   20.564902090253238 
  2021.0   20.60026307668996 
  2022.0   20.78534411444739 
  2023.0   20.936136209483287 
  2024.0   20.967272359024925 
  2025.0   21.222956824482797 
  2026.0   21.31075279874685 
  2027.0   21.490214390406074 
  2028.0   21.490773125378155 
  2029.0   21.583463502075055 
  2030.0   21.73063933636121 
  2031.0   21.79573629244767 
  2032.0   22.080048397814764 
  2033.0   22.28392012537337 
  2034.0   22.207767145857275 
  2035.0   22.070594110407498 
  2036.0   22.234842458053663 
  2037.0   22.553799487648664 
  2038.0   22.63848054395917 
  2039.0   22.739650208253046 
  2040.0   22.80036774779869 
  2041.0   22.829066349539637 
  2042.0   22.937838197500966 
  2043.0   22.980271867556194 
  2044.0   23.196486090035876 
  2045.0   23.289088935007197 
  2046.0   23.211169068967852 
  2047.0   23.294600115186213 
  2048.0   23.267478223947393 
  2049.0   23.20008343506874 
  2050.0   23.365010995589035 
  2051.0   23.261867514818842 
  2052.0   23.349445003159545 
  2053.0   23.482030460477063 
  2054.0   23.48815015336224 
  2055.0   23.607413826522304 
  2056.0   23.618609188455622 
  2057.0   23.673243388136758 
  2058.0   23.857762034911495 
  2059.0   23.75144106415246 
  2060.0   23.872065555314773 
  2061.0   24.08693783510896 
  2062.0   24.028055531949608 
  2063.0   23.94635039581452 
  2064.0   24.021441309702258 
  2065.0   24.18466887178207 
  2066.0   24.102591119020797 
  2067.0   24.137758454630497 
  2068.0   24.144502030499133 
  2069.0   24.043343254674514 
  2070.0   24.078827294996355 
  2071.0   23.986585862950726 
  2072.0   23.841140247189795 
  2073.0   23.985473265664353 
  2074.0   24.3079094665611 
  2075.0   24.455616653809514 
  2076.0   24.18829256020111 
  2077.0   23.998782349025934 
  2078.0   24.086626004131155 
  2079.0   24.101652636803834 
  2080.0   24.036648991930182 
  2081.0   23.924928181156265 
  2082.0   23.88992172726596 
  2083.0   24.064291478318847 
  2084.0   24.202671791033083 
  2085.0   24.1178595434876 
  2086.0   23.991437336356665 
  2087.0   23.925391895155123 
  2088.0   23.94619628366111 
  2089.0   23.7819488174841 
  2090.0   23.864773746997184 
  2091.0   23.734644050640853 
  2092.0   23.676424550826727 
  2093.0   23.81390317511672 
  2094.0   23.82113234753423 
  2095.0   23.838896752012506 
  2096.0   24.0457174437897 
  2097.0   23.94907777008944 
  2098.0   23.850881333748866 
  2099.0   23.845097137604345 
  2100.0   23.823609860434217 
