  2015.0   4.3012901138212283e-10 
  2016.0   4.3937992259414624e-10 
  2017.0   6.816235381954585e-10 
  2018.0   4.863097997275396e-10 
  2019.0   4.3078313490130866e-10 
  2020.0   6.593342558044557e-11 
  2021.0   1.3794247146118426e-09 
  2022.0   1.9955031569821334e-10 
  2023.0   1.6423907559778035e-10 
  2024.0   1.1808983409912802e-09 
  2025.0   2.863607857108363e-10 
  2026.0   6.573660838619586e-11 
  2027.0   1.7830339467822074e-10 
  2028.0   -3.3471331115722e-10 
  2029.0   4.3529087332930276e-10 
  2030.0   8.976747757067806e-10 
  2031.0   4.3749668021145547e-10 
  2032.0   7.223672273393408e-10 
  2033.0   9.013306593045845e-10 
  2034.0   3.349146572477033e-10 
  2035.0   1.0588899574850148e-10 
  2036.0   -1.2773896522999777e-09 
  2037.0   -2.7217352731938403e-10 
  2038.0   9.919005901196033e-10 
  2039.0   9.746262250166764e-10 
  2040.0   1.4431649521908413e-10 
  2041.0   9.605849283726248e-10 
  2042.0   1.737017148234079e-10 
  2043.0   6.573364871023281e-10 
  2044.0   6.906627052829038e-10 
  2045.0   8.373029809285413e-10 
  2046.0   8.32611677641244e-10 
  2047.0   1.0475560258950436e-09 
  2048.0   5.889899763447434e-10 
  2049.0   3.1472076648857357e-10 
  2050.0   1.4193686060259485e-10 
  2051.0   -3.430761585938314e-10 
  2052.0   3.191474726697853e-10 
  2053.0   7.145534956174171e-10 
  2054.0   3.784698123955362e-11 
  2055.0   -4.68876933864921e-10 
  2056.0   -1.3090018916394056e-10 
  2057.0   2.3589518006710267e-10 
  2058.0   -2.6947015250751515e-10 
  2059.0   1.1784225428436373e-10 
  2060.0   9.678445371978026e-10 
  2061.0   7.514083247670897e-10 
  2062.0   2.616044257147364e-10 
  2063.0   -5.449108259524712e-10 
  2064.0   5.341482533522372e-10 
  2065.0   7.760447908483181e-10 
  2066.0   -3.837705184549029e-10 
  2067.0   4.6490754818722324e-10 
  2068.0   2.6892190165424705e-10 
  2069.0   -4.348408962732989e-11 
  2070.0   -1.1845889966007218e-10 
  2071.0   3.446089910417232e-10 
  2072.0   8.732947699491226e-11 
  2073.0   5.554375796016865e-11 
  2074.0   -1.043487886905391e-10 
  2075.0   8.822935568676785e-10 
  2076.0   5.730242262993741e-10 
  2077.0   7.208483357144896e-10 
  2078.0   6.603658522282012e-11 
  2079.0   2.50611307951216e-10 
  2080.0   3.124877813737406e-10 
  2081.0   4.754460513814806e-10 
  2082.0   -1.0985630227548328e-09 
  2083.0   7.206753290369931e-10 
  2084.0   2.8480713835464103e-10 
  2085.0   3.1387031565704846e-10 
  2086.0   2.1813604732592093e-10 
  2087.0   -5.971449005400402e-10 
  2088.0   2.7623796984176337e-10 
  2089.0   4.542979418726632e-10 
  2090.0   9.256873476688176e-11 
  2091.0   -7.757040898241067e-11 
  2092.0   -5.365846091396698e-11 
  2093.0   5.719814246246978e-10 
  2094.0   8.233225229264916e-10 
  2095.0   1.46548051050227e-09 
  2096.0   6.003520181612374e-10 
  2097.0   6.753431166244326e-10 
  2098.0   5.40248020645341e-10 
  2099.0   -3.9691055170304644e-10 
  2100.0   -5.426543556886412e-10 
