  2015.0   1.1714004065137733 
  2016.0   1.5237770792413972 
  2017.0   1.7900401426658945 
  2018.0   1.4297204381992183 
  2019.0   1.502924534837352 
  2020.0   1.4460934339140656 
  2021.0   1.4340635298528048 
  2022.0   1.8883682018549837 
  2023.0   1.8286282179629278 
  2024.0   1.9020333760658257 
  2025.0   1.4281486371641072 
  2026.0   1.3319442991217212 
  2027.0   1.587303829871414 
  2028.0   1.6400582180655674 
  2029.0   1.9014010135361914 
  2030.0   1.5429324830730928 
  2031.0   1.7049233401148436 
  2032.0   1.59199757937467 
  2033.0   1.4851440036497905 
  2034.0   1.7409425439761168 
  2035.0   1.970903164973019 
  2036.0   1.4907524933109246 
  2037.0   1.6966291302143102 
  2038.0   1.555301529167671 
  2039.0   1.4005073645473052 
  2040.0   1.5611647968082638 
  2041.0   2.247323293432349 
  2042.0   1.371272904454245 
  2043.0   1.7585792697496634 
  2044.0   1.8012960526526045 
  2045.0   1.5651769520408823 
  2046.0   1.5576597052328587 
  2047.0   1.7074098433554263 
  2048.0   1.7638099774153535 
  2049.0   1.7674206766226608 
  2050.0   1.6537637147922941 
  2051.0   1.6443781282418817 
  2052.0   1.7132534033738316 
  2053.0   2.037734072840662 
  2054.0   1.8940453639354047 
  2055.0   1.3113214008211238 
  2056.0   1.9126983903313879 
  2057.0   1.997182451329919 
  2058.0   1.3448793788170696 
  2059.0   1.8522668708279773 
  2060.0   1.8069291781991395 
  2061.0   1.969864827877063 
  2062.0   2.0899460450127223 
  2063.0   1.8651826312517925 
  2064.0   1.4780068266231243 
  2065.0   1.5530991616270946 
  2066.0   2.3429712447209705 
  2067.0   2.162533953304814 
  2068.0   1.7763506263339484 
  2069.0   1.7698402118004115 
  2070.0   1.8630221831286382 
  2071.0   1.6818007466303453 
  2072.0   1.9633877651593743 
  2073.0   1.8029302772906934 
  2074.0   1.990887488056672 
  2075.0   2.0202984366697248 
  2076.0   2.0209323154365153 
  2077.0   1.4701559808846214 
  2078.0   1.885079598061354 
  2079.0   1.8010222308343258 
  2080.0   1.8783393199510812 
  2081.0   2.41710974112323 
  2082.0   1.687559069108654 
  2083.0   1.5349358631130339 
  2084.0   2.0554114855844303 
  2085.0   2.0123927973674283 
  2086.0   1.664805667935693 
  2087.0   2.072235229408868 
  2088.0   2.1879852667976856 
  2089.0   1.888341115124652 
  2090.0   2.0141262150623307 
  2091.0   1.4211883409571653 
  2092.0   1.9578063593988657 
  2093.0   2.154339868249765 
  2094.0   2.260884108384804 
  2095.0   1.6648764854206142 
  2096.0   1.981431473728819 
  2097.0   2.060317874987333 
  2098.0   2.10792357310949 
  2099.0   1.8915197270979938 
  2100.0   1.7964355803783767 
