  2015.0   8.205824356154121e-11 
  2016.0   9.306331985147132e-11 
  2017.0   8.879402147547794e-11 
  2018.0   9.112121947375386e-11 
  2019.0   8.467909420450442e-11 
  2020.0   9.745475121423141e-11 
  2021.0   9.911681160260626e-11 
  2022.0   8.800975387632493e-11 
  2023.0   8.648239499362747e-11 
  2024.0   8.914201917707105e-11 
  2025.0   8.396151709641848e-11 
  2026.0   8.349332453853786e-11 
  2027.0   9.482324828133695e-11 
  2028.0   1.0607973483071302e-10 
  2029.0   9.246885495872814e-11 
  2030.0   8.906471793734039e-11 
  2031.0   9.663839416873159e-11 
  2032.0   1.0007509200593784e-10 
  2033.0   8.981713759306321e-11 
  2034.0   9.424973598933661e-11 
  2035.0   9.039799668397087e-11 
  2036.0   8.142025017745926e-11 
  2037.0   9.036873578331649e-11 
  2038.0   8.62171157334007e-11 
  2039.0   9.233037603313377e-11 
  2040.0   9.596886386889718e-11 
  2041.0   8.301900610882611e-11 
  2042.0   7.105976660115154e-11 
  2043.0   8.305103537697502e-11 
  2044.0   8.436108250995559e-11 
  2045.0   7.381772221008418e-11 
  2046.0   7.816035307764155e-11 
  2047.0   8.739367215751389e-11 
  2048.0   7.22241724182613e-11 
  2049.0   7.000259772394052e-11 
  2050.0   7.960642749332779e-11 
  2051.0   8.023054843381253e-11 
  2052.0   7.43708710274605e-11 
  2053.0   7.077564041299572e-11 
  2054.0   8.240123709304348e-11 
  2055.0   6.934454737224788e-11 
  2056.0   7.253860606281519e-11 
  2057.0   7.98058557688536e-11 
  2058.0   7.433370371361496e-11 
  2059.0   6.891653707191397e-11 
  2060.0   7.427524324077409e-11 
  2061.0   8.003820014392666e-11 
  2062.0   8.112408694281348e-11 
  2063.0   7.531620679207074e-11 
  2064.0   8.131322423893028e-11 
  2065.0   8.061648713947124e-11 
  2066.0   7.60130382035774e-11 
  2067.0   6.872241633805938e-11 
  2068.0   6.93213530395665e-11 
  2069.0   7.540464824760863e-11 
  2070.0   8.018166477345365e-11 
  2071.0   7.743772771407207e-11 
  2072.0   6.98036499059684e-11 
  2073.0   8.46342935731372e-11 
  2074.0   7.681130935451267e-11 
  2075.0   7.229975940172853e-11 
  2076.0   7.566360901057129e-11 
  2077.0   7.874080592637757e-11 
  2078.0   7.290527782360729e-11 
  2079.0   7.149316438648505e-11 
  2080.0   7.050012732796863e-11 
  2081.0   7.173586958702085e-11 
  2082.0   7.330377982786353e-11 
  2083.0   7.086342535979478e-11 
  2084.0   6.953141467509946e-11 
  2085.0   7.01481783972503e-11 
  2086.0   7.354456169282286e-11 
  2087.0   6.857342932789965e-11 
  2088.0   6.964022138549409e-11 
  2089.0   7.278662224627893e-11 
  2090.0   7.122727995332866e-11 
  2091.0   6.86971589215784e-11 
  2092.0   5.714342287605171e-11 
  2093.0   8.009884118219347e-11 
  2094.0   7.585903999020466e-11 
  2095.0   6.777835976471126e-11 
  2096.0   6.407049580076903e-11 
  2097.0   7.217768045756861e-11 
  2098.0   7.376785511729425e-11 
  2099.0   7.224044097324668e-11 
  2100.0   6.667989186706752e-11 
