  2015.0   293.50712106155936 
  2016.0   293.57285414984125 
  2017.0   294.28466327036574 
  2018.0   294.0382983663338 
  2019.0   293.2698884557546 
  2020.0   293.90971855036923 
  2021.0   294.3673437913757 
  2022.0   294.18555350141264 
  2023.0   294.11064904973927 
  2024.0   294.1229700655923 
  2025.0   294.52837671497 
  2026.0   294.10990220417926 
  2027.0   293.67803915238176 
  2028.0   294.27020195181717 
  2029.0   294.4905129614075 
  2030.0   294.5717623837019 
  2031.0   294.45312441938967 
  2032.0   294.6725027629302 
  2033.0   294.32360589907205 
  2034.0   294.53459331005666 
  2035.0   294.84529370672834 
  2036.0   294.3387416555656 
  2037.0   294.9032439989161 
  2038.0   295.06330557682617 
  2039.0   294.77486279362955 
  2040.0   294.29417461772357 
  2041.0   294.6471413133594 
  2042.0   294.7695248576618 
  2043.0   294.2692979168269 
  2044.0   294.72943535644464 
  2045.0   295.191520017039 
  2046.0   294.1851732642375 
  2047.0   294.78922257450733 
  2048.0   295.12794906065375 
  2049.0   293.9985184911796 
  2050.0   295.2773512849502 
  2051.0   295.60654860457413 
  2052.0   294.6220121010909 
  2053.0   294.6420480692299 
  2054.0   294.55468186416596 
  2055.0   294.25115217538604 
  2056.0   295.36084204070346 
  2057.0   295.06275326232895 
  2058.0   295.1007663898171 
  2059.0   295.46495854268903 
  2060.0   294.8377464108879 
  2061.0   294.5688872765672 
  2062.0   295.117253690329 
  2063.0   295.02844757921406 
  2064.0   295.00391231000174 
  2065.0   295.3820403266476 
  2066.0   295.11007926496404 
  2067.0   294.621984449284 
  2068.0   294.87795993709886 
  2069.0   294.49085200435246 
  2070.0   295.30514647258633 
  2071.0   295.08233297851547 
  2072.0   294.39934716805 
  2073.0   294.29316989863344 
  2074.0   295.2294862300223 
  2075.0   295.08012355337934 
  2076.0   294.82456036217644 
  2077.0   295.44474275888507 
  2078.0   294.37749236528276 
  2079.0   294.7863676861182 
  2080.0   295.03354051983297 
  2081.0   294.7310830973971 
  2082.0   295.24497868836886 
  2083.0   295.3447017353577 
  2084.0   294.94508465446205 
  2085.0   294.4127055452759 
  2086.0   294.63478155319075 
  2087.0   295.0743442475298 
  2088.0   295.4255155299932 
  2089.0   294.7285620564135 
  2090.0   294.88673690325277 
  2091.0   294.6862951328486 
  2092.0   294.1556561807346 
  2093.0   294.17858311663 
  2094.0   295.3439750876543 
  2095.0   294.2723801958883 
  2096.0   294.19843635701574 
  2097.0   294.4848166367741 
  2098.0   294.9429818091103 
  2099.0   294.9208257125441 
  2100.0   294.8002882334509 
