  2015.0   1.0924427401153736 
  2016.0   1.1126238490304659 
  2017.0   1.0964142315873535 
  2018.0   1.1225860746264402 
  2019.0   1.0705917466383463 
  2020.0   1.143827744975722 
  2021.0   1.1961198256775758 
  2022.0   1.199744302893811 
  2023.0   1.1366113466799703 
  2024.0   1.118251745175325 
  2025.0   1.1729209108321623 
  2026.0   1.1432531150554184 
  2027.0   1.103766607169818 
  2028.0   1.160456254084179 
  2029.0   1.1168556928291178 
  2030.0   1.1574814822032444 
  2031.0   1.129054514515241 
  2032.0   1.1254852988268922 
  2033.0   1.1201331133795303 
  2034.0   1.137814962142316 
  2035.0   1.1323369474812763 
  2036.0   1.1827223802642262 
  2037.0   1.2245654290143748 
  2038.0   1.2166879852636148 
  2039.0   1.20756988455616 
  2040.0   1.218129117009371 
  2041.0   1.2398433612108681 
  2042.0   1.1640076464043623 
  2043.0   1.1322613080508566 
  2044.0   1.2741602544821744 
  2045.0   1.24752312968023 
  2046.0   1.2240662257076127 
  2047.0   1.315766143852326 
  2048.0   1.28663878128758 
  2049.0   1.246470176017483 
  2050.0   1.2784241228995474 
  2051.0   1.3366233389950326 
  2052.0   1.3225697107320091 
  2053.0   1.2458590834130925 
  2054.0   1.2181532450104204 
  2055.0   1.2029116771086965 
  2056.0   1.2434520008716585 
  2057.0   1.2941439545044875 
  2058.0   1.2088753741682825 
  2059.0   1.2525639021699455 
  2060.0   1.3322181424502704 
  2061.0   1.3005280386196398 
  2062.0   1.2644727091389167 
  2063.0   1.2694629688345311 
  2064.0   1.2249483896133226 
  2065.0   1.3085436479741215 
  2066.0   1.2052391642774345 
  2067.0   1.2059734623963287 
  2068.0   1.2273212318989473 
  2069.0   1.1931712749892134 
  2070.0   1.2668668516279966 
  2071.0   1.2856986119982625 
  2072.0   1.2336285789628911 
  2073.0   1.2745868125418185 
  2074.0   1.2550641373584892 
  2075.0   1.2566104441837156 
  2076.0   1.2341610187674592 
  2077.0   1.2451404578287244 
  2078.0   1.2326148167615083 
  2079.0   1.2716241104515964 
  2080.0   1.2491896898159685 
  2081.0   1.273328445842145 
  2082.0   1.2801916436229808 
  2083.0   1.3226867017058337 
  2084.0   1.2484891495632222 
  2085.0   1.2320342295759794 
  2086.0   1.2367562453608179 
  2087.0   1.2839116755433724 
  2088.0   1.3281073707139976 
  2089.0   1.2651218363377539 
  2090.0   1.2298991782045603 
  2091.0   1.2717824224594865 
  2092.0   1.317169072335506 
  2093.0   1.2688232338988166 
  2094.0   1.2762731558976501 
  2095.0   1.2566126251431635 
  2096.0   1.198138976157364 
  2097.0   1.2542318171472535 
  2098.0   1.2294767843530539 
  2099.0   1.2011164241356118 
  2100.0   1.2183459745944631 
