  2015.0   0.37455393735289066 
  2016.0   0.3758173460587356 
  2017.0   0.38077912368819555 
  2018.0   0.38598935169401233 
  2019.0   0.39017707803524476 
  2020.0   0.3932068286994985 
  2021.0   0.3952273371853446 
  2022.0   0.39645887395030327 
  2023.0   0.39710901937270315 
  2024.0   0.39765355148615406 
  2025.0   0.3984406698467066 
  2026.0   0.3995351578797466 
  2027.0   0.39778721561216684 
  2028.0   0.3936217506551267 
  2029.0   0.39026264763579616 
  2030.0   0.38795953079080897 
  2031.0   0.3861093220812151 
  2032.0   0.3844197732800171 
  2033.0   0.38337777890512165 
  2034.0   0.38286271557934626 
  2035.0   0.3822697674247502 
  2036.0   0.3816967412382331 
  2037.0   0.3812266609069726 
  2038.0   0.38055338017228174 
  2039.0   0.3797891065606095 
  2040.0   0.3792056153077692 
  2041.0   0.3789200819277375 
  2042.0   0.3790483026186789 
  2043.0   0.3795416171392732 
  2044.0   0.38000322288589794 
  2045.0   0.38031101842873793 
  2046.0   0.3803692947283895 
  2047.0   0.3802121574021295 
  2048.0   0.3799608819565046 
  2049.0   0.37991700452894384 
  2050.0   0.3795987370543831 
  2051.0   0.3791030208520117 
  2052.0   0.3788997905621809 
  2053.0   0.3786667216362068 
  2054.0   0.3787055086248507 
  2055.0   0.3792991372696232 
  2056.0   0.3793788799316103 
  2057.0   0.378831362359333 
  2058.0   0.37844808668640917 
  2059.0   0.37961604485227013 
  2060.0   0.3814534264592538 
  2061.0   0.382692799646474 
  2062.0   0.3836120018223929 
  2063.0   0.38444308718161985 
  2064.0   0.3850784891010163 
  2065.0   0.3852975165068536 
  2066.0   0.38503702030869014 
  2067.0   0.3846054073147872 
  2068.0   0.3845427913621787 
  2069.0   0.38456115308125116 
  2070.0   0.38429840436389934 
  2071.0   0.3838706865448037 
  2072.0   0.3834043351165991 
  2073.0   0.3836727047933662 
  2074.0   0.3843009837035913 
  2075.0   0.3845155376316338 
  2076.0   0.38471463958813623 
  2077.0   0.3850096710557778 
  2078.0   0.38474840359076223 
  2079.0   0.38395420827217397 
  2080.0   0.3836763172062992 
  2081.0   0.3840010435353746 
  2082.0   0.384451689867556 
  2083.0   0.38465464714364866 
  2084.0   0.3845569138303073 
  2085.0   0.38426995665579766 
  2086.0   0.38408967537352195 
  2087.0   0.3838045988489514 
  2088.0   0.3835342613075823 
  2089.0   0.38363313036713637 
  2090.0   0.3836352491756246 
  2091.0   0.38369937351073774 
  2092.0   0.3845069421167086 
  2093.0   0.385576708796402 
  2094.0   0.38650814409298695 
  2095.0   0.38759179236877217 
  2096.0   0.38863158676916576 
  2097.0   0.389324604189906 
  2098.0   0.389965881626485 
  2099.0   0.3909056276221275 
  2100.0   0.3728053477527376 
