  2015.0   14.26656692215143 
  2016.0   14.306484232233396 
  2017.0   14.343870674919831 
  2018.0   14.377446320903035 
  2019.0   14.409926330388737 
  2020.0   14.43806977118263 
  2021.0   14.47074714452039 
  2022.0   14.512503222944117 
  2023.0   14.560081072291043 
  2024.0   14.59713384490391 
  2025.0   14.63809051904707 
  2026.0   14.68040196209335 
  2027.0   14.723089069550404 
  2028.0   14.767073485624534 
  2029.0   14.817415431601574 
  2030.0   14.84038284073857 
  2031.0   14.864905145673035 
  2032.0   14.90995494139565 
  2033.0   14.949212572496066 
  2034.0   14.96739472763506 
  2035.0   15.01908776095375 
  2036.0   15.065594170070746 
  2037.0   15.113605143256233 
  2038.0   15.178547976447948 
  2039.0   15.206010474763495 
  2040.0   15.225077077196296 
  2041.0   15.262719862397683 
  2042.0   15.288412540659207 
  2043.0   15.333725722032483 
  2044.0   15.353394697863418 
  2045.0   15.363837018442918 
  2046.0   15.387333894656607 
  2047.0   15.420702177547765 
  2048.0   15.464955405181499 
  2049.0   15.515289938064873 
  2050.0   15.549119692626613 
  2051.0   15.554830162549568 
  2052.0   15.558056255877274 
  2053.0   15.620630759364552 
  2054.0   15.673787209836867 
  2055.0   15.710064916228664 
  2056.0   15.73488076564337 
  2057.0   15.764303242521267 
  2058.0   15.805849146103812 
  2059.0   15.838574723894252 
  2060.0   15.87083388368006 
  2061.0   15.876430600502617 
  2062.0   15.880372803995497 
  2063.0   15.913584476764168 
  2064.0   15.929998379321937 
  2065.0   15.942685656897924 
  2066.0   15.987267186423207 
  2067.0   16.001397888072205 
  2068.0   15.995275680702894 
  2069.0   16.013859617633933 
  2070.0   16.04166295132834 
  2071.0   16.043369018245098 
  2072.0   16.052286813817 
  2073.0   16.082693926556157 
  2074.0   16.116625944482383 
  2075.0   16.13806164047909 
  2076.0   16.142069616324566 
  2077.0   16.18340864378879 
  2078.0   16.210402522632315 
  2079.0   16.217874478121875 
  2080.0   16.228298410410186 
  2081.0   16.241085628876615 
  2082.0   16.263031687343123 
  2083.0   16.28705562388882 
  2084.0   16.29618019947186 
  2085.0   16.281344824917323 
  2086.0   16.261844080174804 
  2087.0   16.259222717466066 
  2088.0   16.27419958816324 
  2089.0   16.329583491374823 
  2090.0   16.367936377110265 
  2091.0   16.389138613667892 
  2092.0   16.39809261053636 
  2093.0   16.393257018379146 
  2094.0   16.41880846134608 
  2095.0   16.42316478201716 
  2096.0   16.397456889154835 
  2097.0   16.392313079612425 
  2098.0   16.415304417763327 
  2099.0   16.437259056838677 
  2100.0   16.443406750430313 
