  2015.0   1.0562598548788216 
  2016.0   1.0399378227414666 
  2017.0   1.0671677514594244 
  2018.0   1.1118444098808875 
  2019.0   1.0767090818144562 
  2020.0   1.088016800093578 
  2021.0   1.1250424781211514 
  2022.0   1.1591269416402905 
  2023.0   1.110391008077873 
  2024.0   1.122373783526119 
  2025.0   1.0996787357329527 
  2026.0   1.0950004922416212 
  2027.0   1.0844284546405614 
  2028.0   1.1145784409720068 
  2029.0   1.200971569412708 
  2030.0   1.16516823759903 
  2031.0   1.1290764498210422 
  2032.0   1.196989840133832 
  2033.0   1.2194161314834728 
  2034.0   1.19658004761842 
  2035.0   1.2128749632120686 
  2036.0   1.2072978163984673 
  2037.0   1.1709870116549745 
  2038.0   1.1690134707593833 
  2039.0   1.1896826572688932 
  2040.0   1.2101290494142667 
  2041.0   1.240865946519466 
  2042.0   1.2352769242787431 
  2043.0   1.1424896999859981 
  2044.0   1.22053352734949 
  2045.0   1.2403703750044894 
  2046.0   1.162660134024739 
  2047.0   1.1914184447522682 
  2048.0   1.275310643774266 
  2049.0   1.177863773431169 
  2050.0   1.1551936227404944 
  2051.0   1.1972864335490232 
  2052.0   1.2676787428279488 
  2053.0   1.1780850502391087 
  2054.0   1.1949494601499009 
  2055.0   1.2539212387754173 
  2056.0   1.211747354635504 
  2057.0   1.1541935106508538 
  2058.0   1.258442147494574 
  2059.0   1.2150070921776712 
  2060.0   1.1499281714281864 
  2061.0   1.1694734044661195 
  2062.0   1.2971257007416432 
  2063.0   1.2823567525729598 
  2064.0   1.2292248513934387 
  2065.0   1.3051014742420919 
  2066.0   1.293698909969486 
  2067.0   1.303237387576844 
  2068.0   1.2420303891043827 
  2069.0   1.175498833212043 
  2070.0   1.2454229285310763 
  2071.0   1.346038220571964 
  2072.0   1.2589858960615894 
  2073.0   1.2391785261373855 
  2074.0   1.3204959008607404 
  2075.0   1.341843792917306 
  2076.0   1.2354524411403345 
  2077.0   1.2766551596432756 
  2078.0   1.3230908526974863 
  2079.0   1.2515900779380054 
  2080.0   1.2771369039873297 
  2081.0   1.2499660907226153 
  2082.0   1.3035438159394213 
  2083.0   1.3385147678822122 
  2084.0   1.2464223280487823 
  2085.0   1.25512772431931 
  2086.0   1.2871480071302064 
  2087.0   1.2664398356374766 
  2088.0   1.3080214610711478 
  2089.0   1.251460509270858 
  2090.0   1.2607214407924763 
  2091.0   1.3479275137900064 
  2092.0   1.1964426586633905 
  2093.0   1.1670681992583107 
  2094.0   1.2913561566143335 
  2095.0   1.3421848860270504 
  2096.0   1.278345264008408 
  2097.0   1.2348717002194953 
  2098.0   1.2247498015482736 
  2099.0   1.323374412038426 
  2100.0   1.3409941700886348 
