  2015.0   296.2186658417483 
  2016.0   295.68980729941364 
  2017.0   296.29043068318435 
  2018.0   296.0738417194398 
  2019.0   296.18361450056585 
  2020.0   296.4520265072909 
  2021.0   296.8230213228267 
  2022.0   296.29205277162794 
  2023.0   296.6364910497832 
  2024.0   296.479026211139 
  2025.0   296.4220202970037 
  2026.0   296.22127939243916 
  2027.0   296.29775224851255 
  2028.0   296.59728026801366 
  2029.0   296.85255791053 
  2030.0   296.68129955961734 
  2031.0   296.8682733131839 
  2032.0   296.7079774432873 
  2033.0   296.836348322551 
  2034.0   296.8926405968881 
  2035.0   297.0387349309066 
  2036.0   296.61214931086045 
  2037.0   296.4158833725483 
  2038.0   297.1656909775899 
  2039.0   296.9002987561744 
  2040.0   297.0864035687736 
  2041.0   297.24516127751576 
  2042.0   296.75928905155126 
  2043.0   296.9574086706967 
  2044.0   297.04587849109043 
  2045.0   297.19203863215824 
  2046.0   297.63438715176625 
  2047.0   296.97086903652155 
  2048.0   297.0049608681529 
  2049.0   297.2287604572776 
  2050.0   297.7122091989216 
  2051.0   297.58397496096035 
  2052.0   296.76408793993335 
  2053.0   296.9439787360451 
  2054.0   297.28832752471567 
  2055.0   296.6378033448732 
  2056.0   296.83040969551405 
  2057.0   297.4032317196175 
  2058.0   297.817162115813 
  2059.0   297.3872060407675 
  2060.0   297.6947317318365 
  2061.0   297.51107764609617 
  2062.0   297.0683860883138 
  2063.0   297.33160426829994 
  2064.0   297.42775993004057 
  2065.0   296.3125131089223 
  2066.0   297.7125989281092 
  2067.0   297.5487188841318 
  2068.0   297.2441946172736 
  2069.0   297.3003335564715 
  2070.0   297.046238595078 
  2071.0   297.4236134310173 
  2072.0   297.2282602488599 
  2073.0   297.3711598343926 
  2074.0   297.92305114447106 
  2075.0   297.3284722498239 
  2076.0   297.69110225650587 
  2077.0   297.68492567406537 
  2078.0   297.5085517941851 
  2079.0   297.31872733031753 
  2080.0   297.2083514641634 
  2081.0   297.6297706241184 
  2082.0   297.2771208285116 
  2083.0   297.63525732761354 
  2084.0   297.68931975684666 
  2085.0   297.67398096226395 
  2086.0   297.72248809431585 
  2087.0   297.9256039966502 
  2088.0   297.59572637537974 
  2089.0   297.9491640965931 
  2090.0   297.15616834137677 
  2091.0   297.11829515339485 
  2092.0   297.5498375527152 
  2093.0   297.11710322859375 
  2094.0   297.02869755667825 
  2095.0   297.97683628552517 
  2096.0   297.7010693537628 
  2097.0   297.11787564490464 
  2098.0   297.460395883726 
  2099.0   297.6698752772067 
  2100.0   297.85125669457193 
