  2015.0   0.0001493879729323768 
  2016.0   0.0001464309634928025 
  2017.0   0.00015006515291580207 
  2018.0   0.00015110481234862434 
  2019.0   0.00014648107639807416 
  2020.0   0.00014647263534183725 
  2021.0   0.0001618551333617551 
  2022.0   0.00016577411392386135 
  2023.0   0.00015255263601561986 
  2024.0   0.00016165949706137102 
  2025.0   0.0001518521279229764 
  2026.0   0.0001401098063322594 
  2027.0   0.00013806827420800578 
  2028.0   0.00012611945577515612 
  2029.0   0.00012744762138170687 
  2030.0   0.00012793589581696114 
  2031.0   0.00012852314505185523 
  2032.0   0.00012919729405649874 
  2033.0   0.0001348514373799668 
  2034.0   0.0001339016103570368 
  2035.0   0.00013275484410366038 
  2036.0   0.00012682838535204674 
  2037.0   0.00012386521503228665 
  2038.0   0.00014005281955860785 
  2039.0   0.00014696257033128016 
  2040.0   0.0001442318872796646 
  2041.0   0.0001517555557789796 
  2042.0   0.00014377500241334625 
  2043.0   0.00013685077461826942 
  2044.0   0.0001339662298673853 
  2045.0   0.00012732415678711975 
  2046.0   0.00010475001951591992 
  2047.0   9.970777527497616e-05 
  2048.0   9.625094817445819e-05 
  2049.0   9.340008687994957e-05 
  2050.0   9.299224001067802e-05 
  2051.0   0.0001020537971180416 
  2052.0   0.00010266470448166787 
  2053.0   0.00010469409195261654 
  2054.0   0.00010622713336003742 
  2055.0   0.00010225718892155725 
  2056.0   8.852376228530776e-05 
  2057.0   8.14820387696365e-05 
  2058.0   7.801798137655334e-05 
  2059.0   7.756099940803107e-05 
  2060.0   7.938215948952133e-05 
  2061.0   9.51552719405395e-05 
  2062.0   0.00010487553126503464 
  2063.0   9.98535934160093e-05 
  2064.0   0.00010097746544398769 
  2065.0   0.0001034194031758139 
  2066.0   8.655412799021121e-05 
  2067.0   7.76594747199414e-05 
  2068.0   7.372747789535662e-05 
  2069.0   7.06094950177396e-05 
  2070.0   7.479378320445504e-05 
  2071.0   7.81890724794581e-05 
  2072.0   7.877100542646797e-05 
  2073.0   7.649448684373235e-05 
  2074.0   7.555576956883034e-05 
  2075.0   8.108629039564644e-05 
  2076.0   8.463685259494284e-05 
  2077.0   8.535880483406425e-05 
  2078.0   8.864642010052746e-05 
  2079.0   8.380842548454366e-05 
  2080.0   8.423165301899085e-05 
  2081.0   8.94474872498376e-05 
  2082.0   9.258869655603245e-05 
  2083.0   9.495682557587278e-05 
  2084.0   9.337545173652173e-05 
  2085.0   8.96668542548295e-05 
  2086.0   8.284918349027826e-05 
  2087.0   7.956621843506386e-05 
  2088.0   7.871975697778792e-05 
  2089.0   7.909007286236609e-05 
  2090.0   8.211579805964648e-05 
  2091.0   0.00011831645321317619 
  2092.0   0.00014932149139011068 
  2093.0   0.0001632738575544824 
  2094.0   0.00016942394960342306 
  2095.0   0.00016161942825282166 
  2096.0   0.00010436308982899254 
  2097.0   7.770463202821099e-05 
  2098.0   6.733012063982308e-05 
  2099.0   6.337424706600046e-05 
  2100.0   5.934837856128313e-05 
