  2015.0   5.347436875428991 
  2016.0   5.343583839273748 
  2017.0   5.324004816848746 
  2018.0   5.232897512136733 
  2019.0   5.221006311654555 
  2020.0   5.275633899970125 
  2021.0   5.295062729882278 
  2022.0   5.3263551938622244 
  2023.0   5.391699939046963 
  2024.0   5.357938470843523 
  2025.0   5.321636436295616 
  2026.0   5.489014572659185 
  2027.0   5.489537248551694 
  2028.0   5.493210239143725 
  2029.0   5.576564423101108 
  2030.0   5.556593485073211 
  2031.0   5.715160347533752 
  2032.0   5.717814119846332 
  2033.0   5.6484371509577445 
  2034.0   5.635636527704887 
  2035.0   5.636898237036108 
  2036.0   5.654386129485875 
  2037.0   5.74318669957584 
  2038.0   5.74525874298887 
  2039.0   5.754596858136258 
  2040.0   5.774405268477197 
  2041.0   5.797188543002612 
  2042.0   5.867374273491108 
  2043.0   5.840201019407228 
  2044.0   5.901878324909579 
  2045.0   5.958460566618929 
  2046.0   5.901099248742913 
  2047.0   5.899987823008962 
  2048.0   5.89146895081364 
  2049.0   5.893556947420121 
  2050.0   5.931144085930324 
  2051.0   6.022491531397125 
  2052.0   5.993002868907078 
  2053.0   6.050497972689941 
  2054.0   5.950875780041367 
  2055.0   5.990288669306543 
  2056.0   6.246024022858289 
  2057.0   6.315713078814526 
  2058.0   6.184989687895047 
  2059.0   6.34014899285678 
  2060.0   6.378779979381725 
  2061.0   6.323310738523455 
  2062.0   6.497468673583801 
  2063.0   6.466012138283164 
  2064.0   6.403397671790351 
  2065.0   6.338248466476682 
  2066.0   6.474363223207451 
  2067.0   6.511292601150444 
  2068.0   6.388465137235863 
  2069.0   6.3846032603805 
  2070.0   6.565039408021733 
  2071.0   6.594848624155106 
  2072.0   6.713909636853444 
  2073.0   6.810828812304564 
  2074.0   6.783717900017865 
  2075.0   6.707656540702066 
  2076.0   6.709508753708943 
  2077.0   6.645628861644306 
  2078.0   6.856129310110238 
  2079.0   6.821217922365388 
  2080.0   6.7211212606710555 
  2081.0   6.8186817525745065 
  2082.0   6.828243693909677 
  2083.0   6.7632042702702755 
  2084.0   6.642441478639721 
  2085.0   6.696335764393228 
  2086.0   6.593720063278408 
  2087.0   6.694462087891678 
  2088.0   6.71253865126568 
  2089.0   6.6464736193932366 
  2090.0   6.750615108603419 
  2091.0   6.672284879718121 
  2092.0   6.734231182189695 
  2093.0   6.8602141092859386 
  2094.0   6.8925748441135894 
  2095.0   6.9635893644112885 
  2096.0   6.859213330260173 
  2097.0   6.882156901620468 
  2098.0   6.937426247165233 
  2099.0   6.827691043475023 
  2100.0   6.720473922061667 
