  2015.0   0.0763767174997214 
  2016.0   0.02769774886327808 
  2017.0   0.06434672768127456 
  2018.0   0.01661958745447546 
  2019.0   0.010772096134739778 
  2020.0   0.12342214344962898 
  2021.0   0.055987727517849604 
  2022.0   0.06471682970431535 
  2023.0   0.053467329225443457 
  2024.0   0.07532385084172391 
  2025.0   0.11671502927611935 
  2026.0   0.06110579933325333 
  2027.0   0.1307274430259101 
  2028.0   0.03664015104432921 
  2029.0   0.050601828711618536 
  2030.0   0.13586378377902278 
  2031.0   0.07427794987570792 
  2032.0   0.03444991409280221 
  2033.0   0.07590277446281084 
  2034.0   0.12965992311554067 
  2035.0   0.054032397874410845 
  2036.0   0.10126308468175041 
  2037.0   0.03547790038619261 
  2038.0   -0.040286368775582324 
  2039.0   0.1246509472648262 
  2040.0   0.0812196615585309 
  2041.0   0.04183102305680437 
  2042.0   0.03917907063134355 
  2043.0   0.04814846511358536 
  2044.0   0.05077876976463258 
  2045.0   0.13236068051234015 
  2046.0   0.09804090566925791 
  2047.0   0.07245251491471104 
  2048.0   0.03275075774603793 
  2049.0   0.016634407208404863 
  2050.0   0.10723465317458539 
  2051.0   0.10527428723603224 
  2052.0   0.16228997054948974 
  2053.0   0.026767984594071145 
  2054.0   -0.016677049567227882 
  2055.0   0.042909952402859934 
  2056.0   0.10432760101406148 
  2057.0   0.05608007287221409 
  2058.0   -0.002999666119939833 
  2059.0   -0.02001890823915568 
  2060.0   0.03440842232211052 
  2061.0   0.08726564225837988 
  2062.0   0.07768181994236044 
  2063.0   0.017087915690630565 
  2064.0   0.09069584759978297 
  2065.0   0.04410594060839922 
  2066.0   0.019672640873085318 
  2067.0   0.07093538026285266 
  2068.0   0.11540186979149372 
  2069.0   0.06906588061034792 
  2070.0   -0.036823714766492925 
  2071.0   0.08972984549331298 
  2072.0   0.049564027436888404 
  2073.0   0.020685666804529525 
  2074.0   -0.03923906873467647 
  2075.0   0.06767486370213206 
  2076.0   0.08382993422673655 
  2077.0   -0.008468104778961866 
  2078.0   0.0596538534240528 
  2079.0   0.0315656584937113 
  2080.0   0.021201769422554934 
  2081.0   0.026060389497928837 
  2082.0   -0.016105900849010524 
  2083.0   -0.0349314601786128 
  2084.0   0.010596891514595167 
  2085.0   0.0597168550394362 
  2086.0   0.08372555397182561 
  2087.0   0.09659493339721137 
  2088.0   0.04038294857776426 
  2089.0   -0.09304420293702084 
  2090.0   -0.03562638767204721 
  2091.0   0.013573938214204542 
  2092.0   0.00018089226434429254 
  2093.0   0.10887416374788635 
  2094.0   -0.03536283345643187 
  2095.0   -0.02567932846467351 
  2096.0   0.14516825398894795 
  2097.0   0.027422001688711863 
  2098.0   -0.04401227688014244 
  2099.0   0.011083810760754511 
  2100.0   -0.011850764250066429 
