  2015.0   2.3921189685846445e-13 
  2016.0   2.307577039107206e-13 
  2017.0   2.6887270134109655e-13 
  2018.0   2.8977132329207554e-13 
  2019.0   2.661884386217314e-13 
  2020.0   2.7719424552867614e-13 
  2021.0   4.023908729094564e-13 
  2022.0   4.522225393218656e-13 
  2023.0   3.695559437991464e-13 
  2024.0   4.430303954648705e-13 
  2025.0   3.8769954949637044e-13 
  2026.0   3.1270184060980654e-13 
  2027.0   3.090488810596301e-13 
  2028.0   2.337749763870409e-13 
  2029.0   2.5117217048974013e-13 
  2030.0   2.637651026328844e-13 
  2031.0   2.7319276546075335e-13 
  2032.0   2.8137302076197913e-13 
  2033.0   3.245106791141392e-13 
  2034.0   3.239624521401869e-13 
  2035.0   3.1974694791575995e-13 
  2036.0   2.890456885405136e-13 
  2037.0   2.751641003635342e-13 
  2038.0   4.0061624724591267e-13 
  2039.0   4.624068866405469e-13 
  2040.0   4.5327084097146486e-13 
  2041.0   5.12921390668103e-13 
  2042.0   4.646835018458438e-13 
  2043.0   4.1827812698096846e-13 
  2044.0   4.01593237618038e-13 
  2045.0   3.6200851442849e-13 
  2046.0   2.0492402715093225e-13 
  2047.0   1.7134368463973211e-13 
  2048.0   1.5150131099491639e-13 
  2049.0   1.3560934435543847e-13 
  2050.0   1.3597263041834964e-13 
  2051.0   2.088431464578718e-13 
  2052.0   2.2089605888668512e-13 
  2053.0   2.4170850708789764e-13 
  2054.0   2.596485802936905e-13 
  2055.0   2.398919559750743e-13 
  2056.0   1.4746591259125481e-13 
  2057.0   1.0221706702777743e-13 
  2058.0   8.308542714586812e-14 
  2059.0   8.524856569072919e-14 
  2060.0   1.0229452297713622e-13 
  2061.0   2.2151883550514627e-13 
  2062.0   2.9979055370788086e-13 
  2063.0   2.703436958602952e-13 
  2064.0   2.819335796144897e-13 
  2065.0   3.0856578539528165e-13 
  2066.0   1.919397528763262e-13 
  2067.0   1.3080354122809737e-13 
  2068.0   1.0688096369986581e-13 
  2069.0   8.830879481225305e-14 
  2070.0   1.2084800077382321e-13 
  2071.0   1.4870589269110411e-13 
  2072.0   1.5431567276156646e-13 
  2073.0   1.393928270236968e-13 
  2074.0   1.335627552706677e-13 
  2075.0   1.728690410492212e-13 
  2076.0   1.9899822198156324e-13 
  2077.0   2.0183199633826058e-13 
  2078.0   2.2542512260878278e-13 
  2079.0   1.913148933476995e-13 
  2080.0   1.922866968143577e-13 
  2081.0   2.2582923181249046e-13 
  2082.0   2.466797381494279e-13 
  2083.0   2.598717798190965e-13 
  2084.0   2.4670364703450857e-13 
  2085.0   2.197618891292999e-13 
  2086.0   1.704651304638906e-13 
  2087.0   1.4548120192996803e-13 
  2088.0   1.3850849363671174e-13 
  2089.0   1.4017849803670947e-13 
  2090.0   1.6012461705429693e-13 
  2091.0   4.228957441492869e-13 
  2092.0   6.581359959169935e-13 
  2093.0   7.660646961829229e-13 
  2094.0   8.185896825794407e-13 
  2095.0   7.761087836580511e-13 
  2096.0   3.6891192721675083e-13 
  2097.0   1.7622858483010997e-13 
  2098.0   1.0371637450486118e-13 
  2099.0   7.837608551947517e-14 
  2100.0   5.502653037237672e-14 
