  2015.0   1.7235191122819215e-09 
  2016.0   1.6393666671084712e-09 
  2017.0   1.6854821140600921e-09 
  2018.0   1.6390725011423887e-09 
  2019.0   1.6933564611006463e-09 
  2020.0   1.7267734015238074e-09 
  2021.0   1.6675784068791568e-09 
  2022.0   1.6882724396451349e-09 
  2023.0   1.7775217827992877e-09 
  2024.0   1.693728563011769e-09 
  2025.0   1.6608510226728072e-09 
  2026.0   1.6931421793046037e-09 
  2027.0   1.7229148405110637e-09 
  2028.0   1.717622789804543e-09 
  2029.0   1.7167392621125416e-09 
  2030.0   1.688433124292927e-09 
  2031.0   1.7188419072304929e-09 
  2032.0   1.6744351974615014e-09 
  2033.0   1.733244733340927e-09 
  2034.0   1.8892899606782215e-09 
  2035.0   1.8111029974044588e-09 
  2036.0   1.8068452527533496e-09 
  2037.0   1.7602489952445582e-09 
  2038.0   1.795183563620832e-09 
  2039.0   1.8152141523819386e-09 
  2040.0   1.855024665814066e-09 
  2041.0   1.7671247276151367e-09 
  2042.0   1.7208049776894692e-09 
  2043.0   1.7784012090900345e-09 
  2044.0   1.7389733162467506e-09 
  2045.0   1.6911822626734654e-09 
  2046.0   1.712803966441646e-09 
  2047.0   1.76768654316688e-09 
  2048.0   1.9278419858248714e-09 
  2049.0   1.9262756637795456e-09 
  2050.0   1.8707928443301327e-09 
  2051.0   1.7967545752378976e-09 
  2052.0   1.8404886911774102e-09 
  2053.0   1.858355868751528e-09 
  2054.0   1.802775912815335e-09 
  2055.0   1.82923152250717e-09 
  2056.0   1.844692267437922e-09 
  2057.0   1.8573184945334955e-09 
  2058.0   1.8611602937921126e-09 
  2059.0   1.7694936141778252e-09 
  2060.0   1.8587949903414443e-09 
  2061.0   1.7573615390043802e-09 
  2062.0   1.756286889163055e-09 
  2063.0   1.8708661294396824e-09 
  2064.0   1.8051457531257884e-09 
  2065.0   1.7903999119477816e-09 
  2066.0   1.8432955153668565e-09 
  2067.0   1.8066896272766039e-09 
  2068.0   1.7858353257513824e-09 
  2069.0   1.9804419657608897e-09 
  2070.0   1.921490750306747e-09 
  2071.0   1.7593648190201154e-09 
  2072.0   1.8028570329693819e-09 
  2073.0   1.9196271390179612e-09 
  2074.0   1.9713565611954717e-09 
  2075.0   1.848731226505091e-09 
  2076.0   1.974619775736255e-09 
  2077.0   1.932128602687804e-09 
  2078.0   1.8767877664281004e-09 
  2079.0   1.8448172777765256e-09 
  2080.0   1.8336395697154565e-09 
  2081.0   1.8695630085401787e-09 
  2082.0   1.8800735303322916e-09 
  2083.0   1.943583672113877e-09 
  2084.0   1.98027841297081e-09 
  2085.0   1.900413331518263e-09 
  2086.0   1.7587261846800778e-09 
  2087.0   1.9321462616647155e-09 
  2088.0   1.9870535257582756e-09 
  2089.0   1.8155289962802837e-09 
  2090.0   1.8637840776633148e-09 
  2091.0   1.9557483805229384e-09 
  2092.0   1.8497892683775495e-09 
  2093.0   1.882795111042254e-09 
  2094.0   1.8501462347364875e-09 
  2095.0   1.875013108928734e-09 
  2096.0   1.9487866676437563e-09 
  2097.0   1.8136311814083138e-09 
  2098.0   1.6930150032380867e-09 
  2099.0   1.7675719935845614e-09 
  2100.0   1.7990939574900343e-09 
