  2015.0   2.999535666278241e-10 
  2016.0   3.0007192201991095e-10 
  2017.0   3.003927397499499e-10 
  2018.0   3.0172275767558604e-10 
  2019.0   3.048097303844012e-10 
  2020.0   3.101125658461566e-10 
  2021.0   3.1169753194147926e-10 
  2022.0   3.2185018940647444e-10 
  2023.0   3.142182147278436e-10 
  2024.0   3.042918222059596e-10 
  2025.0   3.0771134983890563e-10 
  2026.0   3.2397596481534777e-10 
  2027.0   3.1324762975678586e-10 
  2028.0   2.9518010786695983e-10 
  2029.0   2.920518591896808e-10 
  2030.0   2.814054068091641e-10 
  2031.0   2.7738945530579426e-10 
  2032.0   2.718248519616968e-10 
  2033.0   2.699375860985643e-10 
  2034.0   2.686792569738067e-10 
  2035.0   2.7573783099026927e-10 
  2036.0   2.7313361584599726e-10 
  2037.0   2.693762848390573e-10 
  2038.0   2.691439064581028e-10 
  2039.0   2.713482371909171e-10 
  2040.0   2.773874371594939e-10 
  2041.0   2.751479496224696e-10 
  2042.0   2.7448197460830173e-10 
  2043.0   2.765978106547687e-10 
  2044.0   2.7921341703832515e-10 
  2045.0   2.723082403450277e-10 
  2046.0   2.6952751846520123e-10 
  2047.0   2.7124796304473834e-10 
  2048.0   2.7174832134538376e-10 
  2049.0   2.7279429012769464e-10 
  2050.0   2.6387920963675053e-10 
  2051.0   2.686571666435585e-10 
  2052.0   2.6693900764227676e-10 
  2053.0   2.667296596500213e-10 
  2054.0   2.6883591646833453e-10 
  2055.0   2.6830250909729455e-10 
  2056.0   2.685136897375144e-10 
  2057.0   2.695335638274506e-10 
  2058.0   2.681628156804287e-10 
  2059.0   2.7223873809021554e-10 
  2060.0   2.7727256312431607e-10 
  2061.0   2.7775888433057056e-10 
  2062.0   2.7644281081571923e-10 
  2063.0   2.7652614706030835e-10 
  2064.0   2.777809690432034e-10 
  2065.0   2.781116200094902e-10 
  2066.0   2.760929503936929e-10 
  2067.0   2.753451045034867e-10 
  2068.0   2.737487342979679e-10 
  2069.0   2.746286975599569e-10 
  2070.0   2.749098279613539e-10 
  2071.0   2.7393145018808645e-10 
  2072.0   2.730463034455804e-10 
  2073.0   2.731085680279273e-10 
  2074.0   2.7495571629326115e-10 
  2075.0   2.820242242850719e-10 
  2076.0   2.812646717040926e-10 
  2077.0   2.802247811046541e-10 
  2078.0   2.8223108952195073e-10 
  2079.0   2.819591262117506e-10 
  2080.0   2.949255798519849e-10 
  2081.0   2.953129428158236e-10 
  2082.0   2.916902923873034e-10 
  2083.0   2.935895302150785e-10 
  2084.0   2.9801579438880504e-10 
  2085.0   2.9311080386346956e-10 
  2086.0   2.913143738960654e-10 
  2087.0   2.865763403482961e-10 
  2088.0   2.8911120737681383e-10 
  2089.0   2.8879925563215383e-10 
  2090.0   2.8440084394893774e-10 
  2091.0   2.889276901230511e-10 
  2092.0   2.866364090173492e-10 
  2093.0   2.900122584579395e-10 
  2094.0   2.9082100816159774e-10 
  2095.0   2.809390636760281e-10 
  2096.0   2.8141857781083035e-10 
  2097.0   2.8229875295947306e-10 
  2098.0   2.840919992482165e-10 
  2099.0   2.8488876600246185e-10 
  2100.0   2.493129199134166e-10 
