  2015.0   1.47667425899432 
  2016.0   1.587198043492457 
  2017.0   1.5541281320446034 
  2018.0   1.6107127456415193 
  2019.0   1.5490104431097815 
  2020.0   1.5236256690970436 
  2021.0   1.5458802369213982 
  2022.0   1.5250072646342503 
  2023.0   1.4894640252498326 
  2024.0   1.5569690419756856 
  2025.0   1.4955399649248677 
  2026.0   1.4828395365707756 
  2027.0   1.4736809942628935 
  2028.0   1.4583774069011284 
  2029.0   1.4426812803374651 
  2030.0   1.5064702604924658 
  2031.0   1.5321165092519387 
  2032.0   1.5656084140726039 
  2033.0   1.5907890830108298 
  2034.0   1.5624589527165837 
  2035.0   1.5540367790509337 
  2036.0   1.451657565687751 
  2037.0   1.4283815524843482 
  2038.0   1.5174296964396605 
  2039.0   1.5645370804569634 
  2040.0   1.5410841453111859 
  2041.0   1.5522992480982132 
  2042.0   1.521696974335275 
  2043.0   1.537739214769701 
  2044.0   1.5547545894133186 
  2045.0   1.6002510641856744 
  2046.0   1.6029248115205266 
  2047.0   1.6659764725005837 
  2048.0   1.6756980833836603 
  2049.0   1.6130537531832592 
  2050.0   1.5678842374640767 
  2051.0   1.5279856017515832 
  2052.0   1.5547667888273295 
  2053.0   1.6156606004161058 
  2054.0   1.5924330663857666 
  2055.0   1.538795514331449 
  2056.0   1.4997201880470123 
  2057.0   1.531612207449607 
  2058.0   1.5473596428731378 
  2059.0   1.5932905119824023 
  2060.0   1.6144831061007867 
  2061.0   1.6095826498768442 
  2062.0   1.593047703418634 
  2063.0   1.5722642730221572 
  2064.0   1.5831521374539361 
  2065.0   1.662971718998888 
  2066.0   1.5490773708837986 
  2067.0   1.5509303897371645 
  2068.0   1.601166911137942 
  2069.0   1.5583504036961402 
  2070.0   1.5398296195355623 
  2071.0   1.560817392827953 
  2072.0   1.5886106633920674 
  2073.0   1.5268708245428506 
  2074.0   1.522188356945367 
  2075.0   1.5910030064021514 
  2076.0   1.6232360716630954 
  2077.0   1.6181119786897877 
  2078.0   1.619616004535263 
  2079.0   1.567488893089554 
  2080.0   1.6289907822495593 
  2081.0   1.6181493066495265 
  2082.0   1.5400301131679959 
  2083.0   1.5596415173340765 
  2084.0   1.6395868218620555 
  2085.0   1.6087939502833866 
  2086.0   1.5955634675593589 
  2087.0   1.5918759776727682 
  2088.0   1.5438489762948238 
  2089.0   1.6192049250622678 
  2090.0   1.6207122557944091 
  2091.0   1.5921589766211655 
  2092.0   1.5675343285369583 
  2093.0   1.5994431057654805 
  2094.0   1.651419386034786 
  2095.0   1.6995649736033132 
  2096.0   1.7563512155849583 
  2097.0   1.6903570698588122 
  2098.0   1.6793637586525243 
  2099.0   1.6569918221957372 
  2100.0   1.5667832173570193 
