  2015.0   2.5821782507331017e-10 
  2016.0   2.3785640334850744e-10 
  2017.0   2.4803596659771654e-10 
  2018.0   2.2720287230561698e-10 
  2019.0   2.2419278295970342e-10 
  2020.0   1.8643017564130974e-10 
  2021.0   2.0023229984907138e-10 
  2022.0   2.3489559567356e-10 
  2023.0   2.7573068107680363e-10 
  2024.0   2.1894040005408709e-10 
  2025.0   1.9426406984453685e-10 
  2026.0   2.8812934209536334e-10 
  2027.0   2.391529693705785e-10 
  2028.0   2.300888275509019e-10 
  2029.0   3.3629702123656965e-10 
  2030.0   3.016624509545059e-10 
  2031.0   2.2482367284259536e-10 
  2032.0   1.8742703995431054e-10 
  2033.0   1.8162802915629559e-10 
  2034.0   2.8593720468895295e-10 
  2035.0   2.9599072233464695e-10 
  2036.0   3.2394565438935044e-10 
  2037.0   2.23337720259231e-10 
  2038.0   2.0692632105578715e-10 
  2039.0   2.0293101220164992e-10 
  2040.0   3.309574108610081e-10 
  2041.0   4.332789748353876e-10 
  2042.0   2.216941625095991e-10 
  2043.0   3.525317180340082e-10 
  2044.0   3.8944066388336626e-10 
  2045.0   3.036213935318792e-10 
  2046.0   2.9345527338803404e-10 
  2047.0   2.652458134891859e-10 
  2048.0   3.2855660529144197e-10 
  2049.0   3.373997784284511e-10 
  2050.0   2.414688943814433e-10 
  2051.0   4.71920007914582e-10 
  2052.0   2.990117984739049e-10 
  2053.0   2.540206535871569e-10 
  2054.0   2.8319721104046344e-10 
  2055.0   1.8924257587122868e-10 
  2056.0   2.436153919555614e-10 
  2057.0   1.5601651780043455e-10 
  2058.0   2.57978625543513e-10 
  2059.0   3.9600850742745417e-10 
  2060.0   1.739018914907172e-10 
  2061.0   2.812587450112443e-10 
  2062.0   2.6281254165951165e-10 
  2063.0   1.3710281208927302e-10 
  2064.0   2.5742023428155537e-10 
  2065.0   2.2945632824437534e-10 
  2066.0   2.8405517387698746e-10 
  2067.0   2.959495591009776e-10 
  2068.0   3.173687402801262e-10 
  2069.0   2.5720945047751096e-10 
  2070.0   1.4569906389366593e-10 
  2071.0   2.371380206561966e-10 
  2072.0   3.0572321777590813e-10 
  2073.0   3.099696402876571e-10 
  2074.0   1.6535702312349856e-10 
  2075.0   3.048229366627229e-10 
  2076.0   2.7318231747760136e-10 
  2077.0   3.0232685055322636e-10 
  2078.0   2.9177310717305077e-10 
  2079.0   3.237956468344473e-10 
  2080.0   5.916539645174736e-10 
  2081.0   3.411220371481637e-10 
  2082.0   4.029584055033348e-10 
  2083.0   3.42538607428064e-10 
  2084.0   1.9267437213601458e-10 
  2085.0   2.8419156074747886e-10 
  2086.0   3.335248389419903e-10 
  2087.0   2.957946669615709e-10 
  2088.0   4.862351282092755e-10 
  2089.0   2.7882604967047295e-10 
  2090.0   3.1481169118111636e-10 
  2091.0   3.705805334883029e-10 
  2092.0   2.2177219988978222e-10 
  2093.0   3.4099685156661974e-10 
  2094.0   4.702318161189385e-10 
  2095.0   4.4883208774180566e-10 
  2096.0   4.356036580416646e-10 
  2097.0   5.267100345094054e-10 
  2098.0   2.70197604714781e-10 
  2099.0   3.618575812460304e-10 
  2100.0   3.042888338925194e-10 
