  2015.0   295.01187891631065 
  2016.0   294.7532137763257 
  2017.0   295.2234938328513 
  2018.0   294.8096799526023 
  2019.0   295.0798444837034 
  2020.0   294.24305034838676 
  2021.0   295.20392995048746 
  2022.0   294.86426419306997 
  2023.0   295.0400271934847 
  2024.0   295.2458750542665 
  2025.0   295.4809461064954 
  2026.0   295.21232861024436 
  2027.0   295.2705066340481 
  2028.0   295.5966714929453 
  2029.0   294.9942838669333 
  2030.0   294.7411919746466 
  2031.0   295.61967958428545 
  2032.0   295.7828031876338 
  2033.0   295.3012206355471 
  2034.0   295.4159209765555 
  2035.0   294.940148386421 
  2036.0   295.11033625552443 
  2037.0   294.9416745135786 
  2038.0   294.93954079347384 
  2039.0   295.3318986774247 
  2040.0   295.73927079311824 
  2041.0   295.74905549645325 
  2042.0   295.36044284755246 
  2043.0   295.67217557910044 
  2044.0   295.27027877405516 
  2045.0   295.8125360690734 
  2046.0   295.6820278090827 
  2047.0   295.8204987015386 
  2048.0   295.7023143956912 
  2049.0   296.92426524239477 
  2050.0   296.20591678383846 
  2051.0   295.5887340383988 
  2052.0   295.760597081709 
  2053.0   295.96927536491984 
  2054.0   296.01103577798165 
  2055.0   295.8623406683068 
  2056.0   295.7295864821465 
  2057.0   295.1375205687542 
  2058.0   296.0197703895601 
  2059.0   295.6828721289922 
  2060.0   296.10241037850784 
  2061.0   296.0757113965425 
  2062.0   295.8115863395513 
  2063.0   295.89240540089054 
  2064.0   295.7027235857536 
  2065.0   296.39962408600394 
  2066.0   296.23637377433005 
  2067.0   295.0055255003655 
  2068.0   295.97863411579766 
  2069.0   296.1843644411604 
  2070.0   295.6419612340983 
  2071.0   295.6926607227046 
  2072.0   296.2508420678753 
  2073.0   296.14795572149876 
  2074.0   296.17258545621615 
  2075.0   295.8532331451746 
  2076.0   295.53998202112456 
  2077.0   295.94248483089905 
  2078.0   296.2785296591627 
  2079.0   296.2621803023112 
  2080.0   296.00488161164225 
  2081.0   296.0340712461092 
  2082.0   296.34259375330515 
  2083.0   296.0935117360131 
  2084.0   295.2999791531214 
  2085.0   296.9752566421667 
  2086.0   296.1381601660138 
  2087.0   296.2842444075285 
  2088.0   296.1363940647096 
  2089.0   295.57778129462986 
  2090.0   296.1227873672784 
  2091.0   295.824050610737 
  2092.0   296.73149202465265 
  2093.0   296.1952938194297 
  2094.0   296.25485368574823 
  2095.0   295.5776899393799 
  2096.0   295.7544577402017 
  2097.0   297.1104486354687 
  2098.0   296.03370845872183 
  2099.0   296.06794732162706 
  2100.0   296.2934444051396 
