  2015.0   48.002183478807794 
  2016.0   47.71636744560428 
  2017.0   47.95772159765249 
  2018.0   48.171493713086804 
  2019.0   48.056616153691344 
  2020.0   48.12635274018995 
  2021.0   48.00704593468928 
  2022.0   48.110251756008786 
  2023.0   48.51892143755173 
  2024.0   49.013580990294905 
  2025.0   49.261574262835204 
  2026.0   48.89269962213826 
  2027.0   48.611675201625154 
  2028.0   48.590657649229016 
  2029.0   48.864556984883535 
  2030.0   48.926938325688326 
  2031.0   49.00584856840401 
  2032.0   49.13439667047891 
  2033.0   49.08463260361105 
  2034.0   49.024119397035484 
  2035.0   49.35473140040659 
  2036.0   49.5992297870987 
  2037.0   49.464890171544006 
  2038.0   49.458916746990546 
  2039.0   49.43593690379392 
  2040.0   49.243860719836 
  2041.0   49.682402600444 
  2042.0   50.13195114236987 
  2043.0   49.936706648630704 
  2044.0   50.122203376390516 
  2045.0   50.21627393319629 
  2046.0   50.05284155115839 
  2047.0   50.01139835470277 
  2048.0   50.10002092068914 
  2049.0   50.266271282622185 
  2050.0   50.40466683051106 
  2051.0   50.40170257826295 
  2052.0   50.349638572737575 
  2053.0   50.584061088676535 
  2054.0   51.03042875227512 
  2055.0   50.967246086369954 
  2056.0   50.63427021015963 
  2057.0   51.005978315686434 
  2058.0   51.10325633430566 
  2059.0   50.930838108051624 
  2060.0   51.027819367006074 
  2061.0   51.205086621858726 
  2062.0   51.64110135853956 
  2063.0   51.97264957878117 
  2064.0   51.82792224523776 
  2065.0   51.43397950881492 
  2066.0   51.41665281741661 
  2067.0   52.13801094396322 
  2068.0   52.33755227692886 
  2069.0   52.1435051760389 
  2070.0   52.07317828068914 
  2071.0   51.90782870106977 
  2072.0   51.912543781956956 
  2073.0   52.09236831177772 
  2074.0   52.136003612587345 
  2075.0   52.370896285445426 
  2076.0   52.70391404415118 
  2077.0   52.62056157683392 
  2078.0   52.29428505701272 
  2079.0   52.335988175141125 
  2080.0   52.32456197275092 
  2081.0   52.86647563437067 
  2082.0   53.1906013963872 
  2083.0   52.8539650666061 
  2084.0   52.59266065768753 
  2085.0   52.95216772055295 
  2086.0   52.96183785438256 
  2087.0   52.87125700851042 
  2088.0   53.13087287019864 
  2089.0   53.45227869832048 
  2090.0   53.49761994847144 
  2091.0   53.24369813303359 
  2092.0   52.901226219647874 
  2093.0   53.04787210387791 
  2094.0   53.43187756880621 
  2095.0   53.6017547664754 
  2096.0   53.31928003552283 
  2097.0   53.334208607418155 
  2098.0   53.5929252414676 
  2099.0   53.70551329504158 
  2100.0   53.60891404502121 
