  2015.0   0.8388168047384843 
  2016.0   0.9042465574425863 
  2017.0   0.8614676088096156 
  2018.0   0.8126177787263202 
  2019.0   0.9278067329199584 
  2020.0   0.9218345430220186 
  2021.0   0.8984991277523584 
  2022.0   0.7984335816653988 
  2023.0   0.8124681246144003 
  2024.0   0.7520678080775538 
  2025.0   0.8607267927289081 
  2026.0   0.8818989578891647 
  2027.0   0.8390835293240475 
  2028.0   0.8722397648170294 
  2029.0   0.8550904608627935 
  2030.0   0.8248730264597465 
  2031.0   0.8389428809718625 
  2032.0   0.8878939932830218 
  2033.0   0.828895821554435 
  2034.0   0.9096619438967604 
  2035.0   0.871116373558022 
  2036.0   0.7994017225450342 
  2037.0   0.9035523392201651 
  2038.0   0.8835295624790352 
  2039.0   0.7899172689763359 
  2040.0   0.8562487950319633 
  2041.0   0.7857105009855213 
  2042.0   0.7777143838760162 
  2043.0   0.7895570437057334 
  2044.0   0.8581778828160772 
  2045.0   0.8345457755081765 
  2046.0   0.8133224552948121 
  2047.0   0.7977931600396417 
  2048.0   0.7341140773519601 
  2049.0   0.8659419303009291 
  2050.0   0.814673141367538 
  2051.0   0.8291850531849007 
  2052.0   0.8845490725564312 
  2053.0   0.8099966705579549 
  2054.0   0.8562225672230799 
  2055.0   0.8612350100010924 
  2056.0   0.8957148236071115 
  2057.0   0.7975218117676937 
  2058.0   0.8517821100645053 
  2059.0   0.8552731967627736 
  2060.0   0.8871825339364956 
  2061.0   0.8483919080143935 
  2062.0   0.8077205913900917 
  2063.0   0.8660815905561083 
  2064.0   0.8533259941194642 
  2065.0   0.9150072378217109 
  2066.0   0.8311751348082199 
  2067.0   0.8436247149625672 
  2068.0   0.8381448367176293 
  2069.0   0.8298845955825683 
  2070.0   0.9739328054509884 
  2071.0   0.7682832065547414 
  2072.0   0.8338459814346921 
  2073.0   0.8548888875229206 
  2074.0   0.8429644428322839 
  2075.0   0.9112017395116848 
  2076.0   0.8834126086184035 
  2077.0   0.8658536883652574 
  2078.0   0.8004107982348597 
  2079.0   0.8201726218772203 
  2080.0   0.8710922617347466 
  2081.0   0.8524754497660487 
  2082.0   0.8528362999882978 
  2083.0   0.87283895448364 
  2084.0   0.878636934593022 
  2085.0   0.8347732295587088 
  2086.0   0.8339080702490703 
  2087.0   0.9465491292613005 
  2088.0   0.8692485165329963 
  2089.0   0.9087655212394647 
  2090.0   0.8518830486626965 
  2091.0   0.8262788440123389 
  2092.0   0.8002163949840492 
  2093.0   0.7946722404436205 
  2094.0   0.8282934451425946 
  2095.0   0.7772234258879425 
  2096.0   0.8560916151255026 
  2097.0   0.8228216293447594 
  2098.0   0.8343895698425526 
  2099.0   0.9086838891935314 
  2100.0   0.8535220708467569 
