  2015.0   1.0529511102396805e-09 
  2016.0   1.328443631223156e-09 
  2017.0   1.335209344717349e-09 
  2018.0   1.2707078944439796e-09 
  2019.0   1.2411172802290542e-09 
  2020.0   1.2999224799208374e-09 
  2021.0   1.4825660388349708e-09 
  2022.0   1.2080528355766308e-09 
  2023.0   1.215523486577113e-09 
  2024.0   1.6475321331684558e-09 
  2025.0   1.3603709362060228e-09 
  2026.0   8.20415325294889e-10 
  2027.0   1.5352932171384667e-09 
  2028.0   1.6235649161703346e-09 
  2029.0   1.5022063550358665e-09 
  2030.0   1.7616149075686594e-09 
  2031.0   1.3424690141120492e-09 
  2032.0   1.496500244014598e-09 
  2033.0   1.1450070853467294e-09 
  2034.0   1.0040049537283222e-09 
  2035.0   1.6490219120916552e-09 
  2036.0   1.673430562897735e-09 
  2037.0   1.344944474300325e-09 
  2038.0   1.4720207235934446e-09 
  2039.0   1.1793830618104408e-09 
  2040.0   1.506876517488458e-09 
  2041.0   1.4344761277964528e-09 
  2042.0   1.3765676379156965e-09 
  2043.0   1.7892027008412909e-09 
  2044.0   1.6352684841927779e-09 
  2045.0   1.0364470244583656e-09 
  2046.0   1.1436038074007184e-09 
  2047.0   1.2764106519412313e-09 
  2048.0   1.9176805156615003e-09 
  2049.0   1.231610047519762e-09 
  2050.0   1.396955509784227e-09 
  2051.0   1.8054189678921723e-09 
  2052.0   1.38126848525004e-09 
  2053.0   1.1078580031646794e-09 
  2054.0   1.3062211171140315e-09 
  2055.0   1.3178475871242648e-09 
  2056.0   1.409247196987133e-09 
  2057.0   1.458868082619037e-09 
  2058.0   1.5912107484867268e-09 
  2059.0   1.6866956132885302e-09 
  2060.0   1.5864830237678523e-09 
  2061.0   1.464042094336305e-09 
  2062.0   1.1426566039499657e-09 
  2063.0   1.575392158554086e-09 
  2064.0   1.428400516614552e-09 
  2065.0   1.2748160089155401e-09 
  2066.0   1.7974782425916655e-09 
  2067.0   1.0955326479608332e-09 
  2068.0   1.8602946949290328e-09 
  2069.0   1.5333227113284561e-09 
  2070.0   1.7856416742322827e-09 
  2071.0   1.2261671961776667e-09 
  2072.0   1.7264292620318174e-09 
  2073.0   1.4636943247361053e-09 
  2074.0   1.4283646711304595e-09 
  2075.0   1.4765812218721272e-09 
  2076.0   1.5974070161770036e-09 
  2077.0   1.669141388984048e-09 
  2078.0   1.4930956088564627e-09 
  2079.0   1.535856700950289e-09 
  2080.0   1.1683886502687348e-09 
  2081.0   1.7052570502557744e-09 
  2082.0   1.2870446199022176e-09 
  2083.0   1.154956670646066e-09 
  2084.0   1.8442185649796346e-09 
  2085.0   1.592397007503331e-09 
  2086.0   1.6112279879912194e-09 
  2087.0   1.1524886139530587e-09 
  2088.0   1.407087509282807e-09 
  2089.0   2.182031685981591e-09 
  2090.0   1.9917757776588954e-09 
  2091.0   1.3359337439323452e-09 
  2092.0   1.3224210570503898e-09 
  2093.0   1.689981190991801e-09 
  2094.0   1.5613719408825084e-09 
  2095.0   1.6376303224049131e-09 
  2096.0   1.3812671121459928e-09 
  2097.0   2.092761880798928e-09 
  2098.0   1.5542935759692538e-09 
  2099.0   1.6121200940658702e-09 
  2100.0   1.43395797501376e-09 
