  2015.0   2.850780626257631e-10 
  2016.0   2.586448281204395e-10 
  2017.0   2.6912944271262805e-10 
  2018.0   2.540619681582256e-10 
  2019.0   2.7008812689331123e-10 
  2020.0   2.79082673539683e-10 
  2021.0   2.811569450230793e-10 
  2022.0   2.6585256497411216e-10 
  2023.0   2.571106284158882e-10 
  2024.0   2.7603733514047546e-10 
  2025.0   2.554968540720173e-10 
  2026.0   2.6359367007476154e-10 
  2027.0   2.5271816681022116e-10 
  2028.0   2.6530595795895053e-10 
  2029.0   2.5933953260966243e-10 
  2030.0   2.5353377779003566e-10 
  2031.0   2.6689382259215605e-10 
  2032.0   2.6717223393820387e-10 
  2033.0   2.4687920236634265e-10 
  2034.0   2.5022320014670976e-10 
  2035.0   2.821961310608484e-10 
  2036.0   2.5405886466938693e-10 
  2037.0   2.433568317418221e-10 
  2038.0   2.6222370443878873e-10 
  2039.0   2.6853675241555824e-10 
  2040.0   2.5331087384895853e-10 
  2041.0   2.551581093738407e-10 
  2042.0   2.3896266605243394e-10 
  2043.0   2.6647612595221103e-10 
  2044.0   2.6541581661756096e-10 
  2045.0   2.6330940526534215e-10 
  2046.0   2.7738954934087325e-10 
  2047.0   2.794807197962735e-10 
  2048.0   2.506551433488187e-10 
  2049.0   2.5815915599723755e-10 
  2050.0   2.8373426756712545e-10 
  2051.0   2.5984567146076486e-10 
  2052.0   2.6070165032486784e-10 
  2053.0   2.6243766141391445e-10 
  2054.0   2.8109976114108124e-10 
  2055.0   2.904575792796635e-10 
  2056.0   2.890783585550836e-10 
  2057.0   2.7876623779754467e-10 
  2058.0   2.860488162712354e-10 
  2059.0   2.8073673374331556e-10 
  2060.0   2.998821528444083e-10 
  2061.0   2.8362011943752273e-10 
  2062.0   3.10781502327398e-10 
  2063.0   3.060132623203065e-10 
  2064.0   3.243512787652009e-10 
  2065.0   3.2860335132338446e-10 
  2066.0   3.277088376310553e-10 
  2067.0   3.1950726568061587e-10 
  2068.0   3.3894278506503094e-10 
  2069.0   3.171770337337972e-10 
  2070.0   3.2539523333012377e-10 
  2071.0   3.343451602279915e-10 
  2072.0   3.0992369935296313e-10 
  2073.0   3.2282847882727897e-10 
  2074.0   3.371545707850837e-10 
  2075.0   3.521053320034153e-10 
  2076.0   3.4133171302885345e-10 
  2077.0   3.2368373234229046e-10 
  2078.0   3.3401175795396514e-10 
  2079.0   3.6107936094095207e-10 
  2080.0   3.834495303202925e-10 
  2081.0   3.449980066574342e-10 
  2082.0   3.553682243625158e-10 
  2083.0   3.766346327363483e-10 
  2084.0   4.113580547068493e-10 
  2085.0   4.0303979724797256e-10 
  2086.0   4.1140006871080613e-10 
  2087.0   3.945723675812856e-10 
  2088.0   3.800881827169836e-10 
  2089.0   3.698475312987439e-10 
  2090.0   3.957621988945294e-10 
  2091.0   4.2201010116628207e-10 
  2092.0   3.9313722759326917e-10 
  2093.0   4.045725371726246e-10 
  2094.0   4.2864299962860604e-10 
  2095.0   4.084073226255955e-10 
  2096.0   4.1294671646713794e-10 
  2097.0   3.8257012515276386e-10 
  2098.0   3.756059158742265e-10 
  2099.0   4.156209559749825e-10 
  2100.0   3.6712585096124076e-10 
