  2015.0   -0.2561784038109786 
  2016.0   0.33327016800746706 
  2017.0   0.301373209360364 
  2018.0   -0.28067667889351056 
  2019.0   0.45850279506257435 
  2020.0   -0.14710851101803915 
  2021.0   0.4002607537793403 
  2022.0   -0.7553177752489078 
  2023.0   0.14954359904768139 
  2024.0   0.2685311563766118 
  2025.0   0.12671965559146872 
  2026.0   0.12868409930794042 
  2027.0   -0.403801801607841 
  2028.0   -0.47365832957601883 
  2029.0   0.3464353964257891 
  2030.0   -0.511962677640376 
  2031.0   0.0179137338974166 
  2032.0   0.02701674324749706 
  2033.0   0.14834579828596375 
  2034.0   -0.4432495400183334 
  2035.0   -0.7860210112349052 
  2036.0   -0.7948602640954031 
  2037.0   0.4571607530254411 
  2038.0   0.08103593227568709 
  2039.0   0.5224018527372123 
  2040.0   -0.12323977783864899 
  2041.0   -0.1958134037751323 
  2042.0   -0.009258253525989399 
  2043.0   0.4020076892220358 
  2044.0   -0.11515225990346804 
  2045.0   -0.5623549088373125 
  2046.0   -0.39629605756738534 
  2047.0   0.17815128897770083 
  2048.0   0.8400158193050715 
  2049.0   -0.08065922408587262 
  2050.0   0.023237857658310105 
  2051.0   -0.5494340170591655 
  2052.0   -0.13986303014991047 
  2053.0   -0.8381587737025477 
  2054.0   -0.40185250488706453 
  2055.0   -0.3627190627030233 
  2056.0   0.11076707527020546 
  2057.0   0.30691490469483734 
  2058.0   -0.429535134917767 
  2059.0   0.4572553754983452 
  2060.0   0.5799021431636338 
  2061.0   0.07586819908985269 
  2062.0   -0.6610882188571203 
  2063.0   -0.18346853409969496 
  2064.0   -0.06815127076969034 
  2065.0   0.8019203803172963 
  2066.0   -0.07623761524108033 
  2067.0   -0.28592976216719845 
  2068.0   0.04714934236604081 
  2069.0   -0.559262886715694 
  2070.0   -0.23861809701003434 
  2071.0   0.14609294971886697 
  2072.0   0.05453113161850263 
  2073.0   0.015519132845309631 
  2074.0   -0.16470177526007754 
  2075.0   0.19511846905865504 
  2076.0   -0.19478601081200403 
  2077.0   -0.12291580688048485 
  2078.0   -0.6612589860910046 
  2079.0   -0.36570616401943806 
  2080.0   0.010387079248477584 
  2081.0   0.368555015072561 
  2082.0   -0.39225557935455835 
  2083.0   -0.34960852296278433 
  2084.0   0.5800892175628436 
  2085.0   -0.11269039699431603 
  2086.0   0.29056188444668263 
  2087.0   0.4239274655208547 
  2088.0   -0.18762709643487133 
  2089.0   -0.34883525139055754 
  2090.0   0.8069918872756033 
  2091.0   -0.7241409666347295 
  2092.0   -0.6474761956748087 
  2093.0   -0.8425317347939689 
  2094.0   -0.03019985670559011 
  2095.0   0.1852925714089347 
  2096.0   0.6580467784898467 
  2097.0   -0.4958197079714529 
  2098.0   -0.1597046484788429 
  2099.0   0.2366948024035092 
  2100.0   -0.30354213313803147 
