  2015.0   187.81564773002893 
  2016.0   187.1437884204075 
  2017.0   187.12237515534974 
  2018.0   187.2107991910526 
  2019.0   187.69228369923826 
  2020.0   187.75402930316034 
  2021.0   187.0171150748213 
  2022.0   187.36474773237398 
  2023.0   187.77471668830069 
  2024.0   188.39169545076038 
  2025.0   188.34938786356867 
  2026.0   187.94376006584844 
  2027.0   188.5860355585611 
  2028.0   189.1145614582661 
  2029.0   188.9227774737423 
  2030.0   189.0652415358716 
  2031.0   189.41703137163225 
  2032.0   189.17090426323117 
  2033.0   189.16077006313935 
  2034.0   189.6925732876283 
  2035.0   189.70272862709555 
  2036.0   189.5410344660179 
  2037.0   190.1283783590673 
  2038.0   190.50196751509748 
  2039.0   189.88746941898435 
  2040.0   190.24315515306773 
  2041.0   190.48826200714043 
  2042.0   190.83176535809648 
  2043.0   191.42020460102447 
  2044.0   191.0312301018307 
  2045.0   191.74263784790244 
  2046.0   191.6639466950636 
  2047.0   190.73212001301246 
  2048.0   191.8546523024667 
  2049.0   192.5596807829385 
  2050.0   192.2634133050694 
  2051.0   191.5807804487517 
  2052.0   192.08024664360772 
  2053.0   193.1762346903441 
  2054.0   193.4645030519712 
  2055.0   192.81574441558055 
  2056.0   192.6568593739812 
  2057.0   192.53133871839705 
  2058.0   193.40805531859814 
  2059.0   193.6444698963684 
  2060.0   193.14807368364916 
  2061.0   192.62467943886242 
  2062.0   192.9597187668917 
  2063.0   193.10737551117282 
  2064.0   192.0990899226623 
  2065.0   192.36025487568878 
  2066.0   193.13960213313328 
  2067.0   192.3115082488228 
  2068.0   191.518940203721 
  2069.0   192.95283819936046 
  2070.0   193.64013997989278 
  2071.0   192.10206634351601 
  2072.0   191.63644226413098 
  2073.0   192.39296986896582 
  2074.0   192.3811220431107 
  2075.0   191.91667366575166 
  2076.0   192.33600830527433 
  2077.0   192.35681047902193 
  2078.0   193.10436733794046 
  2079.0   192.33974322277356 
  2080.0   192.04243424067636 
  2081.0   192.9367449860636 
  2082.0   193.1522984053939 
  2083.0   192.07273716903688 
  2084.0   191.89791355241428 
  2085.0   193.0027696446853 
  2086.0   193.44468286460986 
  2087.0   192.86108863075287 
  2088.0   192.95458305194433 
  2089.0   192.81682276412778 
  2090.0   192.77136247461053 
  2091.0   193.58536998417415 
  2092.0   192.8276839739135 
  2093.0   191.8983307217214 
  2094.0   193.2059226929049 
  2095.0   193.76391374678008 
  2096.0   192.3186066992684 
  2097.0   192.33774218591648 
  2098.0   193.08756058302902 
  2099.0   192.70955444040447 
  2100.0   192.02513663291242 
