  2015.0   6.098237759375584 
  2016.0   6.57009364069342 
  2017.0   6.627143348909338 
  2018.0   6.164959344234806 
  2019.0   6.38165745831913 
  2020.0   6.784902970574465 
  2021.0   6.661721873576002 
  2022.0   5.859282930673573 
  2023.0   5.78624598546033 
  2024.0   5.65381552273054 
  2025.0   6.486409480118726 
  2026.0   6.189027665921711 
  2027.0   6.427225456004627 
  2028.0   6.058864449797831 
  2029.0   6.216378428520913 
  2030.0   6.076750938418927 
  2031.0   6.0077730342600475 
  2032.0   6.294000200117874 
  2033.0   6.206383160119381 
  2034.0   6.306855683633183 
  2035.0   6.3022897092255015 
  2036.0   6.110400302054382 
  2037.0   6.278136656102823 
  2038.0   6.1114720174014305 
  2039.0   6.200038946884669 
  2040.0   6.083513871329682 
  2041.0   5.8579518725419195 
  2042.0   5.359066634467759 
  2043.0   6.0032401952887 
  2044.0   5.754322729927731 
  2045.0   6.23839387442073 
  2046.0   5.706711570894956 
  2047.0   5.835007521509769 
  2048.0   5.4753233802772145 
  2049.0   6.252012547664207 
  2050.0   5.989282044701586 
  2051.0   5.79296046533209 
  2052.0   6.063463670468697 
  2053.0   5.84023900752254 
  2054.0   6.270315668475369 
  2055.0   6.005296072458369 
  2056.0   6.250874989610316 
  2057.0   5.657377051581123 
  2058.0   5.960059200403447 
  2059.0   6.2559608271820855 
  2060.0   6.2934452615371 
  2061.0   5.657814895363166 
  2062.0   6.238811737605341 
  2063.0   5.920932872480854 
  2064.0   6.270916262211312 
  2065.0   6.22422942221551 
  2066.0   6.219915421740174 
  2067.0   5.611822633418146 
  2068.0   6.135064793630477 
  2069.0   6.250882411898202 
  2070.0   6.44484582811478 
  2071.0   5.553357134136354 
  2072.0   6.107581695008602 
  2073.0   6.120869555998527 
  2074.0   6.002800190187994 
  2075.0   6.45990569584942 
  2076.0   6.6281556415920395 
  2077.0   5.775722101527937 
  2078.0   6.07788376101104 
  2079.0   5.603944931323992 
  2080.0   6.388115033015288 
  2081.0   5.914913448737212 
  2082.0   6.164867549055799 
  2083.0   6.120508719248723 
  2084.0   5.809940256933423 
  2085.0   6.194375737409546 
  2086.0   6.278323932208299 
  2087.0   6.1596370184009555 
  2088.0   6.539809731786741 
  2089.0   6.39320200579984 
  2090.0   6.19624769113474 
  2091.0   5.824868653435027 
  2092.0   5.792898015890478 
  2093.0   5.831807376609059 
  2094.0   6.1233221052098585 
  2095.0   5.38190236360224 
  2096.0   5.953275582634111 
  2097.0   6.342922137836528 
  2098.0   5.8550658201556285 
  2099.0   6.582590566629207 
  2100.0   6.05412236103214 
