  2015.0   9.192711632355818 
  2016.0   9.535810091317593 
  2017.0   9.212433467006067 
  2018.0   9.615797035423002 
  2019.0   9.482853819237581 
  2020.0   9.812937733313193 
  2021.0   9.587373658238851 
  2022.0   9.315124870031777 
  2023.0   9.565767458693047 
  2024.0   9.529071216628585 
  2025.0   9.624519819072383 
  2026.0   9.683855906706409 
  2027.0   9.630169740998733 
  2028.0   9.699962784412197 
  2029.0   9.745800361758427 
  2030.0   9.80178772563804 
  2031.0   9.74329335971051 
  2032.0   9.798609538916569 
  2033.0   9.506535015175505 
  2034.0   9.633578606107363 
  2035.0   9.629820338741398 
  2036.0   9.818183256883309 
  2037.0   9.492430807132832 
  2038.0   9.876488213449788 
  2039.0   9.819385572148374 
  2040.0   9.522299219107449 
  2041.0   9.842688221655354 
  2042.0   9.805497537949485 
  2043.0   10.04415797032318 
  2044.0   10.22362326960116 
  2045.0   9.762142964154258 
  2046.0   9.994442458554637 
  2047.0   10.067885136138827 
  2048.0   9.524856744381768 
  2049.0   10.09760317444996 
  2050.0   10.01895863899887 
  2051.0   10.195479822458788 
  2052.0   9.707425027515402 
  2053.0   9.900326093069756 
  2054.0   9.895393860361072 
  2055.0   10.26874046690097 
  2056.0   9.824644329280744 
  2057.0   9.743837612559652 
  2058.0   9.61961131392962 
  2059.0   10.02471543289922 
  2060.0   9.943209439806271 
  2061.0   9.642051506177554 
  2062.0   9.767759876238292 
  2063.0   9.888778451540478 
  2064.0   10.040424913064353 
  2065.0   9.695456706612802 
  2066.0   9.76257297260103 
  2067.0   9.616370887524686 
  2068.0   9.87290865836812 
  2069.0   9.55515300145345 
  2070.0   10.12922464471421 
  2071.0   10.173862375045331 
  2072.0   9.80035569758946 
  2073.0   9.69288681384146 
  2074.0   10.201110702290388 
  2075.0   9.737410317137693 
  2076.0   9.729805882193343 
  2077.0   10.14122246702664 
  2078.0   9.887846970825192 
  2079.0   10.434949074384681 
  2080.0   9.924566622775243 
  2081.0   9.867524806186818 
  2082.0   9.962573889901162 
  2083.0   9.74715462429339 
  2084.0   9.776569331905616 
  2085.0   9.551319253779706 
  2086.0   10.102449009653892 
  2087.0   10.238755614859954 
  2088.0   9.875036466473016 
  2089.0   10.179939797236518 
  2090.0   10.01816733132905 
  2091.0   10.01375752352986 
  2092.0   10.164347028814406 
  2093.0   9.744999503578784 
  2094.0   9.506407175797097 
  2095.0   10.169976824085634 
  2096.0   10.22744399565565 
  2097.0   9.569466636351715 
  2098.0   9.859930012552484 
  2099.0   9.745730919743503 
  2100.0   9.786484751071447 
