  2015.0   297.80250267813335 
  2016.0   297.9237804695886 
  2017.0   298.2377533572263 
  2018.0   298.2950410289377 
  2019.0   298.4041544661965 
  2020.0   298.04336920709096 
  2021.0   297.8929158400973 
  2022.0   298.6026829017668 
  2023.0   298.5265819906837 
  2024.0   298.4184417968861 
  2025.0   298.25272610531357 
  2026.0   299.02724070906817 
  2027.0   298.6582471671233 
  2028.0   298.5667893859554 
  2029.0   298.8510805986223 
  2030.0   298.48279861744993 
  2031.0   298.5577912849412 
  2032.0   299.3139640362803 
  2033.0   298.2483607326593 
  2034.0   298.2400972278652 
  2035.0   298.37186130902774 
  2036.0   298.6929753949436 
  2037.0   299.62032253752665 
  2038.0   299.3885353903028 
  2039.0   298.46365487802103 
  2040.0   298.39453116690777 
  2041.0   298.29017193968116 
  2042.0   298.94532824289576 
  2043.0   299.26462032349497 
  2044.0   298.3714312510183 
  2045.0   297.8972837950952 
  2046.0   298.21805337157633 
  2047.0   298.4571673343657 
  2048.0   298.8589621058053 
  2049.0   299.025949066207 
  2050.0   298.68268744689067 
  2051.0   298.19366020629775 
  2052.0   298.0470178607567 
  2053.0   299.18036170758194 
  2054.0   299.6677924185788 
  2055.0   298.3980600660644 
  2056.0   298.7380604143058 
  2057.0   299.4516983120819 
  2058.0   298.50154780220333 
  2059.0   298.9088903068331 
  2060.0   299.47296146011126 
  2061.0   298.6917910585143 
  2062.0   298.9062051903069 
  2063.0   299.03010341860687 
  2064.0   298.9687277367459 
  2065.0   298.82480609501386 
  2066.0   299.2921762702657 
  2067.0   298.66885397292697 
  2068.0   298.6481734936434 
  2069.0   299.4623673935359 
  2070.0   299.59841987613714 
  2071.0   298.5079657931369 
  2072.0   298.76655994432 
  2073.0   298.4970899861887 
  2074.0   299.27919583493957 
  2075.0   299.2241298284795 
  2076.0   298.92377806180656 
  2077.0   299.65221103558764 
  2078.0   298.6225171865423 
  2079.0   298.43650197648236 
  2080.0   298.42573612031754 
  2081.0   299.42461391083435 
  2082.0   299.5410766963516 
  2083.0   298.83471282681296 
  2084.0   299.26525814326686 
  2085.0   298.24884865290244 
  2086.0   298.32430931304407 
  2087.0   298.0340953965295 
  2088.0   298.4971477482996 
  2089.0   299.15758644489523 
  2090.0   298.7622406734856 
  2091.0   298.88302187487056 
  2092.0   298.8347853346819 
  2093.0   298.8950644269103 
  2094.0   299.3394943080895 
  2095.0   299.02575734386363 
  2096.0   297.9529431527882 
  2097.0   298.13106938353553 
  2098.0   299.3637022340586 
  2099.0   298.5770080013988 
  2100.0   298.65515673817777 
