  2015.0   3.4885489948422306 
  2016.0   3.4423362198597816 
  2017.0   3.405429138793037 
  2018.0   3.3691436183225574 
  2019.0   3.3368149084730616 
  2020.0   3.2838481885196993 
  2021.0   3.2456787333998105 
  2022.0   3.2175547130184063 
  2023.0   3.1953787058615823 
  2024.0   3.1767120693080684 
  2025.0   3.1681024930109 
  2026.0   3.162711807974529 
  2027.0   3.162645311995368 
  2028.0   3.16381401151293 
  2029.0   3.1648450405918225 
  2030.0   3.1739533203548995 
  2031.0   3.1823921417094847 
  2032.0   3.191785314440044 
  2033.0   3.205168125051983 
  2034.0   3.2181699067517253 
  2035.0   3.2179467731706444 
  2036.0   3.22115343110819 
  2037.0   3.2309964668664928 
  2038.0   3.238011288845809 
  2039.0   3.2411014324493452 
  2040.0   3.2342634994783492 
  2041.0   3.239825829584171 
  2042.0   3.2474754208132435 
  2043.0   3.2518964708880556 
  2044.0   3.252939074024701 
  2045.0   3.2593443160608677 
  2046.0   3.2671469382613094 
  2047.0   3.273688033580888 
  2048.0   3.2745481088988866 
  2049.0   3.274194176150889 
  2050.0   3.273043798782103 
  2051.0   3.276406832065958 
  2052.0   3.281207115476194 
  2053.0   3.289569127508214 
  2054.0   3.2987521017185792 
  2055.0   3.315372306263557 
  2056.0   3.3289582920553427 
  2057.0   3.3471392322161897 
  2058.0   3.366931862865614 
  2059.0   3.3828889748309248 
  2060.0   3.380218361870192 
  2061.0   3.3825292232323876 
  2062.0   3.3858402910567955 
  2063.0   3.393723286907833 
  2064.0   3.395662413259211 
  2065.0   3.3939889909657244 
  2066.0   3.3941427774910102 
  2067.0   3.396300388217974 
  2068.0   3.393152723829261 
  2069.0   3.3912502245021043 
  2070.0   3.422434562249474 
  2071.0   3.4457935434887146 
  2072.0   3.4677115155042593 
  2073.0   3.4911049649097867 
  2074.0   3.5057309594684605 
  2075.0   3.5471323071356733 
  2076.0   3.5762581343603568 
  2077.0   3.6021794023822094 
  2078.0   3.622467276425782 
  2079.0   3.6397826431695757 
  2080.0   3.6327864227308586 
  2081.0   3.6324202905583167 
  2082.0   3.636871855219776 
  2083.0   3.646458080028855 
  2084.0   3.6541757233428704 
  2085.0   3.6001701551651615 
  2086.0   3.566781318490322 
  2087.0   3.545797437127137 
  2088.0   3.5293994983517534 
  2089.0   3.509731600415946 
  2090.0   3.4835602910877737 
  2091.0   3.4664726146227767 
  2092.0   3.446726323642598 
  2093.0   3.4244125775456897 
  2094.0   3.404963735798777 
  2095.0   3.374635585888419 
  2096.0   3.349179383879208 
  2097.0   3.3249978261477904 
  2098.0   3.295602579735734 
  2099.0   3.2657522650083517 
  2100.0   3.242205405480016 
