  2015.0   3.7316480170088255e-10 
  2016.0   3.782085320323431e-10 
  2017.0   3.891981895489953e-10 
  2018.0   3.8743243633854213e-10 
  2019.0   3.839308913539207e-10 
  2020.0   3.748576069633951e-10 
  2021.0   3.662039522736223e-10 
  2022.0   3.6757099703341497e-10 
  2023.0   3.700512396377599e-10 
  2024.0   3.6769815277229914e-10 
  2025.0   3.7231800506403936e-10 
  2026.0   3.803827655762539e-10 
  2027.0   3.851304207201712e-10 
  2028.0   4.0079955256853794e-10 
  2029.0   4.146930703814354e-10 
  2030.0   4.074540916799115e-10 
  2031.0   3.7747830320290506e-10 
  2032.0   3.633506958938023e-10 
  2033.0   3.6581960527779505e-10 
  2034.0   3.8831055670143097e-10 
  2035.0   4.1897744962817337e-10 
  2036.0   4.173003981708995e-10 
  2037.0   3.9957876663325743e-10 
  2038.0   4.1755973924152406e-10 
  2039.0   4.1514479002143216e-10 
  2040.0   4.073178144538584e-10 
  2041.0   4.235293945233934e-10 
  2042.0   4.2763072998609064e-10 
  2043.0   4.2242710763464355e-10 
  2044.0   4.1943776110563933e-10 
  2045.0   4.2181870658856156e-10 
  2046.0   4.213550559142679e-10 
  2047.0   4.359860146110478e-10 
  2048.0   4.214574195485898e-10 
  2049.0   4.1805860068109573e-10 
  2050.0   4.1658100214738556e-10 
  2051.0   4.026512838067349e-10 
  2052.0   4.3232774614381897e-10 
  2053.0   4.4691971385500203e-10 
  2054.0   4.583609393904288e-10 
  2055.0   4.6377328562588993e-10 
  2056.0   4.3586041662578645e-10 
  2057.0   4.4051705477628446e-10 
  2058.0   4.4165416561501237e-10 
  2059.0   4.706812241785234e-10 
  2060.0   4.535442308142368e-10 
  2061.0   4.210588895453454e-10 
  2062.0   4.1713717482758666e-10 
  2063.0   4.522349234673243e-10 
  2064.0   4.729646370830442e-10 
  2065.0   4.721380216213436e-10 
  2066.0   4.7589555370383e-10 
  2067.0   4.700670956261652e-10 
  2068.0   4.6015091692679156e-10 
  2069.0   4.587127561445753e-10 
  2070.0   4.66091473329284e-10 
  2071.0   4.751961048096433e-10 
  2072.0   4.848409167351678e-10 
  2073.0   4.71470323180356e-10 
  2074.0   4.75189627917919e-10 
  2075.0   4.902902821384538e-10 
  2076.0   4.932264335436429e-10 
  2077.0   5.024153229518983e-10 
  2078.0   4.873446365636214e-10 
  2079.0   4.801460372165013e-10 
  2080.0   4.744496898003107e-10 
  2081.0   4.994779198795921e-10 
  2082.0   5.120377190611002e-10 
  2083.0   5.153638368852249e-10 
  2084.0   5.143260215515998e-10 
  2085.0   5.11475953337468e-10 
  2086.0   5.068977414269663e-10 
  2087.0   5.11664104940477e-10 
  2088.0   5.155630602853152e-10 
  2089.0   5.099608208016278e-10 
  2090.0   5.055454779527101e-10 
  2091.0   4.96127738588265e-10 
  2092.0   4.905258296929278e-10 
  2093.0   5.047408694926884e-10 
  2094.0   5.047993432884277e-10 
  2095.0   5.047493069589375e-10 
  2096.0   5.272705240158655e-10 
  2097.0   5.333286281156419e-10 
  2098.0   5.094665633655013e-10 
  2099.0   5.063698540238802e-10 
  2100.0   4.854477997016641e-10 
