  2015.0   91.99623691106686 
  2016.0   92.00569144514591 
  2017.0   92.01411093724316 
  2018.0   92.04565518080724 
  2019.0   92.0488944732965 
  2020.0   92.09480428461227 
  2021.0   92.15878693850125 
  2022.0   92.22311864990701 
  2023.0   92.28758089701925 
  2024.0   92.32794682743092 
  2025.0   92.39316527127349 
  2026.0   92.39491486205425 
  2027.0   92.42154259244158 
  2028.0   92.47261292104383 
  2029.0   92.5188338024197 
  2030.0   92.5523249954387 
  2031.0   92.62145050354212 
  2032.0   92.70120780887693 
  2033.0   92.75538942328808 
  2034.0   92.78489679185215 
  2035.0   92.82918418844201 
  2036.0   92.89422878270801 
  2037.0   92.99224183079593 
  2038.0   93.06257876722898 
  2039.0   93.15226111573965 
  2040.0   93.22520982174753 
  2041.0   93.25112581250589 
  2042.0   93.34009463766573 
  2043.0   93.44118633873123 
  2044.0   93.43080927295765 
  2045.0   93.47280149597461 
  2046.0   93.57238726437403 
  2047.0   93.66183489060334 
  2048.0   93.76482717692355 
  2049.0   93.86986580345527 
  2050.0   93.9683058325006 
  2051.0   94.09263894171904 
  2052.0   94.12804455287628 
  2053.0   94.20869187008529 
  2054.0   94.32417483924502 
  2055.0   94.35516295716978 
  2056.0   94.43610964806813 
  2057.0   94.57841225181531 
  2058.0   94.67963175323428 
  2059.0   94.77596327716533 
  2060.0   94.8348185784575 
  2061.0   94.91177145761093 
  2062.0   95.00620178688655 
  2063.0   95.10608952447154 
  2064.0   95.22257777698 
  2065.0   95.25644892152609 
  2066.0   95.35574067588287 
  2067.0   95.4765073246819 
  2068.0   95.56568541509948 
  2069.0   95.64886925009723 
  2070.0   95.75346043494748 
  2071.0   95.85294600124705 
  2072.0   95.93849838030872 
  2073.0   95.98430934562647 
  2074.0   96.03180898856684 
  2075.0   96.10871674870374 
  2076.0   96.19673519077715 
  2077.0   96.31268415312307 
  2078.0   96.44502567431272 
  2079.0   96.53928870317709 
  2080.0   96.62171676099427 
  2081.0   96.62079431927657 
  2082.0   96.65242884649138 
  2083.0   96.77618282441273 
  2084.0   96.86708463642336 
  2085.0   96.91716116639533 
  2086.0   96.93369336517961 
  2087.0   96.9708119094707 
  2088.0   97.05547752697785 
  2089.0   97.1553956414273 
  2090.0   97.23278678627011 
  2091.0   97.31116938538429 
  2092.0   97.32234136917212 
  2093.0   97.33505151974761 
  2094.0   97.37839518832149 
  2095.0   97.44586248660377 
  2096.0   97.50346451659053 
  2097.0   97.54428851389972 
  2098.0   97.59144044661036 
  2099.0   97.63131834292282 
  2100.0   97.64431428463709 
