  2015.0   1.5034212325404321 
  2016.0   1.4909019026556245 
  2017.0   1.485880589228464 
  2018.0   1.4898088339568707 
  2019.0   1.5085601666636845 
  2020.0   1.5188884012135515 
  2021.0   1.5125392451510664 
  2022.0   1.5299422473641056 
  2023.0   1.5173040654188397 
  2024.0   1.4783595042019146 
  2025.0   1.449400285747226 
  2026.0   1.4902308943450195 
  2027.0   1.528223420375854 
  2028.0   1.524625010595818 
  2029.0   1.5083880547278563 
  2030.0   1.5149431247761382 
  2031.0   1.5169377640717479 
  2032.0   1.4741478391218859 
  2033.0   1.534913414540526 
  2034.0   1.5519159136461222 
  2035.0   1.5253541508406132 
  2036.0   1.5207999959005196 
  2037.0   1.5306380962377255 
  2038.0   1.5654504293672746 
  2039.0   1.5430269831982526 
  2040.0   1.537186538863516 
  2041.0   1.558721851547277 
  2042.0   1.5664404783524324 
  2043.0   1.5041761825497764 
  2044.0   1.5491070759497232 
  2045.0   1.5330125523993732 
  2046.0   1.5215916437092252 
  2047.0   1.5078103033904173 
  2048.0   1.5117435158829164 
  2049.0   1.5242432556971521 
  2050.0   1.5596635467101114 
  2051.0   1.5498052599999157 
  2052.0   1.5690255573484382 
  2053.0   1.5053615278079782 
  2054.0   1.536665818178286 
  2055.0   1.5145859485780597 
  2056.0   1.5346698056600023 
  2057.0   1.521562618191469 
  2058.0   1.5477086156120121 
  2059.0   1.5166217118451077 
  2060.0   1.4949591264508402 
  2061.0   1.5423138579062146 
  2062.0   1.5520544013036417 
  2063.0   1.5238349715960002 
  2064.0   1.5142960114916186 
  2065.0   1.5533116869141805 
  2066.0   1.5172162505672482 
  2067.0   1.5356886159274736 
  2068.0   1.5959095920350663 
  2069.0   1.5626538505191572 
  2070.0   1.5478527219716223 
  2071.0   1.5341702926875713 
  2072.0   1.5282330542395652 
  2073.0   1.5130680131424836 
  2074.0   1.5204703058260454 
  2075.0   1.5391519372873226 
  2076.0   1.5037684033301917 
  2077.0   1.4936470210173007 
  2078.0   1.49827357076399 
  2079.0   1.4755124152409789 
  2080.0   1.4889135341627053 
  2081.0   1.5084744751472665 
  2082.0   1.5441755093412655 
  2083.0   1.5172503619976445 
  2084.0   1.5577774793680736 
  2085.0   1.477003275143969 
  2086.0   1.526518072087449 
  2087.0   1.505554688250763 
  2088.0   1.5311108937608455 
  2089.0   1.5248855453841863 
  2090.0   1.4984570972841076 
  2091.0   1.5174675565564282 
  2092.0   1.4523093410192158 
  2093.0   1.5555498572026412 
  2094.0   1.5112546606490491 
  2095.0   1.4971248247487108 
  2096.0   1.5170669934476975 
  2097.0   1.4813541949823406 
  2098.0   1.4952266661626172 
  2099.0   1.5032095313666443 
  2100.0   1.5425341217583757 
