  2015.0   4.3880592819504276e-10 
  2016.0   4.793304752390539e-10 
  2017.0   4.638827263112201e-10 
  2018.0   4.670858533455876e-10 
  2019.0   5.168163910832644e-10 
  2020.0   4.6121480238410894e-10 
  2021.0   5.339478219843738e-10 
  2022.0   4.625247642583783e-10 
  2023.0   4.967507117781171e-10 
  2024.0   4.918926580594382e-10 
  2025.0   4.874582435040698e-10 
  2026.0   4.902448888820203e-10 
  2027.0   4.608201826734304e-10 
  2028.0   4.585558262619279e-10 
  2029.0   4.933183601671392e-10 
  2030.0   4.472067342834477e-10 
  2031.0   4.787702371254791e-10 
  2032.0   4.893931384114764e-10 
  2033.0   4.877908245469876e-10 
  2034.0   4.683126851593772e-10 
  2035.0   4.392133242172286e-10 
  2036.0   4.456028268947618e-10 
  2037.0   5.180530362307691e-10 
  2038.0   5.05545987659421e-10 
  2039.0   5.430510191472192e-10 
  2040.0   5.481326420731861e-10 
  2041.0   5.219219225303774e-10 
  2042.0   5.206179818306184e-10 
  2043.0   5.382936991665801e-10 
  2044.0   5.258516748290447e-10 
  2045.0   5.415144070665861e-10 
  2046.0   5.538272358257184e-10 
  2047.0   5.847759530579202e-10 
  2048.0   5.985033147430205e-10 
  2049.0   5.494046532661445e-10 
  2050.0   5.293797075727407e-10 
  2051.0   5.30385600637151e-10 
  2052.0   5.676725912671193e-10 
  2053.0   5.517666188836113e-10 
  2054.0   5.182182137646422e-10 
  2055.0   4.983103548645235e-10 
  2056.0   5.645644939733493e-10 
  2057.0   5.690458979724675e-10 
  2058.0   5.284967840575213e-10 
  2059.0   6.558809350545183e-10 
  2060.0   6.221904092806631e-10 
  2061.0   5.795868801427739e-10 
  2062.0   5.243756833240953e-10 
  2063.0   5.865671800373006e-10 
  2064.0   6.483216516494082e-10 
  2065.0   6.268614031707288e-10 
  2066.0   6.368578970268808e-10 
  2067.0   6.983732439046888e-10 
  2068.0   6.713183286341939e-10 
  2069.0   6.199217699732385e-10 
  2070.0   6.797021945805506e-10 
  2071.0   6.239927824999966e-10 
  2072.0   6.272612673376353e-10 
  2073.0   6.297993700594445e-10 
  2074.0   7.175741037250437e-10 
  2075.0   7.080412361796649e-10 
  2076.0   6.751041090944816e-10 
  2077.0   6.894910150912311e-10 
  2078.0   6.835603942053408e-10 
  2079.0   7.103878879259166e-10 
  2080.0   7.432255598406097e-10 
  2081.0   7.558989409846964e-10 
  2082.0   7.381691709654886e-10 
  2083.0   7.59646126982688e-10 
  2084.0   8.263164470556441e-10 
  2085.0   7.949181050267816e-10 
  2086.0   8.69106432067259e-10 
  2087.0   8.190683372895465e-10 
  2088.0   7.492705227878683e-10 
  2089.0   7.923556082160375e-10 
  2090.0   8.730224026274697e-10 
  2091.0   7.414514352690472e-10 
  2092.0   7.40856918331462e-10 
  2093.0   7.83467416013706e-10 
  2094.0   7.962787541971983e-10 
  2095.0   8.499174317508699e-10 
  2096.0   8.907143372046601e-10 
  2097.0   7.824453291726799e-10 
  2098.0   7.396093878296182e-10 
  2099.0   8.538893519367747e-10 
  2100.0   7.993696175637331e-10 
