  2015.0   1.708940231897537 
  2016.0   1.7605770103381484 
  2017.0   1.7350164015518477 
  2018.0   1.6506916844694868 
  2019.0   1.745355553997567 
  2020.0   1.687998972091273 
  2021.0   1.7692447043432364 
  2022.0   1.7803062810338566 
  2023.0   1.6984531815893997 
  2024.0   1.7048153174068381 
  2025.0   1.7615315752876033 
  2026.0   1.754760803583981 
  2027.0   1.6928380335675557 
  2028.0   1.7311041356901749 
  2029.0   1.8193832758146085 
  2030.0   1.7907880534910088 
  2031.0   1.787494095542242 
  2032.0   1.8184649866100608 
  2033.0   1.7988927287914225 
  2034.0   1.8031033321157235 
  2035.0   1.7925405557458127 
  2036.0   1.8044677051462201 
  2037.0   1.827989616335156 
  2038.0   1.8204954490196483 
  2039.0   1.7728937577194026 
  2040.0   1.7923775115488894 
  2041.0   1.7784760556133237 
  2042.0   1.8138944644816823 
  2043.0   1.7619535073423096 
  2044.0   1.761801266569912 
  2045.0   1.8328730822803943 
  2046.0   1.836903553334933 
  2047.0   1.8071058710395667 
  2048.0   1.7842335565316478 
  2049.0   1.8561988998909578 
  2050.0   1.8509537676534402 
  2051.0   1.8866855406506498 
  2052.0   1.848578231456415 
  2053.0   1.7735668916743939 
  2054.0   1.8336414963140013 
  2055.0   1.8902954284927391 
  2056.0   1.8816556620082494 
  2057.0   1.8928846146587157 
  2058.0   1.808200615933398 
  2059.0   1.8968508815872214 
  2060.0   1.8483975679353646 
  2061.0   1.8576796485012903 
  2062.0   1.8305603202465397 
  2063.0   1.7647267214592435 
  2064.0   1.8727042125828788 
  2065.0   1.890853282343652 
  2066.0   1.8237310077928564 
  2067.0   1.8553837159305187 
  2068.0   1.8481173846605214 
  2069.0   1.8083414080069147 
  2070.0   1.8316316207879626 
  2071.0   1.8514787447301648 
  2072.0   1.8253135177079165 
  2073.0   1.9418009412462742 
  2074.0   1.8645353235868742 
  2075.0   1.8908933536021215 
  2076.0   1.8961641329619214 
  2077.0   1.8547302471974965 
  2078.0   1.8981157343170092 
  2079.0   1.8854511960830176 
  2080.0   1.7941319554888988 
  2081.0   1.8113069413407168 
  2082.0   1.8167755729721553 
  2083.0   1.782849115963109 
  2084.0   1.8420219687268498 
  2085.0   1.7478710820470194 
  2086.0   1.7419238763852776 
  2087.0   1.8219512281999357 
  2088.0   1.827910846070904 
  2089.0   1.8050583079191518 
  2090.0   1.7800133340571573 
  2091.0   1.8113224792935994 
  2092.0   1.7098986820913478 
  2093.0   1.7833419174215743 
  2094.0   1.8228318208925958 
  2095.0   1.8013936076810337 
  2096.0   1.824470678375576 
  2097.0   1.813579070476987 
  2098.0   1.8181460299248442 
  2099.0   1.7653760643961378 
  2100.0   1.7278191693138638 
