  2015.0   1.5003638715945191 
  2016.0   1.6738480869671746 
  2017.0   1.6602692019682734 
  2018.0   1.6904608512832695 
  2019.0   1.5886090218528706 
  2020.0   1.7645197712975154 
  2021.0   1.6900222887815448 
  2022.0   1.404940896748217 
  2023.0   1.4321197254951399 
  2024.0   1.4248558508863705 
  2025.0   1.6454381123021773 
  2026.0   1.5851031727597023 
  2027.0   1.6099079582329352 
  2028.0   1.5322710731254383 
  2029.0   1.584410541418428 
  2030.0   1.5336952574224567 
  2031.0   1.534549790046518 
  2032.0   1.6474190395641575 
  2033.0   1.5599525727247814 
  2034.0   1.6532164433875896 
  2035.0   1.5205441016731116 
  2036.0   1.6080206276516984 
  2037.0   1.6428049469348944 
  2038.0   1.5973375762917201 
  2039.0   1.540508245772424 
  2040.0   1.5660271238440087 
  2041.0   1.485676252808997 
  2042.0   1.332847648236056 
  2043.0   1.6385657641930402 
  2044.0   1.4197136156929457 
  2045.0   1.6643077793577625 
  2046.0   1.3927744560109916 
  2047.0   1.4331963406862838 
  2048.0   1.415821371784787 
  2049.0   1.6742838160225568 
  2050.0   1.4992867007936916 
  2051.0   1.5529587139997227 
  2052.0   1.6224479242129592 
  2053.0   1.4670859064055013 
  2054.0   1.5875188163926783 
  2055.0   1.5158116255965552 
  2056.0   1.5819862354500145 
  2057.0   1.4005106280599138 
  2058.0   1.4535211819926281 
  2059.0   1.769485070289264 
  2060.0   1.5496827058887772 
  2061.0   1.3741744869419699 
  2062.0   1.552638909898524 
  2063.0   1.4897693692595986 
  2064.0   1.5985412096442413 
  2065.0   1.6159800560925668 
  2066.0   1.5662034614215756 
  2067.0   1.3633028215395877 
  2068.0   1.5288275027336378 
  2069.0   1.6397392664674555 
  2070.0   1.7182123485632317 
  2071.0   1.2714972170928078 
  2072.0   1.614082218639924 
  2073.0   1.5026417347022625 
  2074.0   1.5044991661702773 
  2075.0   1.7174044964800999 
  2076.0   1.7047822868223625 
  2077.0   1.4811380638520746 
  2078.0   1.5590946144322213 
  2079.0   1.4043566583413096 
  2080.0   1.6695421708576161 
  2081.0   1.5143591619842767 
  2082.0   1.6318669906866852 
  2083.0   1.6124563656889026 
  2084.0   1.4362720116258407 
  2085.0   1.590665590105398 
  2086.0   1.7215931462741123 
  2087.0   1.5758341685652277 
  2088.0   1.6629457833671506 
  2089.0   1.5644742180265192 
  2090.0   1.569796687882739 
  2091.0   1.4676427303715602 
  2092.0   1.4448332656312257 
  2093.0   1.511738597803733 
  2094.0   1.5982562514777483 
  2095.0   1.3075157802762303 
  2096.0   1.535736637884102 
  2097.0   1.5761219732779226 
  2098.0   1.5181396510168512 
  2099.0   1.6947214312959533 
  2100.0   1.592683977686377 
