  2015.0   22.343422330746677 
  2016.0   22.88464063490015 
  2017.0   22.60031806179182 
  2018.0   21.85161099616098 
  2019.0   22.759081585911375 
  2020.0   22.023628028911066 
  2021.0   23.041854467089948 
  2022.0   23.26356485234392 
  2023.0   22.750258036295524 
  2024.0   22.9013047627636 
  2025.0   23.051854202449302 
  2026.0   23.101996296735845 
  2027.0   22.602262787359482 
  2028.0   23.269587370758156 
  2029.0   23.79878406210046 
  2030.0   23.5609698391605 
  2031.0   23.71743719902274 
  2032.0   23.808587958290843 
  2033.0   23.99157346398948 
  2034.0   24.28194374409006 
  2035.0   24.02169782451324 
  2036.0   24.252318584115105 
  2037.0   24.489949658667 
  2038.0   24.579088206829358 
  2039.0   23.9971082219686 
  2040.0   24.356821076788744 
  2041.0   24.331026515539303 
  2042.0   24.32667475394422 
  2043.0   24.006915352363404 
  2044.0   24.1998103437765 
  2045.0   24.76446363751805 
  2046.0   24.78198415904703 
  2047.0   24.737977810997034 
  2048.0   24.313921927997058 
  2049.0   24.891036225217917 
  2050.0   24.73928572095683 
  2051.0   25.028922282874582 
  2052.0   25.04304684945174 
  2053.0   24.19391216527652 
  2054.0   25.023160485822945 
  2055.0   25.289959859494168 
  2056.0   25.07985875166691 
  2057.0   25.301204198644786 
  2058.0   24.705991588541124 
  2059.0   25.435510895453515 
  2060.0   25.149161164442535 
  2061.0   25.266876355768062 
  2062.0   25.12176179227461 
  2063.0   24.58626207196734 
  2064.0   25.498930174769633 
  2065.0   25.24483566231728 
  2066.0   24.933004528984476 
  2067.0   25.201175737666507 
  2068.0   25.031384915711676 
  2069.0   24.776542663271673 
  2070.0   25.066456478302975 
  2071.0   25.128106357885 
  2072.0   24.66538374776345 
  2073.0   26.176212937814345 
  2074.0   25.27572933117242 
  2075.0   25.659273780229988 
  2076.0   25.375377593558426 
  2077.0   25.42180966374941 
  2078.0   25.850988101442347 
  2079.0   25.68495193172409 
  2080.0   25.029708767704136 
  2081.0   25.224477752521903 
  2082.0   25.30948977106474 
  2083.0   24.923824544616615 
  2084.0   25.3352809345744 
  2085.0   24.661892594748323 
  2086.0   24.934777690653753 
  2087.0   25.447420928839087 
  2088.0   25.430699423977696 
  2089.0   25.354792502169076 
  2090.0   25.22765997463856 
  2091.0   25.344762950001186 
  2092.0   24.415189472268978 
  2093.0   25.169872368798224 
  2094.0   25.380260966899485 
  2095.0   25.196327452171715 
  2096.0   25.23220358940656 
  2097.0   25.13288380005026 
  2098.0   25.002620076275715 
  2099.0   24.690082130588664 
  2100.0   24.54217657265403 
