  2015.0   6.681834896514017e-11 
  2016.0   1.0526289817723336e-10 
  2017.0   6.668873535103761e-11 
  2018.0   5.137811460074863e-11 
  2019.0   4.4775976851225896e-11 
  2020.0   4.1549581506801385e-11 
  2021.0   4.66634446474073e-11 
  2022.0   4.81698502154355e-11 
  2023.0   4.853052714929279e-11 
  2024.0   4.8417370028120134e-11 
  2025.0   4.825293797050494e-11 
  2026.0   4.3764550896163503e-11 
  2027.0   4.173148437124024e-11 
  2028.0   4.0551207889711606e-11 
  2029.0   3.975621739889698e-11 
  2030.0   3.9115211394259294e-11 
  2031.0   3.310242613183466e-11 
  2032.0   3.021858705547216e-11 
  2033.0   2.8677188156211417e-11 
  2034.0   2.7428151604114198e-11 
  2035.0   2.640290105192004e-11 
  2036.0   2.3419450773187917e-11 
  2037.0   2.169351248525612e-11 
  2038.0   2.050322232595158e-11 
  2039.0   1.954010628929299e-11 
  2040.0   1.8713480518614005e-11 
  2041.0   2.0140236331296148e-11 
  2042.0   2.0507790815811906e-11 
  2043.0   2.0392767242153772e-11 
  2044.0   2.013121216680231e-11 
  2045.0   1.9964787922467627e-11 
  2046.0   1.8036868699467078e-11 
  2047.0   1.6909454397040595e-11 
  2048.0   1.623367237656368e-11 
  2049.0   1.572384999067184e-11 
  2050.0   1.5315880522636187e-11 
  2051.0   1.646041713059757e-11 
  2052.0   1.6818448334662014e-11 
  2053.0   1.676397817703809e-11 
  2054.0   1.6595375240521958e-11 
  2055.0   1.6024272871748804e-11 
  2056.0   1.5176247889245914e-11 
  2057.0   1.473840973977467e-11 
  2058.0   1.440020854706898e-11 
  2059.0   1.4208454050969649e-11 
  2060.0   1.408586322373179e-11 
  2061.0   1.502632291240467e-11 
  2062.0   1.55483272212177e-11 
  2063.0   1.5623524592357345e-11 
  2064.0   1.599456597934966e-11 
  2065.0   1.625410423896433e-11 
  2066.0   1.4735535109917036e-11 
  2067.0   1.39664050369369e-11 
  2068.0   1.352370306839628e-11 
  2069.0   1.3209266539308345e-11 
  2070.0   1.2879476724111428e-11 
  2071.0   1.5965582713389954e-11 
  2072.0   1.5888715895849768e-11 
  2073.0   1.5352904759071747e-11 
  2074.0   1.5661843345287135e-11 
  2075.0   1.6188952566997614e-11 
  2076.0   1.4596753932476953e-11 
  2077.0   1.376059986120183e-11 
  2078.0   1.3285145357804424e-11 
  2079.0   1.3048978641783293e-11 
  2080.0   1.2863439789125745e-11 
  2081.0   1.43432851887271e-11 
  2082.0   1.4945073294263945e-11 
  2083.0   1.5270022689115934e-11 
  2084.0   1.5418133302180602e-11 
  2085.0   1.5354615840995297e-11 
  2086.0   2.334392855263145e-11 
  2087.0   1.7300938624871418e-11 
  2088.0   1.5166383956241255e-11 
  2089.0   1.4073430889490772e-11 
  2090.0   1.353980208949205e-11 
  2091.0   1.258158236390908e-11 
  2092.0   1.2170709430316353e-11 
  2093.0   1.2067265879666006e-11 
  2094.0   1.1887749801883203e-11 
  2095.0   1.1557177567159598e-11 
  2096.0   1.1424095682822294e-11 
  2097.0   1.1110204318037191e-11 
  2098.0   1.0971945940110633e-11 
  2099.0   1.0764280718645835e-11 
  2100.0   1.0857720082328898e-11 
