  2015.0   0.08772404319438397 
  2016.0   0.08264327204979045 
  2017.0   0.07750412588276555 
  2018.0   0.07241458151007148 
  2019.0   0.06642171150074253 
  2020.0   0.06300177460371945 
  2021.0   0.0576695341404567 
  2022.0   0.05218270850213232 
  2023.0   0.04737681675670239 
  2024.0   0.04386691644671205 
  2025.0   0.04169400269617235 
  2026.0   0.03918699804391728 
  2027.0   0.03681207735914217 
  2028.0   0.03501931413402704 
  2029.0   0.03343936320373995 
  2030.0   0.03222678655822463 
  2031.0   0.0315912649806469 
  2032.0   0.030898630959924206 
  2033.0   0.030215943280608913 
  2034.0   0.0299452657708843 
  2035.0   0.02967147899936086 
  2036.0   0.029752208065648024 
  2037.0   0.029569797741997375 
  2038.0   0.029207963174314018 
  2039.0   0.028614639585927856 
  2040.0   0.027769086601785176 
  2041.0   0.026423365084205314 
  2042.0   0.024949759014099494 
  2043.0   0.02320146464058533 
  2044.0   0.0218397030108869 
  2045.0   0.020322143270938762 
  2046.0   0.019818294126689274 
  2047.0   0.018943962238612774 
  2048.0   0.01816842695181226 
  2049.0   0.017398831271131277 
  2050.0   0.016874856566871068 
  2051.0   0.01569366345023225 
  2052.0   0.014592985140398309 
  2053.0   0.013609614484766734 
  2054.0   0.013121502317697722 
  2055.0   0.012682231869297378 
  2056.0   0.013521841318664483 
  2057.0   0.01419856442157215 
  2058.0   0.014621276862491176 
  2059.0   0.014900678813079792 
  2060.0   0.015248425899520194 
  2061.0   0.015520918633483802 
  2062.0   0.015601789801631408 
  2063.0   0.015862049091382294 
  2064.0   0.015943531554230606 
  2065.0   0.015976172935432863 
  2066.0   0.015536260040511417 
  2067.0   0.015174939924222315 
  2068.0   0.014724562605265315 
  2069.0   0.014275697432196133 
  2070.0   0.013853073983005794 
  2071.0   0.014334655335512174 
  2072.0   0.01464200347728754 
  2073.0   0.014875993368037459 
  2074.0   0.014967049281714993 
  2075.0   0.01518929797767989 
  2076.0   0.01639989118099127 
  2077.0   0.01810090892249744 
  2078.0   0.01964883437546915 
  2079.0   0.02189812838175993 
  2080.0   0.024210211176831368 
  2081.0   0.02569085868791852 
  2082.0   0.02664841365088864 
  2083.0   0.027225858762176102 
  2084.0   0.02745479160704075 
  2085.0   0.02730582438331045 
  2086.0   0.02569223459596145 
  2087.0   0.02435098596187741 
  2088.0   0.02276647986624044 
  2089.0   0.021299882154093046 
  2090.0   0.020014701852553215 
  2091.0   0.018512690299142317 
  2092.0   0.017267939934552803 
  2093.0   0.016162584535978842 
  2094.0   0.01536557603487119 
  2095.0   0.014822342294512243 
  2096.0   0.014071966818276676 
  2097.0   0.013387739364973374 
  2098.0   0.012894249831393943 
  2099.0   0.01234841216000052 
  2100.0   0.012022577524646503 
