  2015.0   5.6217426006005513e-11 
  2016.0   5.776537170306182e-11 
  2017.0   5.89403685147516e-11 
  2018.0   5.977030347451033e-11 
  2019.0   6.023184704403612e-11 
  2020.0   5.884464334436503e-11 
  2021.0   5.603550772266582e-11 
  2022.0   5.351701124878226e-11 
  2023.0   5.1295235272462646e-11 
  2024.0   4.941692580314768e-11 
  2025.0   4.760000358718581e-11 
  2026.0   4.581956532985055e-11 
  2027.0   4.43247941056908e-11 
  2028.0   4.3155834116071317e-11 
  2029.0   4.226648549838842e-11 
  2030.0   4.1411670299768984e-11 
  2031.0   4.053378321732583e-11 
  2032.0   3.983799616575964e-11 
  2033.0   3.936353896790403e-11 
  2034.0   3.905542391689805e-11 
  2035.0   3.868804564046896e-11 
  2036.0   3.826531375543245e-11 
  2037.0   3.794075437433873e-11 
  2038.0   3.774334280849433e-11 
  2039.0   3.7632931622777565e-11 
  2040.0   3.750987455123055e-11 
  2041.0   3.7392319480028135e-11 
  2042.0   3.734973974895879e-11 
  2043.0   3.736307340325404e-11 
  2044.0   3.739800550753428e-11 
  2045.0   3.747743593507649e-11 
  2046.0   3.7659382834731965e-11 
  2047.0   3.789556194339052e-11 
  2048.0   3.81187596200025e-11 
  2049.0   3.829196552718425e-11 
  2050.0   3.833694999213446e-11 
  2051.0   3.8191974391546016e-11 
  2052.0   3.797114088412588e-11 
  2053.0   3.7796120277822636e-11 
  2054.0   3.768612352134136e-11 
  2055.0   3.767198170889177e-11 
  2056.0   3.771832785462282e-11 
  2057.0   3.7772682942445297e-11 
  2058.0   3.7850575236819024e-11 
  2059.0   3.79576003738398e-11 
  2060.0   3.797226475191055e-11 
  2061.0   3.788362491742253e-11 
  2062.0   3.777792356916902e-11 
  2063.0   3.7680620785974334e-11 
  2064.0   3.7617944620788585e-11 
  2065.0   3.759472007045616e-11 
  2066.0   3.7595574123790444e-11 
  2067.0   3.757276317316291e-11 
  2068.0   3.752001108365921e-11 
  2069.0   3.744514662206344e-11 
  2070.0   3.7318765662962906e-11 
  2071.0   3.719191208583693e-11 
  2072.0   3.7122164509960213e-11 
  2073.0   3.70572132008672e-11 
  2074.0   3.69771584754471e-11 
  2075.0   3.6984579037838496e-11 
  2076.0   3.705806050252646e-11 
  2077.0   3.71017469451806e-11 
  2078.0   3.713232265747467e-11 
  2079.0   3.716077699092042e-11 
  2080.0   3.7258657702790565e-11 
  2081.0   3.73379639192454e-11 
  2082.0   3.7343030607997126e-11 
  2083.0   3.73347977525489e-11 
  2084.0   3.73150073012405e-11 
  2085.0   3.713020125370142e-11 
  2086.0   3.680130499795454e-11 
  2087.0   3.652469109505892e-11 
  2088.0   3.6294267551172006e-11 
  2089.0   3.6067074348663855e-11 
  2090.0   3.5793390270105734e-11 
  2091.0   3.5499012162465896e-11 
  2092.0   3.521715683508771e-11 
  2093.0   3.494987602574352e-11 
  2094.0   3.4696523624899264e-11 
  2095.0   3.444128277653053e-11 
  2096.0   3.4212713547475194e-11 
  2097.0   3.403855822289741e-11 
  2098.0   3.392099926698626e-11 
  2099.0   3.3837947689306555e-11 
  2100.0   3.029363457057728e-11 
