  2015.0   13.522824403551185 
  2016.0   13.474109443225363 
  2017.0   13.298904217768948 
  2018.0   13.868354305528392 
  2019.0   13.775897501701598 
  2020.0   13.929369024447361 
  2021.0   13.438311278195146 
  2022.0   14.661821089659316 
  2023.0   14.36214570444762 
  2024.0   14.326934034848323 
  2025.0   14.564497621832635 
  2026.0   13.97728480869729 
  2027.0   13.905734097691202 
  2028.0   14.650481702846372 
  2029.0   14.750586952888405 
  2030.0   13.995057964727067 
  2031.0   14.668490293400984 
  2032.0   14.197291691780618 
  2033.0   14.367190157746125 
  2034.0   14.434245436580143 
  2035.0   14.884307569701019 
  2036.0   14.787549124924245 
  2037.0   13.057170015927232 
  2038.0   14.98696208244397 
  2039.0   14.471305076780647 
  2040.0   14.996402536593681 
  2041.0   14.85987472219693 
  2042.0   14.667004159941357 
  2043.0   14.967696871475727 
  2044.0   14.172948902733399 
  2045.0   14.187377704399033 
  2046.0   15.10615459046431 
  2047.0   15.215669587711545 
  2048.0   14.124252175912817 
  2049.0   14.600969736330613 
  2050.0   15.162602966989683 
  2051.0   15.0704882801068 
  2052.0   14.966221554646209 
  2053.0   14.828087984892177 
  2054.0   14.843119356581447 
  2055.0   15.336937188961517 
  2056.0   14.133668202503108 
  2057.0   14.184922044634346 
  2058.0   15.026127273596972 
  2059.0   14.30789030383384 
  2060.0   15.129536660077298 
  2061.0   15.071462766639652 
  2062.0   14.604754110398472 
  2063.0   14.654298863452512 
  2064.0   14.681553956290514 
  2065.0   15.536831989638548 
  2066.0   14.31159341034243 
  2067.0   14.829373379335884 
  2068.0   14.811949502340726 
  2069.0   14.980568656652933 
  2070.0   15.474531385850689 
  2071.0   15.538977250906703 
  2072.0   14.445949482245505 
  2073.0   15.028965830298691 
  2074.0   14.59788322260632 
  2075.0   14.996581445902834 
  2076.0   14.555983725751123 
  2077.0   14.39544551575744 
  2078.0   14.843972573315394 
  2079.0   14.588811289045491 
  2080.0   15.36228272397473 
  2081.0   14.567536283235729 
  2082.0   14.535550776543486 
  2083.0   14.406379516666288 
  2084.0   14.389816950640913 
  2085.0   15.064467166608088 
  2086.0   14.951301774647495 
  2087.0   16.17379263852945 
  2088.0   15.11834772233183 
  2089.0   14.62790552032284 
  2090.0   15.441034427500798 
  2091.0   14.776060936814392 
  2092.0   14.110791956347677 
  2093.0   15.514972682750312 
  2094.0   14.99953007391268 
  2095.0   14.538456672260317 
  2096.0   14.925836792131351 
  2097.0   14.961548080447486 
  2098.0   14.61556830257181 
  2099.0   14.781438254116537 
  2100.0   13.480042193888632 
