  2015.0   20.09619779976658 
  2016.0   20.32815925388277 
  2017.0   20.535914452942514 
  2018.0   20.525312891727086 
  2019.0   20.79943021927413 
  2020.0   20.892278779681583 
  2021.0   20.992897360285284 
  2022.0   21.21530293074403 
  2023.0   21.1927194867647 
  2024.0   21.46578068920911 
  2025.0   21.641211207796125 
  2026.0   21.574076152628354 
  2027.0   21.599570327981905 
  2028.0   21.62255109587795 
  2029.0   21.65186792768648 
  2030.0   21.83624035900913 
  2031.0   22.22086500830974 
  2032.0   22.46255158319149 
  2033.0   22.723963983658766 
  2034.0   23.010966744558978 
  2035.0   23.370699042502945 
  2036.0   23.557523033312805 
  2037.0   23.849284608469144 
  2038.0   24.115962093018165 
  2039.0   24.07511758294739 
  2040.0   24.229053400270292 
  2041.0   24.417541814965528 
  2042.0   24.47865461527165 
  2043.0   24.68888437478942 
  2044.0   24.990355039156945 
  2045.0   25.07007794937376 
  2046.0   25.245100062372373 
  2047.0   25.526673077180348 
  2048.0   25.779047038442183 
  2049.0   25.992553312587216 
  2050.0   26.33520869173674 
  2051.0   26.434902532146474 
  2052.0   26.932333833317195 
  2053.0   27.041062759950858 
  2054.0   27.079211528920744 
  2055.0   27.20436053256815 
  2056.0   27.51814355594891 
  2057.0   27.576552726467835 
  2058.0   27.840466771210824 
  2059.0   28.054190619709924 
  2060.0   28.35475260133398 
  2061.0   28.41841120382652 
  2062.0   28.54117540040673 
  2063.0   28.69083944639088 
  2064.0   28.589835145343194 
  2065.0   28.34410410906575 
  2066.0   28.445772561054472 
  2067.0   28.791642802260338 
  2068.0   29.10216848529951 
  2069.0   29.134602713995946 
  2070.0   29.25471411390517 
  2071.0   29.423857861840702 
  2072.0   29.442198249149357 
  2073.0   29.70489150967063 
  2074.0   29.745532472974652 
  2075.0   29.847020584711768 
  2076.0   29.83111520584618 
  2077.0   29.937430227104674 
  2078.0   30.05330217397895 
  2079.0   30.128633318633277 
  2080.0   30.386643221374143 
  2081.0   30.365122377311497 
  2082.0   30.318270437414473 
  2083.0   30.231019603658087 
  2084.0   30.358893795185836 
  2085.0   30.440554956870173 
  2086.0   30.444351289448097 
  2087.0   30.55532143819878 
  2088.0   30.55246657910699 
  2089.0   30.574588099968313 
  2090.0   30.531243561225143 
  2091.0   30.70248960935933 
  2092.0   30.83760659761426 
  2093.0   30.797339814398676 
  2094.0   30.68575647595907 
  2095.0   30.848253064946622 
  2096.0   30.778991180982157 
  2097.0   30.701555427776945 
  2098.0   30.825248178664026 
  2099.0   30.81438005020092 
  2100.0   31.040998674075905 
