  2015.0   76.95430638405871 
  2016.0   76.93783444953384 
  2017.0   76.85364917180814 
  2018.0   76.81049521473886 
  2019.0   76.76309325355547 
  2020.0   76.78112150471954 
  2021.0   76.93426732718343 
  2022.0   76.93864073368843 
  2023.0   76.98324322798412 
  2024.0   77.14859691835882 
  2025.0   77.35286002237456 
  2026.0   77.52255232374839 
  2027.0   77.7045273843359 
  2028.0   77.88820659186426 
  2029.0   78.07211881791918 
  2030.0   78.21856289143186 
  2031.0   78.40507287406831 
  2032.0   78.64227089640684 
  2033.0   78.79280262075572 
  2034.0   78.86435719634039 
  2035.0   79.0980367020526 
  2036.0   79.21223319501388 
  2037.0   79.19908291283794 
  2038.0   79.22635007817988 
  2039.0   79.37937361752495 
  2040.0   79.6392432508767 
  2041.0   79.91630930826696 
  2042.0   80.12985713754367 
  2043.0   80.41754338069916 
  2044.0   80.78831109386927 
  2045.0   80.97472157841733 
  2046.0   81.22091322274439 
  2047.0   81.48701942274819 
  2048.0   81.7326547250928 
  2049.0   81.84436754313063 
  2050.0   82.11997777041553 
  2051.0   82.49537805179003 
  2052.0   82.6435430107722 
  2053.0   82.87365733150489 
  2054.0   83.21874564802991 
  2055.0   83.61429765686069 
  2056.0   84.0005871078678 
  2057.0   84.39934524482976 
  2058.0   85.01658763343433 
  2059.0   85.63047243878445 
  2060.0   86.06472462315922 
  2061.0   86.57080962063478 
  2062.0   86.95346757790708 
  2063.0   87.10289875189655 
  2064.0   87.22765684787416 
  2065.0   87.66781228679484 
  2066.0   88.12190878682384 
  2067.0   88.62831389805028 
  2068.0   89.06528076792887 
  2069.0   89.21107445954776 
  2070.0   89.19995216794283 
  2071.0   89.32876414194988 
  2072.0   89.39419665483612 
  2073.0   89.61732077795335 
  2074.0   89.93881274146788 
  2075.0   90.09249390626329 
  2076.0   90.30630307461085 
  2077.0   90.47699968894977 
  2078.0   90.55813044852165 
  2079.0   90.60421916868947 
  2080.0   90.58185734114093 
  2081.0   90.64379176079245 
  2082.0   90.55280516101782 
  2083.0   90.59846082938677 
  2084.0   90.85887673479161 
  2085.0   91.02451068078256 
  2086.0   91.00900699077994 
  2087.0   91.14940226111993 
  2088.0   91.27885360699969 
  2089.0   91.38430907115828 
  2090.0   91.40587536709917 
  2091.0   91.4830902154575 
  2092.0   91.6136175325699 
  2093.0   91.80056691013698 
  2094.0   92.01961506154174 
  2095.0   92.1280800795828 
  2096.0   92.14499023187469 
  2097.0   92.05914513079682 
  2098.0   92.02649011667935 
  2099.0   92.25872624478299 
  2100.0   92.24809118422138 
