  2015.0   146.8702600266497 
  2016.0   147.12080841498945 
  2017.0   147.19888121027068 
  2018.0   147.27401488290027 
  2019.0   147.3511470969578 
  2020.0   147.42993104416433 
  2021.0   147.72767010795692 
  2022.0   148.01956605641195 
  2023.0   148.39405433316466 
  2024.0   148.74708333195835 
  2025.0   149.1446539972497 
  2026.0   149.54096581497484 
  2027.0   149.8930774894848 
  2028.0   150.32790550779745 
  2029.0   150.56229989165988 
  2030.0   150.81338624484653 
  2031.0   151.1842640944942 
  2032.0   151.5790072091231 
  2033.0   151.84923076349773 
  2034.0   152.07514798489245 
  2035.0   152.47559612612744 
  2036.0   152.8118536650918 
  2037.0   153.08788845481195 
  2038.0   153.30224052950425 
  2039.0   153.77493072387688 
  2040.0   154.26600087198227 
  2041.0   154.55558276632615 
  2042.0   154.79095181756344 
  2043.0   154.91107111248908 
  2044.0   155.25588847368593 
  2045.0   155.65875783458932 
  2046.0   156.25165846467806 
  2047.0   156.87841869328497 
  2048.0   157.31161854957918 
  2049.0   157.70791478034457 
  2050.0   157.97104790525387 
  2051.0   158.33922110912516 
  2052.0   158.5783307951714 
  2053.0   158.95339661535053 
  2054.0   159.48152346041317 
  2055.0   159.91224143052384 
  2056.0   160.38086154572218 
  2057.0   160.82749017220863 
  2058.0   161.2031027568591 
  2059.0   161.47296394533615 
  2060.0   161.69454552518962 
  2061.0   162.1460239575995 
  2062.0   162.50797473942006 
  2063.0   162.63713962884165 
  2064.0   162.90002030093774 
  2065.0   163.38938520659894 
  2066.0   163.81043887990964 
  2067.0   164.14590122989375 
  2068.0   164.4355932955144 
  2069.0   164.54665890069003 
  2070.0   164.68171839090093 
  2071.0   164.77880546167046 
  2072.0   164.72461307840902 
  2073.0   164.94617482684706 
  2074.0   165.30492922443042 
  2075.0   165.38135669520807 
  2076.0   165.5428647201864 
  2077.0   165.7102275890735 
  2078.0   165.93521408378277 
  2079.0   166.27107406337083 
  2080.0   166.45001737100228 
  2081.0   166.6511106710409 
  2082.0   166.6032878139423 
  2083.0   166.66376356600543 
  2084.0   166.77475099624309 
  2085.0   166.7729101571968 
  2086.0   166.90686090351926 
  2087.0   167.152086088179 
  2088.0   167.3260950409423 
  2089.0   167.38252858869674 
  2090.0   167.26738751509413 
  2091.0   166.96182908756316 
  2092.0   166.9871432676124 
  2093.0   167.28175814422156 
  2094.0   167.58897303667138 
  2095.0   167.7571231918474 
  2096.0   167.97641920732283 
  2097.0   168.07231544587697 
  2098.0   168.13504232473198 
  2099.0   168.27939263750304 
  2100.0   168.50333824090387 
