  2015.0   7.228677652677002e-10 
  2016.0   7.209325718929207e-10 
  2017.0   7.264450638530309e-10 
  2018.0   7.176817625465897e-10 
  2019.0   7.281401230760794e-10 
  2020.0   7.037183377865433e-10 
  2021.0   6.802603516399344e-10 
  2022.0   6.875599775645716e-10 
  2023.0   6.668153058526772e-10 
  2024.0   6.643504047186009e-10 
  2025.0   6.717757600931697e-10 
  2026.0   6.605717112284822e-10 
  2027.0   6.564875218069016e-10 
  2028.0   6.548184188267497e-10 
  2029.0   6.506990902897657e-10 
  2030.0   6.610135151106602e-10 
  2031.0   6.549058430077725e-10 
  2032.0   6.413355971723314e-10 
  2033.0   6.476367591873812e-10 
  2034.0   6.518622583532263e-10 
  2035.0   6.420975677300324e-10 
  2036.0   6.516733641367952e-10 
  2037.0   6.502982702305552e-10 
  2038.0   6.545528554505338e-10 
  2039.0   6.494673302294808e-10 
  2040.0   6.589889280755334e-10 
  2041.0   6.797087599005017e-10 
  2042.0   6.942838948316884e-10 
  2043.0   6.994207242944747e-10 
  2044.0   6.896831619788492e-10 
  2045.0   6.82805352861035e-10 
  2046.0   6.857131217871339e-10 
  2047.0   6.924087399425527e-10 
  2048.0   6.923120511925835e-10 
  2049.0   6.814438661063057e-10 
  2050.0   6.821058896389208e-10 
  2051.0   6.868055448005383e-10 
  2052.0   6.878996569547573e-10 
  2053.0   6.889616156921883e-10 
  2054.0   6.958691797143746e-10 
  2055.0   7.737759943523202e-10 
  2056.0   8.241657439775878e-10 
  2057.0   8.459468855311204e-10 
  2058.0   8.524828920888284e-10 
  2059.0   8.563106530281875e-10 
  2060.0   8.561118647205067e-10 
  2061.0   8.551002732644183e-10 
  2062.0   8.608303272093285e-10 
  2063.0   8.657807373198297e-10 
  2064.0   8.82998445856539e-10 
  2065.0   8.948256508059192e-10 
  2066.0   9.165335964906404e-10 
  2067.0   9.342779626790689e-10 
  2068.0   9.36910421656127e-10 
  2069.0   9.46527989645742e-10 
  2070.0   1.0276037985567287e-09 
  2071.0   1.0698598498039026e-09 
  2072.0   1.0928439704246613e-09 
  2073.0   1.1349798583351447e-09 
  2074.0   1.1453636384928469e-09 
  2075.0   1.1369033947695237e-09 
  2076.0   1.1439687562545347e-09 
  2077.0   1.1703356802763876e-09 
  2078.0   1.1837670859273256e-09 
  2079.0   1.1830159088297492e-09 
  2080.0   1.1320377636155931e-09 
  2081.0   1.092595090687708e-09 
  2082.0   1.1039339256657422e-09 
  2083.0   1.1082514523709153e-09 
  2084.0   1.1098697164681878e-09 
  2085.0   1.1462395924222276e-09 
  2086.0   1.1567072224627953e-09 
  2087.0   1.1730643810700017e-09 
  2088.0   1.1877398358561388e-09 
  2089.0   1.2025445946670757e-09 
  2090.0   1.1201619578358387e-09 
  2091.0   1.0528546340448537e-09 
  2092.0   1.0216715732188445e-09 
  2093.0   1.0374215199999041e-09 
  2094.0   1.0223059351412113e-09 
  2095.0   9.562777485088238e-10 
  2096.0   9.198822963806001e-10 
  2097.0   9.016879266593946e-10 
  2098.0   8.801791667461432e-10 
  2099.0   8.640024735732471e-10 
  2100.0   8.389464426517561e-10 
