  2015.0   321.2584995015231 
  2016.0   321.27782744296775 
  2017.0   321.176856105326 
  2018.0   321.53376608693605 
  2019.0   321.7742136315841 
  2020.0   322.0849355706849 
  2021.0   322.2127033833809 
  2022.0   322.50251935050704 
  2023.0   322.89878356709056 
  2024.0   323.18785831884924 
  2025.0   323.4168490794186 
  2026.0   323.5575585524043 
  2027.0   323.7210603960745 
  2028.0   324.4245701351303 
  2029.0   325.0315725589875 
  2030.0   325.1028312330065 
  2031.0   325.0226139482695 
  2032.0   325.466602962506 
  2033.0   325.8157656457839 
  2034.0   326.02659459900144 
  2035.0   326.5212506280351 
  2036.0   326.8509152252122 
  2037.0   326.82949800987006 
  2038.0   326.97804093368933 
  2039.0   327.70224611982127 
  2040.0   328.0152426104494 
  2041.0   328.3803254286233 
  2042.0   328.7203559100005 
  2043.0   328.8808707348686 
  2044.0   329.3076135572147 
  2045.0   329.746975323002 
  2046.0   329.98503874922363 
  2047.0   330.35193532046856 
  2048.0   330.87434101374777 
  2049.0   331.25597216705995 
  2050.0   331.37577286751076 
  2051.0   332.0108123231517 
  2052.0   332.3243828511057 
  2053.0   332.97205925812744 
  2054.0   333.3255159891474 
  2055.0   333.15146429486816 
  2056.0   333.5840651575616 
  2057.0   334.2669192256802 
  2058.0   334.3427119139095 
  2059.0   334.55745422050705 
  2060.0   334.79041295652297 
  2061.0   335.42162074232624 
  2062.0   335.9789692460775 
  2063.0   336.406567015557 
  2064.0   336.57337160760056 
  2065.0   336.6492220043239 
  2066.0   336.8029239194671 
  2067.0   337.49572738964804 
  2068.0   337.94493550741714 
  2069.0   338.29111282491374 
  2070.0   338.44373796728297 
  2071.0   338.5451926286933 
  2072.0   338.9477237237918 
  2073.0   339.1607961539698 
  2074.0   339.4649342383496 
  2075.0   339.5889379525163 
  2076.0   339.9898864714587 
  2077.0   339.8810070868731 
  2078.0   339.6662454878336 
  2079.0   339.805220962193 
  2080.0   340.0262386894463 
  2081.0   340.35012395723777 
  2082.0   340.55348172880514 
  2083.0   340.51899424828844 
  2084.0   340.54714229913435 
  2085.0   339.93152420520744 
  2086.0   339.8919186303335 
  2087.0   339.8258844806746 
  2088.0   339.9710904045375 
  2089.0   340.13294991218214 
  2090.0   340.29117816397235 
  2091.0   340.23576106460837 
  2092.0   339.904711460372 
  2093.0   339.7116157844604 
  2094.0   340.23181008331386 
  2095.0   340.10110736641366 
  2096.0   339.6438601836045 
  2097.0   339.94808719029214 
  2098.0   340.04669577724275 
  2099.0   339.8031179980315 
  2100.0   340.1714537722696 
