  2015.0   4.1688089544981475 
  2016.0   4.255411374551601 
  2017.0   4.11251431033871 
  2018.0   4.3415767816666575 
  2019.0   4.197098946329328 
  2020.0   4.327193526520389 
  2021.0   4.519771687617159 
  2022.0   4.0177874876545525 
  2023.0   4.434210331872538 
  2024.0   4.4270189420741834 
  2025.0   4.126310140429029 
  2026.0   4.159423393568232 
  2027.0   4.2726415403572915 
  2028.0   4.3375783556305985 
  2029.0   4.386575885823107 
  2030.0   4.740088309141046 
  2031.0   4.71021073308363 
  2032.0   4.61927381372979 
  2033.0   4.52832291917108 
  2034.0   5.00462230269813 
  2035.0   4.606519434917599 
  2036.0   4.731793040731106 
  2037.0   4.957829895348138 
  2038.0   4.5000531830219135 
  2039.0   4.541477239473926 
  2040.0   4.664039400381012 
  2041.0   4.444595692959691 
  2042.0   4.654160516376407 
  2043.0   4.804884347675026 
  2044.0   4.601364191887136 
  2045.0   4.59136283701829 
  2046.0   4.8535177233405555 
  2047.0   4.726985542633625 
  2048.0   4.678668251814912 
  2049.0   4.79249424415777 
  2050.0   4.547804555528888 
  2051.0   4.954138633632234 
  2052.0   4.9492362584266285 
  2053.0   4.591518686428262 
  2054.0   4.687068949465594 
  2055.0   4.789508280866066 
  2056.0   4.65928627422917 
  2057.0   4.8084552136769885 
  2058.0   4.6817445729761875 
  2059.0   4.873872882640529 
  2060.0   4.737448523367441 
  2061.0   4.604139981310337 
  2062.0   4.837551701585206 
  2063.0   4.498597516274913 
  2064.0   4.4796149993653325 
  2065.0   4.668713001318021 
  2066.0   4.862027942172214 
  2067.0   5.128608996614442 
  2068.0   4.630444260466017 
  2069.0   4.8170059389928195 
  2070.0   5.0794753780118755 
  2071.0   4.569262036985803 
  2072.0   5.186816084520715 
  2073.0   4.6183849688774306 
  2074.0   4.876484316118334 
  2075.0   4.671357395056979 
  2076.0   4.897584350987841 
  2077.0   4.779105508457729 
  2078.0   4.916717298332969 
  2079.0   4.979345539567404 
  2080.0   4.672134597726509 
  2081.0   4.737895215085609 
  2082.0   4.466142041556393 
  2083.0   4.721614901573324 
  2084.0   4.930483646861932 
  2085.0   4.7238136275580835 
  2086.0   4.991670735268882 
  2087.0   4.756129694047966 
  2088.0   4.888868495088375 
  2089.0   4.597437624716766 
  2090.0   4.961674836860537 
  2091.0   4.927492713659842 
  2092.0   4.712378551729992 
  2093.0   4.638532780137378 
  2094.0   4.753439352264909 
  2095.0   4.715307125387009 
  2096.0   4.515609082867455 
  2097.0   4.916093908761749 
  2098.0   4.878276748197415 
  2099.0   4.9296022987390575 
  2100.0   4.99345789162314 
