  2015.0   115.63562966561993 
  2016.0   115.82662981137838 
  2017.0   115.9859961002016 
  2018.0   116.234394134905 
  2019.0   116.71756594758739 
  2020.0   116.6934103017394 
  2021.0   116.78018206268732 
  2022.0   117.11427089661908 
  2023.0   117.20770714228345 
  2024.0   117.6475750142717 
  2025.0   118.02956227163506 
  2026.0   118.17521083332845 
  2027.0   118.61262830030113 
  2028.0   118.91414084586506 
  2029.0   119.25153545243053 
  2030.0   119.5819031344262 
  2031.0   119.78706182550115 
  2032.0   120.17013894977055 
  2033.0   120.5449733821532 
  2034.0   121.06479607033037 
  2035.0   121.32908666068035 
  2036.0   121.675117501936 
  2037.0   122.02445352342647 
  2038.0   122.42780292292106 
  2039.0   122.77175500253794 
  2040.0   123.27440443272232 
  2041.0   123.86720395787249 
  2042.0   124.23835810713446 
  2043.0   124.79245286111431 
  2044.0   125.28893942561818 
  2045.0   125.59334208527922 
  2046.0   126.16170970727502 
  2047.0   126.67314975982326 
  2048.0   127.05246623305638 
  2049.0   127.7218040344011 
  2050.0   128.21299479659638 
  2051.0   128.49058558013675 
  2052.0   128.8838409635954 
  2053.0   129.22943220844417 
  2054.0   129.73089281314117 
  2055.0   130.26511283639792 
  2056.0   130.59925977019296 
  2057.0   131.0415718580206 
  2058.0   131.3841468013627 
  2059.0   131.6651502922275 
  2060.0   131.89987287110557 
  2061.0   132.03224367619862 
  2062.0   132.43477992480658 
  2063.0   132.8743359760096 
  2064.0   133.13423345097584 
  2065.0   133.35204401118014 
  2066.0   133.6865969572788 
  2067.0   133.91258618026194 
  2068.0   133.88800082190372 
  2069.0   134.14049516072973 
  2070.0   134.52321366724843 
  2071.0   134.77538314999438 
  2072.0   134.75142034473615 
  2073.0   134.8593932838311 
  2074.0   134.98956027905524 
  2075.0   135.17623976653203 
  2076.0   135.09995213679795 
  2077.0   135.1406002345989 
  2078.0   135.13817142241595 
  2079.0   135.19809360186662 
  2080.0   135.12131324062105 
  2081.0   135.33452930765134 
  2082.0   135.6838346945138 
  2083.0   135.6249693257456 
  2084.0   135.67000074177338 
  2085.0   135.6430827653816 
  2086.0   135.63892892650637 
  2087.0   135.6375915087521 
  2088.0   135.38623992753 
  2089.0   135.12195813368064 
  2090.0   135.2632826542955 
  2091.0   135.09244044076087 
  2092.0   135.1142414085842 
  2093.0   135.35063390881274 
  2094.0   135.59347639840956 
  2095.0   135.65701721645638 
  2096.0   135.8079248553107 
  2097.0   135.98904587002397 
  2098.0   135.944982819752 
  2099.0   135.84349302631526 
  2100.0   136.018621405608 
