  2015.0   -9.73567592037813e-10 
  2016.0   -2.2037353140503896e-11 
  2017.0   -1.506193296640052e-09 
  2018.0   -8.280368921097141e-10 
  2019.0   6.943470354563452e-11 
  2020.0   -1.0467350166658062e-09 
  2021.0   -9.32019477064563e-11 
  2022.0   -2.135780067661182e-09 
  2023.0   2.7191266810834035e-10 
  2024.0   2.5290565321781346e-10 
  2025.0   -1.0937519085668278e-09 
  2026.0   -1.4058858818729551e-09 
  2027.0   -2.331747056802833e-10 
  2028.0   6.934927253599375e-10 
  2029.0   -1.9249330939853452e-09 
  2030.0   -1.8953641126955825e-09 
  2031.0   -3.4615986002500595e-10 
  2032.0   -5.839820036059707e-10 
  2033.0   1.1782671614045898e-10 
  2034.0   -1.2065803667372419e-09 
  2035.0   -1.729062409982894e-09 
  2036.0   -8.427901452837827e-10 
  2037.0   -1.3881074563054556e-10 
  2038.0   -9.957886235662041e-10 
  2039.0   -1.5450004203213152e-09 
  2040.0   -1.1252171547858692e-09 
  2041.0   1.1618180886680701e-10 
  2042.0   -4.982472844828078e-10 
  2043.0   -2.0038509349080423e-09 
  2044.0   -1.0025343598458948e-09 
  2045.0   1.241263625606725e-09 
  2046.0   -9.768904384028621e-10 
  2047.0   -1.7765978111797422e-09 
  2048.0   -1.5298548470997056e-09 
  2049.0   5.647526144900806e-10 
  2050.0   -2.1503987101760625e-10 
  2051.0   -3.204356581871187e-09 
  2052.0   -1.1774263850912747e-09 
  2053.0   -1.0901772797674442e-10 
  2054.0   -6.173224139015511e-10 
  2055.0   -2.2634832398264125e-09 
  2056.0   -1.1340038290882351e-09 
  2057.0   -8.366772068348197e-10 
  2058.0   -3.3679980695034064e-10 
  2059.0   -1.333367856075391e-09 
  2060.0   -1.2618845014017599e-09 
  2061.0   -1.667037587722548e-09 
  2062.0   -1.274784872879503e-09 
  2063.0   -2.2101417930585462e-10 
  2064.0   -5.453212763988669e-10 
  2065.0   -6.554819693907371e-10 
  2066.0   -2.347291371499249e-10 
  2067.0   -2.0348884542677314e-09 
  2068.0   -3.1846642290276554e-10 
  2069.0   -1.0059362719013196e-09 
  2070.0   -1.1020107279355836e-09 
  2071.0   -1.5083754656372493e-09 
  2072.0   -2.651807108043579e-10 
  2073.0   3.4809030934362647e-10 
  2074.0   -1.048217833478225e-09 
  2075.0   -1.1315500843524412e-09 
  2076.0   1.1195413112499085e-09 
  2077.0   -4.0687551582403797e-10 
  2078.0   -3.937739896062177e-10 
  2079.0   1.8677078175294697e-11 
  2080.0   -6.705301201548022e-10 
  2081.0   3.254276916211155e-10 
  2082.0   3.406745645122917e-10 
  2083.0   4.6182233562721577e-10 
  2084.0   -2.122172256510304e-09 
  2085.0   1.7200201475750475e-10 
  2086.0   1.769851228997378e-09 
  2087.0   -9.662952404123803e-10 
  2088.0   -1.050767481702912e-09 
  2089.0   1.0484517619391934e-09 
  2090.0   2.1570840731032006e-09 
  2091.0   -1.3241770762817256e-09 
  2092.0   -1.5477796847955234e-09 
  2093.0   -1.6816484971999397e-10 
  2094.0   2.530376182010696e-10 
  2095.0   1.0878083783056775e-09 
  2096.0   -5.6555597268285325e-11 
  2097.0   -5.524630988059013e-10 
  2098.0   -1.0920795474298984e-09 
  2099.0   -1.1032054053460562e-09 
  2100.0   9.546479065032881e-10 
