  2015.0   2.6580044341116325 
  2016.0   2.6179192487365333 
  2017.0   2.574510303806128 
  2018.0   2.659231680524801 
  2019.0   2.860709975191882 
  2020.0   2.9289211138547433 
  2021.0   2.9130575311053795 
  2022.0   2.7085110121545752 
  2023.0   2.59717071563353 
  2024.0   2.810112547252209 
  2025.0   2.9762675096392526 
  2026.0   2.8750670403741743 
  2027.0   2.831162869996742 
  2028.0   2.8847914076573278 
  2029.0   2.9706527786492307 
  2030.0   3.049396710461053 
  2031.0   3.0394226070584636 
  2032.0   2.8889720051216026 
  2033.0   2.7484135413099 
  2034.0   2.6845306222225678 
  2035.0   2.7645757991716264 
  2036.0   3.033722093449546 
  2037.0   3.108739096102537 
  2038.0   3.0704372376965683 
  2039.0   3.1014857640376237 
  2040.0   3.214941355428818 
  2041.0   3.174765557026276 
  2042.0   2.9147725963932647 
  2043.0   2.823751515299561 
  2044.0   2.8948595325505 
  2045.0   3.019201436180544 
  2046.0   3.0539593487154764 
  2047.0   3.1127097083897204 
  2048.0   2.941158210966686 
  2049.0   2.8332932899341774 
  2050.0   2.9614693918591253 
  2051.0   3.1543056901749984 
  2052.0   3.212345928453498 
  2053.0   3.2343776538539792 
  2054.0   3.130829272650191 
  2055.0   3.118892854997587 
  2056.0   3.047396752961238 
  2057.0   3.028983194191866 
  2058.0   3.1042871278504736 
  2059.0   3.1493549188056154 
  2060.0   3.121741768326848 
  2061.0   3.0350255746922645 
  2062.0   3.0334740996575293 
  2063.0   3.1216107558656656 
  2064.0   3.0647506192751974 
  2065.0   3.0260630531508106 
  2066.0   3.0679888878553303 
  2067.0   3.0502968442303935 
  2068.0   3.0751354386738368 
  2069.0   3.01667227629255 
  2070.0   3.029755820096013 
  2071.0   3.095807271915539 
  2072.0   3.026746369532791 
  2073.0   2.962298604742723 
  2074.0   3.054404497823157 
  2075.0   3.139517137691392 
  2076.0   2.9731233109696587 
  2077.0   3.0648860588030957 
  2078.0   3.1827832225192747 
  2079.0   2.9875084625496298 
  2080.0   2.948452886786547 
  2081.0   2.944693113058238 
  2082.0   2.822401241090928 
  2083.0   2.8887357345872915 
  2084.0   2.934593194230192 
  2085.0   2.968349736709792 
  2086.0   3.070224217193096 
  2087.0   3.2353752859197114 
  2088.0   3.172901702928416 
  2089.0   2.9334668006799034 
  2090.0   2.7330713157742905 
  2091.0   2.770347606870744 
  2092.0   3.076543521280716 
  2093.0   3.117681431946848 
  2094.0   3.082670990634343 
  2095.0   3.0245168816466372 
  2096.0   3.0764427743616496 
  2097.0   3.016593320324305 
  2098.0   2.980926174176987 
  2099.0   2.896266931022374 
  2100.0   3.01854243691119 
