  2015.0   1.0878419624616996e-10 
  2016.0   1.0816269484814158e-10 
  2017.0   1.080043590445898e-10 
  2018.0   1.0701561277881942e-10 
  2019.0   9.273195336679053e-11 
  2020.0   6.133940045013626e-11 
  2021.0   4.705604258839741e-11 
  2022.0   4.466229364705657e-11 
  2023.0   4.1080036469020884e-11 
  2024.0   3.845295554389242e-11 
  2025.0   3.520992296196764e-11 
  2026.0   3.8794471410848414e-11 
  2027.0   3.5590875940707556e-11 
  2028.0   3.264495509125083e-11 
  2029.0   2.95659830800109e-11 
  2030.0   2.591818072358406e-11 
  2031.0   2.0053739830630955e-11 
  2032.0   2.068329018032598e-11 
  2033.0   2.0808111813294866e-11 
  2034.0   2.3213268749031192e-11 
  2035.0   2.2890109513437885e-11 
  2036.0   2.429824337929228e-11 
  2037.0   2.6098918985886523e-11 
  2038.0   2.6613864568397484e-11 
  2039.0   3.065382807336715e-11 
  2040.0   3.170904018470499e-11 
  2041.0   2.7633888029937874e-11 
  2042.0   3.035734711038334e-11 
  2043.0   3.396879173194551e-11 
  2044.0   3.156479714859111e-11 
  2045.0   3.13599610725958e-11 
  2046.0   2.1700318743083993e-11 
  2047.0   2.3559725251724473e-11 
  2048.0   2.3436960134282622e-11 
  2049.0   2.2969110175427168e-11 
  2050.0   1.7573358619412753e-11 
  2051.0   3.5554056149653676e-11 
  2052.0   4.2969365735968023e-11 
  2053.0   4.629057998334963e-11 
  2054.0   5.0192159639181144e-11 
  2055.0   5.470632938717385e-11 
  2056.0   1.0470631843328756e-10 
  2057.0   1.0701906875524515e-10 
  2058.0   1.378374667571185e-10 
  2059.0   1.6711055498196053e-10 
  2060.0   2.044814684465569e-10 
  2061.0   1.6439748629374947e-10 
  2062.0   1.7986746529444665e-10 
  2063.0   1.8701295073542087e-10 
  2064.0   2.5275521626980547e-10 
  2065.0   2.9176097485152887e-10 
  2066.0   2.866629131196408e-10 
  2067.0   3.240346168619469e-10 
  2068.0   3.4724671002853493e-10 
  2069.0   3.820869895965333e-10 
  2070.0   3.987703537404009e-10 
  2071.0   4.822003872080925e-10 
  2072.0   5.535879123336676e-10 
  2073.0   5.880223289593521e-10 
  2074.0   6.335117836337241e-10 
  2075.0   6.456737564156554e-10 
  2076.0   5.111308400623271e-10 
  2077.0   5.339547502584795e-10 
  2078.0   5.504542993710751e-10 
  2079.0   5.663280660592834e-10 
  2080.0   5.838172646133099e-10 
  2081.0   4.902716824657355e-10 
  2082.0   4.933204615596145e-10 
  2083.0   5.176124695346736e-10 
  2084.0   5.239224933634016e-10 
  2085.0   5.514850044065702e-10 
  2086.0   5.143864845927936e-10 
  2087.0   5.323169888445181e-10 
  2088.0   5.449745751388952e-10 
  2089.0   5.527540333785388e-10 
  2090.0   5.69686854316565e-10 
  2091.0   3.6062290939596597e-10 
  2092.0   3.527447281289368e-10 
  2093.0   3.449262992557231e-10 
  2094.0   3.3759485013014975e-10 
  2095.0   3.2594595101892847e-10 
  2096.0   1.8103625064571525e-10 
  2097.0   1.6701608176569578e-10 
  2098.0   1.503910882650222e-10 
  2099.0   1.3349545442956593e-10 
  2100.0   1.1457914687238296e-10 
