  2015.0   6.895505964340438e-10 
  2016.0   6.669361134144284e-10 
  2017.0   7.037705124459204e-10 
  2018.0   6.985712566308823e-10 
  2019.0   7.255013472404555e-10 
  2020.0   7.227432383448174e-10 
  2021.0   7.485259255887413e-10 
  2022.0   7.573260063852214e-10 
  2023.0   7.27343158071299e-10 
  2024.0   7.156376993977586e-10 
  2025.0   7.564526957033089e-10 
  2026.0   6.964835978585339e-10 
  2027.0   7.099953884237506e-10 
  2028.0   6.845717059538653e-10 
  2029.0   7.242419217817265e-10 
  2030.0   7.673190691315266e-10 
  2031.0   7.000819125944762e-10 
  2032.0   6.959204835334314e-10 
  2033.0   7.160706682691635e-10 
  2034.0   7.141866262188713e-10 
  2035.0   6.888434967799027e-10 
  2036.0   7.369673553752939e-10 
  2037.0   7.149583357061261e-10 
  2038.0   7.327491148096446e-10 
  2039.0   7.076662739519733e-10 
  2040.0   7.403658560180863e-10 
  2041.0   8.339206942960914e-10 
  2042.0   7.828835265487979e-10 
  2043.0   7.331030412242245e-10 
  2044.0   7.00176277279061e-10 
  2045.0   7.653939378457016e-10 
  2046.0   7.70260815287252e-10 
  2047.0   7.514756055080669e-10 
  2048.0   7.822867978242814e-10 
  2049.0   8.437062063926361e-10 
  2050.0   8.098918061996026e-10 
  2051.0   7.744621931013106e-10 
  2052.0   7.002594275482102e-10 
  2053.0   7.262475036465049e-10 
  2054.0   7.695989061411719e-10 
  2055.0   7.644788483074556e-10 
  2056.0   8.139241417126782e-10 
  2057.0   8.371130902797365e-10 
  2058.0   8.143285840598801e-10 
  2059.0   8.122591038408997e-10 
  2060.0   8.750706655635182e-10 
  2061.0   9.277287612445499e-10 
  2062.0   8.922432526979666e-10 
  2063.0   8.759096579919546e-10 
  2064.0   9.38996439300614e-10 
  2065.0   9.576820450351414e-10 
  2066.0   8.882547987484527e-10 
  2067.0   9.101568479923332e-10 
  2068.0   8.590952344613087e-10 
  2069.0   8.158261047106838e-10 
  2070.0   8.595630272771473e-10 
  2071.0   9.350749008824192e-10 
  2072.0   1.0367033210486777e-09 
  2073.0   1.1348352751421042e-09 
  2074.0   1.0589975248985552e-09 
  2075.0   1.0691734739692682e-09 
  2076.0   1.1049956074949734e-09 
  2077.0   1.0118029855127897e-09 
  2078.0   1.0222049135068529e-09 
  2079.0   1.0860676957692529e-09 
  2080.0   1.1281523829279316e-09 
  2081.0   1.1172758130501731e-09 
  2082.0   1.2202778927668926e-09 
  2083.0   1.2680207579994757e-09 
  2084.0   1.1924440364497285e-09 
  2085.0   1.1197040745955997e-09 
  2086.0   1.1874079887306875e-09 
  2087.0   1.1717763443939868e-09 
  2088.0   1.138521597767334e-09 
  2089.0   1.1803122863609327e-09 
  2090.0   1.3038286964184316e-09 
  2091.0   1.2885977237548378e-09 
  2092.0   1.2468733949866621e-09 
  2093.0   1.327609251633802e-09 
  2094.0   1.3519834085787747e-09 
  2095.0   1.3395720776041002e-09 
  2096.0   1.3594745621539027e-09 
  2097.0   1.3406515952130223e-09 
  2098.0   1.213337535541799e-09 
  2099.0   1.2030827840027375e-09 
  2100.0   1.2647487642889313e-09 
