  2015.0   11.869702511871 
  2016.0   11.963132826957647 
  2017.0   11.89160421727149 
  2018.0   11.93447024628032 
  2019.0   11.969732842049545 
  2020.0   11.8757048547176 
  2021.0   11.882511735248235 
  2022.0   11.975105770256148 
  2023.0   11.966598095848319 
  2024.0   11.973486728585307 
  2025.0   12.125795025736124 
  2026.0   12.131737709959468 
  2027.0   12.24709732499098 
  2028.0   12.340451871809234 
  2029.0   12.435966357808619 
  2030.0   12.510228187704465 
  2031.0   12.565604759664101 
  2032.0   12.645490707692732 
  2033.0   12.79878782050907 
  2034.0   12.792884874656023 
  2035.0   12.806967603466292 
  2036.0   12.931557395627383 
  2037.0   12.92648997603172 
  2038.0   12.983836775565777 
  2039.0   13.019663250234576 
  2040.0   13.098860964431477 
  2041.0   13.166381630929695 
  2042.0   13.200106402303703 
  2043.0   13.292001962468746 
  2044.0   13.499248949532037 
  2045.0   13.627602466935667 
  2046.0   13.68218020595514 
  2047.0   13.854556880500475 
  2048.0   13.938811179694623 
  2049.0   14.053313147043841 
  2050.0   14.034720776709936 
  2051.0   14.209918701000568 
  2052.0   14.2663863303609 
  2053.0   14.303752193942522 
  2054.0   14.335410707019141 
  2055.0   14.456750200365121 
  2056.0   14.612253952686551 
  2057.0   14.636611325641049 
  2058.0   14.822424566824312 
  2059.0   15.032452954653847 
  2060.0   15.262747717681316 
  2061.0   15.43752767986411 
  2062.0   15.602380486422687 
  2063.0   15.6135424014019 
  2064.0   15.612640670282445 
  2065.0   15.663049122732652 
  2066.0   15.76999544639929 
  2067.0   15.886616935854272 
  2068.0   16.045703074090362 
  2069.0   16.232455045243892 
  2070.0   16.208917586777588 
  2071.0   16.178784515447028 
  2072.0   16.221900174910942 
  2073.0   16.252761674715966 
  2074.0   16.350358128172214 
  2075.0   16.43768264198809 
  2076.0   16.43026081383804 
  2077.0   16.437854866118688 
  2078.0   16.46487467212508 
  2079.0   16.472384728405654 
  2080.0   16.502140882050718 
  2081.0   16.477276703455505 
  2082.0   16.426210676347754 
  2083.0   16.271033884130517 
  2084.0   16.331066193626256 
  2085.0   16.46494956153661 
  2086.0   16.441112951009995 
  2087.0   16.354705870685525 
  2088.0   16.372855849636046 
  2089.0   16.346897703988375 
  2090.0   16.411058359071948 
  2091.0   16.431161221725915 
  2092.0   16.523266314033705 
  2093.0   16.54097159373887 
  2094.0   16.617058167139145 
  2095.0   16.773023313791022 
  2096.0   16.872025297086193 
  2097.0   16.994343765064436 
  2098.0   16.978154333558127 
  2099.0   16.947339854298555 
  2100.0   17.073040754664795 
