  2015.0   10.752059885561948 
  2016.0   10.457699395937889 
  2017.0   11.12580795516873 
  2018.0   11.008998797194366 
  2019.0   11.297512525047969 
  2020.0   11.66167770299635 
  2021.0   11.678653031244886 
  2022.0   11.680809894172086 
  2023.0   11.54400442513615 
  2024.0   11.712237524058228 
  2025.0   12.024865325209424 
  2026.0   11.850129316754566 
  2027.0   12.097408837386567 
  2028.0   11.646076827531926 
  2029.0   11.980699705829466 
  2030.0   12.396357968203695 
  2031.0   11.69159884767286 
  2032.0   11.863338760679689 
  2033.0   12.028588833937363 
  2034.0   12.272735055032623 
  2035.0   11.983543879701264 
  2036.0   12.344057249912504 
  2037.0   12.30113442845478 
  2038.0   12.591618677600602 
  2039.0   12.276167056013898 
  2040.0   12.746972736123345 
  2041.0   12.830208273450028 
  2042.0   12.556305345407157 
  2043.0   12.253020477060678 
  2044.0   11.977564161525898 
  2045.0   12.817719082333744 
  2046.0   12.983572227501798 
  2047.0   12.61544927343909 
  2048.0   12.985494647167004 
  2049.0   13.140121944366426 
  2050.0   12.951479044868398 
  2051.0   12.857707616366783 
  2052.0   12.208176863438373 
  2053.0   12.356641439689756 
  2054.0   12.811789689652157 
  2055.0   12.893349819003602 
  2056.0   13.20176409475922 
  2057.0   13.552520583170843 
  2058.0   12.773642648491665 
  2059.0   13.236557654799409 
  2060.0   13.817515534222945 
  2061.0   13.800549869992865 
  2062.0   13.223101211468414 
  2063.0   13.22794594669427 
  2064.0   14.263876397330785 
  2065.0   14.206575112513999 
  2066.0   13.276093917433677 
  2067.0   13.801678895949731 
  2068.0   13.127182297771844 
  2069.0   12.626022849799266 
  2070.0   12.894734322457255 
  2071.0   13.59003228753507 
  2072.0   13.793682752720168 
  2073.0   14.498047562282336 
  2074.0   13.810394675230626 
  2075.0   13.310225432987762 
  2076.0   13.58729703203897 
  2077.0   12.891803746425973 
  2078.0   12.946901436026739 
  2079.0   13.510078011493428 
  2080.0   13.488984738488979 
  2081.0   13.084779834531474 
  2082.0   14.14666534600657 
  2083.0   14.296414420560492 
  2084.0   13.86127520787754 
  2085.0   13.1584999127831 
  2086.0   13.675463378345727 
  2087.0   13.360314026909386 
  2088.0   12.770745246434192 
  2089.0   13.036023019815982 
  2090.0   13.928464942624117 
  2091.0   13.492270771081593 
  2092.0   13.113359122450769 
  2093.0   14.263718142772401 
  2094.0   14.213632765717541 
  2095.0   13.952831775886528 
  2096.0   13.898723252010727 
  2097.0   13.77518022763744 
  2098.0   12.998607061135832 
  2099.0   12.851306699573417 
  2100.0   13.309561296102087 
