  2015.0   1.1363346088334707 
  2016.0   1.112354505528859 
  2017.0   1.1314253484167611 
  2018.0   1.14094701625311 
  2019.0   1.1096852528630912 
  2020.0   1.1357786002731383 
  2021.0   1.1165629379522892 
  2022.0   1.137910347336375 
  2023.0   1.1362165820030983 
  2024.0   1.1575781413010064 
  2025.0   1.1308215507257835 
  2026.0   1.1680536991311627 
  2027.0   1.1682196942449843 
  2028.0   1.162609931449521 
  2029.0   1.1349027378469887 
  2030.0   1.1553034367881703 
  2031.0   1.1400862373663279 
  2032.0   1.1396430507436535 
  2033.0   1.1718434268175322 
  2034.0   1.1394039734451717 
  2035.0   1.1828129070562245 
  2036.0   1.1721533807476694 
  2037.0   1.1731714796869257 
  2038.0   1.1618026155243792 
  2039.0   1.1642938780404806 
  2040.0   1.1531804053103136 
  2041.0   1.1814620464591927 
  2042.0   1.1610041011945316 
  2043.0   1.1957713008257338 
  2044.0   1.1736466827198497 
  2045.0   1.1686296328216415 
  2046.0   1.1688269755491425 
  2047.0   1.1799531480286445 
  2048.0   1.1587257777254596 
  2049.0   1.1837950153485717 
  2050.0   1.1774366856054026 
  2051.0   1.1827808027969704 
  2052.0   1.165012082783318 
  2053.0   1.176749373164009 
  2054.0   1.1627455752689226 
  2055.0   1.1588540679769366 
  2056.0   1.1802077980655945 
  2057.0   1.1992863387593116 
  2058.0   1.189008616858626 
  2059.0   1.1826142360464582 
  2060.0   1.185385485283418 
  2061.0   1.189157278576418 
  2062.0   1.2105097631018724 
  2063.0   1.2198832816456722 
  2064.0   1.1721877918594439 
  2065.0   1.1720210972908809 
  2066.0   1.1919499843920458 
  2067.0   1.1760980698109222 
  2068.0   1.178358879103825 
  2069.0   1.183630294239069 
  2070.0   1.1663316206645191 
  2071.0   1.1764787004728663 
  2072.0   1.1697523548354534 
  2073.0   1.1834402430931121 
  2074.0   1.1571636712079472 
  2075.0   1.1965329166071645 
  2076.0   1.1954073291426726 
  2077.0   1.1839788149036439 
  2078.0   1.1758306849747693 
  2079.0   1.1765957172762755 
  2080.0   1.1845427334733445 
  2081.0   1.1685995404970124 
  2082.0   1.186053458824633 
  2083.0   1.1674355189549082 
  2084.0   1.1529804718716368 
  2085.0   1.1905121982605853 
  2086.0   1.1668681804224612 
  2087.0   1.1620519870975285 
  2088.0   1.1599464749160509 
  2089.0   1.160048237971333 
  2090.0   1.1592021120354907 
  2091.0   1.1597335076260946 
  2092.0   1.1716132826423746 
  2093.0   1.1750959235630845 
  2094.0   1.1959227227548315 
  2095.0   1.1673175029284228 
  2096.0   1.1547863903934874 
  2097.0   1.1786977030549588 
  2098.0   1.1525604520298038 
  2099.0   1.1609678327812614 
  2100.0   1.1641431315748723 
