  2015.0   2.22791805593776 
  2016.0   2.2102588345547827 
  2017.0   2.225981311149341 
  2018.0   2.2259377113234184 
  2019.0   2.215926252928808 
  2020.0   2.2620603669998633 
  2021.0   2.27424261903911 
  2022.0   2.258368743660604 
  2023.0   2.273614352336943 
  2024.0   2.279528682075976 
  2025.0   2.2651639800590906 
  2026.0   2.297764277974948 
  2027.0   2.3347162553169887 
  2028.0   2.3084715728504066 
  2029.0   2.299655815112721 
  2030.0   2.3164708336199733 
  2031.0   2.2995459797276805 
  2032.0   2.292396608869598 
  2033.0   2.3154536364217964 
  2034.0   2.3287570306814973 
  2035.0   2.333855067915753 
  2036.0   2.3253657433528914 
  2037.0   2.3329202657410133 
  2038.0   2.3494906692848896 
  2039.0   2.336895072129487 
  2040.0   2.349517322424958 
  2041.0   2.374573748845477 
  2042.0   2.3575578915265814 
  2043.0   2.361604509582271 
  2044.0   2.333215736221628 
  2045.0   2.362916150420939 
  2046.0   2.3540503450587296 
  2047.0   2.3887516054285203 
  2048.0   2.39751520788206 
  2049.0   2.3855573177426246 
  2050.0   2.386807726738891 
  2051.0   2.4131151588532944 
  2052.0   2.3581012263681536 
  2053.0   2.3497959218100086 
  2054.0   2.3962981282701863 
  2055.0   2.4157488602510964 
  2056.0   2.435337940908448 
  2057.0   2.4696963472599323 
  2058.0   2.426114475774346 
  2059.0   2.4193878363384065 
  2060.0   2.4590127603082843 
  2061.0   2.4809214111697737 
  2062.0   2.464875508442254 
  2063.0   2.4431647047537357 
  2064.0   2.508981447589136 
  2065.0   2.507818583816783 
  2066.0   2.4866673493867433 
  2067.0   2.506526050983387 
  2068.0   2.4815019322889964 
  2069.0   2.462085068355857 
  2070.0   2.4626748829177054 
  2071.0   2.462549854346667 
  2072.0   2.481253617250578 
  2073.0   2.520666285392818 
  2074.0   2.5036080660711177 
  2075.0   2.4943740846929807 
  2076.0   2.5158456548691706 
  2077.0   2.4681071476100813 
  2078.0   2.453633737596054 
  2079.0   2.4947964624577565 
  2080.0   2.4951279561831496 
  2081.0   2.475178732755275 
  2082.0   2.546275473266408 
  2083.0   2.550909124724727 
  2084.0   2.5469302535989446 
  2085.0   2.515968341318036 
  2086.0   2.549811816437994 
  2087.0   2.513591479869849 
  2088.0   2.482469689934467 
  2089.0   2.5024470769012663 
  2090.0   2.5401750506155207 
  2091.0   2.51333209900007 
  2092.0   2.5212234677380763 
  2093.0   2.565797508432294 
  2094.0   2.5959837735526525 
  2095.0   2.577278428253085 
  2096.0   2.5539370637990455 
  2097.0   2.512270859632464 
  2098.0   2.5027496044534394 
  2099.0   2.4862603370116454 
  2100.0   2.5068791182912062 
