  2015.0   6.214309128277208 
  2016.0   5.951448281641238 
  2017.0   6.184102364799258 
  2018.0   6.404215360840789 
  2019.0   6.1075718004253945 
  2020.0   6.159846061958525 
  2021.0   6.284941715688629 
  2022.0   6.472696332710981 
  2023.0   6.229235848412135 
  2024.0   6.491967642352229 
  2025.0   6.304056698785218 
  2026.0   6.7198137178790605 
  2027.0   6.588266170126696 
  2028.0   6.516944320591867 
  2029.0   6.170885027342536 
  2030.0   6.468935105925011 
  2031.0   6.345629106971058 
  2032.0   6.273146100966366 
  2033.0   6.710393213943053 
  2034.0   6.289434247546325 
  2035.0   6.629065410687046 
  2036.0   6.560598672611719 
  2037.0   6.42572783344171 
  2038.0   6.537134646727974 
  2039.0   6.518522234714304 
  2040.0   6.4161841462163425 
  2041.0   6.7100547327781825 
  2042.0   6.515715001189503 
  2043.0   6.7600993926548405 
  2044.0   6.515141626051153 
  2045.0   6.460870915719515 
  2046.0   6.561697065340485 
  2047.0   6.595149628550598 
  2048.0   6.619850721749472 
  2049.0   6.62887330866118 
  2050.0   6.514412301877685 
  2051.0   6.694845732737584 
  2052.0   6.6303500546531495 
  2053.0   6.7214434014738265 
  2054.0   6.564436094443333 
  2055.0   6.42795732310644 
  2056.0   6.672807742891721 
  2057.0   6.69872514989186 
  2058.0   6.456227125982286 
  2059.0   6.605703840113393 
  2060.0   6.696336437485488 
  2061.0   6.715408933242908 
  2062.0   6.802506677237952 
  2063.0   6.92097831978496 
  2064.0   6.609460363333726 
  2065.0   6.476952118272958 
  2066.0   6.658889314864318 
  2067.0   6.549886436839787 
  2068.0   6.588329513231745 
  2069.0   6.73488840097628 
  2070.0   6.594585184845932 
  2071.0   6.5972703054182995 
  2072.0   6.6025493807137705 
  2073.0   6.499043496129133 
  2074.0   6.468350499064456 
  2075.0   6.713572104642559 
  2076.0   6.693886244101186 
  2077.0   6.616780198561232 
  2078.0   6.575169437361152 
  2079.0   6.357181429942993 
  2080.0   6.642526977214407 
  2081.0   6.463302014216723 
  2082.0   6.720723132595006 
  2083.0   6.448593913705948 
  2084.0   6.372598248498974 
  2085.0   6.472731551710023 
  2086.0   6.471588899670245 
  2087.0   6.367699919084126 
  2088.0   6.408115386708174 
  2089.0   6.181262033682243 
  2090.0   6.304348635365038 
  2091.0   6.585098438481105 
  2092.0   6.444596712161139 
  2093.0   6.423853560312377 
  2094.0   6.709757713579431 
  2095.0   6.330857304531339 
  2096.0   6.168197878519433 
  2097.0   6.430846161744566 
  2098.0   6.347518062224935 
  2099.0   6.338988005147608 
  2100.0   6.453254128553338 
