  2015.0   100.64556594943605 
  2016.0   100.7469600346651 
  2017.0   100.8803714931204 
  2018.0   101.00534536148017 
  2019.0   101.10510259874562 
  2020.0   101.17105918208863 
  2021.0   101.17595762517632 
  2022.0   101.1806614385701 
  2023.0   101.2408081831871 
  2024.0   101.32202386792352 
  2025.0   101.3890587078258 
  2026.0   101.46027669786977 
  2027.0   101.55915281809811 
  2028.0   101.67368695335428 
  2029.0   101.80871957490598 
  2030.0   101.90094822923378 
  2031.0   101.95970802504452 
  2032.0   102.03068556034614 
  2033.0   102.11236131675052 
  2034.0   102.20168508579279 
  2035.0   102.24140975637371 
  2036.0   102.32636699586358 
  2037.0   102.42411641518854 
  2038.0   102.50482400526184 
  2039.0   102.51434897935292 
  2040.0   102.54815472338095 
  2041.0   102.67042459764632 
  2042.0   102.76976454362824 
  2043.0   102.809848050724 
  2044.0   102.7748984389359 
  2045.0   102.75346291128974 
  2046.0   102.72173085743977 
  2047.0   102.74368771708981 
  2048.0   102.79959874206284 
  2049.0   102.84627897160537 
  2050.0   102.9427209788291 
  2051.0   102.98842572530899 
  2052.0   103.03717750366938 
  2053.0   103.0386152051889 
  2054.0   103.0349090520193 
  2055.0   103.09690435036778 
  2056.0   103.13426416104713 
  2057.0   103.1532999250116 
  2058.0   103.22286085214184 
  2059.0   103.28786184702184 
  2060.0   103.34217992893447 
  2061.0   103.36299309504496 
  2062.0   103.43993498547565 
  2063.0   103.4793172422173 
  2064.0   103.43633394324193 
  2065.0   103.43003561732324 
  2066.0   103.50626287200166 
  2067.0   103.55313736078118 
  2068.0   103.60645147288676 
  2069.0   103.66316124240592 
  2070.0   103.63818023583151 
  2071.0   103.62771545477237 
  2072.0   103.65769629869459 
  2073.0   103.6639340762111 
  2074.0   103.658707311352 
  2075.0   103.68378369772752 
  2076.0   103.70933786670507 
  2077.0   103.75535825658214 
  2078.0   103.77122367278585 
  2079.0   103.77622918863435 
  2080.0   103.78929466961029 
  2081.0   103.80485364773817 
  2082.0   103.87801778156759 
  2083.0   103.90494176374145 
  2084.0   103.92065534698486 
  2085.0   103.92350728903399 
  2086.0   103.92620100764978 
  2087.0   103.90675683468449 
  2088.0   103.9446819582296 
  2089.0   104.00454130614631 
  2090.0   104.08618663366848 
  2091.0   104.18984661659617 
  2092.0   104.1831365681025 
  2093.0   104.1149196994938 
  2094.0   104.06278606213955 
  2095.0   104.06005982339916 
  2096.0   104.0712596066502 
  2097.0   104.11079977952134 
  2098.0   104.14297678623151 
  2099.0   104.17921315377221 
  2100.0   104.18906365574749 
