  2015.0   2.0991399535072865e-11 
  2016.0   2.562312587019978e-11 
  2017.0   2.593952724894726e-11 
  2018.0   2.611473834223366e-11 
  2019.0   2.6396313313781335e-11 
  2020.0   2.435967229514962e-11 
  2021.0   1.5592376540395656e-11 
  2022.0   1.5388229740169423e-11 
  2023.0   1.5294187524900408e-11 
  2024.0   1.4688688470415713e-11 
  2025.0   1.4514212096418382e-11 
  2026.0   1.7551581813137323e-11 
  2027.0   1.7252075318539464e-11 
  2028.0   1.703557276815139e-11 
  2029.0   1.674667675552796e-11 
  2030.0   1.6472593518701103e-11 
  2031.0   1.2088820478114022e-11 
  2032.0   1.204039429868072e-11 
  2033.0   1.204317711650657e-11 
  2034.0   1.2178212431693734e-11 
  2035.0   1.1594149410772373e-11 
  2036.0   1.3011536462690287e-11 
  2037.0   1.378245901397658e-11 
  2038.0   1.393218403236401e-11 
  2039.0   1.3684943196444657e-11 
  2040.0   1.3930570443564787e-11 
  2041.0   1.1699736166669958e-11 
  2042.0   1.2624914760028826e-11 
  2043.0   1.3734083443848971e-11 
  2044.0   1.5048820057133914e-11 
  2045.0   1.5718256976643364e-11 
  2046.0   1.5629238593900996e-11 
  2047.0   1.5903543748965452e-11 
  2048.0   1.6116288603231812e-11 
  2049.0   1.6094851058650707e-11 
  2050.0   1.6602087344887844e-11 
  2051.0   1.796798691080768e-11 
  2052.0   1.8068260430615195e-11 
  2053.0   1.859978174757274e-11 
  2054.0   1.8924933056894812e-11 
  2055.0   1.880466221741236e-11 
  2056.0   4.570703324373e-11 
  2057.0   4.7006533195182393e-11 
  2058.0   4.367719569630023e-11 
  2059.0   5.445837737424779e-11 
  2060.0   6.761782313710211e-11 
  2061.0   6.664989203685542e-11 
  2062.0   7.836548060468762e-11 
  2063.0   8.233705769721552e-11 
  2064.0   8.608124287825799e-11 
  2065.0   8.968347784525665e-11 
  2066.0   9.570898282961465e-11 
  2067.0   1.0939101596006233e-10 
  2068.0   1.1446628427389521e-10 
  2069.0   1.17198654932028e-10 
  2070.0   1.2017778956443672e-10 
  2071.0   1.775249556221081e-10 
  2072.0   1.8463630451166902e-10 
  2073.0   1.8936316266967657e-10 
  2074.0   1.939994886994919e-10 
  2075.0   1.9752155821270134e-10 
  2076.0   1.7156109587011332e-10 
  2077.0   1.7527990222061602e-10 
  2078.0   1.781441251676536e-10 
  2079.0   1.806861755044824e-10 
  2080.0   1.8277069312076293e-10 
  2081.0   1.5519292014072163e-10 
  2082.0   1.5244016846344462e-10 
  2083.0   1.4968157235704457e-10 
  2084.0   1.4658656986235632e-10 
  2085.0   1.4318012920865453e-10 
  2086.0   1.7887545376948915e-10 
  2087.0   1.802117083449983e-10 
  2088.0   1.8074242674491583e-10 
  2089.0   1.814083858445302e-10 
  2090.0   1.826240923162453e-10 
  2091.0   9.742211984865138e-11 
  2092.0   9.48268084406439e-11 
  2093.0   9.311500509455051e-11 
  2094.0   9.099717914994653e-11 
  2095.0   8.884828221562786e-11 
  2096.0   5.456822572371333e-11 
  2097.0   4.899594459151624e-11 
  2098.0   4.3531003312103453e-11 
  2099.0   3.8242780877749644e-11 
  2100.0   3.270253741457191e-11 
