  2015.0   44.28021469480232 
  2016.0   44.608767534179265 
  2017.0   44.97804967446697 
  2018.0   45.300279042182645 
  2019.0   45.38558741162355 
  2020.0   45.69365058593213 
  2021.0   46.16477602898589 
  2022.0   46.51199366070881 
  2023.0   46.75531474982257 
  2024.0   46.9274853341156 
  2025.0   47.213484515586 
  2026.0   47.65759769077532 
  2027.0   48.12415427579352 
  2028.0   48.45980157999817 
  2029.0   48.74596294089075 
  2030.0   49.15005962988196 
  2031.0   49.71118646049587 
  2032.0   50.24649544190727 
  2033.0   50.637128670765506 
  2034.0   51.22534597161639 
  2035.0   51.55147926962586 
  2036.0   51.920070085126156 
  2037.0   52.38778149208206 
  2038.0   52.90992726251332 
  2039.0   53.37131532017877 
  2040.0   53.86483035749934 
  2041.0   54.276606524770976 
  2042.0   54.63615280547869 
  2043.0   55.092772382938385 
  2044.0   55.420080237318444 
  2045.0   55.888646057448625 
  2046.0   56.45783282889886 
  2047.0   57.130767136301394 
  2048.0   57.58553808565204 
  2049.0   58.069678186338535 
  2050.0   58.665474367669184 
  2051.0   59.144569900930506 
  2052.0   59.53621796370265 
  2053.0   59.82640899064122 
  2054.0   60.326990402834895 
  2055.0   60.81925122933283 
  2056.0   61.197250343231914 
  2057.0   61.472633307436794 
  2058.0   61.87965134446808 
  2059.0   62.056415527905884 
  2060.0   62.37345770365617 
  2061.0   62.66074063481173 
  2062.0   62.952846682002246 
  2063.0   63.28220618107 
  2064.0   63.48830373812264 
  2065.0   63.72218385294611 
  2066.0   63.97699164556597 
  2067.0   63.96085570726822 
  2068.0   64.0681448967743 
  2069.0   64.18172035899501 
  2070.0   64.3630703774713 
  2071.0   64.5012797330567 
  2072.0   64.39368317412818 
  2073.0   64.384133656891 
  2074.0   64.41283582897917 
  2075.0   64.18406342029634 
  2076.0   64.17102120433037 
  2077.0   64.14519221408759 
  2078.0   64.02598555231951 
  2079.0   64.11112983673776 
  2080.0   63.929301649386446 
  2081.0   63.90777308011125 
  2082.0   63.85742856746073 
  2083.0   63.82254550855148 
  2084.0   63.772115869564665 
  2085.0   63.61299964506972 
  2086.0   63.45296090501068 
  2087.0   63.4234600726751 
  2088.0   63.20482809943194 
  2089.0   62.976637153996066 
  2090.0   62.864509074020155 
  2091.0   62.96081043649231 
  2092.0   63.04752284318041 
  2093.0   63.2350170068086 
  2094.0   63.32787989252288 
  2095.0   63.456502276801814 
  2096.0   63.6864719178006 
  2097.0   64.18921317688616 
  2098.0   64.51584352106362 
  2099.0   64.78560213308158 
  2100.0   64.92527640878457 
