  2015.0   5.369527814869051 
  2016.0   5.422162814316381 
  2017.0   5.775669895924173 
  2018.0   5.7736511648349484 
  2019.0   5.713752072883219 
  2020.0   5.9610037933341 
  2021.0   5.806864451197943 
  2022.0   6.101011012630041 
  2023.0   5.685764057566264 
  2024.0   5.957971974130846 
  2025.0   5.943877406638782 
  2026.0   6.064641898609597 
  2027.0   5.809598256589065 
  2028.0   6.027435820921112 
  2029.0   5.940324674214207 
  2030.0   6.173113864779087 
  2031.0   5.7254349431755225 
  2032.0   6.119824158601704 
  2033.0   5.870486208142871 
  2034.0   6.222835894217873 
  2035.0   6.124469452024261 
  2036.0   6.223872375861585 
  2037.0   6.032616810325122 
  2038.0   6.080301645250945 
  2039.0   5.9250349222992735 
  2040.0   6.613387070646708 
  2041.0   6.235590123207696 
  2042.0   6.4077980061895445 
  2043.0   6.096750471824244 
  2044.0   5.994764324352164 
  2045.0   6.465539328702695 
  2046.0   6.496105329543874 
  2047.0   6.059130877955534 
  2048.0   6.586395856297809 
  2049.0   6.62627910094035 
  2050.0   6.323111413520136 
  2051.0   6.450451419924556 
  2052.0   5.934329782663116 
  2053.0   6.0640114441689414 
  2054.0   6.398530394618819 
  2055.0   6.241294796215354 
  2056.0   6.432579126037475 
  2057.0   6.587405399512005 
  2058.0   6.2686930900020315 
  2059.0   6.59737654421682 
  2060.0   6.871777781430383 
  2061.0   6.829269795562628 
  2062.0   6.312990275488222 
  2063.0   6.568829874700014 
  2064.0   6.834155429890332 
  2065.0   6.955686725398388 
  2066.0   6.481744970882719 
  2067.0   6.5564401822358445 
  2068.0   6.22775863856155 
  2069.0   6.1599113831305745 
  2070.0   6.5811024069443675 
  2071.0   6.74950294208337 
  2072.0   7.010776031627193 
  2073.0   6.967138273219459 
  2074.0   6.688111003488129 
  2075.0   6.685744789279426 
  2076.0   6.569004655720472 
  2077.0   6.298411101226631 
  2078.0   6.63355100951833 
  2079.0   6.6489323651208565 
  2080.0   6.516957615357259 
  2081.0   6.7293179138319745 
  2082.0   6.9578513445170405 
  2083.0   6.65153536061374 
  2084.0   6.743426206762432 
  2085.0   6.370893211477074 
  2086.0   6.721141574430351 
  2087.0   6.574828346083999 
  2088.0   6.2778158939869355 
  2089.0   6.451352819228694 
  2090.0   6.951710800146744 
  2091.0   6.417384105260795 
  2092.0   6.472363276495742 
  2093.0   6.826960341040765 
  2094.0   6.852118562981375 
  2095.0   6.76593798440341 
  2096.0   7.064639978179606 
  2097.0   6.741843606556503 
  2098.0   6.545476774108582 
  2099.0   6.629865605546878 
  2100.0   6.728361399448306 
