  2015.0   30.465756975343467 
  2016.0   30.520522662326904 
  2017.0   30.414060682177954 
  2018.0   30.469385038790445 
  2019.0   30.76399536440492 
  2020.0   31.07436696574184 
  2021.0   31.27462563589639 
  2022.0   31.32500423490388 
  2023.0   31.497859441198177 
  2024.0   31.644895070584464 
  2025.0   31.971107168294495 
  2026.0   32.50614683516474 
  2027.0   32.835523977555205 
  2028.0   32.77596471839508 
  2029.0   32.66222079836856 
  2030.0   32.72852195738088 
  2031.0   32.921622983050455 
  2032.0   33.32184022584337 
  2033.0   33.678809427908924 
  2034.0   34.08172994338143 
  2035.0   34.0819969172039 
  2036.0   34.048933785209265 
  2037.0   34.46559093365851 
  2038.0   34.90570535224789 
  2039.0   35.15012813211252 
  2040.0   35.454975459347395 
  2041.0   35.807266898858686 
  2042.0   36.36924418659809 
  2043.0   36.73245021749917 
  2044.0   36.86332751126222 
  2045.0   37.17574049350168 
  2046.0   37.45344073662231 
  2047.0   37.679982638659666 
  2048.0   37.69010098993966 
  2049.0   37.93311870308156 
  2050.0   38.28626399649055 
  2051.0   38.38944227807779 
  2052.0   38.65967779719238 
  2053.0   39.107349823171134 
  2054.0   39.27877271598022 
  2055.0   39.61742229036196 
  2056.0   40.21928271848155 
  2057.0   40.7439176587184 
  2058.0   40.84765052054361 
  2059.0   40.988770374613544 
  2060.0   41.41307802538544 
  2061.0   41.75101301309159 
  2062.0   41.92052209042928 
  2063.0   42.115944095536186 
  2064.0   42.00445396568337 
  2065.0   41.84237838424788 
  2066.0   42.17983473702242 
  2067.0   42.70611766214994 
  2068.0   42.89306361885736 
  2069.0   42.95784877025355 
  2070.0   43.310413029481 
  2071.0   43.49627489299389 
  2072.0   43.53620530838127 
  2073.0   43.718182694904094 
  2074.0   43.924027501734535 
  2075.0   44.137828198782515 
  2076.0   44.25242682710638 
  2077.0   44.21697099229421 
  2078.0   44.54548307657911 
  2079.0   44.75534796926157 
  2080.0   44.57222440312052 
  2081.0   44.57277726447717 
  2082.0   44.82099328868059 
  2083.0   44.72841784372677 
  2084.0   44.615741323174205 
  2085.0   44.62128958407566 
  2086.0   44.57347945768804 
  2087.0   44.68648229310215 
  2088.0   44.99759622828718 
  2089.0   45.048162753850754 
  2090.0   44.88688020372393 
  2091.0   44.89639032995778 
  2092.0   44.802997280890935 
  2093.0   44.95190016580805 
  2094.0   45.278264254840586 
  2095.0   45.521081229435566 
  2096.0   45.54475635555988 
  2097.0   45.53176067634052 
  2098.0   45.5550511067743 
  2099.0   45.75382436439651 
  2100.0   45.84198779869555 
