  2015.0   1.0480033128891365e-09 
  2016.0   1.0433314568185906e-09 
  2017.0   1.0363278142914213e-09 
  2018.0   1.0312830824448856e-09 
  2019.0   1.0272434086885613e-09 
  2020.0   1.0012072944521413e-09 
  2021.0   9.912681676406137e-10 
  2022.0   9.878196286895156e-10 
  2023.0   9.898293904202004e-10 
  2024.0   9.899859486189694e-10 
  2025.0   9.905944543373248e-10 
  2026.0   9.911679992000136e-10 
  2027.0   9.977827728479183e-10 
  2028.0   1.0029150332373108e-09 
  2029.0   1.0042693749585476e-09 
  2030.0   9.949001422961725e-10 
  2031.0   9.937465552242173e-10 
  2032.0   9.91621236414153e-10 
  2033.0   9.908288841618556e-10 
  2034.0   9.968196097932204e-10 
  2035.0   1.0019317200396109e-09 
  2036.0   1.0035264579259543e-09 
  2037.0   9.984041125699905e-10 
  2038.0   1.0024417384700813e-09 
  2039.0   1.0014969333632077e-09 
  2040.0   9.913302251232966e-10 
  2041.0   9.878394015027584e-10 
  2042.0   9.948347127808467e-10 
  2043.0   9.983328272791492e-10 
  2044.0   1.003808266299177e-09 
  2045.0   1.000369625330825e-09 
  2046.0   1.0067786346289567e-09 
  2047.0   1.0165193171912497e-09 
  2048.0   1.0186633056717863e-09 
  2049.0   1.0174560702562235e-09 
  2050.0   1.0337832855442703e-09 
  2051.0   1.0335148911151395e-09 
  2052.0   1.0306352921794515e-09 
  2053.0   1.0283328383196348e-09 
  2054.0   1.0320612516229174e-09 
  2055.0   1.0897159068110535e-09 
  2056.0   1.1039603058982973e-09 
  2057.0   1.1214800346425651e-09 
  2058.0   1.1347825164763299e-09 
  2059.0   1.142215669523712e-09 
  2060.0   1.1409281855813266e-09 
  2061.0   1.1483341429117113e-09 
  2062.0   1.1545839729796876e-09 
  2063.0   1.1557481929237134e-09 
  2064.0   1.151915036035133e-09 
  2065.0   1.1459441940886325e-09 
  2066.0   1.1583549994331323e-09 
  2067.0   1.1623371921117522e-09 
  2068.0   1.1607394947755826e-09 
  2069.0   1.166362785602076e-09 
  2070.0   1.2487804458670903e-09 
  2071.0   1.2543756385823754e-09 
  2072.0   1.2611361567083835e-09 
  2073.0   1.27649666305413e-09 
  2074.0   1.2927373715972997e-09 
  2075.0   1.26806551887344e-09 
  2076.0   1.2764587257197205e-09 
  2077.0   1.283038832027856e-09 
  2078.0   1.2906708069048195e-09 
  2079.0   1.2966433054746076e-09 
  2080.0   1.2804980516454005e-09 
  2081.0   1.2900558022984463e-09 
  2082.0   1.3022533250042043e-09 
  2083.0   1.312822238073473e-09 
  2084.0   1.314368034757361e-09 
  2085.0   1.3472314883489373e-09 
  2086.0   1.3520532335377973e-09 
  2087.0   1.3534316684993388e-09 
  2088.0   1.3664263407209967e-09 
  2089.0   1.3703976879034872e-09 
  2090.0   1.2903798772081551e-09 
  2091.0   1.2734336695680976e-09 
  2092.0   1.265826067257906e-09 
  2093.0   1.259727898591625e-09 
  2094.0   1.2462057535123405e-09 
  2095.0   1.1839816982038751e-09 
  2096.0   1.1792643237323292e-09 
  2097.0   1.1578205988708238e-09 
  2098.0   1.1374836151046571e-09 
  2099.0   1.1350993566650807e-09 
  2100.0   1.1387872916269477e-09 
