  2015.0   0.48884471525296275 
  2016.0   0.4880354066130715 
  2017.0   0.48703946302771656 
  2018.0   0.48601040722594313 
  2019.0   0.484307408574688 
  2020.0   0.4824769847104306 
  2021.0   0.4781902788429027 
  2022.0   0.473607814036245 
  2023.0   0.47005039279213023 
  2024.0   0.4659476815429808 
  2025.0   0.46224442203763877 
  2026.0   0.4592820741182086 
  2027.0   0.45549750540251766 
  2028.0   0.4521865908007902 
  2029.0   0.4483429426889989 
  2030.0   0.4447170704807709 
  2031.0   0.4399154603932577 
  2032.0   0.43592339013695147 
  2033.0   0.4321761442023804 
  2034.0   0.4282692840914692 
  2035.0   0.4240115414550317 
  2036.0   0.4201498150558459 
  2037.0   0.41626850805227283 
  2038.0   0.4130607033072092 
  2039.0   0.4089920097192028 
  2040.0   0.4062054390619088 
  2041.0   0.402342402737673 
  2042.0   0.39869306048965614 
  2043.0   0.3960765409100731 
  2044.0   0.3932720430841674 
  2045.0   0.3913731879178536 
  2046.0   0.38828001024526665 
  2047.0   0.3850716487175781 
  2048.0   0.3821589932108527 
  2049.0   0.3791860889136603 
  2050.0   0.37500019174245597 
  2051.0   0.3721349484569968 
  2052.0   0.36981393633208753 
  2053.0   0.367417759293611 
  2054.0   0.36459658405734013 
  2055.0   0.3623219518166022 
  2056.0   0.36647305868686864 
  2057.0   0.370229582941616 
  2058.0   0.3720825380664331 
  2059.0   0.3759542436120257 
  2060.0   0.3818160092208509 
  2061.0   0.3860950201045748 
  2062.0   0.39213555405496997 
  2063.0   0.396935501347919 
  2064.0   0.4014356608479108 
  2065.0   0.4054569468307432 
  2066.0   0.40906007668957656 
  2067.0   0.4152720402467541 
  2068.0   0.4218155744123285 
  2069.0   0.42698609586005715 
  2070.0   0.4323814313260176 
  2071.0   0.451779005653362 
  2072.0   0.46975331694289657 
  2073.0   0.48610544858717025 
  2074.0   0.5010318306542481 
  2075.0   0.514488334369937 
  2076.0   0.5188341119261284 
  2077.0   0.5224707801020811 
  2078.0   0.5256234912899157 
  2079.0   0.5280161686331538 
  2080.0   0.530107541294873 
  2081.0   0.5234181165186305 
  2082.0   0.5169474752805883 
  2083.0   0.511648005804015 
  2084.0   0.5080129120916684 
  2085.0   0.5050548527819753 
  2086.0   0.5119705252959932 
  2087.0   0.5196019247571488 
  2088.0   0.5276734860186856 
  2089.0   0.5353084727646474 
  2090.0   0.5425012096167614 
  2091.0   0.529068590225145 
  2092.0   0.516583737699017 
  2093.0   0.5043506263554397 
  2094.0   0.4932840494545883 
  2095.0   0.48281233444533056 
  2096.0   0.46505218314348123 
  2097.0   0.44955513392408797 
  2098.0   0.4368043369032979 
  2099.0   0.4266061801162259 
  2100.0   0.41837156176024554 
