  2015.0   1.3001039862158949e-09 
  2016.0   1.2488621865604385e-09 
  2017.0   1.2146540104289105e-09 
  2018.0   1.236161150816447e-09 
  2019.0   1.2121685880595845e-09 
  2020.0   1.1689160268556905e-09 
  2021.0   1.1462165986454702e-09 
  2022.0   1.2476965013648561e-09 
  2023.0   1.2017428690871477e-09 
  2024.0   1.2182811754120545e-09 
  2025.0   1.1193661446144223e-09 
  2026.0   1.2556577854861218e-09 
  2027.0   1.2685666919535277e-09 
  2028.0   1.2314519276824594e-09 
  2029.0   1.245422697561409e-09 
  2030.0   1.21148244049616e-09 
  2031.0   1.1965087313377324e-09 
  2032.0   1.1636031926182152e-09 
  2033.0   1.1654280831431981e-09 
  2034.0   1.2466735216459033e-09 
  2035.0   1.2588952584460664e-09 
  2036.0   1.2959222344050887e-09 
  2037.0   1.2035099762048592e-09 
  2038.0   1.2685875900493563e-09 
  2039.0   1.2670835253620524e-09 
  2040.0   1.245703499924781e-09 
  2041.0   1.2724538315455365e-09 
  2042.0   1.2423534649424683e-09 
  2043.0   1.2970462662519254e-09 
  2044.0   1.190867410904315e-09 
  2045.0   1.3299903650901916e-09 
  2046.0   1.3067644911584804e-09 
  2047.0   1.2395179347997945e-09 
  2048.0   1.2826098033828572e-09 
  2049.0   1.2163875483767273e-09 
  2050.0   1.3061738810459225e-09 
  2051.0   1.2693033517626511e-09 
  2052.0   1.3153380351425714e-09 
  2053.0   1.318246897280633e-09 
  2054.0   1.3344196498468375e-09 
  2055.0   1.3690820189730157e-09 
  2056.0   1.2928932566503692e-09 
  2057.0   1.3743580965979447e-09 
  2058.0   1.375716359192966e-09 
  2059.0   1.340920095825164e-09 
  2060.0   1.4480144915018483e-09 
  2061.0   1.4078849808104442e-09 
  2062.0   1.3416129201317447e-09 
  2063.0   1.3651494809362644e-09 
  2064.0   1.4494591331112522e-09 
  2065.0   1.4925584271157315e-09 
  2066.0   1.5072011864012546e-09 
  2067.0   1.5840288954823833e-09 
  2068.0   1.5657239218545078e-09 
  2069.0   1.4927897647404843e-09 
  2070.0   1.5313991519255479e-09 
  2071.0   1.6374955269506093e-09 
  2072.0   1.5900365077099037e-09 
  2073.0   1.7435830144045834e-09 
  2074.0   1.6578691658712628e-09 
  2075.0   1.7616097965087411e-09 
  2076.0   1.7530484181643595e-09 
  2077.0   1.810065360740634e-09 
  2078.0   1.872409704859568e-09 
  2079.0   1.947939933752957e-09 
  2080.0   1.8133726943777077e-09 
  2081.0   1.8191782720870498e-09 
  2082.0   1.8437162717861342e-09 
  2083.0   1.7711989565681029e-09 
  2084.0   1.8999737699415693e-09 
  2085.0   1.7819574127079895e-09 
  2086.0   1.9548700774028347e-09 
  2087.0   1.919569440326218e-09 
  2088.0   1.9943889188235208e-09 
  2089.0   1.964087037394364e-09 
  2090.0   1.979976012390206e-09 
  2091.0   1.8858645832930826e-09 
  2092.0   1.870330717039422e-09 
  2093.0   1.8458394874402105e-09 
  2094.0   1.7962808196616716e-09 
  2095.0   1.9162616119395347e-09 
  2096.0   1.7293483555570762e-09 
  2097.0   1.7907771636373973e-09 
  2098.0   1.7486950599700313e-09 
  2099.0   1.8168871590251806e-09 
  2100.0   1.6623513196474627e-09 
