  1850.0   36.45344869064388 
  1851.0   36.71642908339107 
  1852.0   36.442561140828786 
  1853.0   36.154064900760346 
  1854.0   36.77956834356482 
  1855.0   36.7438639895957 
  1856.0   35.81080696510247 
  1857.0   35.37690724481453 
  1858.0   36.713044437166545 
  1859.0   35.33516438451997 
  1860.0   37.738688932383006 
  1861.0   37.793542611532 
  1862.0   35.70439008879892 
  1863.0   36.40201097836265 
  1864.0   36.097526568188044 
  1865.0   37.34998834538919 
  1866.0   37.67859533034899 
  1867.0   35.8559061349435 
  1868.0   35.71459021607482 
  1869.0   36.77625764367708 
  1870.0   39.24516838857082 
  1871.0   37.62598408496296 
  1872.0   36.13945686754527 
  1873.0   36.659485981898186 
  1874.0   36.08995031244075 
  1875.0   36.710946923369214 
  1876.0   35.11063005643829 
  1877.0   36.86066191113812 
  1878.0   37.49259561319431 
  1879.0   37.50389051942919 
  1880.0   37.07281949535999 
  1881.0   36.96846530528136 
  1882.0   37.769989820986744 
  1883.0   37.6569277328014 
  1884.0   36.45705330834093 
  1885.0   35.82151949464006 
  1886.0   37.21137493678843 
  1887.0   36.44750912729059 
  1888.0   35.66730927713476 
  1889.0   36.31125638148575 
  1890.0   35.65558609744989 
  1891.0   36.324702595562776 
  1892.0   36.87774706774103 
  1893.0   36.136238112031045 
  1894.0   36.30507627728282 
  1895.0   36.699941076583826 
  1896.0   38.37654825811027 
  1897.0   37.055589638278846 
  1898.0   35.552417923797734 
  1899.0   36.604620568179804 
  1900.0   36.45522554051718 
  1901.0   37.665010266253766 
  1902.0   37.462358409173675 
  1903.0   37.535520918263785 
  1904.0   37.56736271577278 
  1905.0   37.68496748763209 
  1906.0   37.27192617947143 
  1907.0   36.43197260115736 
  1908.0   37.27205862469849 
  1909.0   37.21140073039757 
  1910.0   36.10949584708768 
  1911.0   37.04731276807139 
  1912.0   36.223831674084686 
  1913.0   38.096297338151174 
  1914.0   38.12202323750832 
  1915.0   37.37718888302226 
  1916.0   37.74053696451212 
  1917.0   37.456952587966775 
  1918.0   37.519959569444225 
  1919.0   37.67470766468896 
  1920.0   36.690923675693114 
  1921.0   36.60180175773567 
  1922.0   37.491318926002286 
  1923.0   37.82090359481627 
  1924.0   38.17101922546229 
  1925.0   35.66925641762567 
  1926.0   36.843409509406655 
  1927.0   36.52211589546125 
  1928.0   37.68866399286655 
  1929.0   38.460582430604354 
  1930.0   37.597182728088875 
  1931.0   37.76488996510498 
  1932.0   36.86263140045274 
  1933.0   37.52455186144846 
  1934.0   37.77662313043344 
  1935.0   38.281973322325115 
  1936.0   37.224729336247066 
  1937.0   37.78748167761667 
  1938.0   38.3195985987919 
  1939.0   37.7673327094716 
  1940.0   38.40800238667795 
  1941.0   37.0690889752782 
  1942.0   38.323563069632904 
  1943.0   37.69059051101981 
  1944.0   38.20601134283623 
  1945.0   37.482662590031936 
  1946.0   37.05127219989075 
  1947.0   34.580486458095244 
  1948.0   35.958591997650416 
  1949.0   37.271431398841614 
  1950.0   37.9746377484798 
  1951.0   37.03759470012493 
  1952.0   37.467916138199726 
  1953.0   37.04984155308564 
  1954.0   36.30627456988489 
  1955.0   37.088468815341145 
  1956.0   38.32499654063557 
  1957.0   36.14963866219586 
  1958.0   35.59278640997929 
  1959.0   38.593363818387914 
  1960.0   36.58164622893881 
  1961.0   38.04164699437229 
  1962.0   38.244563321800705 
  1963.0   37.29753806682603 
  1964.0   37.99124429144995 
  1965.0   38.04790676554921 
  1966.0   36.596070832891684 
  1967.0   36.60853606860435 
  1968.0   37.86528080057333 
  1969.0   37.94132565191599 
  1970.0   37.58146176206337 
  1971.0   37.709054375220084 
  1972.0   37.40525994350108 
  1973.0   37.553377213203184 
  1974.0   37.8823889271151 
  1975.0   36.68566255570793 
  1976.0   36.34349665237093 
  1977.0   36.21862495411506 
  1978.0   38.159152364345026 
  1979.0   37.489824491920665 
  1980.0   35.80932413399898 
  1981.0   36.803271045858786 
  1982.0   37.26613891707254 
  1983.0   38.473027729321956 
  1984.0   39.0780957305658 
  1985.0   38.647108266746514 
  1986.0   37.51921750397235 
  1987.0   37.6710493681106 
  1988.0   38.080493181838776 
  1989.0   37.15592446985783 
  1990.0   38.98997443741555 
  1991.0   39.957114166193726 
  1992.0   42.78692262832217 
  1993.0   41.05086579549607 
  1994.0   40.232961974251 
  1995.0   39.951407730405435 
  1996.0   39.61548654809874 
  1997.0   40.690880037440955 
  1998.0   41.60053824635091 
  1999.0   41.59389468472603 
  2000.0   40.62770261952143 
  2001.0   40.55894721901972 
  2002.0   41.6429016740602 
  2003.0   41.157759438829515 
  2004.0   42.45956892371141 
  2005.0   43.11577947666556 
  2006.0   41.790827012423684 
  2007.0   42.11401524549725 
  2008.0   42.674740116355906 
  2009.0   43.9853842550163 
  2010.0   41.34361142961387 
  2011.0   41.39118819036697 
  2012.0   43.93159366768792 
  2013.0   42.48507086382413 
  2014.0   42.727848311906975 
