  1850.0   168.70090169606863 
  1851.0   168.2179833304012 
  1852.0   167.8934990599029 
  1853.0   167.80870141409244 
  1854.0   167.70682887761987 
  1855.0   168.01510588117637 
  1856.0   168.3373294958036 
  1857.0   168.359602423948 
  1858.0   168.23524176730152 
  1859.0   167.93594769693107 
  1860.0   167.4997676096076 
  1861.0   167.15620989223555 
  1862.0   166.93574396875215 
  1863.0   166.5739697749603 
  1864.0   166.6376744599565 
  1865.0   166.76028027446563 
  1866.0   166.85143606796981 
  1867.0   166.02586034434736 
  1868.0   165.96811568328462 
  1869.0   166.3130693881115 
  1870.0   166.5796120990027 
  1871.0   166.60925456919088 
  1872.0   166.08297014720313 
  1873.0   166.05141691833768 
  1874.0   166.09679565797063 
  1875.0   165.7211161358663 
  1876.0   165.58183485189124 
  1877.0   165.59975694247112 
  1878.0   165.3868984214898 
  1879.0   165.24974149261718 
  1880.0   165.16922882062536 
  1881.0   164.73013523736418 
  1882.0   164.59198700454766 
  1883.0   164.51664070410246 
  1884.0   164.58245297948162 
  1885.0   164.8477131059835 
  1886.0   164.69765818148764 
  1887.0   164.60307997151045 
  1888.0   164.31491754804807 
  1889.0   163.74537952897907 
  1890.0   163.68902643213477 
  1891.0   163.69212536498665 
  1892.0   163.43521530852243 
  1893.0   163.22776018406475 
  1894.0   163.40942573324807 
  1895.0   163.31311740143838 
  1896.0   163.3820104654276 
  1897.0   162.8375925092263 
  1898.0   162.45552151312393 
  1899.0   162.35836432583 
  1900.0   162.41502348989246 
  1901.0   162.52973378992675 
  1902.0   162.49786721059624 
  1903.0   162.41127822716666 
  1904.0   162.65844641642505 
  1905.0   162.79722848825782 
  1906.0   162.25552170386266 
  1907.0   162.12137216392313 
  1908.0   162.35326333785775 
  1909.0   162.3937882132773 
  1910.0   162.34275701870226 
  1911.0   162.33525951424525 
  1912.0   161.97640463489574 
  1913.0   161.283755237096 
  1914.0   160.90179482844744 
  1915.0   160.55520980408212 
  1916.0   159.74980930220474 
  1917.0   159.82224028137546 
  1918.0   159.80406761646208 
  1919.0   159.69422154561872 
  1920.0   158.9767636131652 
  1921.0   158.14681684754513 
  1922.0   157.97146078023243 
  1923.0   157.64411894538887 
  1924.0   157.2617655528497 
  1925.0   156.92979802796162 
  1926.0   156.49062541025867 
  1927.0   156.50709719098938 
  1928.0   156.7198407933403 
  1929.0   156.67263368312587 
  1930.0   156.30304226475621 
  1931.0   155.86644438403138 
  1932.0   155.14394568748807 
  1933.0   154.93892087255338 
  1934.0   154.79849493566346 
  1935.0   154.57454187556164 
  1936.0   154.4819709969235 
  1937.0   154.0314075991848 
  1938.0   153.79935234774217 
  1939.0   153.69975364653268 
  1940.0   153.67400971396768 
  1941.0   153.73717367618212 
  1942.0   153.54526125320552 
  1943.0   153.31132955651867 
  1944.0   153.25220355329108 
  1945.0   153.13408955245262 
  1946.0   153.1299526027614 
  1947.0   153.5624631563306 
  1948.0   154.03375494794258 
  1949.0   154.1500721323098 
  1950.0   153.84488191065998 
  1951.0   153.4408406062648 
  1952.0   153.38158749545605 
  1953.0   153.4220037659931 
  1954.0   153.09311054525963 
  1955.0   152.64775901355537 
  1956.0   152.1857725205302 
  1957.0   152.263196626891 
  1958.0   152.60462816277908 
  1959.0   152.35641501118144 
  1960.0   151.92934423129037 
  1961.0   151.30094910365466 
  1962.0   150.2642404999789 
  1963.0   149.93500373900306 
  1964.0   149.7458394869649 
  1965.0   149.25687468201843 
  1966.0   148.67511792105623 
  1967.0   148.50621246860527 
  1968.0   148.42509083320343 
  1969.0   148.10387564533002 
  1970.0   147.68369117337076 
  1971.0   147.59357106266725 
  1972.0   147.5326399281783 
  1973.0   147.73078781927398 
  1974.0   147.91081025057332 
  1975.0   147.82429101809228 
  1976.0   147.45657256589467 
  1977.0   147.81993915727517 
  1978.0   147.96633143744538 
  1979.0   147.45906493056125 
  1980.0   146.64427883347776 
  1981.0   146.33303517846912 
  1982.0   147.0310514486189 
  1983.0   147.1933034948646 
  1984.0   147.64300144068648 
  1985.0   148.0668346070933 
  1986.0   148.09585800220734 
  1987.0   148.38214920360116 
  1988.0   149.04743951749074 
  1989.0   149.61593200266756 
  1990.0   149.65128460291098 
  1991.0   149.36109909680815 
  1992.0   149.5353414519731 
  1993.0   149.96076776334385 
  1994.0   150.25803083149287 
  1995.0   150.07562793360464 
  1996.0   150.41943726675103 
  1997.0   150.3594281514065 
  1998.0   150.3790952762556 
  1999.0   150.7953276871948 
  2000.0   151.20374746723817 
  2001.0   151.38772383224688 
  2002.0   151.67338442662867 
  2003.0   152.32995903502342 
  2004.0   152.58788800919643 
  2005.0   152.42568749617655 
  2006.0   153.02282773915283 
  2007.0   153.57242778338897 
  2008.0   154.37989171473504 
  2009.0   154.87177617736901 
  2010.0   154.96780076938984 
  2011.0   155.25886172803018 
  2012.0   155.80471948333474 
  2013.0   155.46390082373512 
  2014.0   155.23473508246337 
