  1850.0   294.7131755560766 
  1851.0   294.33191856506437 
  1852.0   294.7174084419937 
  1853.0   294.75761362015623 
  1854.0   294.84703106469385 
  1855.0   295.0477937940959 
  1856.0   295.2374597501354 
  1857.0   295.09602389847055 
  1858.0   294.6091362872258 
  1859.0   294.7427912671649 
  1860.0   294.5576694475972 
  1861.0   294.4384794377401 
  1862.0   294.3247304221256 
  1863.0   294.4742551475707 
  1864.0   294.7062929368065 
  1865.0   294.73957139125093 
  1866.0   295.24591929350476 
  1867.0   295.3769738592737 
  1868.0   295.0074175422615 
  1869.0   294.8063521739996 
  1870.0   294.91065556613 
  1871.0   294.88092191307715 
  1872.0   294.76288482920535 
  1873.0   295.21729785522365 
  1874.0   294.6860747467939 
  1875.0   294.9057410855906 
  1876.0   294.81767418603766 
  1877.0   294.86256235799294 
  1878.0   295.24505821552725 
  1879.0   295.6631785788566 
  1880.0   294.877506554893 
  1881.0   294.55488981326687 
  1882.0   295.3080424081478 
  1883.0   295.23649070340906 
  1884.0   294.8108959486759 
  1885.0   295.45430804663033 
  1886.0   295.3182793361909 
  1887.0   295.1487899501903 
  1888.0   294.8652298404965 
  1889.0   294.6217396499914 
  1890.0   294.8014983774805 
  1891.0   294.9346347625389 
  1892.0   294.6739266606056 
  1893.0   294.9672194864246 
  1894.0   294.9308773964764 
  1895.0   294.8969838813938 
  1896.0   294.72086831130196 
  1897.0   295.19667234812596 
  1898.0   295.49606389664876 
  1899.0   295.2519529602474 
  1900.0   295.17212318277865 
  1901.0   295.0923109235617 
  1902.0   294.5618526938079 
  1903.0   295.10168314306765 
  1904.0   295.3971864592747 
  1905.0   294.9011614210023 
  1906.0   295.34778929271187 
  1907.0   295.0815615986105 
  1908.0   294.5931044909069 
  1909.0   295.0284749673738 
  1910.0   294.87220494350333 
  1911.0   294.92936554403815 
  1912.0   295.07196045915936 
  1913.0   294.95209563753144 
  1914.0   295.1270896149608 
  1915.0   295.07925618896417 
  1916.0   295.333394744025 
  1917.0   295.2550322874598 
  1918.0   295.43776885952076 
  1919.0   294.91233625548375 
  1920.0   295.179772949194 
  1921.0   295.4144533613402 
  1922.0   295.2150843371423 
  1923.0   295.2506915236964 
  1924.0   295.4626854413163 
  1925.0   294.8003856461552 
  1926.0   294.8042329628995 
  1927.0   295.26241617692136 
  1928.0   295.05270720575044 
  1929.0   295.0700449785595 
  1930.0   295.27256832747304 
  1931.0   295.3752512603124 
  1932.0   295.0354398490685 
  1933.0   294.7566342240684 
  1934.0   294.987694806181 
  1935.0   295.80712599046007 
  1936.0   295.9799875992395 
  1937.0   295.0412969914637 
  1938.0   295.4211414999104 
  1939.0   295.5280266119324 
  1940.0   295.14404338777655 
  1941.0   295.2812919791919 
  1942.0   295.4211393289001 
  1943.0   295.35075107768574 
  1944.0   295.44100370382233 
  1945.0   294.8546096549109 
  1946.0   295.16226683577247 
  1947.0   294.9247769934718 
  1948.0   294.73265266033155 
  1949.0   295.4990162163085 
  1950.0   295.22008943377085 
  1951.0   295.558328690185 
  1952.0   295.57835710304244 
  1953.0   294.9768666735041 
  1954.0   295.0848504421431 
  1955.0   295.38228528948076 
  1956.0   295.5825414558157 
  1957.0   295.46810664755515 
  1958.0   295.40189740961154 
  1959.0   294.8438903616924 
  1960.0   294.6993862859941 
  1961.0   295.1017659917441 
  1962.0   294.86744132935615 
  1963.0   295.3912570076324 
  1964.0   295.52080018756004 
  1965.0   295.13427390149747 
  1966.0   295.123057167723 
  1967.0   295.3835768866832 
  1968.0   295.2404631486103 
  1969.0   295.2103379883666 
  1970.0   294.93459414048505 
  1971.0   294.96453241390583 
  1972.0   295.35674352935746 
  1973.0   295.71779358156687 
  1974.0   294.8935688678954 
  1975.0   295.11292010843016 
  1976.0   295.5163782647576 
  1977.0   295.5131666284726 
  1978.0   295.7555619021813 
  1979.0   295.35108889164565 
  1980.0   295.37134995697465 
  1981.0   296.2181867125168 
  1982.0   295.7734862625985 
  1983.0   295.34466756882574 
  1984.0   295.7975355926019 
  1985.0   295.68398530816955 
  1986.0   295.0733376044454 
  1987.0   294.961108214437 
  1988.0   295.732136527859 
  1989.0   295.5352596402781 
  1990.0   295.4661292492748 
  1991.0   295.3268927075919 
  1992.0   295.69105728021844 
  1993.0   295.8301097276443 
  1994.0   295.50706277672793 
  1995.0   295.51683719907425 
  1996.0   295.6606366806306 
  1997.0   295.5421966048811 
  1998.0   295.5595122975138 
  1999.0   295.71861369883163 
  2000.0   295.8450317304955 
  2001.0   296.21289093280075 
  2002.0   296.04640879840105 
  2003.0   295.8808357375093 
  2004.0   295.77250596857806 
  2005.0   295.7937853100983 
  2006.0   295.7421971335372 
  2007.0   296.0217845989957 
  2008.0   296.1389268816235 
  2009.0   295.50833080818643 
  2010.0   295.7797210063405 
  2011.0   296.11766577793253 
  2012.0   296.28481271096695 
  2013.0   295.8738351168386 
  2014.0   295.96202282827363 
