  1850.0   5.274988562377259 
  1851.0   5.598923000174812 
  1852.0   5.475111960392805 
  1853.0   5.402836990924126 
  1854.0   5.415523913821615 
  1855.0   5.475974830072296 
  1856.0   5.55561870766179 
  1857.0   5.235778280775498 
  1858.0   5.624639796223309 
  1859.0   5.4358482467252704 
  1860.0   5.37965935912592 
  1861.0   5.165821215244995 
  1862.0   5.416373217761265 
  1863.0   4.899475315916999 
  1864.0   5.146910339782576 
  1865.0   5.571888367801819 
  1866.0   5.255096022214771 
  1867.0   5.237097343917116 
  1868.0   4.927485637692238 
  1869.0   5.362984225761508 
  1870.0   5.424985680589201 
  1871.0   4.981006523955994 
  1872.0   5.107773160132317 
  1873.0   5.2118332844291 
  1874.0   5.2892265777561 
  1875.0   5.49732280735689 
  1876.0   5.523758694615969 
  1877.0   5.468191333619506 
  1878.0   5.544761401352044 
  1879.0   5.434676693652149 
  1880.0   5.399789912469804 
  1881.0   5.4637985881214615 
  1882.0   5.1194087023332635 
  1883.0   5.262423336906109 
  1884.0   5.219532441691083 
  1885.0   5.419336161146543 
  1886.0   5.215047633210568 
  1887.0   4.921944427851293 
  1888.0   4.888928231248342 
  1889.0   5.033618477945026 
  1890.0   5.264301305048292 
  1891.0   5.397365939164005 
  1892.0   5.507606071816929 
  1893.0   5.370030451229194 
  1894.0   5.511383881120558 
  1895.0   5.31487920648751 
  1896.0   5.199009680148669 
  1897.0   5.208239102893257 
  1898.0   5.603551038038372 
  1899.0   5.197832480020482 
  1900.0   5.237625034374389 
  1901.0   5.30236862828953 
  1902.0   5.337182509141309 
  1903.0   5.172063833072889 
  1904.0   5.406737467629317 
  1905.0   5.129434810880071 
  1906.0   5.247215704053213 
  1907.0   5.735873685308121 
  1908.0   5.693633792016682 
  1909.0   5.548319688198386 
  1910.0   5.53056756921373 
  1911.0   5.360832655265746 
  1912.0   5.068072020806202 
  1913.0   5.085020358104039 
  1914.0   5.249623371552816 
  1915.0   5.232533919305541 
  1916.0   5.404586485087548 
  1917.0   5.111354636401414 
  1918.0   5.2989706050678445 
  1919.0   5.427802431125393 
  1920.0   5.341456517126724 
  1921.0   5.269312156946938 
  1922.0   5.690837693205618 
  1923.0   5.325898919187916 
  1924.0   4.930903261726255 
  1925.0   5.17784225112161 
  1926.0   5.014426645103248 
  1927.0   5.213190737419708 
  1928.0   5.4129066714065734 
  1929.0   5.330863423944422 
  1930.0   5.35599207272803 
  1931.0   5.131004037388893 
  1932.0   5.332891022993087 
  1933.0   5.2716201070401985 
  1934.0   5.306152846646763 
  1935.0   5.192323760408831 
  1936.0   5.406145862538272 
  1937.0   5.581524177569185 
  1938.0   5.322975509493322 
  1939.0   5.3999933283188275 
  1940.0   5.452565700145507 
  1941.0   5.288031309230165 
  1942.0   5.375853662428416 
  1943.0   5.353227516142207 
  1944.0   5.335855926171372 
  1945.0   5.2286134890064835 
  1946.0   5.208601486677085 
  1947.0   5.1490281228577635 
  1948.0   5.101997280958978 
  1949.0   5.306853091446547 
  1950.0   5.485630214981337 
  1951.0   5.307950676670513 
  1952.0   4.977214430115849 
  1953.0   5.580977655908708 
  1954.0   5.003570447493971 
  1955.0   5.123263232430929 
  1956.0   5.378815838157064 
  1957.0   5.28297085522953 
  1958.0   5.484366394356169 
  1959.0   5.213559647304007 
  1960.0   5.568577096729784 
  1961.0   5.615852161123779 
  1962.0   5.218021990598834 
  1963.0   5.003441734528636 
  1964.0   5.128525782376627 
  1965.0   4.972494983547209 
  1966.0   5.270676728980837 
  1967.0   5.3806728691639245 
  1968.0   5.423481291476837 
  1969.0   4.9124445487757455 
  1970.0   5.657180721177417 
  1971.0   5.5635127551328125 
  1972.0   5.308198223389348 
  1973.0   4.68086546417686 
  1974.0   5.304886049768856 
  1975.0   5.113611836724575 
  1976.0   5.412552879400506 
  1977.0   5.2279383673388065 
  1978.0   5.69819043260532 
  1979.0   5.500265844535055 
  1980.0   5.241240414776307 
  1981.0   5.382302129485618 
  1982.0   5.678876640370765 
  1983.0   5.067205946973538 
  1984.0   5.0449039384365655 
  1985.0   5.4828024548347125 
  1986.0   5.545021903959029 
  1987.0   5.417320730952568 
  1988.0   5.063207324656527 
  1989.0   5.243848739988007 
  1990.0   5.391595623561085 
  1991.0   5.4640705397279286 
  1992.0   5.1172360914313275 
  1993.0   5.30936912185667 
  1994.0   5.4888060615142 
  1995.0   5.163741352301557 
  1996.0   5.0098815941481964 
  1997.0   5.291699895303941 
  1998.0   4.778068782297895 
  1999.0   5.345919557706154 
  2000.0   5.540847132666512 
  2001.0   5.204666281410843 
  2002.0   5.067716850208408 
  2003.0   5.141246518363542 
  2004.0   5.242013927154791 
  2005.0   4.760665533066068 
  2006.0   5.136120741176161 
  2007.0   5.694959834002617 
  2008.0   5.313288907495883 
  2009.0   5.14164850292936 
  2010.0   5.235038711243794 
  2011.0   5.427918437699344 
  2012.0   5.328337776811315 
  2013.0   5.047168403084882 
  2014.0   5.30645611476453 
