  1850.0   1.365382149484268e-11 
  1851.0   1.2347677105561151e-11 
  1852.0   1.4254252104952539e-11 
  1853.0   1.5075153030164512e-11 
  1854.0   1.556208236603669e-11 
  1855.0   1.512198944359161e-11 
  1856.0   1.57902523729576e-11 
  1857.0   1.6545479603495176e-11 
  1858.0   1.560901424945605e-11 
  1859.0   1.6484297998394255e-11 
  1860.0   1.6903681116711116e-11 
  1861.0   1.7455120722662866e-11 
  1862.0   1.7639351459644285e-11 
  1863.0   1.5913823267123984e-11 
  1864.0   1.6848333916387617e-11 
  1865.0   1.6861359233351386e-11 
  1866.0   1.7589735152394227e-11 
  1867.0   1.7782837141275235e-11 
  1868.0   1.807766616237364e-11 
  1869.0   1.8518997664914783e-11 
  1870.0   1.798446067205323e-11 
  1871.0   1.9002735565942714e-11 
  1872.0   1.8201583486102773e-11 
  1873.0   1.6857823999048876e-11 
  1874.0   2.0334904024221457e-11 
  1875.0   2.0111984449248593e-11 
  1876.0   2.0325115835613877e-11 
  1877.0   1.8804677791942277e-11 
  1878.0   2.0502883955544785e-11 
  1879.0   2.122053263447904e-11 
  1880.0   2.0774058258260573e-11 
  1881.0   2.0100796318470873e-11 
  1882.0   2.0995505510524525e-11 
  1883.0   2.5142855034409434e-11 
  1884.0   2.365033768024267e-11 
  1885.0   2.2976253249947805e-11 
  1886.0   2.2397072755157797e-11 
  1887.0   2.5336411863162303e-11 
  1888.0   2.4423803126290255e-11 
  1889.0   2.599544664311759e-11 
  1890.0   2.6755252159849114e-11 
  1891.0   2.62399987065382e-11 
  1892.0   2.423572022074674e-11 
  1893.0   2.727839458089239e-11 
  1894.0   2.5421141510786032e-11 
  1895.0   2.6038450980960162e-11 
  1896.0   2.5751410133816085e-11 
  1897.0   2.8070387789902668e-11 
  1898.0   2.685056482247625e-11 
  1899.0   2.8595055607957344e-11 
  1900.0   2.703750583723044e-11 
  1901.0   2.998501141419698e-11 
  1902.0   2.7227780581462744e-11 
  1903.0   2.8516444182221738e-11 
  1904.0   3.0051256360395604e-11 
  1905.0   3.228458044072829e-11 
  1906.0   3.012662773300805e-11 
  1907.0   3.436173664281019e-11 
  1908.0   3.307373225929669e-11 
  1909.0   3.382073480203596e-11 
  1910.0   3.3653629239722825e-11 
  1911.0   3.7713824720622517e-11 
  1912.0   3.990662142810178e-11 
  1913.0   3.6989959328860046e-11 
  1914.0   4.037487120972161e-11 
  1915.0   4.231845396761331e-11 
  1916.0   4.372186017225524e-11 
  1917.0   4.83244422396e-11 
  1918.0   5.0076464744553894e-11 
  1919.0   4.7344789321276265e-11 
  1920.0   4.936138692366229e-11 
  1921.0   5.3205695394526875e-11 
  1922.0   5.7305678300675597e-11 
  1923.0   6.859720919489602e-11 
  1924.0   5.6537873083386416e-11 
  1925.0   6.248477466377314e-11 
  1926.0   6.182545578468173e-11 
  1927.0   6.681734929526742e-11 
  1928.0   7.467406903487787e-11 
  1929.0   6.800521785424646e-11 
  1930.0   7.978764662976556e-11 
  1931.0   7.790309563894072e-11 
  1932.0   8.002877405148678e-11 
  1933.0   7.632620306013866e-11 
  1934.0   8.244868249790281e-11 
  1935.0   7.857433785456356e-11 
  1936.0   9.513814690966874e-11 
  1937.0   8.983764781779018e-11 
  1938.0   7.854200531354393e-11 
  1939.0   8.718819077649485e-11 
  1940.0   8.582281962686467e-11 
  1941.0   9.555216568108416e-11 
  1942.0   9.574360893783636e-11 
  1943.0   9.966941674851496e-11 
  1944.0   8.982907720767838e-11 
  1945.0   8.693553021053213e-11 
  1946.0   9.230147804471328e-11 
  1947.0   8.618675899857257e-11 
  1948.0   8.661362283375861e-11 
  1949.0   9.140185368121326e-11 
  1950.0   9.573938503565876e-11 
  1951.0   9.068292834583698e-11 
  1952.0   9.420851505808318e-11 
  1953.0   9.269807025951914e-11 
  1954.0   9.177606916620213e-11 
  1955.0   1.0302580666916001e-10 
  1956.0   1.0176102112420299e-10 
  1957.0   1.1232365428268314e-10 
  1958.0   1.142795274756252e-10 
  1959.0   1.0464308865000121e-10 
  1960.0   1.0854299492220013e-10 
  1961.0   1.298589781783758e-10 
  1962.0   1.2501645072247726e-10 
  1963.0   1.4318594191469257e-10 
  1964.0   1.4875252396049906e-10 
  1965.0   1.4903179194128724e-10 
  1966.0   1.4069779510226293e-10 
  1967.0   1.5277775535975542e-10 
  1968.0   1.490097524645882e-10 
  1969.0   1.6459097157887022e-10 
  1970.0   1.6933446199550417e-10 
  1971.0   1.8311072294493649e-10 
  1972.0   1.896470737086622e-10 
  1973.0   2.0176431537837604e-10 
  1974.0   2.104501238792141e-10 
  1975.0   2.1203746854558686e-10 
  1976.0   1.982965663581575e-10 
  1977.0   2.1348224810504703e-10 
  1978.0   2.360099659992132e-10 
  1979.0   2.277460131791841e-10 
  1980.0   2.5755950447486005e-10 
  1981.0   2.2773399828233284e-10 
  1982.0   2.066452576383309e-10 
  1983.0   2.497108944459481e-10 
  1984.0   2.3586187304559274e-10 
  1985.0   2.0226880878851956e-10 
  1986.0   2.360506362980897e-10 
  1987.0   2.568061496809408e-10 
  1988.0   2.6211029759321474e-10 
  1989.0   2.4717457764767553e-10 
  1990.0   2.543440519621345e-10 
  1991.0   2.358071128189006e-10 
  1992.0   3.09587518329142e-10 
  1993.0   2.7251938185612193e-10 
  1994.0   2.8990027267186717e-10 
  1995.0   2.913155189833795e-10 
  1996.0   2.7408098008639045e-10 
  1997.0   2.559109026790687e-10 
  1998.0   2.7803223650263485e-10 
  1999.0   3.0809290201709353e-10 
  2000.0   3.0362730635962375e-10 
  2001.0   3.1891064272390167e-10 
  2002.0   3.2872699173912433e-10 
  2003.0   3.1735102309253046e-10 
  2004.0   3.4424587369527567e-10 
  2005.0   3.448187467259877e-10 
  2006.0   3.132385890932288e-10 
  2007.0   3.7145559367232383e-10 
  2008.0   3.903723526181495e-10 
  2009.0   2.971168322295893e-10 
  2010.0   3.518908860637877e-10 
  2011.0   4.2862439991314595e-10 
  2012.0   4.168204427713298e-10 
  2013.0   3.8972687728459545e-10 
  2014.0   4.2088486908420485e-10 
