  1850.0   0.0 
  1851.0   5.48171704258545e-10 
  1852.0   5.484707110005297e-10 
  1853.0   5.450846048321892e-10 
  1854.0   5.448536154409427e-10 
  1855.0   5.37041244812884e-10 
  1856.0   5.352705796108152e-10 
  1857.0   5.347911857042679e-10 
  1858.0   5.129676640679133e-10 
  1859.0   4.828753198897486e-10 
  1860.0   4.2623314967373206e-10 
  1861.0   3.729734053584972e-10 
  1862.0   3.7253876805344833e-10 
  1863.0   3.811759090317722e-10 
  1864.0   3.840431038268176e-10 
  1865.0   3.7789925529888434e-10 
  1866.0   1.1987754206474246e-10 
  1867.0   1.2546519481498105e-10 
  1868.0   1.3797512178420764e-10 
  1869.0   1.454296539925575e-10 
  1870.0   1.4895470015370896e-10 
  1871.0   1.7819714540227537e-10 
  1872.0   1.869850667926554e-10 
  1873.0   1.8986372186760976e-10 
  1874.0   1.9806459494507956e-10 
  1875.0   1.9856973571121628e-10 
  1876.0   2.0121193148802426e-10 
  1877.0   2.111274506373317e-10 
  1878.0   2.1376630663102073e-10 
  1879.0   2.098523634992751e-10 
  1880.0   2.1263500198409003e-10 
  1881.0   2.458708510905711e-10 
  1882.0   1.9386750408419389e-10 
  1883.0   2.0322099648208216e-10 
  1884.0   2.1775599354494908e-10 
  1885.0   2.4134169669898407e-10 
  1886.0   2.5593508916351763e-10 
  1887.0   2.655777142571566e-10 
  1888.0   2.6382151575572643e-10 
  1889.0   2.758659873800785e-10 
  1890.0   2.778094565406652e-10 
  1891.0   3.057649727865207e-10 
  1892.0   3.015309862694398e-10 
  1893.0   3.0489823892717137e-10 
  1894.0   2.991407108394137e-10 
  1895.0   3.049021379425025e-10 
  1896.0   3.0399783609812823e-10 
  1897.0   3.0167996181959615e-10 
  1898.0   2.8108928027670753e-10 
  1899.0   2.753286597642028e-10 
  1900.0   2.813661522654715e-10 
  1901.0   3.560331632195497e-10 
  1902.0   3.5551181629248435e-10 
  1903.0   3.540272820858371e-10 
  1904.0   3.53968379614866e-10 
  1905.0   3.6874478253518833e-10 
  1906.0   3.618584688793406e-10 
  1907.0   3.640843321426003e-10 
  1908.0   3.661581330328775e-10 
  1909.0   3.57948134505368e-10 
  1910.0   3.66949292111001e-10 
  1911.0   4.815264096830637e-10 
  1912.0   4.816211878299854e-10 
  1913.0   4.946390995027665e-10 
  1914.0   4.883579211765434e-10 
  1915.0   4.930788747166615e-10 
  1916.0   5.104418850103372e-10 
  1917.0   5.081572775609297e-10 
  1918.0   5.051099664220532e-10 
  1919.0   5.136421422777534e-10 
  1920.0   5.165673790536462e-10 
  1921.0   5.592769209395758e-10 
  1922.0   5.643753440952929e-10 
  1923.0   5.724394799422508e-10 
  1924.0   5.709962199873053e-10 
  1925.0   5.819869735017736e-10 
  1926.0   5.724866475560691e-10 
  1927.0   5.758373013032999e-10 
  1928.0   5.721325468535977e-10 
  1929.0   5.845391892030999e-10 
  1930.0   5.863432126566376e-10 
  1931.0   6.639407095899883e-10 
  1932.0   6.725357077189406e-10 
  1933.0   6.789184974779918e-10 
  1934.0   6.789520954666343e-10 
  1935.0   6.758377597799559e-10 
  1936.0   6.782655396935199e-10 
  1937.0   6.735773762424356e-10 
  1938.0   6.71404540511339e-10 
  1939.0   6.735326508171451e-10 
  1940.0   6.82555943198501e-10 
  1941.0   5.774058872421426e-10 
  1942.0   5.791952397684981e-10 
  1943.0   5.664973428794659e-10 
  1944.0   5.727267205731909e-10 
  1945.0   5.685776426664644e-10 
  1946.0   5.708584525102106e-10 
  1947.0   5.569366654255308e-10 
  1948.0   5.532100701286911e-10 
  1949.0   5.424964751088495e-10 
  1950.0   5.564648755591717e-10 
  1951.0   7.73877799562202e-10 
  1952.0   7.781975291348401e-10 
  1953.0   7.866901085474071e-10 
  1954.0   7.862238981912145e-10 
  1955.0   7.966703566082788e-10 
  1956.0   7.519554032604319e-10 
  1957.0   7.536573718985407e-10 
  1958.0   7.590143551406625e-10 
  1959.0   7.638977109275032e-10 
  1960.0   7.678137308215426e-10 
  1961.0   8.466812976136341e-10 
  1962.0   8.684880905259884e-10 
  1963.0   8.94392855984187e-10 
  1964.0   9.023426599191582e-10 
  1965.0   9.129489348011475e-10 
  1966.0   9.319313719230154e-10 
  1967.0   9.415773114306756e-10 
  1968.0   9.403649666411366e-10 
  1969.0   9.608669335625575e-10 
  1970.0   9.57664373667063e-10 
  1971.0   6.949678130576417e-10 
  1972.0   6.859214592515562e-10 
  1973.0   6.714659768791944e-10 
  1974.0   6.693943531325433e-10 
  1975.0   6.693161227218415e-10 
  1976.0   6.614051172149716e-10 
  1977.0   6.581675306584384e-10 
  1978.0   6.55956944297864e-10 
  1979.0   6.485485351453273e-10 
  1980.0   6.308386127230516e-10 
  1981.0   6.546935819469682e-10 
  1982.0   6.443923598036445e-10 
  1983.0   6.450491503605786e-10 
  1984.0   6.40109041659553e-10 
  1985.0   6.31442431040821e-10 
  1986.0   6.178233364521758e-10 
  1987.0   6.114317207865553e-10 
  1988.0   6.132705807217653e-10 
  1989.0   6.102044849108187e-10 
  1990.0   5.981784344614647e-10 
  1991.0   5.76745093438845e-10 
  1992.0   5.991411552434611e-10 
  1993.0   6.296469521879536e-10 
  1994.0   6.148496616954545e-10 
  1995.0   6.223477382970503e-10 
  1996.0   6.299967395219349e-10 
  1997.0   6.388041200870495e-10 
  1998.0   6.441614355897812e-10 
  1999.0   6.631404155946641e-10 
  2000.0   6.573416925947271e-10 
  2001.0   5.843791572943047e-10 
  2002.0   4.0145479917904203e-10 
  2003.0   4.870784852206441e-10 
  2004.0   5.265680791866142e-10 
  2005.0   3.9589714312772073e-10 
  2006.0   4.4694230523647686e-10 
  2007.0   4.419417421238805e-10 
  2008.0   3.5848048586507197e-10 
  2009.0   2.6480528535767747e-10 
  2010.0   1.7544507692371405e-09 
  2011.0   5.255358117791181e-10 
  2012.0   4.5719712953212867e-10 
  2013.0   1.0313950722774238e-09 
  2014.0   9.100522848762083e-10 
