  1850.0   2.4974232852585683e-09 
  1851.0   2.748231925185354e-09 
  1852.0   2.7348130328618336e-09 
  1853.0   2.804475733396651e-09 
  1854.0   2.0916367303638285e-09 
  1855.0   1.7808240730451124e-09 
  1856.0   3.94027636375839e-09 
  1857.0   2.4240520252925162e-09 
  1858.0   2.3874668002069544e-09 
  1859.0   2.109991216205949e-09 
  1860.0   2.4000447118238952e-09 
  1861.0   2.3150882511139285e-09 
  1862.0   2.287010439523303e-09 
  1863.0   2.634888512367174e-09 
  1864.0   2.008166939739373e-09 
  1865.0   1.961067250270955e-09 
  1866.0   2.8675798061405423e-09 
  1867.0   2.379390546381125e-09 
  1868.0   2.5190175004735244e-09 
  1869.0   2.4771971069171142e-09 
  1870.0   2.5242038705852205e-09 
  1871.0   2.469699283429797e-09 
  1872.0   1.879933014609644e-09 
  1873.0   2.874378084228049e-09 
  1874.0   3.1309602479734296e-09 
  1875.0   2.168492832404218e-09 
  1876.0   1.659869964962481e-09 
  1877.0   1.8443519508949397e-09 
  1878.0   3.2592011480644934e-09 
  1879.0   2.69758370234082e-09 
  1880.0   1.675035211774455e-09 
  1881.0   2.257678924582435e-09 
  1882.0   3.0129965765935436e-09 
  1883.0   2.931439220481022e-09 
  1884.0   1.9565598696530864e-09 
  1885.0   2.843284376394811e-09 
  1886.0   2.5395766640850158e-09 
  1887.0   3.1690208207915695e-09 
  1888.0   1.9450714724484913e-09 
  1889.0   2.1177120139080088e-09 
  1890.0   2.455526370696383e-09 
  1891.0   1.957190555018373e-09 
  1892.0   2.461532136497517e-09 
  1893.0   2.055107014859348e-09 
  1894.0   1.7882117987164884e-09 
  1895.0   2.4739342506563534e-09 
  1896.0   5.583043339152579e-09 
  1897.0   2.4768853792776e-09 
  1898.0   2.3651956854985163e-09 
  1899.0   1.913413346693663e-09 
  1900.0   2.9655906413490384e-09 
  1901.0   2.2778235937540285e-09 
  1902.0   2.207823544357694e-09 
  1903.0   3.4932528401729167e-09 
  1904.0   1.751065317601576e-09 
  1905.0   1.9851331611348064e-09 
  1906.0   2.8244049054027085e-09 
  1907.0   2.817210090985158e-09 
  1908.0   2.563508902698036e-09 
  1909.0   2.2549778142478714e-09 
  1910.0   2.8070038063952417e-09 
  1911.0   2.2585297562846507e-09 
  1912.0   3.88661098185995e-09 
  1913.0   1.7051559885990419e-09 
  1914.0   1.987864176818292e-09 
  1915.0   1.940900081084202e-09 
  1916.0   2.0455221495618723e-09 
  1917.0   2.3348859883644e-09 
  1918.0   2.650242807371834e-09 
  1919.0   1.6329510136808997e-09 
  1920.0   2.2996650453234015e-09 
  1921.0   2.851063123975404e-09 
  1922.0   2.17152824285327e-09 
  1923.0   2.1858769229869643e-09 
  1924.0   1.9077755585932945e-09 
  1925.0   3.2320472103335523e-09 
  1926.0   3.474811219839108e-09 
  1927.0   2.067382852920035e-09 
  1928.0   2.3478901581893787e-09 
  1929.0   2.04165074840659e-09 
  1930.0   2.5824593591631123e-09 
  1931.0   1.83435126946675e-09 
  1932.0   1.7108604036719058e-09 
  1933.0   2.587519485015433e-09 
  1934.0   3.4673165685671613e-09 
  1935.0   2.3672637750034923e-09 
  1936.0   2.53999374675256e-09 
  1937.0   2.6335706999930416e-09 
  1938.0   5.080363479836761e-09 
  1939.0   1.8553570577877408e-09 
  1940.0   2.4592209271543096e-09 
  1941.0   2.136172636122764e-09 
  1942.0   1.9821987365510293e-09 
  1943.0   2.8122586233695442e-09 
  1944.0   1.6055427841965985e-09 
  1945.0   1.8436229804857644e-09 
  1946.0   2.135824691339145e-09 
  1947.0   1.9548707960918166e-09 
  1948.0   3.1706209029492747e-09 
  1949.0   2.1445104068295077e-09 
  1950.0   2.237276469332481e-09 
  1951.0   2.0937542677678865e-09 
  1952.0   2.4045713492297788e-09 
  1953.0   1.818440833241639e-09 
  1954.0   2.107125784645578e-09 
  1955.0   1.7976015475402942e-09 
  1956.0   1.6993377368222268e-09 
  1957.0   2.1693719613603895e-09 
  1958.0   2.474995610920949e-09 
  1959.0   2.500046751939579e-09 
  1960.0   1.7370168645367396e-09 
  1961.0   1.6538030163295302e-09 
  1962.0   1.903500863990124e-09 
  1963.0   2.1350325255533154e-09 
  1964.0   2.310077874338834e-09 
  1965.0   1.8804636010208106e-09 
  1966.0   1.9992332942018553e-09 
  1967.0   2.336256866357086e-09 
  1968.0   1.9670119457323143e-09 
  1969.0   1.842032213050517e-09 
  1970.0   2.1997817520930666e-09 
  1971.0   2.341364173233905e-09 
  1972.0   2.189203213714191e-09 
  1973.0   2.2600043506339125e-09 
  1974.0   1.9754260804953716e-09 
  1975.0   2.1142737022528036e-09 
  1976.0   1.8827121602190222e-09 
  1977.0   2.041116100828979e-09 
  1978.0   1.9401829888671047e-09 
  1979.0   1.7489157209760702e-09 
  1980.0   2.0521372383418056e-09 
  1981.0   2.3984664124829053e-09 
  1982.0   1.6849074211299912e-09 
  1983.0   1.6240909555725001e-09 
  1984.0   2.3457978645862056e-09 
  1985.0   1.8195123420200513e-09 
  1986.0   2.0138306930999766e-09 
  1987.0   1.4465558170838012e-09 
  1988.0   1.6664080082147609e-09 
  1989.0   2.1812681920537503e-09 
  1990.0   1.5509552143472472e-09 
  1991.0   3.2669815702205743e-09 
  1992.0   1.5524877114466587e-09 
  1993.0   2.311017499578209e-09 
  1994.0   1.5595569513014572e-09 
  1995.0   1.920056192094528e-09 
  1996.0   2.12220505190451e-09 
  1997.0   2.6684944288724596e-09 
  1998.0   1.656859895476736e-09 
  1999.0   1.7475827775232859e-09 
  2000.0   1.526001972067328e-09 
  2001.0   2.0790511005521974e-09 
  2002.0   1.8364094547163466e-09 
  2003.0   2.101249903752814e-09 
  2004.0   1.4972214435307335e-09 
  2005.0   1.4549645028913096e-09 
  2006.0   1.8609828487688173e-09 
  2007.0   2.0390677933299826e-09 
  2008.0   1.644527488011381e-09 
  2009.0   1.701385942082609e-09 
  2010.0   2.5319380483362495e-09 
  2011.0   1.8590763057292614e-09 
  2012.0   1.8479372879009343e-09 
  2013.0   1.617104413386666e-09 
  2014.0   2.0075136951834193e-09 
