  1850.0   2.8068861678745874e-11 
  1851.0   -4.719127048795352e-11 
  1852.0   -1.4665226816476856e-10 
  1853.0   -7.430629352903172e-10 
  1854.0   -5.049018071629564e-10 
  1855.0   1.0275419196327037e-09 
  1856.0   -2.0047282004860332e-11 
  1857.0   2.698415696588267e-10 
  1858.0   6.225315122864693e-11 
  1859.0   -2.5144467392259095e-10 
  1860.0   1.2893245554721205e-09 
  1861.0   -1.4115972810405372e-10 
  1862.0   -5.320352709377304e-10 
  1863.0   -7.204457545273664e-10 
  1864.0   -1.7416804113566816e-09 
  1865.0   2.1392717474555238e-10 
  1866.0   2.981479747740103e-10 
  1867.0   -3.5009227377479034e-10 
  1868.0   1.2875408986608614e-10 
  1869.0   1.5736903619514528e-09 
  1870.0   1.7032374864309861e-09 
  1871.0   4.333571141210794e-10 
  1872.0   -1.2970445955144941e-09 
  1873.0   -2.8450998523663317e-09 
  1874.0   9.957912692608058e-10 
  1875.0   7.617043010498196e-10 
  1876.0   8.165139949336172e-10 
  1877.0   -7.530053495948569e-10 
  1878.0   -2.181186634384524e-09 
  1879.0   1.16370931353802e-09 
  1880.0   5.412341877330261e-10 
  1881.0   8.312120997818627e-10 
  1882.0   3.369830237989162e-10 
  1883.0   -3.2915770862208007e-10 
  1884.0   7.258185883297139e-10 
  1885.0   1.5586630817034436e-09 
  1886.0   1.894590021953628e-09 
  1887.0   1.441665926593904e-10 
  1888.0   -8.443370712914694e-10 
  1889.0   -3.838182742835036e-10 
  1890.0   9.797985017002884e-10 
  1891.0   -7.545217730682867e-10 
  1892.0   -2.191529890624262e-09 
  1893.0   1.2851834666435964e-09 
  1894.0   1.403206834717821e-09 
  1895.0   8.648524684432661e-12 
  1896.0   -6.186386498050291e-10 
  1897.0   1.4657913953043112e-10 
  1898.0   1.37034082005201e-10 
  1899.0   9.626548160937096e-10 
  1900.0   2.0179907033012702e-10 
  1901.0   7.560959068468882e-10 
  1902.0   4.3986560335248604e-10 
  1903.0   -8.241944139798259e-11 
  1904.0   6.961215524236185e-10 
  1905.0   9.860198928035053e-10 
  1906.0   1.1081193261982392e-09 
  1907.0   -2.0546502796801736e-10 
  1908.0   -5.255499382758776e-10 
  1909.0   1.2810149969467876e-10 
  1910.0   8.342122101159286e-10 
  1911.0   4.053885327869843e-10 
  1912.0   -7.677299281624744e-11 
  1913.0   -5.901089701644514e-10 
  1914.0   -1.5621104032861791e-09 
  1915.0   -1.5397197443498285e-09 
  1916.0   -1.7332967023602085e-10 
  1917.0   1.1069122146399224e-09 
  1918.0   -6.123863481464408e-10 
  1919.0   -2.4493405487139508e-09 
  1920.0   5.816545886860285e-10 
  1921.0   5.906553197324193e-10 
  1922.0   3.776204559842928e-10 
  1923.0   -1.1203783175523967e-09 
  1924.0   -1.696947619628454e-09 
  1925.0   -9.311454992027003e-10 
  1926.0   1.5550018740809662e-09 
  1927.0   1.679890380596469e-10 
  1928.0   7.023377244256922e-10 
  1929.0   -4.1015885145781646e-11 
  1930.0   -1.8433298563278966e-09 
  1931.0   1.184434912791198e-09 
  1932.0   1.3647406512296114e-09 
  1933.0   5.408866014993516e-10 
  1934.0   3.158731487463275e-10 
  1935.0   1.0777268590966193e-09 
  1936.0   -1.3810411091655913e-09 
  1937.0   1.3524559437958998e-09 
  1938.0   1.3397168953192474e-09 
  1939.0   7.296834908947476e-10 
  1940.0   -6.447628765162019e-10 
  1941.0   3.231038178869683e-10 
  1942.0   -1.5770666467621506e-09 
  1943.0   -3.6052750536910706e-10 
  1944.0   -7.540264170758071e-10 
  1945.0   1.2752189722190382e-09 
  1946.0   7.087959151379423e-10 
  1947.0   -1.1061170046713164e-09 
  1948.0   -1.570358829165991e-09 
  1949.0   7.930260111103165e-10 
  1950.0   1.4575914000894494e-09 
  1951.0   7.633862681966329e-10 
  1952.0   9.927533410584025e-10 
  1953.0   -2.753782999386844e-10 
  1954.0   -3.0787355974620257e-09 
  1955.0   -1.4545799983118891e-09 
  1956.0   -4.005272893362998e-10 
  1957.0   -9.172163291502593e-10 
  1958.0   -1.6765062405129585e-09 
  1959.0   6.362964372089984e-10 
  1960.0   6.21621173415726e-10 
  1961.0   1.0937731985140275e-09 
  1962.0   -1.5064677130971032e-09 
  1963.0   3.1891778819669115e-10 
  1964.0   2.301223772757662e-09 
  1965.0   -1.119960268470025e-09 
  1966.0   -2.1301294816533654e-09 
  1967.0   1.0849232551518566e-09 
  1968.0   7.82360240736686e-10 
  1969.0   -3.580028712426679e-10 
  1970.0   -1.28685259196988e-10 
  1971.0   -1.0832793185393197e-09 
  1972.0   1.934539045200041e-10 
  1973.0   9.643434047584494e-10 
  1974.0   1.8096253899183838e-09 
  1975.0   9.535396208858351e-10 
  1976.0   -1.0472944175021166e-09 
  1977.0   -6.086800291272122e-11 
  1978.0   -1.8835408504147626e-09 
  1979.0   -1.1061336848877357e-10 
  1980.0   6.674449725674899e-10 
  1981.0   1.156380683777538e-09 
  1982.0   -8.462851249635448e-10 
  1983.0   -5.281190558498216e-10 
  1984.0   -4.699074703509023e-10 
  1985.0   1.6619428150283783e-09 
  1986.0   3.034443315531969e-10 
  1987.0   -2.3073739100935848e-10 
  1988.0   1.9173755623112997e-09 
  1989.0   1.8688162999122605e-10 
  1990.0   -1.4471994427839848e-09 
  1991.0   1.3174682215789928e-09 
  1992.0   1.3029725879853533e-09 
  1993.0   3.154957436912487e-10 
  1994.0   -1.7070041307028988e-09 
  1995.0   -1.590913723577137e-10 
  1996.0   1.3569358287984326e-10 
  1997.0   3.8924630967361307e-10 
  1998.0   -1.2869133122792173e-09 
  1999.0   -3.996799583573528e-10 
  2000.0   8.129990081362096e-11 
  2001.0   -3.239238641035825e-10 
  2002.0   -1.036625042029956e-09 
  2003.0   1.4197410867788007e-09 
  2004.0   -2.5798493738823016e-10 
  2005.0   -6.199017273035176e-10 
  2006.0   -8.58818193162475e-10 
  2007.0   5.529715405075173e-10 
  2008.0   3.566977432274779e-10 
  2009.0   3.7499473735475797e-10 
  2010.0   -1.7940509342441362e-11 
  2011.0   1.2789927393674426e-10 
  2012.0   7.343310293419081e-10 
  2013.0   1.7813283386847113e-10 
  2014.0   -1.085931741300419e-09 
