  1850.0   293.3874659968605 
  1851.0   293.52165899145194 
  1852.0   293.546287950743 
  1853.0   293.451589954347 
  1854.0   293.35518654859936 
  1855.0   293.53146189124396 
  1856.0   293.59730480068646 
  1857.0   293.57342209607185 
  1858.0   293.4033026162782 
  1859.0   293.485323244859 
  1860.0   293.3578117097715 
  1861.0   293.11692975842766 
  1862.0   293.30954546018904 
  1863.0   293.38074771807607 
  1864.0   293.3344102760029 
  1865.0   293.2142925066246 
  1866.0   293.3904027027171 
  1867.0   293.56932101758605 
  1868.0   293.4713263522905 
  1869.0   293.3330709087247 
  1870.0   293.29737685900386 
  1871.0   293.58583379975823 
  1872.0   293.5474833846746 
  1873.0   293.3499660725901 
  1874.0   293.33176310232653 
  1875.0   293.6380759481705 
  1876.0   293.52680613583595 
  1877.0   293.168103556337 
  1878.0   293.14508235556605 
  1879.0   293.4792488051043 
  1880.0   293.4885581695344 
  1881.0   293.45555305383715 
  1882.0   293.4782662260764 
  1883.0   293.395963213677 
  1884.0   293.17923654730856 
  1885.0   293.3310269497046 
  1886.0   293.2660603807055 
  1887.0   293.4079809661283 
  1888.0   293.56260895618396 
  1889.0   293.4539152147323 
  1890.0   293.53713167230535 
  1891.0   293.5631962085051 
  1892.0   293.41530380269444 
  1893.0   293.52551525476565 
  1894.0   293.4477878068135 
  1895.0   293.50004533070484 
  1896.0   293.30367424781457 
  1897.0   293.4997215326675 
  1898.0   293.6451167220459 
  1899.0   293.5423787333623 
  1900.0   293.6626048122895 
  1901.0   293.47413216494886 
  1902.0   293.4299563801706 
  1903.0   293.2993925165061 
  1904.0   293.44932166129666 
  1905.0   293.5741707083408 
  1906.0   293.2786957362965 
  1907.0   293.49926460883427 
  1908.0   293.53903639394167 
  1909.0   293.63456872969215 
  1910.0   293.3817462565465 
  1911.0   293.5546283838002 
  1912.0   293.5908930747529 
  1913.0   293.44753016870266 
  1914.0   293.35196834342787 
  1915.0   293.64885462751164 
  1916.0   293.48213001940434 
  1917.0   293.5242635524677 
  1918.0   293.53787792541544 
  1919.0   293.6495441320788 
  1920.0   293.64980405899973 
  1921.0   293.5667781504544 
  1922.0   293.62725686113174 
  1923.0   293.7329167985591 
  1924.0   293.42445490152784 
  1925.0   293.63893687792944 
  1926.0   293.69172443990595 
  1927.0   293.7558159664322 
  1928.0   293.6007197855987 
  1929.0   293.59500581318645 
  1930.0   293.7943486366051 
  1931.0   293.64966394995906 
  1932.0   293.5819280003345 
  1933.0   293.59426097544275 
  1934.0   293.7181620311992 
  1935.0   293.5975342412438 
  1936.0   293.5055791585794 
  1937.0   293.6302600734008 
  1938.0   293.8170335891128 
  1939.0   293.7643508359582 
  1940.0   293.64383747423057 
  1941.0   293.81409492206143 
  1942.0   293.56884287172943 
  1943.0   293.7817264106308 
  1944.0   293.59442573033704 
  1945.0   293.7483660944269 
  1946.0   293.5539462483653 
  1947.0   293.97335429996554 
  1948.0   293.9016048650889 
  1949.0   293.7217721137009 
  1950.0   293.74379733339777 
  1951.0   293.6337508194353 
  1952.0   293.8122655172969 
  1953.0   293.8289298400631 
  1954.0   293.8187229775937 
  1955.0   293.7039695774804 
  1956.0   293.5530562421879 
  1957.0   293.9049276680728 
  1958.0   293.83022460449644 
  1959.0   293.7940159003257 
  1960.0   294.03495773319736 
  1961.0   293.87510492528514 
  1962.0   293.6828132632164 
  1963.0   293.5266496527161 
  1964.0   293.32746259465944 
  1965.0   293.5252573517489 
  1966.0   293.6935558018432 
  1967.0   293.97456157880305 
  1968.0   293.9587391563996 
  1969.0   293.909874659023 
  1970.0   293.8228423465926 
  1971.0   293.74760046985364 
  1972.0   293.8344366471385 
  1973.0   293.5694737806424 
  1974.0   293.59451998941137 
  1975.0   293.9478710092605 
  1976.0   293.9615552166095 
  1977.0   293.8817714908297 
  1978.0   293.7747595859779 
  1979.0   293.93866022892337 
  1980.0   293.9640719839532 
  1981.0   294.12692679670823 
  1982.0   293.77712192539894 
  1983.0   293.6035764905584 
  1984.0   293.5976930117374 
  1985.0   293.898024915371 
  1986.0   294.01377164140587 
  1987.0   293.98515460652163 
  1988.0   293.9975629966662 
  1989.0   293.9416850181169 
  1990.0   293.9187505453673 
  1991.0   294.1791098214028 
  1992.0   293.55383306420623 
  1993.0   293.5440395458147 
  1994.0   293.73038569972664 
  1995.0   293.9524239299808 
  1996.0   294.12938666086814 
  1997.0   293.9121550769458 
  1998.0   294.14149098857786 
  1999.0   294.18608074751745 
  2000.0   294.2289881854689 
  2001.0   294.0921172854599 
  2002.0   294.03493006507045 
  2003.0   294.32382271372353 
  2004.0   294.1821325811786 
  2005.0   294.01719536551775 
  2006.0   294.03276387144496 
  2007.0   294.2449797442186 
  2008.0   294.2984930553777 
  2009.0   294.3044069338064 
  2010.0   294.61830536332553 
  2011.0   294.54228826185357 
  2012.0   294.35243216116254 
  2013.0   294.4484748593126 
  2014.0   294.29337766229486 
