  1850.0   -0.9655839719101316 
  1851.0   -0.15343856180692064 
  1852.0   -0.5011470972141494 
  1853.0   -1.6065310819486025 
  1854.0   -0.3283757409910222 
  1855.0   -0.12105028707889727 
  1856.0   -0.07819639736828721 
  1857.0   0.17135777419308224 
  1858.0   0.23313379284804536 
  1859.0   0.011808619546422847 
  1860.0   -0.5651699439126343 
  1861.0   -0.12606622211057078 
  1862.0   0.8836166640934677 
  1863.0   0.6970263044235513 
  1864.0   0.38805497715715437 
  1865.0   0.5948147036231758 
  1866.0   -0.8823265150006439 
  1867.0   -0.6037685722308983 
  1868.0   0.35748645085162833 
  1869.0   0.6030139275990238 
  1870.0   0.43779443788846406 
  1871.0   -0.10544014838030442 
  1872.0   0.5458553591464569 
  1873.0   0.13480117840533581 
  1874.0   0.27994697776187677 
  1875.0   -0.2587785892953547 
  1876.0   -0.959968349835429 
  1877.0   0.08355220426667363 
  1878.0   0.27055650767574874 
  1879.0   0.48576123378016867 
  1880.0   -0.09254095781523519 
  1881.0   -0.4237811896959989 
  1882.0   0.8747285770746257 
  1883.0   -0.4109892365286114 
  1884.0   -0.1530826141309305 
  1885.0   0.5322660492916947 
  1886.0   0.8922108506907489 
  1887.0   0.3802464629419136 
  1888.0   -1.6674413303180393 
  1889.0   0.18632879637918595 
  1890.0   0.06817129539757721 
  1891.0   0.28103897601489447 
  1892.0   0.338650067996774 
  1893.0   0.5500113528722389 
  1894.0   -0.08175870752142408 
  1895.0   0.04972829417642508 
  1896.0   0.6583481418186179 
  1897.0   0.3393717684188898 
  1898.0   0.7402126026530346 
  1899.0   -0.17380236086202142 
  1900.0   -0.09667668776766136 
  1901.0   0.2263440042400424 
  1902.0   0.9961294973740831 
  1903.0   -0.3953159934260302 
  1904.0   0.0808144290735375 
  1905.0   0.2713149112092724 
  1906.0   0.14977800120925613 
  1907.0   0.5100149400170998 
  1908.0   0.07438006958823533 
  1909.0   0.324666873533534 
  1910.0   -0.9786490817249816 
  1911.0   -0.33146144730379057 
  1912.0   -1.3445624989720075 
  1913.0   0.004070766780667616 
  1914.0   0.6430659083314564 
  1915.0   0.5732729696345434 
  1916.0   -0.5415964968975268 
  1917.0   -0.2783810090875115 
  1918.0   -0.10455648799997948 
  1919.0   0.30120163376962783 
  1920.0   0.6197186573248333 
  1921.0   0.16867342326127907 
  1922.0   0.07600391434942062 
  1923.0   -0.022704158140855177 
  1924.0   -2.036142416391216 
  1925.0   -0.03863349952694862 
  1926.0   0.36085970321498195 
  1927.0   0.9791247815767219 
  1928.0   -0.22012839583172775 
  1929.0   -0.07145084693967284 
  1930.0   0.03152001404173729 
  1931.0   -0.10586131385230549 
  1932.0   0.6733072288188706 
  1933.0   0.06876869428640373 
  1934.0   0.22533650116931928 
  1935.0   -0.4013387154824263 
  1936.0   0.4853826486020916 
  1937.0   0.3105630533136739 
  1938.0   0.11156993951551893 
  1939.0   -0.692749093589273 
  1940.0   -1.1159425087607364 
  1941.0   -0.2282195548268301 
  1942.0   0.6061254160477135 
  1943.0   -0.08009978372008991 
  1944.0   -1.067390602558169 
  1945.0   0.015098532253706928 
  1946.0   -0.9945663239122576 
  1947.0   -0.28641327627274143 
  1948.0   -0.8885162575587676 
  1949.0   -1.2313270178536602 
  1950.0   0.0462451148610246 
  1951.0   -0.5212371696462739 
  1952.0   -0.43321822970457097 
  1953.0   0.46380925177176996 
  1954.0   0.16622112938675007 
  1955.0   -0.3618967214198354 
  1956.0   -0.5772727280963241 
  1957.0   -0.3077202241430513 
  1958.0   0.328108657524202 
  1959.0   0.23871581287170834 
  1960.0   -0.3340555183950187 
  1961.0   -0.8859701466831156 
  1962.0   0.2923908116862008 
  1963.0   1.1682983938731344 
  1964.0   -0.24122480523806164 
  1965.0   -1.1700366737625711 
  1966.0   -0.7817961201366812 
  1967.0   0.35878894863549154 
  1968.0   0.13926447590883623 
  1969.0   0.3676885832481862 
  1970.0   0.2156080113872312 
  1971.0   0.17147713152467198 
  1972.0   -0.43677928720571685 
  1973.0   -1.570675771593304 
  1974.0   -1.1617484697539737 
  1975.0   0.28089192034623744 
  1976.0   0.2586553383934458 
  1977.0   -0.3578634644554825 
  1978.0   0.09839908428085757 
  1979.0   1.388726931579368 
  1980.0   0.4909928351919062 
  1981.0   -0.15706079177118384 
  1982.0   -0.8124701056547717 
  1983.0   -0.5123510785252647 
  1984.0   0.1543132000065425 
  1985.0   0.9277559123536658 
  1986.0   0.49832517743494403 
  1987.0   -0.1403837392998868 
  1988.0   0.01605348092559107 
  1989.0   -0.004487414889819236 
  1990.0   0.3178618171505848 
  1991.0   -0.35043346526410957 
  1992.0   -0.5590137387368737 
  1993.0   0.32179657183235516 
  1994.0   0.3319140861409352 
  1995.0   0.19706977599700007 
  1996.0   -1.465526564513656 
  1997.0   -0.24812903377666384 
  1998.0   -0.49779375517983443 
  1999.0   0.26124820756819594 
  2000.0   0.4925685844167432 
  2001.0   0.05958280660135 
  2002.0   -0.21316243190633558 
  2003.0   -0.03229272088464212 
  2004.0   -0.031060540663254026 
  2005.0   0.22482358333959754 
  2006.0   1.2965315135781748 
  2007.0   -0.4282845597056482 
  2008.0   -0.8228642880264715 
  2009.0   -0.0008786996560589619 
  2010.0   -2.584355037852141 
  2011.0   -0.2605372448410909 
  2012.0   0.7887306890280618 
  2013.0   -0.48407008932934875 
  2014.0   -0.8809890077857272 
