  1850.0   1.4498989959066176e-11 
  1851.0   4.8879812556123457e-11 
  1852.0   5.268381565399287e-11 
  1853.0   5.512650815738218e-11 
  1854.0   5.630411266564396e-11 
  1855.0   6.070220604886104e-11 
  1856.0   6.130845745712371e-11 
  1857.0   6.068352911609332e-11 
  1858.0   6.171062619394451e-11 
  1859.0   6.25140712340339e-11 
  1860.0   6.344837213359313e-11 
  1861.0   6.374706062993494e-11 
  1862.0   6.442459922927249e-11 
  1863.0   6.355634434419644e-11 
  1864.0   6.535223691293946e-11 
  1865.0   6.531498371337561e-11 
  1866.0   6.654369987796824e-11 
  1867.0   6.716895095535442e-11 
  1868.0   6.74003309756612e-11 
  1869.0   6.783446620319588e-11 
  1870.0   6.632415384200235e-11 
  1871.0   8.990943773466051e-11 
  1872.0   9.351542164876885e-11 
  1873.0   9.367489523426555e-11 
  1874.0   9.666265485074701e-11 
  1875.0   9.856907562171508e-11 
  1876.0   9.746726939993014e-11 
  1877.0   9.842066073414935e-11 
  1878.0   9.932399071328609e-11 
  1879.0   9.934226780149442e-11 
  1880.0   1.0012160901878093e-10 
  1881.0   1.207325454783654e-10 
  1882.0   1.25863619287764e-10 
  1883.0   1.2684453472987048e-10 
  1884.0   1.265864619689475e-10 
  1885.0   1.2846808101448636e-10 
  1886.0   1.2974144076512e-10 
  1887.0   1.3067842707629907e-10 
  1888.0   1.3225503028906476e-10 
  1889.0   1.3014680593115925e-10 
  1890.0   1.3281861658975513e-10 
  1891.0   1.310603372542346e-10 
  1892.0   1.3161028698184612e-10 
  1893.0   1.3177639259261103e-10 
  1894.0   1.331891387331338e-10 
  1895.0   1.3333723699831775e-10 
  1896.0   1.3222976593130283e-10 
  1897.0   1.3231879596649822e-10 
  1898.0   1.3341168779051592e-10 
  1899.0   1.3266280576839784e-10 
  1900.0   1.3591597920185086e-10 
  1901.0   1.5979079936956628e-10 
  1902.0   1.616357278041455e-10 
  1903.0   1.6826055655826224e-10 
  1904.0   1.741289549411198e-10 
  1905.0   1.7450603680696816e-10 
  1906.0   1.7353415214763405e-10 
  1907.0   1.7075623081203405e-10 
  1908.0   1.7497142589597103e-10 
  1909.0   1.7142444533069235e-10 
  1910.0   1.751194155710743e-10 
  1911.0   2.3520110290755486e-10 
  1912.0   2.4758948583157325e-10 
  1913.0   2.4491722845120024e-10 
  1914.0   2.5298631109369606e-10 
  1915.0   2.5890443705809114e-10 
  1916.0   2.5428604396940913e-10 
  1917.0   2.6032629691276134e-10 
  1918.0   2.6263744400103835e-10 
  1919.0   2.6575881116252883e-10 
  1920.0   2.7205709591886265e-10 
  1921.0   3.183191243852662e-10 
  1922.0   3.2586852478609893e-10 
  1923.0   3.2644383977559997e-10 
  1924.0   3.2077208298446525e-10 
  1925.0   3.2738676160293436e-10 
  1926.0   3.264474153297012e-10 
  1927.0   3.2913378932090706e-10 
  1928.0   3.3560944814909184e-10 
  1929.0   3.44880606421032e-10 
  1930.0   3.4571679168447597e-10 
  1931.0   3.6590431170753153e-10 
  1932.0   3.552476151843031e-10 
  1933.0   3.5705132126114775e-10 
  1934.0   3.743387948616817e-10 
  1935.0   3.733169020544223e-10 
  1936.0   3.702305592912597e-10 
  1937.0   3.7594635957913583e-10 
  1938.0   3.7474884302916784e-10 
  1939.0   3.7623441412372676e-10 
  1940.0   3.7801872051178537e-10 
  1941.0   3.6784911910711373e-10 
  1942.0   3.6619214977980935e-10 
  1943.0   3.6436269748108185e-10 
  1944.0   3.558360368383102e-10 
  1945.0   3.5294953157863075e-10 
  1946.0   3.6007721591617187e-10 
  1947.0   3.6932359683617843e-10 
  1948.0   3.872810421739603e-10 
  1949.0   3.7994711498545634e-10 
  1950.0   3.9111701939454143e-10 
  1951.0   4.513154784362907e-10 
  1952.0   4.737084198996497e-10 
  1953.0   4.819980837212478e-10 
  1954.0   4.939130948987759e-10 
  1955.0   5.000503096860849e-10 
  1956.0   4.973541778171755e-10 
  1957.0   4.919652200182161e-10 
  1958.0   5.135444462701501e-10 
  1959.0   5.153918847650574e-10 
  1960.0   5.02770347475448e-10 
  1961.0   5.739427500689867e-10 
  1962.0   5.937744272506141e-10 
  1963.0   6.07356357975577e-10 
  1964.0   6.128138082929759e-10 
  1965.0   6.114504331405526e-10 
  1966.0   5.988830833811086e-10 
  1967.0   6.028152310241688e-10 
  1968.0   6.128059829528839e-10 
  1969.0   6.044410145267476e-10 
  1970.0   6.031954447353622e-10 
  1971.0   5.245043251511179e-10 
  1972.0   5.238024357698617e-10 
  1973.0   5.382530537511614e-10 
  1974.0   5.238796455250671e-10 
  1975.0   5.427453592779187e-10 
  1976.0   5.296575105928124e-10 
  1977.0   5.44242840037448e-10 
  1978.0   5.476654848815594e-10 
  1979.0   5.460977003020251e-10 
  1980.0   4.968035414222669e-10 
  1981.0   4.766616960077704e-10 
  1982.0   5.078582864769671e-10 
  1983.0   5.380348123149123e-10 
  1984.0   5.449308959730487e-10 
  1985.0   5.510028218809797e-10 
  1986.0   5.337660346970632e-10 
  1987.0   5.316183405408908e-10 
  1988.0   5.39349949233104e-10 
  1989.0   5.784217910661033e-10 
  1990.0   5.818857227268879e-10 
  1991.0   5.52534234028372e-10 
  1992.0   5.582454566066399e-10 
  1993.0   5.55171549863172e-10 
  1994.0   5.902976480477993e-10 
  1995.0   5.506943831927713e-10 
  1996.0   5.94723277499239e-10 
  1997.0   5.933417944449861e-10 
  1998.0   5.612474251352879e-10 
  1999.0   5.918977476986882e-10 
  2000.0   6.064221929925243e-10 
  2001.0   6.233728063551405e-10 
  2002.0   5.22875218328511e-10 
  2003.0   6.357651446828797e-10 
  2004.0   6.787298462343939e-10 
  2005.0   6.15087342993631e-10 
  2006.0   6.04994529156416e-10 
  2007.0   6.131670979605922e-10 
  2008.0   5.922064848608662e-10 
  2009.0   5.417345671087075e-10 
  2010.0   1.0328680969610896e-09 
  2011.0   7.542928529084879e-10 
  2012.0   8.773949138261845e-10 
  2013.0   9.357513461608406e-10 
  2014.0   9.181122012991106e-10 
