  1850.0   16.218560335369293 
  1851.0   16.694046009163536 
  1852.0   16.89341024907601 
  1853.0   15.85476639835702 
  1854.0   15.493189442850808 
  1855.0   16.861975747091336 
  1856.0   16.946208113023513 
  1857.0   16.668896197611097 
  1858.0   16.074714486436935 
  1859.0   16.77815094475752 
  1860.0   17.482511741550802 
  1861.0   16.78273291862912 
  1862.0   15.944100840661122 
  1863.0   15.971527970122047 
  1864.0   14.885133451793305 
  1865.0   16.180076013542575 
  1866.0   17.28559412722714 
  1867.0   16.30472133973776 
  1868.0   16.476723645464002 
  1869.0   17.481277585544905 
  1870.0   17.06833146046241 
  1871.0   16.859895098970846 
  1872.0   15.84088022214184 
  1873.0   15.162057185842986 
  1874.0   16.953738486965893 
  1875.0   16.536036245668733 
  1876.0   16.783165578165374 
  1877.0   16.64646708366453 
  1878.0   15.00901049079394 
  1879.0   17.007959186857033 
  1880.0   17.07915602462431 
  1881.0   17.34595357483724 
  1882.0   16.524251400478633 
  1883.0   16.910291753363012 
  1884.0   16.551845697066447 
  1885.0   17.440912338374332 
  1886.0   18.10020030332889 
  1887.0   16.937529809160196 
  1888.0   16.18591163750239 
  1889.0   16.864364021240025 
  1890.0   17.591089824408673 
  1891.0   16.33317504438402 
  1892.0   15.554324468581164 
  1893.0   17.485757071969253 
  1894.0   16.471948981233982 
  1895.0   16.47419242971929 
  1896.0   16.720856130016152 
  1897.0   17.19779103598164 
  1898.0   16.897680973829672 
  1899.0   17.703643716320187 
  1900.0   17.16601973248945 
  1901.0   16.900246721678084 
  1902.0   17.161037578455037 
  1903.0   16.74554024662125 
  1904.0   17.066881356900467 
  1905.0   17.484065389340437 
  1906.0   17.841417999049966 
  1907.0   16.780652387854357 
  1908.0   17.000012766578234 
  1909.0   17.0388830366978 
  1910.0   17.95161377832626 
  1911.0   17.470511366051284 
  1912.0   16.888589878558935 
  1913.0   16.18064177339482 
  1914.0   15.727624034476278 
  1915.0   16.08693789411096 
  1916.0   17.052743635750744 
  1917.0   17.112507687288666 
  1918.0   16.35779115764953 
  1919.0   14.965204781836103 
  1920.0   17.516724823303022 
  1921.0   16.551172525581478 
  1922.0   16.491116698469757 
  1923.0   15.933640482502346 
  1924.0   16.239719403432662 
  1925.0   16.89344404508479 
  1926.0   17.179232078607182 
  1927.0   16.862858402398473 
  1928.0   17.542360585528478 
  1929.0   18.017480406775604 
  1930.0   16.84578782151109 
  1931.0   18.494815192229385 
  1932.0   17.65966583584034 
  1933.0   17.74756446636261 
  1934.0   17.420803162373804 
  1935.0   18.251023136205227 
  1936.0   17.060325571316078 
  1937.0   18.309848408057064 
  1938.0   17.62381141946966 
  1939.0   17.449148081606765 
  1940.0   16.6619352047214 
  1941.0   17.55607453901129 
  1942.0   16.420862208638383 
  1943.0   17.582646659531036 
  1944.0   17.374185102370358 
  1945.0   17.983252872039927 
  1946.0   17.809882810917887 
  1947.0   15.821803670337216 
  1948.0   16.589113535566522 
  1949.0   17.827335931479016 
  1950.0   18.223762543472354 
  1951.0   17.991390813041644 
  1952.0   18.1092988168206 
  1953.0   17.145919139531173 
  1954.0   16.31331023595145 
  1955.0   16.34251921136823 
  1956.0   17.071925760527037 
  1957.0   15.959401295492539 
  1958.0   16.274932071223294 
  1959.0   17.76902037577084 
  1960.0   17.525319348233044 
  1961.0   18.228090404450874 
  1962.0   16.454219655670844 
  1963.0   17.30641915307992 
  1964.0   18.96674371379436 
  1965.0   17.043856436838126 
  1966.0   16.25873890066636 
  1967.0   18.558450017434296 
  1968.0   18.137439249941238 
  1969.0   17.05231248637181 
  1970.0   16.687431905533654 
  1971.0   17.377150823714064 
  1972.0   18.110492816222898 
  1973.0   18.778872975587326 
  1974.0   19.33517776229348 
  1975.0   17.99489978335753 
  1976.0   17.927503525399384 
  1977.0   16.995934531349032 
  1978.0   15.342181645451772 
  1979.0   17.961787555804975 
  1980.0   19.40829528053301 
  1981.0   18.708497397152136 
  1982.0   17.421695634081395 
  1983.0   16.93995301027271 
  1984.0   18.32917309757804 
  1985.0   19.05846506706523 
  1986.0   17.7344078570951 
  1987.0   18.898436980358948 
  1988.0   18.980841083968418 
  1989.0   18.117421715035285 
  1990.0   17.487980779091007 
  1991.0   18.73530240878237 
  1992.0   18.282106950376114 
  1993.0   18.176039238248947 
  1994.0   17.30856876693489 
  1995.0   18.7017744406619 
  1996.0   18.89436207922914 
  1997.0   19.267388598475023 
  1998.0   18.21468884636356 
  1999.0   18.654504398285603 
  2000.0   18.69364760956952 
  2001.0   18.197199591625083 
  2002.0   18.888629498928843 
  2003.0   19.47769595749881 
  2004.0   17.954011036916306 
  2005.0   18.03356011087623 
  2006.0   17.838796209727533 
  2007.0   19.01596855741381 
  2008.0   19.49453867649727 
  2009.0   19.170618814516864 
  2010.0   19.03040755260031 
  2011.0   19.28755944114063 
  2012.0   18.590770527358547 
  2013.0   18.728289508346702 
  2014.0   18.19208045372873 
