  1850.0   6.642887076412199e-14 
  1851.0   1.4913580628805865e-13 
  1852.0   1.8003064410356055e-13 
  1853.0   2.0249690507244355e-13 
  1854.0   2.1100908007044936e-13 
  1855.0   1.9991818921432484e-13 
  1856.0   1.7028840005627348e-13 
  1857.0   1.7029531144750318e-13 
  1858.0   1.6684758765381817e-13 
  1859.0   1.5738244910812864e-13 
  1860.0   1.4911850872101765e-13 
  1861.0   1.4123327025380197e-13 
  1862.0   1.4073514046276343e-13 
  1863.0   1.304771498260083e-13 
  1864.0   1.2946944836779548e-13 
  1865.0   1.3432607895158777e-13 
  1866.0   1.3243512017032866e-13 
  1867.0   1.2255271649097876e-13 
  1868.0   1.6333233934275427e-13 
  1869.0   1.619745413617966e-13 
  1870.0   1.927773197194683e-13 
  1871.0   2.3537314242850136e-13 
  1872.0   3.193392537879009e-13 
  1873.0   4.904738267260896e-13 
  1874.0   7.297688052672617e-13 
  1875.0   8.861856621124106e-13 
  1876.0   9.666546097124881e-13 
  1877.0   1.0378264420985214e-12 
  1878.0   1.1164057310789031e-12 
  1879.0   1.095569848377712e-12 
  1880.0   1.4227825508673913e-12 
  1881.0   1.963168532726121e-12 
  1882.0   2.1824540630196094e-12 
  1883.0   2.136904900733254e-12 
  1884.0   2.0554475755436757e-12 
  1885.0   2.0305416228167538e-12 
  1886.0   1.987716539461534e-12 
  1887.0   1.9752174026269898e-12 
  1888.0   1.966221089020892e-12 
  1889.0   1.945588182751265e-12 
  1890.0   1.7127187471356996e-12 
  1891.0   1.4948850483288252e-12 
  1892.0   1.3862119876626423e-12 
  1893.0   1.2806297157970264e-12 
  1894.0   1.1881181716909513e-12 
  1895.0   1.0687108149692602e-12 
  1896.0   1.0281943903501655e-12 
  1897.0   1.0282422164383116e-12 
  1898.0   9.564568059842467e-13 
  1899.0   9.128921172835776e-13 
  1900.0   9.232558107926015e-13 
  1901.0   1.0272111407301844e-12 
  1902.0   1.005378592120458e-12 
  1903.0   1.0571555745339243e-12 
  1904.0   1.142821429037278e-12 
  1905.0   1.1183003181536482e-12 
  1906.0   1.0844194125161537e-12 
  1907.0   1.0828167452805016e-12 
  1908.0   9.330903987552938e-13 
  1909.0   8.443084605555104e-13 
  1910.0   1.1579074438585028e-12 
  1911.0   1.396254767946863e-12 
  1912.0   1.3108425637488426e-12 
  1913.0   1.4892677780660927e-12 
  1914.0   1.615146162038635e-12 
  1915.0   1.4838115501516198e-12 
  1916.0   1.3319198261237904e-12 
  1917.0   1.7466664477473501e-12 
  1918.0   2.7859275653270705e-12 
  1919.0   3.4525523768217688e-12 
  1920.0   4.288694567184091e-12 
  1921.0   5.848048673260596e-12 
  1922.0   6.464474011083137e-12 
  1923.0   7.471385748238914e-12 
  1924.0   1.000254677422923e-11 
  1925.0   1.4410895742778182e-11 
  1926.0   1.7661257356949316e-11 
  1927.0   2.2265596130557088e-11 
  1928.0   2.6167999456936962e-11 
  1929.0   2.8139461592861798e-11 
  1930.0   2.3825147084056036e-11 
  1931.0   1.983272916962352e-11 
  1932.0   2.083398738813674e-11 
  1933.0   2.2072638920660903e-11 
  1934.0   2.3718153467506397e-11 
  1935.0   2.512906893628456e-11 
  1936.0   2.6047139285178332e-11 
  1937.0   2.6864945322273415e-11 
  1938.0   2.7731304113427488e-11 
  1939.0   2.90918681224419e-11 
  1940.0   2.8025779543776442e-11 
  1941.0   2.6305376873405017e-11 
  1942.0   2.6414122897385096e-11 
  1943.0   2.69513560042342e-11 
  1944.0   2.730225431989147e-11 
  1945.0   2.754039584396522e-11 
  1946.0   2.7938497086655532e-11 
  1947.0   2.8619902968460003e-11 
  1948.0   2.9975959919620026e-11 
  1949.0   3.112796423411871e-11 
  1950.0   3.24508400607952e-11 
  1951.0   3.3518319121120836e-11 
  1952.0   3.6458108221408775e-11 
  1953.0   4.34022379183707e-11 
  1954.0   5.1564355878907694e-11 
  1955.0   5.951173559801083e-11 
  1956.0   6.565561944914004e-11 
  1957.0   7.228346746614582e-11 
  1958.0   7.929356194047401e-11 
  1959.0   8.481953588956358e-11 
  1960.0   7.369319319743018e-11 
  1961.0   6.04697842008406e-11 
  1962.0   5.977457814820964e-11 
  1963.0   6.469860735134878e-11 
  1964.0   7.118179295239227e-11 
  1965.0   7.556332947170022e-11 
  1966.0   7.923167116721421e-11 
  1967.0   8.453333609297224e-11 
  1968.0   9.740807125955676e-11 
  1969.0   1.1199208876516679e-10 
  1970.0   9.535399403555944e-11 
  1971.0   7.015890363227273e-11 
  1972.0   6.212614517092436e-11 
  1973.0   6.174631100443357e-11 
  1974.0   6.286461797747813e-11 
  1975.0   6.551751316906821e-11 
  1976.0   6.755176540557131e-11 
  1977.0   7.040164667759175e-11 
  1978.0   7.27401094816909e-11 
  1979.0   7.65651901598922e-11 
  1980.0   7.113378418534751e-11 
  1981.0   6.2504984495936e-11 
  1982.0   6.255422281302785e-11 
  1983.0   6.50603550455986e-11 
  1984.0   6.691340716533059e-11 
  1985.0   6.869299563703372e-11 
  1986.0   6.967510797696966e-11 
  1987.0   7.07074610324635e-11 
  1988.0   7.22784239765991e-11 
  1989.0   7.417024215077977e-11 
  1990.0   6.665963966574852e-11 
  1991.0   5.742203899679087e-11 
  1992.0   5.3779714795834516e-11 
  1993.0   5.289006602665551e-11 
  1994.0   5.284324494900597e-11 
  1995.0   5.307073918044509e-11 
  1996.0   5.3824925138163126e-11 
  1997.0   5.504240491561505e-11 
  1998.0   5.5848882120432244e-11 
  1999.0   5.677520360243348e-11 
  2000.0   5.865772365451043e-11 
  2001.0   4.6086226100635354e-11 
  2002.0   3.593887653985882e-11 
  2003.0   3.229571086536288e-11 
  2004.0   2.976887349717823e-11 
  2005.0   2.848073393094638e-11 
  2006.0   2.6591916852533798e-11 
  2007.0   2.6958707100487843e-11 
  2008.0   2.371834304762931e-11 
  2009.0   1.0263395450917257e-10 
  2010.0   1.9329722895882472e-10 
  2011.0   1.1931276234627293e-10 
  2012.0   1.633238044524983e-10 
  2013.0   2.805020047659854e-10 
  2014.0   2.715786476566054e-10 
