  1850.0   9.414496219920402 
  1851.0   9.54029737795312 
  1852.0   8.914155656566411 
  1853.0   9.662756208297907 
  1854.0   9.29698889653457 
  1855.0   9.214489002063551 
  1856.0   9.361541384824255 
  1857.0   9.180405101377271 
  1858.0   9.735099505131949 
  1859.0   9.63809375091661 
  1860.0   10.081593615736011 
  1861.0   9.765247047639779 
  1862.0   10.05011755694866 
  1863.0   9.483946956587378 
  1864.0   9.542274469360564 
  1865.0   9.66923239525098 
  1866.0   8.836600957605782 
  1867.0   9.18190915780467 
  1868.0   9.917561722993405 
  1869.0   9.892327468687856 
  1870.0   9.566016091278614 
  1871.0   9.426518779094186 
  1872.0   9.150985606971759 
  1873.0   9.285196218614294 
  1874.0   10.296297164485656 
  1875.0   9.504257201110555 
  1876.0   9.496228305510114 
  1877.0   9.724158916967756 
  1878.0   9.281472829104246 
  1879.0   9.346195429793939 
  1880.0   9.722916505495782 
  1881.0   9.574341607636903 
  1882.0   9.527723815041503 
  1883.0   9.546880105870914 
  1884.0   9.300571161747651 
  1885.0   8.85590785128673 
  1886.0   9.184980429104893 
  1887.0   9.957216760952587 
  1888.0   9.639998739974843 
  1889.0   10.188108823765539 
  1890.0   9.788567386481292 
  1891.0   9.91576544447602 
  1892.0   9.976749378452155 
  1893.0   9.894079099968279 
  1894.0   9.990042578727278 
  1895.0   10.122864663800678 
  1896.0   10.247102266260777 
  1897.0   9.127765213367969 
  1898.0   9.654094708888323 
  1899.0   9.976617972998262 
  1900.0   10.048091578065549 
  1901.0   10.309355484940035 
  1902.0   9.789312594260085 
  1903.0   9.641509307735896 
  1904.0   10.025634767596836 
  1905.0   10.043186514179592 
  1906.0   9.621614214829014 
  1907.0   9.807021572645985 
  1908.0   9.819045404780343 
  1909.0   9.90175401631981 
  1910.0   9.927556337597895 
  1911.0   9.806841252751273 
  1912.0   9.58988586397011 
  1913.0   9.83821569660676 
  1914.0   9.372438715832942 
  1915.0   9.912991615904748 
  1916.0   9.685826211757384 
  1917.0   9.85141846224755 
  1918.0   9.218386028657122 
  1919.0   10.187437374908303 
  1920.0   10.08984180585749 
  1921.0   9.596464080544417 
  1922.0   10.107110624351103 
  1923.0   9.864249290842979 
  1924.0   9.77994321121273 
  1925.0   9.921353308566303 
  1926.0   10.099302464965572 
  1927.0   10.160521313953806 
  1928.0   10.123783926056147 
  1929.0   9.635360849523178 
  1930.0   9.746994413002255 
  1931.0   9.636517034888527 
  1932.0   9.89355243760397 
  1933.0   10.272493003748744 
  1934.0   9.7803781371227 
  1935.0   9.22539984002103 
  1936.0   9.62513871554024 
  1937.0   10.416958699088607 
  1938.0   9.888566756291292 
  1939.0   9.980044338136558 
  1940.0   10.108804624177099 
  1941.0   9.96465449914642 
  1942.0   9.855627783659466 
  1943.0   9.94301722140645 
  1944.0   9.88386834655584 
  1945.0   10.428084968686457 
  1946.0   9.83094169437594 
  1947.0   9.656227775792 
  1948.0   10.641214766284232 
  1949.0   9.993487252527407 
  1950.0   10.293068952169053 
  1951.0   9.994274448250572 
  1952.0   9.70523900260534 
  1953.0   10.161369283985866 
  1954.0   10.377426115385235 
  1955.0   10.111891375967932 
  1956.0   10.196678501179445 
  1957.0   10.055051200568812 
  1958.0   9.41783026413255 
  1959.0   9.890853085930338 
  1960.0   10.523239561308147 
  1961.0   10.408788393591243 
  1962.0   10.089436979359215 
  1963.0   9.512485493352937 
  1964.0   9.92615549481871 
  1965.0   10.027748602011064 
  1966.0   9.983083973806485 
  1967.0   9.666618283084144 
  1968.0   10.01662567208939 
  1969.0   10.078693474326604 
  1970.0   10.46952724112579 
  1971.0   10.458093684282522 
  1972.0   10.016589649970799 
  1973.0   10.006412033468852 
  1974.0   10.871806475091544 
  1975.0   10.153494502528511 
  1976.0   10.386885670245643 
  1977.0   10.24574060380865 
  1978.0   9.991209714585299 
  1979.0   10.284675233954975 
  1980.0   10.332828443070518 
  1981.0   9.549071357881925 
  1982.0   10.511882545066435 
  1983.0   10.761645356075485 
  1984.0   9.943710734055161 
  1985.0   9.991791980920512 
  1986.0   10.80841796564229 
  1987.0   11.227572340467386 
  1988.0   10.543000954248827 
  1989.0   10.124315565674513 
  1990.0   10.544060375687314 
  1991.0   10.571755541682194 
  1992.0   10.513468928377684 
  1993.0   10.3318556639331 
  1994.0   10.864387337364558 
  1995.0   10.586470737577526 
  1996.0   10.332162179869313 
  1997.0   10.680343287618848 
  1998.0   10.638695561812524 
  1999.0   10.796894115629515 
  2000.0   10.547575622090733 
  2001.0   11.156974424043065 
  2002.0   11.160682576414574 
  2003.0   11.12407391868316 
  2004.0   11.152758137964712 
  2005.0   10.559885802895849 
  2006.0   11.133498323707885 
  2007.0   10.881138297506308 
  2008.0   10.41285113315159 
  2009.0   11.713258159319325 
  2010.0   11.322718115600805 
  2011.0   10.979474342826641 
  2012.0   10.95722926864354 
  2013.0   11.206684929830674 
  2014.0   11.425366827290954 
