  1850.0   236.93382403395773 
  1851.0   236.88951429887607 
  1852.0   236.82047652423387 
  1853.0   236.56489212192363 
  1854.0   236.53117512678085 
  1855.0   236.7068578900392 
  1856.0   236.8550920904158 
  1857.0   236.81750186764293 
  1858.0   237.03790586895133 
  1859.0   236.99584678655518 
  1860.0   236.632888712995 
  1861.0   236.3997570942416 
  1862.0   236.51825256871274 
  1863.0   236.83965619700868 
  1864.0   236.97068700759223 
  1865.0   236.67234467774816 
  1866.0   236.4424833691925 
  1867.0   236.1270283521605 
  1868.0   236.11537597975885 
  1869.0   235.9883792023626 
  1870.0   236.1892052736381 
  1871.0   236.2151227673091 
  1872.0   236.234917373143 
  1873.0   236.09796672651174 
  1874.0   235.88706554892397 
  1875.0   236.33488016859124 
  1876.0   236.75589774990857 
  1877.0   236.69756154022306 
  1878.0   236.38681402157033 
  1879.0   236.69032972189217 
  1880.0   237.04993611067587 
  1881.0   236.90625169740917 
  1882.0   236.99014974306004 
  1883.0   236.93027987111424 
  1884.0   237.14779211303585 
  1885.0   237.30764758657276 
  1886.0   237.56464658467777 
  1887.0   237.4720558780961 
  1888.0   237.71022620537528 
  1889.0   237.57419190295454 
  1890.0   237.76984697587238 
  1891.0   237.87931834761403 
  1892.0   237.88694285223036 
  1893.0   237.96141236390594 
  1894.0   238.07320248884693 
  1895.0   237.7859525195867 
  1896.0   237.72903224403495 
  1897.0   238.26172959863894 
  1898.0   238.14954214434277 
  1899.0   237.95299544383306 
  1900.0   237.83456776014646 
  1901.0   238.0721927730439 
  1902.0   238.43225883909875 
  1903.0   238.48350817221913 
  1904.0   237.9477349507208 
  1905.0   238.2341654902963 
  1906.0   238.3904900652715 
  1907.0   238.6817560256988 
  1908.0   238.36692424965705 
  1909.0   238.30905846268294 
  1910.0   238.79468510430937 
  1911.0   239.102028427585 
  1912.0   238.98426257657513 
  1913.0   239.01978805211488 
  1914.0   239.1678355356663 
  1915.0   239.31319768577944 
  1916.0   238.99830349685516 
  1917.0   238.98362251084347 
  1918.0   239.39975078600492 
  1919.0   239.3868102604119 
  1920.0   239.50896084273194 
  1921.0   239.40066768822803 
  1922.0   239.2352957712286 
  1923.0   239.49264040507188 
  1924.0   239.7862272134254 
  1925.0   239.7347523184145 
  1926.0   239.43030083931072 
  1927.0   239.57386983338063 
  1928.0   239.5241410602439 
  1929.0   239.01393735041134 
  1930.0   239.14086245189526 
  1931.0   239.60372250343448 
  1932.0   239.98373666128637 
  1933.0   239.4334257505069 
  1934.0   238.86120699825767 
  1935.0   239.0550856312963 
  1936.0   239.0308157017292 
  1937.0   239.16094526212507 
  1938.0   239.07326941054788 
  1939.0   239.12117236926505 
  1940.0   239.23246497293363 
  1941.0   239.43019528449256 
  1942.0   239.67875331534742 
  1943.0   239.44291337266603 
  1944.0   239.43579052170026 
  1945.0   239.60421022564142 
  1946.0   239.69351315596248 
  1947.0   239.88131057989446 
  1948.0   240.03571652496905 
  1949.0   239.72398950459043 
  1950.0   239.3770362176851 
  1951.0   239.59182492720387 
  1952.0   239.2455724451802 
  1953.0   238.8929940357757 
  1954.0   239.03433559478609 
  1955.0   239.2907737322623 
  1956.0   239.05877094570494 
  1957.0   238.76040560783102 
  1958.0   238.27054956199987 
  1959.0   238.29985614508257 
  1960.0   238.36021580248803 
  1961.0   238.35110594159363 
  1962.0   237.9427026051806 
  1963.0   237.68494329819472 
  1964.0   237.89928222901182 
  1965.0   237.9126978465786 
  1966.0   237.95364313661267 
  1967.0   237.67542804686144 
  1968.0   237.55956691912476 
  1969.0   237.2255286156068 
  1970.0   237.45760934381164 
  1971.0   237.8182239157689 
  1972.0   237.9641048730584 
  1973.0   237.70957232504955 
  1974.0   237.68846614422569 
  1975.0   238.1652549275885 
  1976.0   238.4600372326193 
  1977.0   238.61753297966268 
  1978.0   238.69383951927148 
  1979.0   238.73178857750045 
  1980.0   238.37398830518023 
  1981.0   238.47878004839183 
  1982.0   238.72329625727502 
  1983.0   239.06664474525704 
  1984.0   239.33199687227793 
  1985.0   239.34060171134297 
  1986.0   239.59210702707927 
  1987.0   239.76643387206386 
  1988.0   239.72214788720578 
  1989.0   239.1684664118378 
  1990.0   239.45285055780693 
  1991.0   239.90095659446075 
  1992.0   240.36978740503662 
  1993.0   240.56510876448536 
  1994.0   240.3318345469695 
  1995.0   240.68825436144394 
  1996.0   240.94413289297785 
  1997.0   240.86133118370898 
  1998.0   241.06548831585727 
  1999.0   241.3259111202223 
  2000.0   241.2967839800097 
  2001.0   241.58988101503425 
  2002.0   242.277467737508 
  2003.0   242.57709642532654 
  2004.0   242.85100229419797 
  2005.0   243.53987640799684 
  2006.0   243.65486922921713 
  2007.0   244.11111375848387 
  2008.0   244.54277780443581 
  2009.0   245.2040775317685 
  2010.0   244.52099367794702 
  2011.0   244.69843280301507 
  2012.0   244.89013420435194 
  2013.0   244.49077931664368 
  2014.0   244.37116477195775 
