  1850.0   11.027930671950687 
  1851.0   11.233990273335225 
  1852.0   11.437068747476165 
  1853.0   11.150272609867603 
  1854.0   10.504701023743724 
  1855.0   10.655768658747405 
  1856.0   11.114005123001244 
  1857.0   11.081433937058122 
  1858.0   11.077207184963035 
  1859.0   10.717375082511266 
  1860.0   11.236105449989706 
  1861.0   11.029675504688678 
  1862.0   10.608786692288096 
  1863.0   11.17274387138419 
  1864.0   10.727031929594723 
  1865.0   11.103056233675652 
  1866.0   11.016974955659782 
  1867.0   11.113056363003134 
  1868.0   11.332044607009014 
  1869.0   11.034238996144655 
  1870.0   10.967738662695165 
  1871.0   10.81313526092792 
  1872.0   10.760900530214546 
  1873.0   11.040925508576631 
  1874.0   11.278821898651254 
  1875.0   11.061664921796437 
  1876.0   10.614629282539013 
  1877.0   10.974909570539465 
  1878.0   11.263028459736562 
  1879.0   11.025404736358185 
  1880.0   10.650847152585625 
  1881.0   11.18158612361958 
  1882.0   11.701604451588487 
  1883.0   11.19094684208891 
  1884.0   10.37118291448567 
  1885.0   10.834239451242754 
  1886.0   10.899348380045458 
  1887.0   11.055335406520882 
  1888.0   10.710363844003636 
  1889.0   10.804746425348872 
  1890.0   11.080226819006546 
  1891.0   10.922288517743674 
  1892.0   11.1651621214824 
  1893.0   10.900798038358824 
  1894.0   10.935713970929049 
  1895.0   11.205267834312687 
  1896.0   11.967614976529788 
  1897.0   11.33895520860417 
  1898.0   10.793672839753848 
  1899.0   10.714291863933559 
  1900.0   11.11304243053984 
  1901.0   10.964429964697917 
  1902.0   11.110024533477475 
  1903.0   10.863004667269664 
  1904.0   10.563018072559224 
  1905.0   11.166442791915683 
  1906.0   11.264343719910167 
  1907.0   11.278318943505806 
  1908.0   11.128852075629927 
  1909.0   10.862296392880763 
  1910.0   10.954309045198885 
  1911.0   10.8007600788725 
  1912.0   11.559029907610181 
  1913.0   10.600926103864982 
  1914.0   10.484385615674432 
  1915.0   10.704583940571293 
  1916.0   10.98017501067836 
  1917.0   11.156176382034007 
  1918.0   11.474838198819985 
  1919.0   10.724567604823475 
  1920.0   11.169012849798023 
  1921.0   11.076509378965115 
  1922.0   10.854180303425352 
  1923.0   10.963236968133188 
  1924.0   10.791523992719325 
  1925.0   11.136356834203367 
  1926.0   11.322116526621738 
  1927.0   10.837040779471158 
  1928.0   11.34580841402349 
  1929.0   10.725798625849682 
  1930.0   11.025091604645564 
  1931.0   10.801209655337466 
  1932.0   10.88323835309272 
  1933.0   11.313393370640819 
  1934.0   11.493094540540547 
  1935.0   10.96476799072972 
  1936.0   11.067814408158448 
  1937.0   10.88687625746473 
  1938.0   11.631796694652461 
  1939.0   10.99136167544847 
  1940.0   10.862694643858307 
  1941.0   10.805252682399532 
  1942.0   10.986647584174046 
  1943.0   11.29542645447995 
  1944.0   10.534719014324834 
  1945.0   10.745910632843268 
  1946.0   11.111699829499223 
  1947.0   11.06972999104348 
  1948.0   11.30915727345763 
  1949.0   11.352752386239167 
  1950.0   10.97444296494753 
  1951.0   10.866719132914536 
  1952.0   11.023751516317441 
  1953.0   10.892592246990842 
  1954.0   10.965137413569877 
  1955.0   11.087971102001719 
  1956.0   10.686293222770642 
  1957.0   11.027268683662818 
  1958.0   11.123193527992981 
  1959.0   11.003716028593832 
  1960.0   10.740167614114416 
  1961.0   11.061017958687772 
  1962.0   10.858235664251266 
  1963.0   10.947817808821043 
  1964.0   11.100062571804056 
  1965.0   10.916206610568223 
  1966.0   11.035125270492514 
  1967.0   11.144027932320466 
  1968.0   10.804023279065737 
  1969.0   11.242698749617038 
  1970.0   11.142953354492887 
  1971.0   11.155571524100814 
  1972.0   11.102966341549518 
  1973.0   11.228421777533343 
  1974.0   10.971419021431517 
  1975.0   11.04593992128323 
  1976.0   11.297369364090363 
  1977.0   11.150428640570734 
  1978.0   10.873761470380007 
  1979.0   10.896781948288925 
  1980.0   10.804232846875784 
  1981.0   11.444039094889918 
  1982.0   10.825594263670716 
  1983.0   11.065319465315044 
  1984.0   11.35667077233739 
  1985.0   10.940339196397147 
  1986.0   11.128126638080058 
  1987.0   10.909686923295993 
  1988.0   10.936640407906497 
  1989.0   11.399571731657522 
  1990.0   11.10055685340382 
  1991.0   11.520904121289886 
  1992.0   10.835862900893733 
  1993.0   11.58104412589114 
  1994.0   11.215411586189685 
  1995.0   11.230360296710113 
  1996.0   11.574463930758654 
  1997.0   11.646122866521416 
  1998.0   11.390810601888845 
  1999.0   10.93437524859969 
  2000.0   11.059554163806464 
  2001.0   11.554758168718353 
  2002.0   11.324227900563884 
  2003.0   11.638225350922433 
  2004.0   11.219128021708169 
  2005.0   11.036770662125415 
  2006.0   11.245009264303624 
  2007.0   11.77957523881136 
  2008.0   10.979578358959474 
  2009.0   11.343399040836582 
  2010.0   11.774695903328833 
  2011.0   11.224406817672987 
  2012.0   11.793393604088049 
  2013.0   11.226420884209777 
  2014.0   11.569218627583274 
