  1850.0   0.0022790776660032643 
  1851.0   0.006316694586718229 
  1852.0   0.009673069378460944 
  1853.0   0.012463214932531547 
  1854.0   0.014822066109370213 
  1855.0   0.01683485426275121 
  1856.0   0.01858601110008096 
  1857.0   0.020134544185463052 
  1858.0   0.02151140584372125 
  1859.0   0.02274386182632418 
  1860.0   0.02405958752108451 
  1861.0   0.025425746732472398 
  1862.0   0.026669225414913025 
  1863.0   0.02781882284144099 
  1864.0   0.02887064028414852 
  1865.0   0.029828433605241303 
  1866.0   0.030707915762582166 
  1867.0   0.03149042429528253 
  1868.0   0.03227987214335146 
  1869.0   0.03305546752358535 
  1870.0   0.03581331470304563 
  1871.0   0.040043229603465284 
  1872.0   0.04359851457078796 
  1873.0   0.046652693025065715 
  1874.0   0.049308796839631894 
  1875.0   0.051659405923301926 
  1876.0   0.05376499018701266 
  1877.0   0.05567281205594091 
  1878.0   0.05742179261121487 
  1879.0   0.059036871203020154 
  1880.0   0.06165139369487061 
  1881.0   0.06508265306708162 
  1882.0   0.06814243612591783 
  1883.0   0.07084343192379602 
  1884.0   0.07331369935149777 
  1885.0   0.07562776228006418 
  1886.0   0.0778177209721052 
  1887.0   0.07987621169761594 
  1888.0   0.0818384304883627 
  1889.0   0.08372678331444595 
  1890.0   0.08554715675449527 
  1891.0   0.08711057163013791 
  1892.0   0.08835661552457678 
  1893.0   0.08961292087534853 
  1894.0   0.09090075755885835 
  1895.0   0.09219667293127551 
  1896.0   0.09347952622055347 
  1897.0   0.09473461529355136 
  1898.0   0.09596280253129084 
  1899.0   0.09721862262312622 
  1900.0   0.10012225079474042 
  1901.0   0.10417378075444837 
  1902.0   0.10764938401835367 
  1903.0   0.11075221858556263 
  1904.0   0.11359881620535234 
  1905.0   0.11629560501027501 
  1906.0   0.118853401138241 
  1907.0   0.12125103303609543 
  1908.0   0.12358668193962026 
  1909.0   0.12589900083515254 
  1910.0   0.13194900846939048 
  1911.0   0.1407564650542635 
  1912.0   0.14818508931546873 
  1913.0   0.15468865331981388 
  1914.0   0.16048735486634613 
  1915.0   0.16557613775194202 
  1916.0   0.17018604012816693 
  1917.0   0.17453328030559112 
  1918.0   0.17842117423832873 
  1919.0   0.18203015710214052 
  1920.0   0.1876263805086453 
  1921.0   0.1946627480581836 
  1922.0   0.2008508247710534 
  1923.0   0.20639095727064713 
  1924.0   0.2113640109067069 
  1925.0   0.21574565382591496 
  1926.0   0.21970948237852142 
  1927.0   0.22314690972318177 
  1928.0   0.2262214567270173 
  1929.0   0.2290920292731018 
  1930.0   0.23203164001750928 
  1931.0   0.23504306897819974 
  1932.0   0.23794165621455007 
  1933.0   0.24029314383323266 
  1934.0   0.24189896189109414 
  1935.0   0.24335366222309046 
  1936.0   0.2447910759712938 
  1937.0   0.2463660092763799 
  1938.0   0.24790505700651483 
  1939.0   0.2492327581167393 
  1940.0   0.2500584001169744 
  1941.0   0.25044695901219327 
  1942.0   0.2507426201780356 
  1943.0   0.25118293865473607 
  1944.0   0.2519874643739348 
  1945.0   0.25307891979830277 
  1946.0   0.25429265969997716 
  1947.0   0.255528511869794 
  1948.0   0.256886446150244 
  1949.0   0.25823811609416675 
  1950.0   0.2660112971800763 
  1951.0   0.27824347637656244 
  1952.0   0.28851591876534277 
  1953.0   0.2981201114573947 
  1954.0   0.30729268407316307 
  1955.0   0.3155008106355666 
  1956.0   0.32289930281691953 
  1957.0   0.32949519240096825 
  1958.0   0.33529338335306524 
  1959.0   0.33993933953491734 
  1960.0   0.3434699375560143 
  1961.0   0.3460067213115444 
  1962.0   0.34863606048793405 
  1963.0   0.35095061380610754 
  1964.0   0.35224953160639066 
  1965.0   0.352799949265373 
  1966.0   0.3529327854401167 
  1967.0   0.352600179630226 
  1968.0   0.3517902623014481 
  1969.0   0.3509805052870369 
  1970.0   0.34868061991202526 
  1971.0   0.34538504228495764 
  1972.0   0.34284467347900466 
  1973.0   0.3406129264705933 
  1974.0   0.3386215771909349 
  1975.0   0.33714254436054897 
  1976.0   0.33678010543916936 
  1977.0   0.3374628371396362 
  1978.0   0.3385244425149794 
  1979.0   0.3404301063925421 
  1980.0   0.3433068076300996 
  1981.0   0.3470034553278081 
  1982.0   0.350828079391891 
  1983.0   0.3540389645819801 
  1984.0   0.35734207187028566 
  1985.0   0.3611463240213471 
  1986.0   0.3650779709203675 
  1987.0   0.36922279206252173 
  1988.0   0.37359911872807006 
  1989.0   0.37772029089510756 
  1990.0   0.3793434262134774 
  1991.0   0.37859361977788825 
  1992.0   0.3775008502410848 
  1993.0   0.37665831387035437 
  1994.0   0.3763503507067621 
  1995.0   0.3772185173302358 
  1996.0   0.3793243180434962 
  1997.0   0.381380322213521 
  1998.0   0.38334486496961484 
  1999.0   0.3856483313596256 
  2000.0   0.38934247846774817 
  2001.0   0.3913184527714794 
  2002.0   0.39407169608714976 
  2003.0   0.4026192555011434 
  2004.0   0.4093298370318106 
  2005.0   0.40838573145453394 
  2006.0   0.40733931251179345 
  2007.0   0.40719132001070946 
  2008.0   0.4049752389031157 
  2009.0   0.42270797075267813 
  2010.0   0.4373858985621517 
  2011.0   0.44309878612179737 
  2012.0   0.45741898600102576 
  2013.0   0.46849023147555685 
  2014.0   0.47260030776764955 
