  1850.0   134.38897307845556 
  1851.0   134.42251987460514 
  1852.0   134.45197557400704 
  1853.0   134.44268685496323 
  1854.0   134.43634426522732 
  1855.0   134.32153503665367 
  1856.0   134.25119239027975 
  1857.0   134.26653621524682 
  1858.0   134.3090992773642 
  1859.0   134.35868458339172 
  1860.0   134.41151512586188 
  1861.0   134.4389228577743 
  1862.0   134.4699465963414 
  1863.0   134.53023640118295 
  1864.0   134.52404238514052 
  1865.0   134.47551217760244 
  1866.0   134.42532507131196 
  1867.0   134.43615230958446 
  1868.0   134.40538712938584 
  1869.0   134.34398474177465 
  1870.0   134.31346810051787 
  1871.0   134.31030411802013 
  1872.0   134.36019757411614 
  1873.0   134.39681997754641 
  1874.0   134.3887006232509 
  1875.0   134.38002508762523 
  1876.0   134.3735397079255 
  1877.0   134.35069159468603 
  1878.0   134.3430390808987 
  1879.0   134.3557788130097 
  1880.0   134.37174728832645 
  1881.0   134.41156509966623 
  1882.0   134.32154884178658 
  1883.0   134.2779138399324 
  1884.0   134.29546654951866 
  1885.0   134.3190582863051 
  1886.0   134.38300936336506 
  1887.0   134.41568476243708 
  1888.0   134.44379957538737 
  1889.0   134.47082077165575 
  1890.0   134.4777689534088 
  1891.0   134.46957246270148 
  1892.0   134.4771595114499 
  1893.0   134.50216079128057 
  1894.0   134.4732905943622 
  1895.0   134.48728789323167 
  1896.0   134.48316699071617 
  1897.0   134.536203248989 
  1898.0   134.5769267492492 
  1899.0   134.5707037198519 
  1900.0   134.55307834440796 
  1901.0   134.51763697967246 
  1902.0   134.52829615934385 
  1903.0   134.5455733118565 
  1904.0   134.49927926131542 
  1905.0   134.47336236767396 
  1906.0   134.53621376710998 
  1907.0   134.58744972157888 
  1908.0   134.5785333885317 
  1909.0   134.5927275464695 
  1910.0   134.6264500178881 
  1911.0   134.63237824401298 
  1912.0   134.5832791042865 
  1913.0   134.5997896065945 
  1914.0   134.60321951868318 
  1915.0   134.5847163768551 
  1916.0   134.63431062935945 
  1917.0   134.62182833506316 
  1918.0   134.5916972361963 
  1919.0   134.60850222527324 
  1920.0   134.62991858933947 
  1921.0   134.68366993053544 
  1922.0   134.65257562299158 
  1923.0   134.6324244298429 
  1924.0   134.65538892249793 
  1925.0   134.66193786900953 
  1926.0   134.68616206478163 
  1927.0   134.66675515477507 
  1928.0   134.63975193980374 
  1929.0   134.62526165065256 
  1930.0   134.65601714421192 
  1931.0   134.6563562468657 
  1932.0   134.66545541712006 
  1933.0   134.65807599805666 
  1934.0   134.58446761054734 
  1935.0   134.50903828773681 
  1936.0   134.46722018128958 
  1937.0   134.47459177471214 
  1938.0   134.4936991519162 
  1939.0   134.47426371792034 
  1940.0   134.43925271066928 
  1941.0   134.39172217368926 
  1942.0   134.40655140741237 
  1943.0   134.41568503577295 
  1944.0   134.3951262895619 
  1945.0   134.40664085570958 
  1946.0   134.3887725191061 
  1947.0   134.3376027126348 
  1948.0   134.27758363976844 
  1949.0   134.25632264738294 
  1950.0   134.29319214746155 
  1951.0   134.31966155309632 
  1952.0   134.28286284379715 
  1953.0   134.26791511434874 
  1954.0   134.28441645200914 
  1955.0   134.3259862118788 
  1956.0   134.34758630915658 
  1957.0   134.35300467233967 
  1958.0   134.31378231008046 
  1959.0   134.3091975275913 
  1960.0   134.33464679417153 
  1961.0   134.31845734123695 
  1962.0   134.24353028807505 
  1963.0   134.1601747504204 
  1964.0   134.1184216337161 
  1965.0   134.1366919615385 
  1966.0   134.17658048147652 
  1967.0   134.15772594481362 
  1968.0   134.15760144240426 
  1969.0   134.17007252173903 
  1970.0   134.18305116448485 
  1971.0   134.21063128901258 
  1972.0   134.2355741650234 
  1973.0   134.2402255211054 
  1974.0   134.24466726452297 
  1975.0   134.22605930841416 
  1976.0   134.270958961122 
  1977.0   134.27855550259036 
  1978.0   134.27340950113202 
  1979.0   134.31432600573766 
  1980.0   134.3467788557716 
  1981.0   134.3716734518729 
  1982.0   134.31624413721923 
  1983.0   134.34913960721724 
  1984.0   134.39765884612973 
  1985.0   134.444053982611 
  1986.0   134.52599146680618 
  1987.0   134.58724041287203 
  1988.0   134.63143459639582 
  1989.0   134.66755007240096 
  1990.0   134.74990640366886 
  1991.0   134.79330060271394 
  1992.0   134.88517257426898 
  1993.0   134.97959025675812 
  1994.0   135.04947097907663 
  1995.0   135.12207387293034 
  1996.0   135.18792153028338 
  1997.0   135.24299743070412 
  1998.0   135.2978456478631 
  1999.0   135.37106475052926 
  2000.0   135.47368165367595 
  2001.0   135.60087296748824 
  2002.0   135.69833087606398 
  2003.0   135.75001722184695 
  2004.0   135.78896334384635 
  2005.0   135.85344545682406 
  2006.0   135.88821571351693 
  2007.0   135.97140647889782 
  2008.0   136.0762892489632 
  2009.0   136.19244817102924 
  2010.0   136.26055032160016 
  2011.0   136.3198516530148 
  2012.0   136.39621646828107 
  2013.0   136.56114145873823 
  2014.0   136.65557954734032 
