  1850.0   82.38421844971842 
  1851.0   82.50999103751056 
  1852.0   83.1228584548793 
  1853.0   82.2112211583676 
  1854.0   82.11323056979083 
  1855.0   82.4771592314399 
  1856.0   83.1016433854345 
  1857.0   82.51457614960286 
  1858.0   82.5923055175774 
  1859.0   82.73450092971854 
  1860.0   82.62186904688382 
  1861.0   83.30452509039964 
  1862.0   83.11288882263392 
  1863.0   83.22761300965053 
  1864.0   83.14690341519389 
  1865.0   82.09497299100542 
  1866.0   82.0488721916887 
  1867.0   81.45215036098327 
  1868.0   80.9657913712102 
  1869.0   81.02954689839571 
  1870.0   81.41846098656512 
  1871.0   81.51937061738258 
  1872.0   81.14082201990833 
  1873.0   80.70042823069697 
  1874.0   80.7661627620887 
  1875.0   80.75239062248181 
  1876.0   81.00043623350113 
  1877.0   81.59308867948135 
  1878.0   81.93085657767587 
  1879.0   81.92743416259191 
  1880.0   81.60691495724603 
  1881.0   81.6204122349666 
  1882.0   81.89172306752978 
  1883.0   81.91151511882403 
  1884.0   81.01694064016901 
  1885.0   81.66014651370747 
  1886.0   82.23271471908086 
  1887.0   82.51596936471331 
  1888.0   82.18597726780064 
  1889.0   82.58968769655691 
  1890.0   82.78193042411876 
  1891.0   82.88195853365542 
  1892.0   83.06741401923856 
  1893.0   82.7553391596786 
  1894.0   82.49737955016037 
  1895.0   82.87201208666094 
  1896.0   82.53134110667327 
  1897.0   82.3127810147569 
  1898.0   82.42842555144303 
  1899.0   82.46299461447389 
  1900.0   81.36205465601599 
  1901.0   80.495561131607 
  1902.0   81.06028355303759 
  1903.0   81.6820926501198 
  1904.0   81.60440844859023 
  1905.0   80.9352375900555 
  1906.0   80.79484570970828 
  1907.0   81.08175936984404 
  1908.0   81.62340425062929 
  1909.0   81.0271580208317 
  1910.0   81.2311681168194 
  1911.0   80.85105990496882 
  1912.0   80.6854451117447 
  1913.0   80.70741310384186 
  1914.0   81.33301042437022 
  1915.0   81.18394327537355 
  1916.0   81.1164729102696 
  1917.0   80.68086172070817 
  1918.0   80.75913168004726 
  1919.0   80.27449923206278 
  1920.0   79.55128906625623 
  1921.0   79.62521910503109 
  1922.0   79.43056422029608 
  1923.0   78.87336835676793 
  1924.0   79.03532179225336 
  1925.0   79.40283923342724 
  1926.0   79.43813755608305 
  1927.0   79.37699140804328 
  1928.0   78.38335746685617 
  1929.0   78.43225723675481 
  1930.0   78.0892223985438 
  1931.0   77.24788808837309 
  1932.0   75.86651616129086 
  1933.0   74.51588960932833 
  1934.0   74.95808282447388 
  1935.0   75.60463825877324 
  1936.0   75.68502034762274 
  1937.0   75.17130669515507 
  1938.0   75.2726332275785 
  1939.0   75.06488867221141 
  1940.0   74.6791167173962 
  1941.0   74.75912844657422 
  1942.0   75.26927255528217 
  1943.0   74.67161221773867 
  1944.0   74.28865763113345 
  1945.0   74.40932766792295 
  1946.0   74.80611114269843 
  1947.0   74.9543011699474 
  1948.0   74.62036150328491 
  1949.0   75.21112311432191 
  1950.0   74.6915698967956 
  1951.0   75.14315812768639 
  1952.0   75.28239981468619 
  1953.0   74.3254955863199 
  1954.0   74.20451774714019 
  1955.0   74.17766462947951 
  1956.0   74.46245453475932 
  1957.0   74.7017525655266 
  1958.0   74.21556373423363 
  1959.0   74.4748942425173 
  1960.0   74.23250451448709 
  1961.0   74.25046376436129 
  1962.0   74.15284871943369 
  1963.0   73.52691488631993 
  1964.0   73.7479673701776 
  1965.0   73.8410227462061 
  1966.0   73.81392973825733 
  1967.0   72.71072589552419 
  1968.0   72.85319852169637 
  1969.0   72.7133228439831 
  1970.0   72.3874828268809 
  1971.0   72.68878074797652 
  1972.0   72.26366855349835 
  1973.0   72.25440309979909 
  1974.0   72.39468619177667 
  1975.0   72.57929150180989 
  1976.0   72.60746300927045 
  1977.0   71.84101182047004 
  1978.0   71.52028209977796 
  1979.0   71.65134484385071 
  1980.0   72.01758803536367 
  1981.0   71.68054052220211 
  1982.0   71.03777575779128 
  1983.0   71.0721401247839 
  1984.0   71.17512666220162 
  1985.0   71.1171679549656 
  1986.0   71.43569562026222 
  1987.0   71.35127926552627 
  1988.0   71.5511656613863 
  1989.0   71.83515671942786 
  1990.0   71.9286857985024 
  1991.0   71.67006280357631 
  1992.0   71.89717379840047 
  1993.0   72.45039879596551 
  1994.0   71.50336776184669 
  1995.0   71.22751107527871 
  1996.0   71.74641102407364 
  1997.0   71.92548826911134 
  1998.0   71.90969304679899 
  1999.0   71.61525738160634 
  2000.0   71.35100314263413 
  2001.0   71.03718534038168 
  2002.0   70.94915880256433 
  2003.0   71.4191703831978 
  2004.0   70.99567269001498 
  2005.0   71.39140018207337 
  2006.0   71.59600591110146 
  2007.0   72.18041462800734 
  2008.0   72.37112060829364 
  2009.0   72.02252550306903 
  2010.0   71.20665549788883 
  2011.0   71.63754036491834 
  2012.0   71.2773460598891 
  2013.0   70.13015108739513 
  2014.0   70.47495501523794 
