  1850.0   4.3106907997196044 
  1851.0   4.585604010857834 
  1852.0   4.605239199466509 
  1853.0   4.322926424529407 
  1854.0   4.265204170424161 
  1855.0   4.799201308382533 
  1856.0   4.514445381464169 
  1857.0   4.3920372056125005 
  1858.0   4.255180827830584 
  1859.0   4.51737382537971 
  1860.0   4.303268167262989 
  1861.0   4.483289997119111 
  1862.0   4.682428125360589 
  1863.0   4.2810468117569735 
  1864.0   4.488477015164213 
  1865.0   4.503839563323663 
  1866.0   4.515922585262345 
  1867.0   4.713417910467235 
  1868.0   4.325412838510467 
  1869.0   4.497701881693717 
  1870.0   4.426439233996246 
  1871.0   4.550146772186303 
  1872.0   4.48376335172646 
  1873.0   4.386449507568984 
  1874.0   4.580086387420631 
  1875.0   4.529742167779003 
  1876.0   4.389011080430771 
  1877.0   4.5992267786882985 
  1878.0   4.53699827679292 
  1879.0   4.481232358460332 
  1880.0   4.487006288100557 
  1881.0   4.885073546478142 
  1882.0   4.465253714922306 
  1883.0   4.5977706785030685 
  1884.0   4.47841401895274 
  1885.0   4.579529763431778 
  1886.0   4.662140667362904 
  1887.0   4.582095839292033 
  1888.0   4.512341217847835 
  1889.0   4.585242121347974 
  1890.0   4.704760955516128 
  1891.0   4.6251596415956175 
  1892.0   4.49636320124984 
  1893.0   4.505402326909066 
  1894.0   4.648255134152907 
  1895.0   4.536661740393147 
  1896.0   4.675137374981836 
  1897.0   4.547057925989539 
  1898.0   4.329066380805836 
  1899.0   4.5479183452817535 
  1900.0   4.555780778673552 
  1901.0   4.525875064575083 
  1902.0   4.710392429445479 
  1903.0   4.513689110580112 
  1904.0   4.339710202438252 
  1905.0   4.576276049063426 
  1906.0   4.562682708202618 
  1907.0   4.575855929732522 
  1908.0   4.614261592493261 
  1909.0   4.526762862896953 
  1910.0   4.347835781168153 
  1911.0   4.405720911969315 
  1912.0   4.73061910414907 
  1913.0   4.65492621168396 
  1914.0   4.3157790869409665 
  1915.0   4.4546774218692855 
  1916.0   4.488489845980516 
  1917.0   4.509229957036197 
  1918.0   4.614823384654432 
  1919.0   4.478218544894047 
  1920.0   4.381960824367583 
  1921.0   4.692330087100168 
  1922.0   4.650400466926456 
  1923.0   4.412512866264134 
  1924.0   4.409126168485849 
  1925.0   4.570773353100341 
  1926.0   4.599699043320628 
  1927.0   4.506735584162166 
  1928.0   4.294264285605479 
  1929.0   4.498774320069451 
  1930.0   4.672605871187084 
  1931.0   4.5647906544230565 
  1932.0   4.51807522065459 
  1933.0   4.47210908890295 
  1934.0   4.499473252416861 
  1935.0   4.53538318476752 
  1936.0   4.426421440872847 
  1937.0   4.425850952330654 
  1938.0   4.5969046482580564 
  1939.0   4.292848784125607 
  1940.0   4.2587033908496545 
  1941.0   4.511102401810802 
  1942.0   4.424450236587743 
  1943.0   4.360693506807753 
  1944.0   4.532142889788843 
  1945.0   4.437785372406939 
  1946.0   4.411524510078484 
  1947.0   4.276797342984852 
  1948.0   4.343662348341601 
  1949.0   4.462005435230508 
  1950.0   4.473839294858681 
  1951.0   4.5376298002831215 
  1952.0   4.59932898802019 
  1953.0   4.599710795154198 
  1954.0   4.504768381616943 
  1955.0   4.424929717907069 
  1956.0   4.433481933827365 
  1957.0   4.481770622921557 
  1958.0   4.476830096182247 
  1959.0   4.357453430195682 
  1960.0   4.373266382706689 
  1961.0   4.425678773888781 
  1962.0   4.409073921292421 
  1963.0   4.396759092783643 
  1964.0   4.250894879970014 
  1965.0   4.177589935537375 
  1966.0   4.602530371664632 
  1967.0   4.5961096886140425 
  1968.0   4.372915677061344 
  1969.0   4.513711479048857 
  1970.0   4.23861403631499 
  1971.0   4.534799549415132 
  1972.0   4.581276479167766 
  1973.0   4.56052543305762 
  1974.0   4.395212662508859 
  1975.0   4.529536262329436 
  1976.0   4.498330307967947 
  1977.0   4.721008021323693 
  1978.0   4.423669863486073 
  1979.0   4.3809078068667135 
  1980.0   4.332010009969007 
  1981.0   4.41852573895332 
  1982.0   4.361791881219807 
  1983.0   4.307496392601048 
  1984.0   4.499372041809577 
  1985.0   4.632658052431437 
  1986.0   4.4285849649012174 
  1987.0   4.344057423107167 
  1988.0   4.371665070166297 
  1989.0   4.268063634890997 
  1990.0   4.421380005735547 
  1991.0   4.367126073227279 
  1992.0   4.434249432321232 
  1993.0   4.4132757690336035 
  1994.0   4.44302618570902 
  1995.0   4.5113153256742775 
  1996.0   4.273554718787413 
  1997.0   4.248641643622729 
  1998.0   4.348572271922072 
  1999.0   4.370404559726628 
  2000.0   4.441952105398495 
  2001.0   4.534802196955946 
  2002.0   4.2946178686700165 
  2003.0   4.179308623229626 
  2004.0   4.244518639619785 
  2005.0   4.3043151044965136 
  2006.0   4.449561603346659 
  2007.0   4.318717310719682 
  2008.0   4.290860526905102 
  2009.0   4.355647098849713 
  2010.0   4.225285108300767 
  2011.0   4.321670039673987 
  2012.0   4.2719732834833675 
  2013.0   4.460602203864161 
  2014.0   4.497859194666624 
