  1850.0   4.37487833090289 
  1851.0   4.373002961111284 
  1852.0   4.161007792548098 
  1853.0   3.918340212899872 
  1854.0   4.577511755705514 
  1855.0   4.207036679252541 
  1856.0   4.587698732298585 
  1857.0   4.341304596950042 
  1858.0   4.653218379443998 
  1859.0   4.356999560011312 
  1860.0   4.3592948437145935 
  1861.0   4.355312246100666 
  1862.0   4.7536816026654565 
  1863.0   4.397624436556131 
  1864.0   4.671786291126629 
  1865.0   4.4063473908251 
  1866.0   4.267762266591599 
  1867.0   4.161070411165203 
  1868.0   4.553250045348924 
  1869.0   4.620838274733826 
  1870.0   4.361962244436522 
  1871.0   4.501452812944709 
  1872.0   4.657747832994403 
  1873.0   4.624348828324561 
  1874.0   4.453658078208569 
  1875.0   4.067968912192768 
  1876.0   4.067257416766978 
  1877.0   4.521521753574273 
  1878.0   4.629344386965092 
  1879.0   4.635222630653027 
  1880.0   4.28283094460165 
  1881.0   4.553873318946792 
  1882.0   4.623286608950308 
  1883.0   4.2928359270732805 
  1884.0   4.253132966670782 
  1885.0   4.562388893670725 
  1886.0   4.624643921684997 
  1887.0   4.173396362303392 
  1888.0   3.9381830494928147 
  1889.0   4.613359145808071 
  1890.0   4.281334298724135 
  1891.0   4.28305874835821 
  1892.0   4.6115345183341345 
  1893.0   4.497242683863637 
  1894.0   4.173399173861928 
  1895.0   4.477395669332375 
  1896.0   4.663105328685307 
  1897.0   4.7658592738463685 
  1898.0   4.592319311892934 
  1899.0   4.443686033321514 
  1900.0   4.384041386578496 
  1901.0   4.702581463118652 
  1902.0   4.6827302195725995 
  1903.0   4.219041944071591 
  1904.0   4.607070149741617 
  1905.0   4.506274175858833 
  1906.0   4.452987900181059 
  1907.0   4.461236839080734 
  1908.0   4.542913736979017 
  1909.0   4.4147040188539135 
  1910.0   4.079857107716229 
  1911.0   4.2649387492122734 
  1912.0   3.922478801277662 
  1913.0   4.559165544707366 
  1914.0   4.699594746797746 
  1915.0   4.4846429506037495 
  1916.0   4.188485736362801 
  1917.0   4.25446995965365 
  1918.0   4.4964894981109005 
  1919.0   4.470873196059944 
  1920.0   4.6115653360144355 
  1921.0   4.2759262508229785 
  1922.0   4.576345826553012 
  1923.0   4.283993329752835 
  1924.0   3.8552494715689263 
  1925.0   4.289565273831094 
  1926.0   4.665226130679763 
  1927.0   4.614923728180968 
  1928.0   4.131506496690683 
  1929.0   4.5414235130047915 
  1930.0   4.379410750530986 
  1931.0   4.421506847992071 
  1932.0   4.317633513486022 
  1933.0   4.460675726789767 
  1934.0   4.336550718918951 
  1935.0   4.281029707067303 
  1936.0   4.553766347898066 
  1937.0   4.422487707078718 
  1938.0   4.418618700575752 
  1939.0   4.339616291323604 
  1940.0   3.972033088576563 
  1941.0   4.369096116408928 
  1942.0   4.590847823540805 
  1943.0   4.2637358254690705 
  1944.0   4.163982057244868 
  1945.0   4.277465902470213 
  1946.0   4.108512822384276 
  1947.0   4.142402798149184 
  1948.0   3.998248923522286 
  1949.0   4.236667994219804 
  1950.0   4.27782208411957 
  1951.0   4.099986618286421 
  1952.0   4.35932655943439 
  1953.0   4.4567751222512 
  1954.0   4.42592652386404 
  1955.0   4.195234609531271 
  1956.0   4.181830412214946 
  1957.0   4.3060688399041664 
  1958.0   4.386640772062081 
  1959.0   4.403590344465886 
  1960.0   4.037744520996394 
  1961.0   4.258747133361695 
  1962.0   4.726719011721655 
  1963.0   4.530959483576992 
  1964.0   3.924697577626333 
  1965.0   3.8695797614019805 
  1966.0   4.057833047402967 
  1967.0   4.445925294520053 
  1968.0   4.264506587622064 
  1969.0   4.575937291224012 
  1970.0   4.41970344525212 
  1971.0   4.217124720805899 
  1972.0   4.01551107446491 
  1973.0   3.852409145268032 
  1974.0   3.8670808076004084 
  1975.0   4.400359944580107 
  1976.0   4.0399724299467685 
  1977.0   4.015451247210413 
  1978.0   4.509122038640175 
  1979.0   4.645678517909622 
  1980.0   4.160579907936214 
  1981.0   4.317758434341829 
  1982.0   3.728438555535127 
  1983.0   4.2327875621411035 
  1984.0   4.283124354178793 
  1985.0   4.4848408207931865 
  1986.0   4.08739337305822 
  1987.0   4.2791899146131165 
  1988.0   4.079270008600216 
  1989.0   4.388566592479489 
  1990.0   4.435221544861627 
  1991.0   3.9612944303630417 
  1992.0   3.9155404218998022 
  1993.0   4.358742616884147 
  1994.0   4.171044181414993 
  1995.0   4.086971930364845 
  1996.0   3.650844463796072 
  1997.0   4.030887328382067 
  1998.0   4.35916222986459 
  1999.0   4.162852184717547 
  2000.0   4.272520514051153 
  2001.0   4.2111250809102625 
  2002.0   4.120206235605028 
  2003.0   3.9955674511807446 
  2004.0   4.1751526680659765 
  2005.0   4.322190381343642 
  2006.0   4.39284935472533 
  2007.0   3.7983018843857237 
  2008.0   4.135562693587586 
  2009.0   4.002356197318784 
  2010.0   3.4003944214879946 
  2011.0   4.126017426216 
  2012.0   4.372646044875856 
  2013.0   3.86370367707026 
  2014.0   3.9521801682999502 
