  1850.0   427.5312073405245 
  1851.0   427.30399344659287 
  1852.0   427.40918809400597 
  1853.0   427.4601290754701 
  1854.0   427.3204364701419 
  1855.0   427.40685895045374 
  1856.0   427.5427856441392 
  1857.0   426.9843135505995 
  1858.0   426.63567334866445 
  1859.0   426.7901135701785 
  1860.0   426.8308489973428 
  1861.0   427.12609771529355 
  1862.0   427.21559804201723 
  1863.0   427.0608174328867 
  1864.0   427.08946848358636 
  1865.0   427.37561318344547 
  1866.0   427.537762799529 
  1867.0   427.7287838514369 
  1868.0   427.914934304869 
  1869.0   427.7523384335704 
  1870.0   427.5202301811109 
  1871.0   427.4136990492239 
  1872.0   427.55689036554776 
  1873.0   427.6140380883396 
  1874.0   427.9322378262064 
  1875.0   428.25508193040736 
  1876.0   428.0241930906579 
  1877.0   428.186194111546 
  1878.0   428.39582399325775 
  1879.0   428.731382863704 
  1880.0   428.4978771519879 
  1881.0   428.7059817809125 
  1882.0   428.5697318869409 
  1883.0   428.62972631531534 
  1884.0   429.2072106774473 
  1885.0   429.67979614633526 
  1886.0   429.52598789425184 
  1887.0   429.47222463350477 
  1888.0   430.13023944599405 
  1889.0   430.50949125244716 
  1890.0   430.4527530243806 
  1891.0   430.2431210072088 
  1892.0   430.41950914640006 
  1893.0   430.7765941596826 
  1894.0   430.8733029196946 
  1895.0   430.27743867558206 
  1896.0   430.62192782205864 
  1897.0   431.14468565241026 
  1898.0   431.3972869992456 
  1899.0   431.81448059697584 
  1900.0   431.6413403991881 
  1901.0   431.81301112601625 
  1902.0   431.65920094399127 
  1903.0   431.68586492054925 
  1904.0   432.09405597693825 
  1905.0   432.6467525083653 
  1906.0   432.49330460815145 
  1907.0   432.679686130208 
  1908.0   433.31762551772437 
  1909.0   433.7270755347431 
  1910.0   432.9527360577095 
  1911.0   432.5551454888265 
  1912.0   432.7326612061919 
  1913.0   433.32984245330977 
  1914.0   433.2523166305756 
  1915.0   432.9435293376208 
  1916.0   433.3577615099185 
  1917.0   433.2805760355255 
  1918.0   432.9111860349351 
  1919.0   432.97491676561253 
  1920.0   432.98201040365984 
  1921.0   433.0979252272907 
  1922.0   432.444271348124 
  1923.0   432.5083885680114 
  1924.0   432.7157765018814 
  1925.0   432.7761845257418 
  1926.0   433.25248449357525 
  1927.0   433.08765832927946 
  1928.0   432.75906350870974 
  1929.0   433.04398432700464 
  1930.0   433.059157640621 
  1931.0   433.00328912368883 
  1932.0   433.1683733676706 
  1933.0   432.8310605859081 
  1934.0   432.9625832144154 
  1935.0   433.20271710213274 
  1936.0   433.2866875303897 
  1937.0   433.15490889857824 
  1938.0   433.419159290861 
  1939.0   433.8210353600926 
  1940.0   434.11981855495685 
  1941.0   434.47562264326893 
  1942.0   433.9748400437888 
  1943.0   434.5727412603339 
  1944.0   435.4090288803945 
  1945.0   435.2935998430697 
  1946.0   435.1155295025387 
  1947.0   435.369814678152 
  1948.0   435.6319258250916 
  1949.0   435.4312735572816 
  1950.0   435.6061989975583 
  1951.0   435.536219460831 
  1952.0   435.5229085063589 
  1953.0   435.48697889444213 
  1954.0   435.38010424419184 
  1955.0   435.7543181369254 
  1956.0   436.2489893496791 
  1957.0   435.6162342010267 
  1958.0   436.0484326051241 
  1959.0   436.3556585527037 
  1960.0   436.63570395954514 
  1961.0   436.33124532688595 
  1962.0   436.64019261528625 
  1963.0   436.4579717094683 
  1964.0   436.61532243611197 
  1965.0   436.05693486188176 
  1966.0   435.89884249862126 
  1967.0   436.57594799790525 
  1968.0   436.20982263766945 
  1969.0   436.4809374222595 
  1970.0   436.5690459717347 
  1971.0   436.15429809646776 
  1972.0   436.0390178590551 
  1973.0   436.44793090412793 
  1974.0   436.850877740415 
  1975.0   437.2490167636295 
  1976.0   437.3362563834484 
  1977.0   437.320963253817 
  1978.0   437.9456442747641 
  1979.0   438.01200033451755 
  1980.0   438.3218807328105 
  1981.0   438.2964745387624 
  1982.0   438.5671270777866 
  1983.0   438.75577018367045 
  1984.0   439.0366252387935 
  1985.0   439.27576298969336 
  1986.0   439.6688829313696 
  1987.0   439.91857144441593 
  1988.0   440.25468991000224 
  1989.0   440.64903949677097 
  1990.0   441.3111068857394 
  1991.0   441.1604469868097 
  1992.0   441.62465437755066 
  1993.0   442.19575835802885 
  1994.0   442.76307218040824 
  1995.0   443.01941563969956 
  1996.0   443.4800621734098 
  1997.0   444.0072991794336 
  1998.0   444.4754038635253 
  1999.0   444.728080322883 
  2000.0   445.17620733110437 
  2001.0   445.67865793391695 
  2002.0   446.36948478619877 
  2003.0   446.3963661675521 
  2004.0   446.6852376478079 
  2005.0   447.35046963955295 
  2006.0   448.2244205835891 
  2007.0   448.40571832435876 
  2008.0   448.6390568383144 
  2009.0   448.71927027395424 
  2010.0   449.0281555983208 
  2011.0   449.430627553209 
  2012.0   449.56723931206 
  2013.0   449.55075747160106 
  2014.0   450.443897966017 
