  1850.0   -0.7357816278111126 
  1851.0   1.1344012464057422 
  1852.0   0.5318427913653638 
  1853.0   -1.876317648366618 
  1854.0   -0.08539783163854323 
  1855.0   1.9666430791314786 
  1856.0   -0.6052286617714528 
  1857.0   -0.385762209203326 
  1858.0   0.4731974281705145 
  1859.0   -1.0825969287979262 
  1860.0   1.3266429463975025 
  1861.0   0.4835709243549538 
  1862.0   -0.1368524950964953 
  1863.0   0.812292741091489 
  1864.0   -1.6636468147928083 
  1865.0   -0.9708525652818157 
  1866.0   -0.9542019876487743 
  1867.0   -1.2533455198019356 
  1868.0   -0.45973966087505913 
  1869.0   1.4970758242919235 
  1870.0   -0.3079347483521279 
  1871.0   -0.14424690891774478 
  1872.0   -0.737676503569994 
  1873.0   -0.5260298784642713 
  1874.0   -0.31500123776438804 
  1875.0   -0.49311353044678147 
  1876.0   1.711888644992339 
  1877.0   0.8808805287887332 
  1878.0   0.44352099217660756 
  1879.0   -0.16489544050217503 
  1880.0   -0.43713063946101355 
  1881.0   0.2377697960988207 
  1882.0   1.2810680809012884 
  1883.0   -1.3727969451488709 
  1884.0   -0.6026183301065922 
  1885.0   0.6175865849362979 
  1886.0   0.9126541363840808 
  1887.0   0.35574469901177364 
  1888.0   0.1322420415048325 
  1889.0   0.8224770584958183 
  1890.0   -0.045591676523838415 
  1891.0   0.6291698543836356 
  1892.0   -0.5504077600848561 
  1893.0   -0.3600028430164782 
  1894.0   -0.3757412098618091 
  1895.0   -0.014708826514715794 
  1896.0   -0.7571786454040237 
  1897.0   0.36236737479856374 
  1898.0   0.3622266831240782 
  1899.0   -1.1061880282374208 
  1900.0   -1.9179899416123707 
  1901.0   -0.44785946683001804 
  1902.0   1.7064898864517124 
  1903.0   0.5683246598831558 
  1904.0   -0.7287459629422585 
  1905.0   -0.342863208582777 
  1906.0   0.1339959416546804 
  1907.0   1.0975785550108945 
  1908.0   0.1423117510881756 
  1909.0   -0.5534947030718832 
  1910.0   -0.24549465663285586 
  1911.0   -0.7054268058525255 
  1912.0   -0.38258572122282025 
  1913.0   0.8739809844993529 
  1914.0   0.884360568878967 
  1915.0   -0.5665120915585214 
  1916.0   -0.17204823044353712 
  1917.0   0.3791484165458794 
  1918.0   -1.1013630536566654 
  1919.0   -1.2541134286349522 
  1920.0   0.039290557751449864 
  1921.0   -0.41364813344405715 
  1922.0   -0.3365102887369666 
  1923.0   -0.7730841103854968 
  1924.0   0.8388455979618326 
  1925.0   0.4625279490181442 
  1926.0   0.39911307183972405 
  1927.0   -1.1921018348963697 
  1928.0   -1.8784139544303458 
  1929.0   0.4707965470800415 
  1930.0   -0.9756435162896381 
  1931.0   -2.005797544819433 
  1932.0   -3.360035919950976 
  1933.0   -0.02270683786170632 
  1934.0   0.6470080125344975 
  1935.0   1.1249178333916596 
  1936.0   -0.09895615997297864 
  1937.0   -0.5656163253721835 
  1938.0   0.6109885019218106 
  1939.0   -1.1926574554397131 
  1940.0   -0.3086634589743415 
  1941.0   0.3538442932634927 
  1942.0   0.598686397762222 
  1943.0   -1.7602240375334008 
  1944.0   -0.6889816827275818 
  1945.0   0.7552101070365154 
  1946.0   0.41802028165693594 
  1947.0   -0.26046490765338226 
  1948.0   0.35644964883072194 
  1949.0   0.7127103497434584 
  1950.0   -0.5754160996869091 
  1951.0   1.1629075533450417 
  1952.0   -0.15731368598121895 
  1953.0   -1.8977318154433576 
  1954.0   0.5733476029693181 
  1955.0   -0.07499846917862099 
  1956.0   1.1538733093578282 
  1957.0   -0.4215006620793832 
  1958.0   -0.3875287536002647 
  1959.0   -0.18837646777340314 
  1960.0   -0.2758476563091292 
  1961.0   0.4735971504011522 
  1962.0   -0.7819415387930548 
  1963.0   -0.7840578080357367 
  1964.0   0.864232122584718 
  1965.0   0.9644450748612544 
  1966.0   -0.8077863404156885 
  1967.0   -1.3277211530911153 
  1968.0   0.4324421812331158 
  1969.0   -0.16210463770525024 
  1970.0   -0.18841173879843984 
  1971.0   0.18442767628537013 
  1972.0   -0.9091216699519632 
  1973.0   0.386226161433366 
  1974.0   0.2225761559637021 
  1975.0   0.46008293174451076 
  1976.0   -0.18542078466485032 
  1977.0   -1.0962070068400203 
  1978.0   -0.5367147431765796 
  1979.0   0.8078240158400194 
  1980.0   0.4703083546664146 
  1981.0   -1.507350314148799 
  1982.0   -0.7270387550361829 
  1983.0   0.5577864333011746 
  1984.0   -0.12171972241934204 
  1985.0   0.5147800688958437 
  1986.0   0.1898415107401264 
  1987.0   -0.45853236889016186 
  1988.0   0.7627265501212115 
  1989.0   0.662371325565235 
  1990.0   0.046440275546371645 
  1991.0   0.030974398130258877 
  1992.0   1.2543101879031837 
  1993.0   0.12917682478218204 
  1994.0   -2.3038084072103167 
  1995.0   -0.43866624610432997 
  1996.0   1.1698224832235538 
  1997.0   0.8678879963902607 
  1998.0   -0.8859571129346624 
  1999.0   -0.11011631980385737 
  2000.0   -0.7710257373359897 
  2001.0   -0.43035202776234577 
  2002.0   0.7170697708195674 
  2003.0   0.3230585095137868 
  2004.0   -0.7990834881070508 
  2005.0   0.6765857682564136 
  2006.0   0.8786441867877877 
  2007.0   1.2213823620553501 
  2008.0   -0.6694238957134744 
  2009.0   -0.865650627725197 
  2010.0   -1.0318207323664406 
  2011.0   0.6992624917644783 
  2012.0   -2.452933754701389 
  2013.0   -0.15369500652865398 
  2014.0   0.834117957739402 
