  1850.0   126.06038273878768 
  1851.0   125.99671494932024 
  1852.0   125.90649499440009 
  1853.0   125.66201866963138 
  1854.0   125.64618748495374 
  1855.0   125.84757824309858 
  1856.0   125.98421826319095 
  1857.0   125.95225545779178 
  1858.0   126.15217182907868 
  1859.0   126.08841631334364 
  1860.0   125.74348777161337 
  1861.0   125.52389329999978 
  1862.0   125.62737906667267 
  1863.0   125.9199927339685 
  1864.0   126.04071705352393 
  1865.0   125.73144332676681 
  1866.0   125.53481256758545 
  1867.0   125.27537270179981 
  1868.0   125.27259428492225 
  1869.0   125.14899832374256 
  1870.0   125.37043726669106 
  1871.0   125.38693828545016 
  1872.0   125.36987523117281 
  1873.0   125.24847454622116 
  1874.0   125.04162208756142 
  1875.0   125.49746896156199 
  1876.0   125.91777252705336 
  1877.0   125.87441284475818 
  1878.0   125.5509077285406 
  1879.0   125.84741381681322 
  1880.0   126.19395759059 
  1881.0   126.0566326380819 
  1882.0   126.12812211788169 
  1883.0   126.03299290092978 
  1884.0   126.19952852739652 
  1885.0   126.30017124632856 
  1886.0   126.50826274953104 
  1887.0   126.3916287304563 
  1888.0   126.57535035666375 
  1889.0   126.40316893079309 
  1890.0   126.57473117601458 
  1891.0   126.66999872311449 
  1892.0   126.65878863465335 
  1893.0   126.71601214720293 
  1894.0   126.81460407220557 
  1895.0   126.54370259800007 
  1896.0   126.50677866550885 
  1897.0   126.99922292471256 
  1898.0   126.85545444903957 
  1899.0   126.63995725284687 
  1900.0   126.53957959969901 
  1901.0   126.7664102567142 
  1902.0   127.10224855794777 
  1903.0   127.14099377044948 
  1904.0   126.61424590039915 
  1905.0   126.87999827496886 
  1906.0   127.02851208336472 
  1907.0   127.29425681732566 
  1908.0   126.97234607629456 
  1909.0   126.91524823624468 
  1910.0   127.4009208137066 
  1911.0   127.69310104529423 
  1912.0   127.5831838344991 
  1913.0   127.6108295216961 
  1914.0   127.73467986532552 
  1915.0   127.86347961438986 
  1916.0   127.55194145089777 
  1917.0   127.52230363446628 
  1918.0   127.91195638933443 
  1919.0   127.88309073300546 
  1920.0   127.95214813746077 
  1921.0   127.82717484062225 
  1922.0   127.6486580823244 
  1923.0   127.86694305603385 
  1924.0   128.14252194232506 
  1925.0   128.08124455722222 
  1926.0   127.75445588386901 
  1927.0   127.8890702303929 
  1928.0   127.80231238403915 
  1929.0   127.30554864164117 
  1930.0   127.46354516162585 
  1931.0   127.88437622110075 
  1932.0   128.20021566656519 
  1933.0   127.61977690360028 
  1934.0   127.08982113452116 
  1935.0   127.29185762365852 
  1936.0   127.26306318089402 
  1937.0   127.39533104559054 
  1938.0   127.31360971749939 
  1939.0   127.35537826286034 
  1940.0   127.4639937962729 
  1941.0   127.64156546754386 
  1942.0   127.89121335606988 
  1943.0   127.65109919959305 
  1944.0   127.63343188782802 
  1945.0   127.78816798884495 
  1946.0   127.86059216583165 
  1947.0   127.99308698498065 
  1948.0   128.12534627535462 
  1949.0   127.79296537198356 
  1950.0   127.39512027267803 
  1951.0   127.57980038160859 
  1952.0   127.25603186284063 
  1953.0   126.94846732848299 
  1954.0   127.07797660575498 
  1955.0   127.30255415747366 
  1956.0   127.06823828958659 
  1957.0   126.77675029384491 
  1958.0   126.33328833217499 
  1959.0   126.38710270240396 
  1960.0   126.46544441109012 
  1961.0   126.44671270937395 
  1962.0   126.08850517971774 
  1963.0   125.84993863504445 
  1964.0   126.06126859074404 
  1965.0   126.07617194166197 
  1966.0   126.07953670224789 
  1967.0   125.79417043482894 
  1968.0   125.66849746160828 
  1969.0   125.34786340441806 
  1970.0   125.5561979663769 
  1971.0   125.87062267723755 
  1972.0   125.97352407094404 
  1973.0   125.73735042062984 
  1974.0   125.71669827214662 
  1975.0   126.13843644104962 
  1976.0   126.38442868136362 
  1977.0   126.49559375460862 
  1978.0   126.52595305649328 
  1979.0   126.5374432427009 
  1980.0   126.17564543095098 
  1981.0   126.30049212648173 
  1982.0   126.49336279408749 
  1983.0   126.74418151519752 
  1984.0   126.94927101860246 
  1985.0   126.861379679385 
  1986.0   127.01169666289032 
  1987.0   127.1282743222445 
  1988.0   127.07971960629148 
  1989.0   126.57704022818915 
  1990.0   126.85856904753405 
  1991.0   127.26733069467011 
  1992.0   127.70443806352584 
  1993.0   127.81922429162806 
  1994.0   127.54387252528687 
  1995.0   127.86890787400918 
  1996.0   128.08185256330623 
  1997.0   127.96414159610735 
  1998.0   128.1138258259594 
  1999.0   128.34409296645254 
  2000.0   128.31149096083476 
  2001.0   128.60037808775468 
  2002.0   129.2606930192762 
  2003.0   129.50513194723018 
  2004.0   129.70639906802703 
  2005.0   130.35713670702592 
  2006.0   130.4333998423723 
  2007.0   130.81668023493162 
  2008.0   131.18344833060823 
  2009.0   131.8072464326531 
  2010.0   131.12752342497453 
  2011.0   131.25074787217827 
  2012.0   131.4309604402845 
  2013.0   131.018570245464 
  2014.0   130.86266657435897 
