  1850.0   27.1785257150749 
  1851.0   27.423177818871952 
  1852.0   27.24974513833101 
  1853.0   26.05599548630291 
  1854.0   27.32943477688017 
  1855.0   27.344210312411434 
  1856.0   28.091501945318214 
  1857.0   27.805726567699168 
  1858.0   28.360283709232398 
  1859.0   27.694201079443864 
  1860.0   27.30984242212035 
  1861.0   27.710007350610752 
  1862.0   28.664497920175418 
  1863.0   29.149632633305735 
  1864.0   28.291138946341377 
  1865.0   28.65218963918358 
  1866.0   27.26132260876212 
  1867.0   27.82145673103184 
  1868.0   28.679390505753066 
  1869.0   29.033969203920872 
  1870.0   28.474494590088412 
  1871.0   27.95410754390829 
  1872.0   28.875678159553445 
  1873.0   28.450094961555966 
  1874.0   28.28964789300141 
  1875.0   27.80240172930818 
  1876.0   27.328219237913384 
  1877.0   28.282659473908417 
  1878.0   28.411453526500253 
  1879.0   28.814061848414813 
  1880.0   28.04005745870533 
  1881.0   27.80465188848614 
  1882.0   29.376767517568922 
  1883.0   27.994376329071653 
  1884.0   27.687448032021745 
  1885.0   28.783016939101003 
  1886.0   29.31521031192347 
  1887.0   28.709863843640704 
  1888.0   26.781731877725573 
  1889.0   29.004276585801275 
  1890.0   28.280237540669653 
  1891.0   28.33942711514342 
  1892.0   28.994916579133275 
  1893.0   28.896342845207435 
  1894.0   28.470545971061476 
  1895.0   29.057917472751058 
  1896.0   29.486497627876822 
  1897.0   29.09067847988291 
  1898.0   29.471209274604604 
  1899.0   28.669416818998467 
  1900.0   28.76839778449202 
  1901.0   28.935576997762638 
  1902.0   29.690369067484053 
  1903.0   28.38978517153974 
  1904.0   28.936240570500054 
  1905.0   28.928325430026923 
  1906.0   28.571523348253027 
  1907.0   29.546323237609055 
  1908.0   29.0790756887643 
  1909.0   29.51445927474549 
  1910.0   28.135190007270257 
  1911.0   28.89159319555143 
  1912.0   26.91441971650497 
  1913.0   28.153547648099416 
  1914.0   29.157901111345687 
  1915.0   29.70283085394774 
  1916.0   28.2613227951115 
  1917.0   28.79392392820406 
  1918.0   28.875166365940526 
  1919.0   28.966667036091284 
  1920.0   29.715327805725522 
  1921.0   29.14769343857669 
  1922.0   28.953151022409205 
  1923.0   29.192923965709916 
  1924.0   26.998406125748375 
  1925.0   28.843666574325972 
  1926.0   29.13665211408939 
  1927.0   30.018718331809477 
  1928.0   29.200070991468824 
  1929.0   29.555785106816465 
  1930.0   29.541220197606147 
  1931.0   29.330747638103787 
  1932.0   30.04160122954027 
  1933.0   29.415380759635156 
  1934.0   29.72590633903353 
  1935.0   28.983021137905236 
  1936.0   29.62356193900178 
  1937.0   29.81373604807299 
  1938.0   29.45201187446879 
  1939.0   29.04817587538129 
  1940.0   28.32885282750838 
  1941.0   29.277337543094827 
  1942.0   29.767196336932017 
  1943.0   29.351378889080276 
  1944.0   28.206011131720548 
  1945.0   29.18560859594861 
  1946.0   28.2783615523261 
  1947.0   29.11905518611541 
  1948.0   28.43573992635958 
  1949.0   28.121184764389195 
  1950.0   28.859959498200794 
  1951.0   28.724912479821885 
  1952.0   28.411242494697802 
  1953.0   29.25480413456591 
  1954.0   29.072871319990426 
  1955.0   29.080695653313295 
  1956.0   28.690976532638516 
  1957.0   29.000106393318365 
  1958.0   29.5400238215484 
  1959.0   29.442625902389334 
  1960.0   29.104792127989146 
  1961.0   28.24929508538376 
  1962.0   29.893222556616614 
  1963.0   30.503405539143717 
  1964.0   29.12805633770714 
  1965.0   28.49116805994017 
  1966.0   28.925044307924214 
  1967.0   29.882748317269154 
  1968.0   29.436553188514196 
  1969.0   29.995479504483452 
  1970.0   30.031569915997135 
  1971.0   29.892293081097286 
  1972.0   29.24275233281254 
  1973.0   28.520792902203556 
  1974.0   29.02245499720131 
  1975.0   29.90711945498489 
  1976.0   30.298714336244334 
  1977.0   29.716420943162653 
  1978.0   30.5584641841418 
  1979.0   31.64196958096503 
  1980.0   31.337760849186687 
  1981.0   30.7827356824484 
  1982.0   30.048357965609632 
  1983.0   29.94667256366097 
  1984.0   30.639159604275044 
  1985.0   31.611964709496267 
  1986.0   31.042378245326276 
  1987.0   30.9442033584419 
  1988.0   30.801008727244714 
  1989.0   31.124379718411685 
  1990.0   31.340793558429453 
  1991.0   30.693610959127817 
  1992.0   30.180621816277473 
  1993.0   31.113443897629622 
  1994.0   31.366842203824053 
  1995.0   31.1694652623688 
  1996.0   29.323246651323473 
  1997.0   31.16209184382594 
  1998.0   31.132191830531344 
  1999.0   31.702185751644897 
  2000.0   32.02044434334319 
  2001.0   31.576032704168746 
  2002.0   31.601521068311424 
  2003.0   31.320900448787533 
  2004.0   31.57690168509701 
  2005.0   32.210189406944224 
  2006.0   32.98707031257317 
  2007.0   31.331726672428363 
  2008.0   31.48571654819246 
  2009.0   32.56438582177186 
  2010.0   29.85210622080962 
  2011.0   31.908425246707417 
  2012.0   33.08975894371606 
  2013.0   32.43014201657039 
  2014.0   32.00733807475142 
