  1850.0   295.77779147297264 
  1851.0   295.4455197450868 
  1852.0   295.4768871042568 
  1853.0   295.52500060522334 
  1854.0   295.9203685804566 
  1855.0   295.6818368302334 
  1856.0   295.9180935365845 
  1857.0   295.6349169398436 
  1858.0   295.1683829711916 
  1859.0   295.2850516357208 
  1860.0   295.55740802783964 
  1861.0   295.57042592305015 
  1862.0   295.352026338321 
  1863.0   296.2477312182138 
  1864.0   296.14020367133907 
  1865.0   295.5662567444909 
  1866.0   295.7803283996899 
  1867.0   295.7970465637345 
  1868.0   296.1356531739936 
  1869.0   295.50165761234484 
  1870.0   295.35038472988396 
  1871.0   295.8100239720532 
  1872.0   295.64475684989026 
  1873.0   295.8153957206892 
  1874.0   295.8858806362861 
  1875.0   295.66791166948406 
  1876.0   295.45324568912116 
  1877.0   295.52477753400717 
  1878.0   295.4758054498086 
  1879.0   295.8206631952849 
  1880.0   295.81711873045697 
  1881.0   295.5518677288331 
  1882.0   296.11481788500083 
  1883.0   295.9871256828638 
  1884.0   295.30734035413974 
  1885.0   295.23531281875455 
  1886.0   295.6703762808764 
  1887.0   295.76428686570694 
  1888.0   295.91094324986005 
  1889.0   296.53621901941136 
  1890.0   296.24855311488943 
  1891.0   295.5299677904493 
  1892.0   295.5596450682967 
  1893.0   295.7879956599517 
  1894.0   295.530125360007 
  1895.0   295.7837511895769 
  1896.0   295.8314347720216 
  1897.0   295.9286066773511 
  1898.0   295.8747974635151 
  1899.0   296.0725125043806 
  1900.0   296.17393350419303 
  1901.0   295.93360508060374 
  1902.0   295.6090219748028 
  1903.0   295.71983418135767 
  1904.0   295.46879407264055 
  1905.0   295.5598945306558 
  1906.0   295.8693377756454 
  1907.0   295.7372421876585 
  1908.0   295.8679837495659 
  1909.0   295.58109108218014 
  1910.0   295.5998855306761 
  1911.0   296.36202680769065 
  1912.0   296.1182445510475 
  1913.0   295.76161995063273 
  1914.0   295.8693574608206 
  1915.0   295.9116052239704 
  1916.0   296.00295750941405 
  1917.0   296.1858943989638 
  1918.0   295.648769673788 
  1919.0   295.5846519669617 
  1920.0   295.8253453853035 
  1921.0   296.07659887409096 
  1922.0   295.39048356032254 
  1923.0   295.9625148498272 
  1924.0   295.8242864546997 
  1925.0   296.2385901350971 
  1926.0   296.28101401919224 
  1927.0   296.0330519805947 
  1928.0   295.73400849275777 
  1929.0   295.63692381112855 
  1930.0   295.91923583618404 
  1931.0   296.0383456800233 
  1932.0   295.76177785601396 
  1933.0   295.8171616375064 
  1934.0   295.7134455721055 
  1935.0   295.9190394792115 
  1936.0   295.7846160702862 
  1937.0   296.0179328225191 
  1938.0   295.89537875944035 
  1939.0   295.97492311878995 
  1940.0   295.69461932565264 
  1941.0   295.8650698202232 
  1942.0   296.004640835839 
  1943.0   295.58770224349195 
  1944.0   295.91496568117 
  1945.0   296.20059536427533 
  1946.0   295.68473239863175 
  1947.0   295.4596135777206 
  1948.0   296.22535232794996 
  1949.0   295.9176744062922 
  1950.0   295.6632058201566 
  1951.0   296.0738154775825 
  1952.0   295.9828390518354 
  1953.0   295.5711538390063 
  1954.0   296.31739907468886 
  1955.0   296.2329202074898 
  1956.0   295.6289464280235 
  1957.0   295.6081042194622 
  1958.0   295.7320312449738 
  1959.0   295.7843654404832 
  1960.0   295.37424155489526 
  1961.0   295.8663634163005 
  1962.0   296.25901919793137 
  1963.0   296.07384158791643 
  1964.0   295.43700335433414 
  1965.0   295.8624350553619 
  1966.0   295.91347010140333 
  1967.0   295.3045952652764 
  1968.0   295.435241283173 
  1969.0   296.37592688518464 
  1970.0   295.9312234835114 
  1971.0   295.6079903450042 
  1972.0   295.711293733769 
  1973.0   296.52173545788565 
  1974.0   295.80350806172385 
  1975.0   295.43757150618876 
  1976.0   295.4152139676453 
  1977.0   296.17864370749476 
  1978.0   295.44233855632444 
  1979.0   295.83728625048974 
  1980.0   296.2019020178506 
  1981.0   296.0554635473476 
  1982.0   295.48387038301763 
  1983.0   296.0650549770434 
  1984.0   296.3710735031023 
  1985.0   295.50309637907316 
  1986.0   295.72672908773234 
  1987.0   295.95343733097064 
  1988.0   296.0565168882292 
  1989.0   296.3608207662606 
  1990.0   296.1778539487567 
  1991.0   295.8078896521907 
  1992.0   295.75707880437017 
  1993.0   296.1686349678063 
  1994.0   295.80653339589327 
  1995.0   296.4120738331933 
  1996.0   296.4017906705678 
  1997.0   296.25330223201416 
  1998.0   296.55107882953877 
  1999.0   296.76047542250694 
  2000.0   296.2077419576727 
  2001.0   297.0818687065216 
  2002.0   297.03519015468635 
  2003.0   296.75415894981097 
  2004.0   296.68429308514567 
  2005.0   297.39377387361276 
  2006.0   296.67878540136013 
  2007.0   296.29647596477025 
  2008.0   296.7170418499583 
  2009.0   296.93260026689893 
  2010.0   296.8159539027837 
  2011.0   296.69427815777783 
  2012.0   296.62195147203795 
  2013.0   297.059761516976 
  2014.0   297.20275658919337 
