  1850.0   0.6695162661704978 
  1851.0   0.6696070340488518 
  1852.0   0.6769084111212749 
  1853.0   0.6752597191795489 
  1854.0   0.6770999786236485 
  1855.0   0.680212159695419 
  1856.0   0.6856684784242202 
  1857.0   0.6861335638319275 
  1858.0   0.6886917566829901 
  1859.0   0.688529092761632 
  1860.0   0.6867497403028253 
  1861.0   0.6848700920121652 
  1862.0   0.70085358721951 
  1863.0   0.7114600862354912 
  1864.0   0.7146904522525251 
  1865.0   0.7041887856720683 
  1866.0   0.7005890737619646 
  1867.0   0.7055819418722235 
  1868.0   0.7141468382453783 
  1869.0   0.7204583758547465 
  1870.0   0.7212920274851349 
  1871.0   0.7186477077197603 
  1872.0   0.7254180967347178 
  1873.0   0.7334253684528735 
  1874.0   0.7367570552004258 
  1875.0   0.7422474037914951 
  1876.0   0.7389520281301826 
  1877.0   0.7460922124447095 
  1878.0   0.7455122334195223 
  1879.0   0.7488992697763314 
  1880.0   0.7575462086141063 
  1881.0   0.7673384676783856 
  1882.0   0.7743275013981104 
  1883.0   0.7787155129365229 
  1884.0   0.7817563240734032 
  1885.0   0.7937951535026325 
  1886.0   0.7886259081114072 
  1887.0   0.7859114636629249 
  1888.0   0.7961741337750894 
  1889.0   0.7972615317461944 
  1890.0   0.7922723714244043 
  1891.0   0.7965550733653397 
  1892.0   0.8027692543692787 
  1893.0   0.8078811602266154 
  1894.0   0.8206737056726802 
  1895.0   0.8240409239857059 
  1896.0   0.8181233431971572 
  1897.0   0.8250881338562795 
  1898.0   0.8239572339759588 
  1899.0   0.8417537960256728 
  1900.0   0.8434613648390387 
  1901.0   0.8358595162320887 
  1902.0   0.8371419067153193 
  1903.0   0.8464797677176091 
  1904.0   0.8653399497480949 
  1905.0   0.8722106272293999 
  1906.0   0.8795057949477803 
  1907.0   0.8785566584792184 
  1908.0   0.8893311087597432 
  1909.0   0.895575926142567 
  1910.0   0.8920177703560501 
  1911.0   0.8824089197885978 
  1912.0   0.8808032833497375 
  1913.0   0.8799262483318828 
  1914.0   0.8887701360015045 
  1915.0   0.8988623356628964 
  1916.0   0.8909495910677776 
  1917.0   0.8873716275484674 
  1918.0   0.8872522435885191 
  1919.0   0.8878442333579597 
  1920.0   0.8870285676513486 
  1921.0   0.9004734482062886 
  1922.0   0.8904892037964495 
  1923.0   0.8942546034813188 
  1924.0   0.897937244025633 
  1925.0   0.8920808773967643 
  1926.0   0.8890191798962592 
  1927.0   0.8869518004609599 
  1928.0   0.8888014988612276 
  1929.0   0.8946481992863288 
  1930.0   0.9052854951033639 
  1931.0   0.9154686985057432 
  1932.0   0.9111735709721177 
  1933.0   0.9173657466678203 
  1934.0   0.9257225469875845 
  1935.0   0.9299193975797471 
  1936.0   0.9330997234348217 
  1937.0   0.9378523976131273 
  1938.0   0.9306509369154796 
  1939.0   0.9370200018529452 
  1940.0   0.9331143326415828 
  1941.0   0.9349894051441225 
  1942.0   0.9426035881095272 
  1943.0   0.9591276880687342 
  1944.0   0.9582860679234513 
  1945.0   0.9619370817740199 
  1946.0   0.9612166298803312 
  1947.0   0.9697284129406777 
  1948.0   0.96882434487066 
  1949.0   0.9758636828985269 
  1950.0   0.9704921550578596 
  1951.0   0.9767158556131634 
  1952.0   0.9845633504675786 
  1953.0   0.9873289423498001 
  1954.0   0.9874829179650518 
  1955.0   0.9899858035969128 
  1956.0   1.003298621176161 
  1957.0   1.005152382893181 
  1958.0   0.9971020968949121 
  1959.0   0.994326872776146 
  1960.0   0.9987984799096962 
  1961.0   0.9995294915727824 
  1962.0   1.0054694832970077 
  1963.0   1.0053440648607321 
  1964.0   0.9964507243694058 
  1965.0   0.9845871919766043 
  1966.0   0.9925175175961783 
  1967.0   0.9990764667036021 
  1968.0   1.0123524316095645 
  1969.0   1.0086396651526972 
  1970.0   1.005062252474825 
  1971.0   1.0118019919299461 
  1972.0   1.018502207811881 
  1973.0   1.034840721922004 
  1974.0   1.0406037567494926 
  1975.0   1.040544582705394 
  1976.0   1.0326261030546862 
  1977.0   1.0355036032676117 
  1978.0   1.0431257313779756 
  1979.0   1.0403488852889298 
  1980.0   1.0399829617413388 
  1981.0   1.059886372654819 
  1982.0   1.0742506320515208 
  1983.0   1.073854033850975 
  1984.0   1.0721995360409953 
  1985.0   1.0698508562265796 
  1986.0   1.064815590987876 
  1987.0   1.0608595614097196 
  1988.0   1.0782939230270863 
  1989.0   1.088958351724212 
  1990.0   1.0940744731306584 
  1991.0   1.1040236556307903 
  1992.0   1.1009306644140155 
  1993.0   1.091201843363322 
  1994.0   1.1091003368445576 
  1995.0   1.1045526728588924 
  1996.0   1.1043511609878969 
  1997.0   1.1023826433319615 
  1998.0   1.1142789475931858 
  1999.0   1.1231659951532664 
  2000.0   1.1318837581157666 
  2001.0   1.1316467982198557 
  2002.0   1.1264805588611257 
  2003.0   1.1286243975865768 
  2004.0   1.1452542278781817 
  2005.0   1.1568495298353503 
  2006.0   1.164919346907721 
  2007.0   1.1700673784747226 
  2008.0   1.1742607425436364 
  2009.0   1.1879672155238479 
  2010.0   1.1947371056441225 
  2011.0   1.203397027269302 
  2012.0   1.2116382775314636 
  2013.0   1.2182052913535397 
  2014.0   1.224654138281094 
