  1850.0   2.94493470600686e-10 
  1851.0   3.0644826003129324e-10 
  1852.0   3.0399055360216614e-10 
  1853.0   2.924053408059333e-10 
  1854.0   2.921869495822699e-10 
  1855.0   2.8839917179066785e-10 
  1856.0   2.8910170867663136e-10 
  1857.0   2.8001448304786866e-10 
  1858.0   2.7484455552990217e-10 
  1859.0   2.7398888149075294e-10 
  1860.0   2.739919495110653e-10 
  1861.0   2.750238034788335e-10 
  1862.0   2.776288209026463e-10 
  1863.0   2.775306589710417e-10 
  1864.0   2.7691426221759893e-10 
  1865.0   2.764949339924079e-10 
  1866.0   2.7603528416266145e-10 
  1867.0   2.7403329189797626e-10 
  1868.0   2.7026608946236253e-10 
  1869.0   2.700282873734071e-10 
  1870.0   2.7022036096171086e-10 
  1871.0   2.7569189035973604e-10 
  1872.0   2.7538360247456477e-10 
  1873.0   2.74421083086677e-10 
  1874.0   2.74634717205812e-10 
  1875.0   2.747926582656158e-10 
  1876.0   2.736241773916371e-10 
  1877.0   2.7388035517925895e-10 
  1878.0   2.734646256101736e-10 
  1879.0   2.7406850765760136e-10 
  1880.0   2.7408054522998004e-10 
  1881.0   2.74962755175395e-10 
  1882.0   2.739264142439217e-10 
  1883.0   2.7508346795044e-10 
  1884.0   2.7644297119144823e-10 
  1885.0   2.780676001893978e-10 
  1886.0   2.6815880876155134e-10 
  1887.0   2.664794464470162e-10 
  1888.0   2.652695531397687e-10 
  1889.0   2.647424147396795e-10 
  1890.0   2.63896238843762e-10 
  1891.0   2.5920010365645974e-10 
  1892.0   2.596932041233002e-10 
  1893.0   2.595222325612961e-10 
  1894.0   2.593780532063516e-10 
  1895.0   2.5969870967522246e-10 
  1896.0   2.583248051931368e-10 
  1897.0   2.570511136842973e-10 
  1898.0   2.5637936386982443e-10 
  1899.0   2.558986766436018e-10 
  1900.0   2.547759008927357e-10 
  1901.0   2.538245617162762e-10 
  1902.0   2.5634355904182273e-10 
  1903.0   2.5602060993389084e-10 
  1904.0   2.548938627420995e-10 
  1905.0   2.5063856863334673e-10 
  1906.0   2.4832438093466203e-10 
  1907.0   2.468841470522306e-10 
  1908.0   2.450492154272043e-10 
  1909.0   2.4342698266719533e-10 
  1910.0   2.4148199705543414e-10 
  1911.0   2.42245604925302e-10 
  1912.0   2.4001293375630694e-10 
  1913.0   2.375422213994559e-10 
  1914.0   2.365817548449074e-10 
  1915.0   2.371321006955083e-10 
  1916.0   2.374491356543884e-10 
  1917.0   2.4990169984903216e-10 
  1918.0   2.552132310266743e-10 
  1919.0   2.570194829514037e-10 
  1920.0   2.537340285917878e-10 
  1921.0   2.457119205725172e-10 
  1922.0   2.3408887698812226e-10 
  1923.0   2.1649153098495155e-10 
  1924.0   2.1626033861402373e-10 
  1925.0   2.1338456648334878e-10 
  1926.0   2.0676527843193997e-10 
  1927.0   2.066939344967078e-10 
  1928.0   2.056864178511623e-10 
  1929.0   2.1064013618062306e-10 
  1930.0   2.171473456477858e-10 
  1931.0   2.1756213776961723e-10 
  1932.0   2.17013253508441e-10 
  1933.0   2.1680287226955763e-10 
  1934.0   2.1722238132784357e-10 
  1935.0   2.1743925676642845e-10 
  1936.0   2.175838714213403e-10 
  1937.0   2.1757753009318634e-10 
  1938.0   2.1725390787864555e-10 
  1939.0   2.1660125052976606e-10 
  1940.0   2.1615176792582905e-10 
  1941.0   2.1411269220913726e-10 
  1942.0   2.170876359517272e-10 
  1943.0   2.1950464801756692e-10 
  1944.0   2.21434187784725e-10 
  1945.0   2.2346983562617094e-10 
  1946.0   2.237292698469015e-10 
  1947.0   2.237487127465511e-10 
  1948.0   2.206296881684803e-10 
  1949.0   2.1825508327466596e-10 
  1950.0   2.3485298250009365e-10 
  1951.0   2.3050367572000387e-10 
  1952.0   2.3182400447097236e-10 
  1953.0   2.335940911717697e-10 
  1954.0   2.3460424489621586e-10 
  1955.0   2.3533936872395285e-10 
  1956.0   2.4285187148533555e-10 
  1957.0   2.435738840158082e-10 
  1958.0   2.4366228914377974e-10 
  1959.0   2.4382913312565216e-10 
  1960.0   2.434843076521172e-10 
  1961.0   2.4229855257387343e-10 
  1962.0   2.460125230126628e-10 
  1963.0   2.426128632020959e-10 
  1964.0   2.2711975421709147e-10 
  1965.0   2.2867281731183072e-10 
  1966.0   2.2578094403784418e-10 
  1967.0   2.2725340656135576e-10 
  1968.0   2.2657349872924482e-10 
  1969.0   2.159508945733443e-10 
  1970.0   2.2038255480122023e-10 
  1971.0   2.3047759433454998e-10 
  1972.0   2.3119194222075285e-10 
  1973.0   2.141164860385055e-10 
  1974.0   2.2609266108827606e-10 
  1975.0   2.3071043638238923e-10 
  1976.0   2.127966300470363e-10 
  1977.0   2.1524903570770298e-10 
  1978.0   2.1346845844908076e-10 
  1979.0   2.1615977499974025e-10 
  1980.0   2.2487539830591434e-10 
  1981.0   2.2793779170843024e-10 
  1982.0   2.2688905854168175e-10 
  1983.0   2.2418908858070415e-10 
  1984.0   2.25475552158193e-10 
  1985.0   2.3303234174075616e-10 
  1986.0   2.3280139842545986e-10 
  1987.0   2.354104044668853e-10 
  1988.0   2.3643082950007536e-10 
  1989.0   2.536562990656661e-10 
  1990.0   2.655334108135248e-10 
  1991.0   2.929443279680851e-10 
  1992.0   2.2604992629943479e-10 
  1993.0   2.2282523020198775e-10 
  1994.0   2.2181610932056724e-10 
  1995.0   2.3935723494993306e-10 
  1996.0   2.469506277846285e-10 
  1997.0   2.3365164574934814e-10 
  1998.0   2.463197781080813e-10 
  1999.0   2.4890184879265835e-10 
  2000.0   2.532976113348009e-10 
  2001.0   2.8647440234864555e-10 
  2002.0   2.543996780439233e-10 
  2003.0   2.617813971887647e-10 
  2004.0   2.7924290902899837e-10 
  2005.0   2.854236796866808e-10 
  2006.0   3.2524183732906206e-10 
  2007.0   2.970433708911594e-10 
  2008.0   3.4068215695938055e-10 
  2009.0   3.021060106547809e-10 
  2010.0   2.7923507158613275e-10 
  2011.0   3.0646816083940836e-10 
  2012.0   3.090591372664469e-10 
  2013.0   3.1541574814250583e-10 
  2014.0   3.1127470255132305e-10 
