  1850.0   0.09388971808296419 
  1851.0   -0.052808696360572685 
  1852.0   0.1523167538193277 
  1853.0   0.02783844175947045 
  1854.0   -0.2966907273784047 
  1855.0   -0.3965617332839796 
  1856.0   0.020291610659602673 
  1857.0   0.07005280880729982 
  1858.0   0.13605571699498367 
  1859.0   -0.004158406866204331 
  1860.0   -0.07208293351811207 
  1861.0   0.015287504997107636 
  1862.0   -0.06713406510767383 
  1863.0   -0.45520492482731517 
  1864.0   -0.15127644266955106 
  1865.0   -0.3972793537702739 
  1866.0   0.14731207265951718 
  1867.0   -0.00019649175973335175 
  1868.0   0.24516016099939233 
  1869.0   -0.03218293780642585 
  1870.0   -0.3314786340203048 
  1871.0   -0.2952658451148887 
  1872.0   -0.4023398158154867 
  1873.0   -0.021910122639312198 
  1874.0   -0.006099734173182749 
  1875.0   0.14620296623022427 
  1876.0   -0.23155537025269368 
  1877.0   0.09130340799709859 
  1878.0   0.07769449149548717 
  1879.0   0.026892490380631892 
  1880.0   -0.2176635242672611 
  1881.0   -0.054007094010947485 
  1882.0   -0.06518099101351728 
  1883.0   -0.1960701227549492 
  1884.0   0.1381589137774272 
  1885.0   0.15920124062417185 
  1886.0   -0.2363821921269134 
  1887.0   -0.29584127016708595 
  1888.0   -0.2949325034725495 
  1889.0   -0.047512899388198644 
  1890.0   -0.2115416480813869 
  1891.0   0.08780531437463786 
  1892.0   -0.13391431956667077 
  1893.0   -0.046414051007718865 
  1894.0   -0.4814933985166603 
  1895.0   0.06068699170836284 
  1896.0   0.17278407898424586 
  1897.0   -0.3568433539300783 
  1898.0   -0.12529820347605 
  1899.0   -0.23474652520655515 
  1900.0   0.03645632651244478 
  1901.0   0.004558810180240761 
  1902.0   -0.4749845016794185 
  1903.0   0.2052846734893764 
  1904.0   0.09768086598783646 
  1905.0   0.02053311115996852 
  1906.0   -0.0025772094175481744 
  1907.0   -0.5331649215723334 
  1908.0   -0.12447552673740163 
  1909.0   -0.06355343789978489 
  1910.0   -0.11668692791667593 
  1911.0   -0.066998047189906 
  1912.0   0.24989251228190565 
  1913.0   -0.17377752136716101 
  1914.0   -0.13609980469820143 
  1915.0   -0.20215136927644844 
  1916.0   -0.057370604533352965 
  1917.0   -0.06043086216955135 
  1918.0   -0.03357152754662959 
  1919.0   -0.23589624429438472 
  1920.0   -0.1509775677854197 
  1921.0   -0.12307897001253533 
  1922.0   0.21439718248092327 
  1923.0   0.051589439757807644 
  1924.0   0.037527470692304006 
  1925.0   -0.26647114819038387 
  1926.0   0.0010550161200537911 
  1927.0   -0.0978243856045807 
  1928.0   0.1893138702076919 
  1929.0   -0.04586987654035777 
  1930.0   -0.11224326523557096 
  1931.0   0.09410344251066396 
  1932.0   -0.09248886815576698 
  1933.0   -0.038008368388385505 
  1934.0   0.12399922440064944 
  1935.0   -0.07631692557813327 
  1936.0   -0.2543524780945485 
  1937.0   -0.13791849035638537 
  1938.0   -0.09458605994766754 
  1939.0   0.1300792948021961 
  1940.0   -0.1202692209468016 
  1941.0   0.16935198215148095 
  1942.0   0.005639998970250255 
  1943.0   0.09942784107272916 
  1944.0   -0.2773872490637704 
  1945.0   -0.2414725832111317 
  1946.0   -0.11933885749013397 
  1947.0   0.15168944094978692 
  1948.0   0.10296023904737842 
  1949.0   0.007605498932154602 
  1950.0   -0.09883246658162702 
  1951.0   -0.0026010566946463895 
  1952.0   0.07244068953863052 
  1953.0   0.12395722282127679 
  1954.0   -0.10421285848244494 
  1955.0   -0.3241186261253795 
  1956.0   0.09486549836590066 
  1957.0   0.10252084471125437 
  1958.0   0.05005041222939002 
  1959.0   -0.23227013633435875 
  1960.0   -0.11211340008078301 
  1961.0   -0.07414778940909354 
  1962.0   0.07370330456077898 
  1963.0   0.1704008516308578 
  1964.0   0.2287971177827417 
  1965.0   0.2274803072287081 
  1966.0   0.0004170035298284217 
  1967.0   0.17416822505570081 
  1968.0   0.03744858819824549 
  1969.0   0.21225335061009962 
  1970.0   -0.09523193645153062 
  1971.0   0.12665787660131445 
  1972.0   0.14007045700603563 
  1973.0   0.09310090295794543 
  1974.0   -0.05409007731128677 
  1975.0   0.15987323362216468 
  1976.0   -0.05242521099641722 
  1977.0   0.17204284530270825 
  1978.0   0.10138677912577126 
  1979.0   0.13672444286312288 
  1980.0   0.10706610746144578 
  1981.0   -0.0930654776918268 
  1982.0   0.29438389237659335 
  1983.0   0.15004205772908222 
  1984.0   0.3018276803337309 
  1985.0   0.32447556002784383 
  1986.0   0.22676497633432827 
  1987.0   -0.004264700431758753 
  1988.0   0.14826501740597148 
  1989.0   0.032842353633863786 
  1990.0   0.25316266578592217 
  1991.0   0.24543494446419598 
  1992.0   0.18038550075825288 
  1993.0   0.15036179431330737 
  1994.0   -0.3460963222126323 
  1995.0   0.34618640924183636 
  1996.0   0.311835173415988 
  1997.0   0.15088465946424962 
  1998.0   0.3385141002807534 
  1999.0   -0.06534578917401804 
  2000.0   0.2989000570663564 
  2001.0   0.14841940887860108 
  2002.0   0.25122720757788053 
  2003.0   0.27753830605329805 
  2004.0   0.4792737754603407 
  2005.0   0.2761403559621637 
  2006.0   -0.16773540949499988 
  2007.0   0.2720152575937807 
  2008.0   0.3329177950276786 
  2009.0   0.23512985930939417 
  2010.0   0.12644397150435963 
  2011.0   -0.10549765420752225 
  2012.0   0.3943338824940985 
  2013.0   -0.08082141297851891 
  2014.0   -0.057095943172193304 
