  1850.0   1.818025513258311 
  1851.0   1.7963816734461533 
  1852.0   1.9631365275274648 
  1853.0   1.8627014459207087 
  1854.0   1.9850868551935412 
  1855.0   1.7881118317605411 
  1856.0   1.892360764241149 
  1857.0   1.8077338121194055 
  1858.0   1.913609377659307 
  1859.0   1.8920736780311762 
  1860.0   1.8557605378790114 
  1861.0   1.954806746542106 
  1862.0   1.8103612487323857 
  1863.0   1.9206119625974762 
  1864.0   1.8482249046382262 
  1865.0   1.9408937342166408 
  1866.0   1.8020929807774733 
  1867.0   1.9001256213349473 
  1868.0   1.8525145887594598 
  1869.0   1.8498358862629956 
  1870.0   1.7683225757489662 
  1871.0   1.890095433583916 
  1872.0   1.923089427609704 
  1873.0   1.9525895351198976 
  1874.0   1.7205181900255175 
  1875.0   1.8292336791535495 
  1876.0   1.8091152360780864 
  1877.0   1.9340645517694477 
  1878.0   1.8329155116745754 
  1879.0   1.89254874179476 
  1880.0   1.8040185053703255 
  1881.0   1.8614469542148613 
  1882.0   1.9210190444121433 
  1883.0   1.8820677438137696 
  1884.0   1.8676562278076443 
  1885.0   1.7973809990107383 
  1886.0   1.9451078031660143 
  1887.0   1.797853822731797 
  1888.0   1.843440347512233 
  1889.0   1.8365473006229212 
  1890.0   1.7927622361053328 
  1891.0   1.698478326387156 
  1892.0   1.8385683006522913 
  1893.0   1.7403603125414033 
  1894.0   1.8662816744828001 
  1895.0   1.9152039556585136 
  1896.0   1.8609957913234363 
  1897.0   1.7938028706696258 
  1898.0   1.791925267391913 
  1899.0   1.9489432568602885 
  1900.0   1.951700112149153 
  1901.0   1.949051890583232 
  1902.0   1.9069715593534484 
  1903.0   1.812955617682068 
  1904.0   1.828297643685171 
  1905.0   1.8555229493667496 
  1906.0   1.8695089307337647 
  1907.0   1.8771140472379817 
  1908.0   1.8656576451093059 
  1909.0   1.9373581853975645 
  1910.0   1.8197415274908795 
  1911.0   1.7787746223034564 
  1912.0   1.8741806768853835 
  1913.0   1.9606215941006029 
  1914.0   1.7934316223910078 
  1915.0   1.8642479275760717 
  1916.0   2.002793684591402 
  1917.0   1.7657728885120256 
  1918.0   1.872514415951272 
  1919.0   1.9516892312783158 
  1920.0   1.868402446568853 
  1921.0   1.9890432749720448 
  1922.0   1.878351153810734 
  1923.0   1.7918305273449846 
  1924.0   1.7911065404805335 
  1925.0   1.8997476998757379 
  1926.0   1.850222881366942 
  1927.0   1.9889131384083634 
  1928.0   1.8189388393649386 
  1929.0   1.8454033340344025 
  1930.0   1.778834984154765 
  1931.0   1.8840380662084846 
  1932.0   1.6995709082283872 
  1933.0   1.8569708941262473 
  1934.0   2.0107228187819604 
  1935.0   1.774783978688117 
  1936.0   1.7493191083671584 
  1937.0   1.9526817703917316 
  1938.0   1.898247543806134 
  1939.0   1.6281269664992577 
  1940.0   1.7917954364272888 
  1941.0   1.9764369040612748 
  1942.0   1.7906752129627288 
  1943.0   1.8041672623438163 
  1944.0   1.8999606478027329 
  1945.0   1.919705694899968 
  1946.0   1.9111481362191902 
  1947.0   1.8350123602319737 
  1948.0   1.8417406993249485 
  1949.0   1.9699337241453068 
  1950.0   1.8817136299432833 
  1951.0   1.8864433013092874 
  1952.0   1.9235057715684927 
  1953.0   1.839180739274382 
  1954.0   1.9301121233368348 
  1955.0   1.882633915781487 
  1956.0   1.786856717904207 
  1957.0   1.974710328657717 
  1958.0   1.8548224319362556 
  1959.0   1.9274782006444187 
  1960.0   1.9895138733058182 
  1961.0   1.905288492523389 
  1962.0   1.8729582278168413 
  1963.0   1.8988942126985628 
  1964.0   1.8587039797633604 
  1965.0   1.7700409051166768 
  1966.0   2.000630971225045 
  1967.0   1.9446993383067028 
  1968.0   1.8422729624913472 
  1969.0   1.9366712650242397 
  1970.0   1.701054408763056 
  1971.0   2.000995515089649 
  1972.0   1.900920465455154 
  1973.0   1.8689521983370678 
  1974.0   1.93643189253725 
  1975.0   2.063606768013418 
  1976.0   1.8593276434521533 
  1977.0   1.9028305058240127 
  1978.0   2.030934369997206 
  1979.0   2.020832918063541 
  1980.0   1.9353057640103821 
  1981.0   1.944038863106631 
  1982.0   1.9876285208976543 
  1983.0   1.860607193906995 
  1984.0   1.999284554498367 
  1985.0   2.026426414976304 
  1986.0   2.0506803151498936 
  1987.0   2.012204503014566 
  1988.0   2.024769272449077 
  1989.0   2.100549427374705 
  1990.0   2.032335467396172 
  1991.0   2.0661421152191393 
  1992.0   2.0210302365261272 
  1993.0   1.8049918078500053 
  1994.0   1.9641115077115017 
  1995.0   1.9756401765644835 
  1996.0   2.0238689345900376 
  1997.0   1.9647943885343127 
  1998.0   1.9592490636083129 
  1999.0   2.047660887526457 
  2000.0   1.9619389670506475 
  2001.0   2.085101668299761 
  2002.0   1.966766595114847 
  2003.0   1.948447900231195 
  2004.0   2.0206456151498746 
  2005.0   1.9690960712250694 
  2006.0   2.149382749669634 
  2007.0   1.8436270252860385 
  2008.0   2.0024809045886514 
  2009.0   2.0669208120807694 
  2010.0   2.024615845252895 
  2011.0   2.0050653700758025 
  2012.0   1.984334670093566 
  2013.0   2.0547502722815016 
  2014.0   2.063668102299559 
