  1850.0   7.989557834049162 
  1851.0   7.9491731283244516 
  1852.0   7.950024525838942 
  1853.0   7.948769411501036 
  1854.0   7.921838361680512 
  1855.0   7.885386180326866 
  1856.0   7.912749222145461 
  1857.0   7.8457931632254825 
  1858.0   7.8712997623344005 
  1859.0   7.928974277528416 
  1860.0   7.915994207583662 
  1861.0   7.925509749452486 
  1862.0   7.896225966973465 
  1863.0   7.873195756723778 
  1864.0   7.831452256731827 
  1865.0   7.819385554113148 
  1866.0   7.741434166546924 
  1867.0   7.711140290464259 
  1868.0   7.720706093147065 
  1869.0   7.6885186087284225 
  1870.0   7.619852370787244 
  1871.0   7.576141225412229 
  1872.0   7.631251553071323 
  1873.0   7.606429057616809 
  1874.0   7.623162178560312 
  1875.0   7.657701415856891 
  1876.0   7.653416049198822 
  1877.0   7.614955763037367 
  1878.0   7.573203608605947 
  1879.0   7.549891170919951 
  1880.0   7.606734204092135 
  1881.0   7.602476769436645 
  1882.0   7.603073931782918 
  1883.0   7.557669828365519 
  1884.0   7.528012738045949 
  1885.0   7.446267186844998 
  1886.0   7.398328243581048 
  1887.0   7.365679557476064 
  1888.0   7.256240864227216 
  1889.0   7.22604534411449 
  1890.0   7.212091110636931 
  1891.0   7.1732853001130845 
  1892.0   7.232632399238983 
  1893.0   7.208528635145659 
  1894.0   7.1917907126843845 
  1895.0   7.190675321172456 
  1896.0   7.1298333848633035 
  1897.0   7.012096824210336 
  1898.0   6.93443248592392 
  1899.0   6.917313578660469 
  1900.0   6.92267828522449 
  1901.0   6.815125539752481 
  1902.0   6.908073204805093 
  1903.0   6.8928338098593205 
  1904.0   6.864672504761787 
  1905.0   6.827240106957076 
  1906.0   6.841118484523805 
  1907.0   6.76037980239334 
  1908.0   6.705651589968103 
  1909.0   6.7007589135209535 
  1910.0   6.668868415103389 
  1911.0   6.696865566380272 
  1912.0   6.687196503879118 
  1913.0   6.716528939295625 
  1914.0   6.742808114380658 
  1915.0   6.709040038002085 
  1916.0   6.66955788826776 
  1917.0   6.519395884312071 
  1918.0   6.577097519631693 
  1919.0   6.58221420056916 
  1920.0   6.628742091158829 
  1921.0   6.664645968232186 
  1922.0   6.664863619333399 
  1923.0   6.6220972766239425 
  1924.0   6.607177657363368 
  1925.0   6.561463896360632 
  1926.0   6.57051000725998 
  1927.0   6.563864095599809 
  1928.0   6.582608432293631 
  1929.0   6.658402474599136 
  1930.0   6.660052247253699 
  1931.0   6.604401853598317 
  1932.0   6.5528821975756495 
  1933.0   6.573897960948817 
  1934.0   6.522348623056389 
  1935.0   6.534405198264622 
  1936.0   6.534247822167902 
  1937.0   6.523283656817341 
  1938.0   6.430946975013467 
  1939.0   6.42407550435428 
  1940.0   6.453749930977812 
  1941.0   6.369618702541136 
  1942.0   6.418917777941626 
  1943.0   6.42624088912238 
  1944.0   6.4637977029239115 
  1945.0   6.4895281142488574 
  1946.0   6.467491575665914 
  1947.0   6.439652457111465 
  1948.0   6.431671401914453 
  1949.0   6.451092603212867 
  1950.0   6.432654072249935 
  1951.0   6.3914234632280715 
  1952.0   6.414306741473797 
  1953.0   6.400508308564481 
  1954.0   6.489400591322912 
  1955.0   6.507658093787861 
  1956.0   6.51099953997001 
  1957.0   6.513121809085527 
  1958.0   6.55396698502586 
  1959.0   6.5702302234075995 
  1960.0   6.520853348907175 
  1961.0   6.55442035591658 
  1962.0   6.651776637975449 
  1963.0   6.719801688409452 
  1964.0   6.781457081184857 
  1965.0   6.8185795272947916 
  1966.0   6.6822354815196014 
  1967.0   6.740604135801574 
  1968.0   6.752547593588692 
  1969.0   6.714197211751108 
  1970.0   6.801247655319779 
  1971.0   6.8478732534182205 
  1972.0   6.872478304328418 
  1973.0   6.955871746834123 
  1974.0   6.934825287333006 
  1975.0   6.904273185766135 
  1976.0   6.970097407546979 
  1977.0   6.988196396212129 
  1978.0   7.00204575301132 
  1979.0   7.056246215574042 
  1980.0   7.1341175023479355 
  1981.0   7.218577177326535 
  1982.0   7.247573811539802 
  1983.0   7.206409171685872 
  1984.0   7.2416720576352915 
  1985.0   7.238332281362553 
  1986.0   7.326373988200237 
  1987.0   7.404507212743051 
  1988.0   7.405689761757733 
  1989.0   7.493551818771239 
  1990.0   7.634206766681541 
  1991.0   7.705658503179185 
  1992.0   7.712784811415804 
  1993.0   7.8087572467761115 
  1994.0   7.879071159616544 
  1995.0   7.975977323899358 
  1996.0   8.08815632021515 
  1997.0   8.153566445183325 
  1998.0   8.238640849586593 
  1999.0   8.327915584811642 
  2000.0   8.406305189437624 
  2001.0   8.43493313717974 
  2002.0   8.450750991128984 
  2003.0   8.47847820836092 
  2004.0   8.553839403663952 
  2005.0   8.715113555298514 
  2006.0   8.747275872052603 
  2007.0   8.805702608130408 
  2008.0   8.852219416216203 
  2009.0   8.917245962201918 
  2010.0   8.952995995271591 
  2011.0   8.997486576824752 
  2012.0   9.144715559877996 
  2013.0   9.19167726567272 
  2014.0   9.319206186095984 
