  1850.0   52.153867188787586 
  1851.0   52.189378458083596 
  1852.0   52.16647964756912 
  1853.0   52.09341596363816 
  1854.0   52.003312011095446 
  1855.0   52.01827013265084 
  1856.0   52.082946053798054 
  1857.0   52.192875509604534 
  1858.0   52.16274207610077 
  1859.0   52.11373405265754 
  1860.0   52.08382450817574 
  1861.0   52.06084278493155 
  1862.0   52.17818478395583 
  1863.0   52.24334908157144 
  1864.0   52.18386166634651 
  1865.0   51.989627808145876 
  1866.0   51.91997916404705 
  1867.0   51.87486393948747 
  1868.0   51.94218133497052 
  1869.0   52.007263305389195 
  1870.0   52.00558992668107 
  1871.0   51.81830148068592 
  1872.0   51.823775528563544 
  1873.0   51.778399812368775 
  1874.0   51.73713778526708 
  1875.0   51.80183610816328 
  1876.0   51.75038015141303 
  1877.0   51.79528380846185 
  1878.0   51.685147476546106 
  1879.0   51.65742013179174 
  1880.0   51.80341189754071 
  1881.0   51.880110164069556 
  1882.0   51.94982997884999 
  1883.0   51.8754387875421 
  1884.0   51.89684513804653 
  1885.0   52.05302650171924 
  1886.0   52.047837209852936 
  1887.0   51.96825337731948 
  1888.0   52.013220191738334 
  1889.0   51.96178359253169 
  1890.0   51.95201741245272 
  1891.0   52.001044092816194 
  1892.0   51.978546589005084 
  1893.0   51.98943537451844 
  1894.0   52.14314838352931 
  1895.0   52.160760102957 
  1896.0   52.02262311420664 
  1897.0   51.99858366593322 
  1898.0   51.9606265356417 
  1899.0   52.04326648850154 
  1900.0   51.91840771664751 
  1901.0   51.6972432701423 
  1902.0   51.664849622602304 
  1903.0   51.88229988960723 
  1904.0   52.021119163405054 
  1905.0   52.0533857189097 
  1906.0   52.164991456439914 
  1907.0   52.14493011548542 
  1908.0   52.19531743555936 
  1909.0   52.34243074528072 
  1910.0   52.261553534303786 
  1911.0   52.14396736586381 
  1912.0   52.1358697386058 
  1913.0   52.22264170123482 
  1914.0   52.251145875284124 
  1915.0   52.29688015457962 
  1916.0   52.319634604713215 
  1917.0   52.26430919853216 
  1918.0   52.225911117617194 
  1919.0   52.2991124166925 
  1920.0   52.34016530541059 
  1921.0   52.331377227166485 
  1922.0   52.1930034860634 
  1923.0   52.230002449400274 
  1924.0   52.205081473371955 
  1925.0   52.09371921970857 
  1926.0   52.05662581712013 
  1927.0   51.96289482429075 
  1928.0   51.84538583546542 
  1929.0   51.80650895965469 
  1930.0   51.91306768691228 
  1931.0   52.04132413101484 
  1932.0   51.94446082667386 
  1933.0   51.94796332280342 
  1934.0   51.97472095981527 
  1935.0   51.9686695586193 
  1936.0   52.05694282559479 
  1937.0   52.00041188811394 
  1938.0   51.96147679063457 
  1939.0   52.04652201211036 
  1940.0   52.02092967716672 
  1941.0   52.01235424254997 
  1942.0   52.10120568946155 
  1943.0   52.15945497150438 
  1944.0   52.117687715190364 
  1945.0   52.18112556538829 
  1946.0   52.18650320654406 
  1947.0   52.14826430546721 
  1948.0   52.07335052138451 
  1949.0   52.13133903473066 
  1950.0   52.11398496346374 
  1951.0   52.21789089107909 
  1952.0   52.328949052072936 
  1953.0   52.26183640671979 
  1954.0   52.135677198387505 
  1955.0   52.188994662012306 
  1956.0   52.42789964534685 
  1957.0   52.50339580734751 
  1958.0   52.27731196811484 
  1959.0   52.2760264722342 
  1960.0   52.20966125462675 
  1961.0   52.19963243311302 
  1962.0   52.29485060790813 
  1963.0   52.358156430248684 
  1964.0   52.30445648719503 
  1965.0   52.18397339754533 
  1966.0   52.22006195509265 
  1967.0   52.376660510363834 
  1968.0   52.45866355895925 
  1969.0   52.394331675227335 
  1970.0   52.385011178236915 
  1971.0   52.49155582874863 
  1972.0   52.56110764358733 
  1973.0   52.658768531231416 
  1974.0   52.74053608742036 
  1975.0   52.89927876165413 
  1976.0   52.955273406310624 
  1977.0   53.13773850232938 
  1978.0   53.21372638775856 
  1979.0   53.244416730570784 
  1980.0   53.20942273115341 
  1981.0   53.32906288740712 
  1982.0   53.59968544508211 
  1983.0   53.67986735045972 
  1984.0   53.76486675881511 
  1985.0   53.71660178569442 
  1986.0   53.642736101661065 
  1987.0   53.68582617791003 
  1988.0   53.74522657707347 
  1989.0   53.851697002525675 
  1990.0   53.79157048957266 
  1991.0   53.920952807858555 
  1992.0   54.02324849887482 
  1993.0   54.05473163910664 
  1994.0   54.23615244768578 
  1995.0   54.313797669771596 
  1996.0   54.36121150348951 
  1997.0   54.376652939844526 
  1998.0   54.44347098362304 
  1999.0   54.54467129595734 
  2000.0   54.705867773715255 
  2001.0   54.67985704565681 
  2002.0   54.68452596426777 
  2003.0   54.661786792492016 
  2004.0   54.73260197765755 
  2005.0   54.855296651242654 
  2006.0   54.99454245617168 
  2007.0   55.174996291863465 
  2008.0   55.109976677187426 
  2009.0   55.206851523234924 
  2010.0   55.25950125460924 
  2011.0   55.42181981622086 
  2012.0   55.42474761526468 
  2013.0   55.5876851457876 
  2014.0   55.842118712627986 
