  1850.0   1.066995264659116 
  1851.0   1.206562688733726 
  1852.0   1.0982264544432554 
  1853.0   1.0497223450907822 
  1854.0   1.2307408169359528 
  1855.0   1.3100791014737132 
  1856.0   1.16813082217291 
  1857.0   1.1291996998203777 
  1858.0   1.1213955196499317 
  1859.0   1.090124190324893 
  1860.0   1.138097128046764 
  1861.0   1.041664543746799 
  1862.0   1.1157703972949211 
  1863.0   1.3141979413444507 
  1864.0   1.2403027992639701 
  1865.0   1.322055042336881 
  1866.0   1.0864078878161896 
  1867.0   1.1054152693940937 
  1868.0   1.0259632918257355 
  1869.0   1.1651727369438265 
  1870.0   1.200638253264242 
  1871.0   1.3077572077379989 
  1872.0   1.2958849337120122 
  1873.0   1.1133222160539649 
  1874.0   1.1516394749301488 
  1875.0   1.0367477333710358 
  1876.0   1.1985325186973004 
  1877.0   1.080075392198853 
  1878.0   1.1648857003879538 
  1879.0   1.1066427665983039 
  1880.0   1.2454485346456168 
  1881.0   1.1820007197891056 
  1882.0   1.0958484048660229 
  1883.0   1.232339873949874 
  1884.0   0.9678725128575467 
  1885.0   0.9381838684056835 
  1886.0   1.1468919962945743 
  1887.0   1.205916569725616 
  1888.0   1.2286748345665117 
  1889.0   1.0771314931012952 
  1890.0   1.200645878027953 
  1891.0   1.0860988935275437 
  1892.0   1.1358202004946123 
  1893.0   1.1362952762924028 
  1894.0   1.3222456570930088 
  1895.0   1.2151719230789668 
  1896.0   1.0707167702229508 
  1897.0   1.236608382829618 
  1898.0   1.1386679304563068 
  1899.0   1.2732611699040723 
  1900.0   1.1964607276389159 
  1901.0   1.1387524327016794 
  1902.0   1.2922680084481304 
  1903.0   1.093314454961647 
  1904.0   1.0508860900740946 
  1905.0   1.1295360478184804 
  1906.0   1.0204291821225684 
  1907.0   1.2998164457881194 
  1908.0   1.2292102270472522 
  1909.0   1.0930219748123007 
  1910.0   1.0372693372801491 
  1911.0   1.1150916345609059 
  1912.0   0.9549667924858689 
  1913.0   1.181171498550293 
  1914.0   1.097757793130646 
  1915.0   1.1288854335098018 
  1916.0   1.095594277565619 
  1917.0   1.1136621079320042 
  1918.0   1.0628940364602537 
  1919.0   1.256088166763867 
  1920.0   1.2118412789526858 
  1921.0   1.1900701853410858 
  1922.0   1.059174872409545 
  1923.0   1.064099619398898 
  1924.0   1.1473355914581533 
  1925.0   1.2054582428545917 
  1926.0   1.1705741821375604 
  1927.0   1.1391747533223093 
  1928.0   0.9803494366497979 
  1929.0   1.1341764161397823 
  1930.0   1.1410050305096544 
  1931.0   0.9902509871533067 
  1932.0   1.2353683777118598 
  1933.0   1.1662371221660939 
  1934.0   1.0186210712843424 
  1935.0   1.1025980165008735 
  1936.0   1.1688286807834913 
  1937.0   1.1200514038220362 
  1938.0   1.2063602062756413 
  1939.0   1.0019269002934696 
  1940.0   1.104106740055465 
  1941.0   1.0493478570644692 
  1942.0   1.1562955718333208 
  1943.0   1.0716863637185214 
  1944.0   1.2037080937764766 
  1945.0   1.2358567429285545 
  1946.0   1.2008019515297408 
  1947.0   1.0684337321493007 
  1948.0   1.067144431503173 
  1949.0   1.052976045837314 
  1950.0   1.215536553740429 
  1951.0   1.1628722197341812 
  1952.0   1.0925874787318801 
  1953.0   1.120402527458403 
  1954.0   1.179063615631858 
  1955.0   1.3093408886273805 
  1956.0   1.134389599670417 
  1957.0   1.0949639479051498 
  1958.0   1.1668141887312682 
  1959.0   1.2845929422214395 
  1960.0   1.1889020620672561 
  1961.0   1.220921795788925 
  1962.0   1.0917366149694463 
  1963.0   1.084694852861851 
  1964.0   1.1303847300424192 
  1965.0   0.9958102480738553 
  1966.0   1.169323917516601 
  1967.0   1.050827461035318 
  1968.0   1.159548720378131 
  1969.0   1.0446425450405137 
  1970.0   1.2812223883243365 
  1971.0   1.2332997513738921 
  1972.0   1.2237189330720215 
  1973.0   1.2395470343439927 
  1974.0   1.2607597967258866 
  1975.0   1.1704100654483554 
  1976.0   1.3285674274575427 
  1977.0   1.2531632050269632 
  1978.0   1.3297636437122247 
  1979.0   1.1934866084945457 
  1980.0   1.2570183718050971 
  1981.0   1.3772451218625574 
  1982.0   1.1871255398885743 
  1983.0   1.3448648184263685 
  1984.0   1.1357404323312699 
  1985.0   1.1807675452904485 
  1986.0   1.2345367306124122 
  1987.0   1.4804036855856182 
  1988.0   1.2661596977045402 
  1989.0   1.4230427495079125 
  1990.0   1.300848573041541 
  1991.0   1.249804022579091 
  1992.0   1.4131427429242944 
  1993.0   1.3624053907853357 
  1994.0   1.5470324678873626 
  1995.0   1.379499047618832 
  1996.0   1.3026250135768067 
  1997.0   1.3587227527496535 
  1998.0   1.2642385535449918 
  1999.0   1.5795210864521114 
  2000.0   1.4076507503559563 
  2001.0   1.498710165712981 
  2002.0   1.4822540030885594 
  2003.0   1.4465094417873379 
  2004.0   1.4112471893553402 
  2005.0   1.2926949778467205 
  2006.0   1.727042783917105 
  2007.0   1.5396816620093743 
  2008.0   1.4311699191464697 
  2009.0   1.476563049321486 
  2010.0   1.566628040544313 
  2011.0   1.5887069978663346 
  2012.0   1.4937450428977812 
  2013.0   1.6159139022393416 
  2014.0   1.6829863438543973 
