  1850.0   7.864872387225802e-10 
  1851.0   7.1575536148642e-10 
  1852.0   8.675179318864191e-10 
  1853.0   8.888573092177362e-10 
  1854.0   9.16390201642959e-10 
  1855.0   9.239610996219184e-10 
  1856.0   9.564397864766926e-10 
  1857.0   8.081184998916875e-10 
  1858.0   8.421193210511689e-10 
  1859.0   8.10610605054115e-10 
  1860.0   9.100391692952291e-10 
  1861.0   8.960636837840021e-10 
  1862.0   9.075118903478394e-10 
  1863.0   9.46345232472122e-10 
  1864.0   1.069504412777589e-09 
  1865.0   1.0119222624305934e-09 
  1866.0   8.708407264442723e-10 
  1867.0   9.398134877126017e-10 
  1868.0   8.360585690370007e-10 
  1869.0   8.245302688538577e-10 
  1870.0   7.480888220345977e-10 
  1871.0   8.474566624346871e-10 
  1872.0   9.194015349629526e-10 
  1873.0   9.963339226417401e-10 
  1874.0   1.031631697716171e-09 
  1875.0   8.369520002568684e-10 
  1876.0   9.430315358096507e-10 
  1877.0   1.0487582890800021e-09 
  1878.0   1.1940251702620246e-09 
  1879.0   1.143147370338276e-09 
  1880.0   1.0673657335685351e-09 
  1881.0   8.430289812459154e-10 
  1882.0   1.0287792207929635e-09 
  1883.0   9.080412105086103e-10 
  1884.0   9.657712809548874e-10 
  1885.0   9.344006313597134e-10 
  1886.0   9.642047249327292e-10 
  1887.0   1.0987627175431242e-09 
  1888.0   1.027416821510166e-09 
  1889.0   8.576610460488693e-10 
  1890.0   1.0314264022887712e-09 
  1891.0   9.23983122500863e-10 
  1892.0   9.925987876663796e-10 
  1893.0   1.0399579167238553e-09 
  1894.0   1.0375152733573393e-09 
  1895.0   1.0246692520239975e-09 
  1896.0   1.0607571590608606e-09 
  1897.0   1.0648906849387259e-09 
  1898.0   1.0477908519445536e-09 
  1899.0   1.050947169454672e-09 
  1900.0   1.3293519117782936e-09 
  1901.0   9.915508008362132e-10 
  1902.0   1.1051369715106573e-09 
  1903.0   1.1797344992918836e-09 
  1904.0   1.1499067675438879e-09 
  1905.0   1.0618950907421203e-09 
  1906.0   1.1530449352095693e-09 
  1907.0   1.157689519875789e-09 
  1908.0   1.080739976768844e-09 
  1909.0   9.078658137547906e-10 
  1910.0   1.002284381689204e-09 
  1911.0   1.155438037435254e-09 
  1912.0   1.0180630420452458e-09 
  1913.0   1.093984159976928e-09 
  1914.0   1.1704794062056048e-09 
  1915.0   1.1197643274940999e-09 
  1916.0   1.3448813429110986e-09 
  1917.0   1.2509028729851392e-09 
  1918.0   1.2635483560314947e-09 
  1919.0   1.305875679459868e-09 
  1920.0   1.2519789997030105e-09 
  1921.0   1.125948055913643e-09 
  1922.0   1.1616285872685758e-09 
  1923.0   1.2762047392373711e-09 
  1924.0   1.1602038695137198e-09 
  1925.0   1.120896745514517e-09 
  1926.0   1.1105202819391382e-09 
  1927.0   1.0295830683128738e-09 
  1928.0   9.607849860215085e-10 
  1929.0   1.075567040570565e-09 
  1930.0   1.2233108058085698e-09 
  1931.0   1.094197467115331e-09 
  1932.0   1.1745352203642072e-09 
  1933.0   1.2991262299004316e-09 
  1934.0   1.3835621148315421e-09 
  1935.0   1.2104183558755813e-09 
  1936.0   1.1676092357931809e-09 
  1937.0   1.2241030011487866e-09 
  1938.0   1.1347501332195846e-09 
  1939.0   1.0997662983672324e-09 
  1940.0   1.224514378307078e-09 
  1941.0   1.20917951087686e-09 
  1942.0   1.3498160153253756e-09 
  1943.0   1.21609133594794e-09 
  1944.0   1.3972973663196267e-09 
  1945.0   1.3818583908920902e-09 
  1946.0   1.221636221021217e-09 
  1947.0   1.159432794848107e-09 
  1948.0   1.311495801753952e-09 
  1949.0   1.3439854241303582e-09 
  1950.0   1.068027414563234e-09 
  1951.0   1.10864357425864e-09 
  1952.0   1.2438971376293176e-09 
  1953.0   1.224238891425956e-09 
  1954.0   1.2307353360642698e-09 
  1955.0   1.2554825261435148e-09 
  1956.0   1.2561079916607953e-09 
  1957.0   1.3406398682363468e-09 
  1958.0   1.358771938587022e-09 
  1959.0   1.1168835433475772e-09 
  1960.0   1.1513170928340974e-09 
  1961.0   1.1747074466352201e-09 
  1962.0   1.4005309938661719e-09 
  1963.0   1.3284798921767703e-09 
  1964.0   1.3120347101698884e-09 
  1965.0   1.264793687455373e-09 
  1966.0   1.3803171791685198e-09 
  1967.0   1.1574212500825736e-09 
  1968.0   1.2032878606482423e-09 
  1969.0   1.1732925010597176e-09 
  1970.0   1.1985797192038868e-09 
  1971.0   1.2430161829633088e-09 
  1972.0   1.1048075112410949e-09 
  1973.0   1.2092630057464696e-09 
  1974.0   1.103873240551551e-09 
  1975.0   1.130790714578349e-09 
  1976.0   1.2556940626943877e-09 
  1977.0   1.2129486127516625e-09 
  1978.0   1.173316414789494e-09 
  1979.0   1.1033123088491032e-09 
  1980.0   1.0588096571885975e-09 
  1981.0   9.999622288385976e-10 
  1982.0   1.142623108924852e-09 
  1983.0   1.0738616850663686e-09 
  1984.0   1.2330169244271429e-09 
  1985.0   1.0769346353665212e-09 
  1986.0   1.1891761397187944e-09 
  1987.0   1.0961425097637391e-09 
  1988.0   9.986642807209716e-10 
  1989.0   1.1793715361526492e-09 
  1990.0   1.2293561619601925e-09 
  1991.0   1.1881134170060947e-09 
  1992.0   1.002721583929496e-09 
  1993.0   1.028396275547569e-09 
  1994.0   1.1930666034665961e-09 
  1995.0   1.1213993640253391e-09 
  1996.0   1.132819566286416e-09 
  1997.0   1.0171514223209185e-09 
  1998.0   1.1213957399229968e-09 
  1999.0   1.1778056400716904e-09 
  2000.0   1.1610376367122337e-09 
  2001.0   1.2114254354484416e-09 
  2002.0   1.3521944580152867e-09 
  2003.0   1.2129566753659673e-09 
  2004.0   1.0867168923536468e-09 
  2005.0   1.2365056584881231e-09 
  2006.0   1.057326250949718e-09 
  2007.0   1.1665215946838615e-09 
  2008.0   1.281143884658871e-09 
  2009.0   1.4171598426653815e-09 
  2010.0   1.3036312590760852e-09 
  2011.0   1.1330993926619223e-09 
  2012.0   1.0057854203455693e-09 
  2013.0   1.1512215045287346e-09 
  2014.0   1.1391761413104044e-09 
