  1850.0   13.190364988226625 
  1851.0   13.148977775950158 
  1852.0   13.000667347317165 
  1853.0   12.94653651357344 
  1854.0   12.887063789044863 
  1855.0   12.86410105383374 
  1856.0   12.806731353276268 
  1857.0   12.647106435661216 
  1858.0   12.54715514619766 
  1859.0   12.457426513369368 
  1860.0   12.347086490781994 
  1861.0   12.283532810371987 
  1862.0   12.262731999225634 
  1863.0   12.303807449212133 
  1864.0   12.290196545576531 
  1865.0   12.276097317715811 
  1866.0   12.284800978885107 
  1867.0   12.220745798925343 
  1868.0   12.19372471141339 
  1869.0   12.177327129347299 
  1870.0   12.086057666521125 
  1871.0   12.058260463866562 
  1872.0   12.023787407460697 
  1873.0   11.89060416936269 
  1874.0   11.809880900749008 
  1875.0   11.687040362801287 
  1876.0   11.626521486084325 
  1877.0   11.60313105785064 
  1878.0   11.604075351195819 
  1879.0   11.584887371480566 
  1880.0   11.528653452941425 
  1881.0   11.469836593849598 
  1882.0   11.41069120321984 
  1883.0   11.358299729622075 
  1884.0   11.241104049102768 
  1885.0   11.216523949791025 
  1886.0   11.159348199264578 
  1887.0   11.063844336333744 
  1888.0   10.986349809141931 
  1889.0   10.869945193763463 
  1890.0   10.780284692121352 
  1891.0   10.726882311671806 
  1892.0   10.676357980301585 
  1893.0   10.520094992004912 
  1894.0   10.376752369235954 
  1895.0   10.295200790985245 
  1896.0   10.253308075354735 
  1897.0   10.218165201497925 
  1898.0   10.143293745729808 
  1899.0   10.154003737598977 
  1900.0   10.121789134276852 
  1901.0   10.099862690659199 
  1902.0   10.052323353843995 
  1903.0   10.005398379584038 
  1904.0   9.96888442033625 
  1905.0   9.903961123553781 
  1906.0   9.809740435665475 
  1907.0   9.648648975184644 
  1908.0   9.525038026274737 
  1909.0   9.480850392720123 
  1910.0   9.431202802729018 
  1911.0   9.437846205843607 
  1912.0   9.465808473092236 
  1913.0   9.42891678350136 
  1914.0   9.463546798075074 
  1915.0   9.433216064109466 
  1916.0   9.403656310535828 
  1917.0   9.336774469289535 
  1918.0   9.360837492937604 
  1919.0   9.322090732129496 
  1920.0   9.295690837674366 
  1921.0   9.32576635972083 
  1922.0   9.326260655750847 
  1923.0   9.338903200357322 
  1924.0   9.310130491446815 
  1925.0   9.2382208334008 
  1926.0   9.15039059430213 
  1927.0   9.119723187103004 
  1928.0   9.113912424120306 
  1929.0   9.102250667036877 
  1930.0   9.045333311205672 
  1931.0   8.979494832235613 
  1932.0   8.96769730038059 
  1933.0   8.92681882136402 
  1934.0   8.845914166658376 
  1935.0   8.796663981803864 
  1936.0   8.74582309708886 
  1937.0   8.718143475383688 
  1938.0   8.60950362021249 
  1939.0   8.573073668274294 
  1940.0   8.572683217659835 
  1941.0   8.547805030660756 
  1942.0   8.41837239860898 
  1943.0   8.354444346181642 
  1944.0   8.328682731086067 
  1945.0   8.304277468333309 
  1946.0   8.276146237364435 
  1947.0   8.235602742943069 
  1948.0   8.196762741840589 
  1949.0   8.138653604041089 
  1950.0   8.137345569310762 
  1951.0   8.074872767779734 
  1952.0   8.047708175704534 
  1953.0   8.020112571026475 
  1954.0   7.907791442080404 
  1955.0   7.838073357659278 
  1956.0   7.820277829759059 
  1957.0   7.78706711276164 
  1958.0   7.769560395871229 
  1959.0   7.707451075537549 
  1960.0   7.669306809627021 
  1961.0   7.622672255648623 
  1962.0   7.648913822878247 
  1963.0   7.643164668083334 
  1964.0   7.632435465518583 
  1965.0   7.606680397321659 
  1966.0   7.609798902178969 
  1967.0   7.528208066386658 
  1968.0   7.52367115062579 
  1969.0   7.5142937382681865 
  1970.0   7.475040215662023 
  1971.0   7.474068959048008 
  1972.0   7.4526902285893035 
  1973.0   7.473210611975313 
  1974.0   7.426759551902054 
  1975.0   7.405397435732227 
  1976.0   7.378870598972848 
  1977.0   7.397272652815293 
  1978.0   7.385133125877537 
  1979.0   7.3557192925505985 
  1980.0   7.322454418303412 
  1981.0   7.333327003255647 
  1982.0   7.322452380347996 
  1983.0   7.339453892847456 
  1984.0   7.340597365036228 
  1985.0   7.325797691741279 
  1986.0   7.31148086427063 
  1987.0   7.339127964963632 
  1988.0   7.376287561845655 
  1989.0   7.363711212661383 
  1990.0   7.357009878603923 
  1991.0   7.398255703952314 
  1992.0   7.406696267290474 
  1993.0   7.428837562450555 
  1994.0   7.442551349280221 
  1995.0   7.499893157148036 
  1996.0   7.507681396313886 
  1997.0   7.579396360310851 
  1998.0   7.595627515533319 
  1999.0   7.622613832426005 
  2000.0   7.592260012298966 
  2001.0   7.5852037459760835 
  2002.0   7.604448268570723 
  2003.0   7.650233302072603 
  2004.0   7.70887825934464 
  2005.0   7.654912962891734 
  2006.0   7.674565015701912 
  2007.0   7.745512912331938 
  2008.0   7.826626860953084 
  2009.0   7.772314262716778 
  2010.0   7.686994892721663 
  2011.0   7.736744087093442 
  2012.0   7.791270984726977 
  2013.0   7.814011303164316 
  2014.0   7.769637384822908 
