  1850.0   0.0 
  1851.0   0.011868697575626072 
  1852.0   0.022062157023339458 
  1853.0   0.031468634395521604 
  1854.0   0.04019238228009618 
  1855.0   0.048484120208519346 
  1856.0   0.05638720412693994 
  1857.0   0.06393835412764502 
  1858.0   0.07119054313280124 
  1859.0   0.07816058955492292 
  1860.0   0.0849224611412246 
  1861.0   0.09231147273901345 
  1862.0   0.09959417991585602 
  1863.0   0.10675162619163565 
  1864.0   0.11410773869954315 
  1865.0   0.12124648499375247 
  1866.0   0.12813344044602498 
  1867.0   0.13485103575757282 
  1868.0   0.14138678605324617 
  1869.0   0.14773663087328284 
  1870.0   0.15391884301763475 
  1871.0   0.15996468634890584 
  1872.0   0.16590681147679304 
  1873.0   0.17169785554208714 
  1874.0   0.17738151711382427 
  1875.0   0.18297064276274788 
  1876.0   0.18846339474256935 
  1877.0   0.1938707058143397 
  1878.0   0.19919295819306992 
  1879.0   0.20457849981762954 
  1880.0   0.20973826189353265 
  1881.0   0.21276150757246334 
  1882.0   0.21600231409987972 
  1883.0   0.21933161561474726 
  1884.0   0.22270183594276372 
  1885.0   0.2260788860335287 
  1886.0   0.2294781126802191 
  1887.0   0.2329609402215266 
  1888.0   0.23638930624637494 
  1889.0   0.23978532768245353 
  1890.0   0.24320492998505924 
  1891.0   0.25101625343812745 
  1892.0   0.2581313187632864 
  1893.0   0.26500290132043164 
  1894.0   0.27156656295857734 
  1895.0   0.27793595877860133 
  1896.0   0.28413497475223576 
  1897.0   0.290285031947472 
  1898.0   0.2961748097832319 
  1899.0   0.3019571504631467 
  1900.0   0.3076297448019924 
  1901.0   0.3153710078045547 
  1902.0   0.3227386802657752 
  1903.0   0.3298611427988557 
  1904.0   0.3368178215684267 
  1905.0   0.34361879923432165 
  1906.0   0.3502290953776052 
  1907.0   0.35677372829317106 
  1908.0   0.3631804956384251 
  1909.0   0.3694910771277953 
  1910.0   0.3758104723267151 
  1911.0   0.3734232158074311 
  1912.0   0.3722025367454157 
  1913.0   0.37150456761605627 
  1914.0   0.37115448243741184 
  1915.0   0.37103130464622275 
  1916.0   0.3710843525995268 
  1917.0   0.3712788639983738 
  1918.0   0.37148597963451907 
  1919.0   0.3718430287516746 
  1920.0   0.37243216825592207 
  1921.0   0.37589939364225633 
  1922.0   0.3790607862057749 
  1923.0   0.38219047446422594 
  1924.0   0.3851058773632379 
  1925.0   0.38800326314137534 
  1926.0   0.39084752129272055 
  1927.0   0.39368311986851917 
  1928.0   0.3964805844953353 
  1929.0   0.3993607038339898 
  1930.0   0.40208929612200833 
  1931.0   0.40085144039023496 
  1932.0   0.40036443705648245 
  1933.0   0.40003449427055465 
  1934.0   0.399893432460464 
  1935.0   0.39989404138698315 
  1936.0   0.4000107962446814 
  1937.0   0.400223068174225 
  1938.0   0.400515698047219 
  1939.0   0.4008086757844294 
  1940.0   0.40128673371875817 
  1941.0   0.39804273542488733 
  1942.0   0.3954027630276533 
  1943.0   0.39311601404110685 
  1944.0   0.39120200640918695 
  1945.0   0.389306087671369 
  1946.0   0.3875713013675196 
  1947.0   0.3859860065710578 
  1948.0   0.38453757981417425 
  1949.0   0.3832078552688651 
  1950.0   0.381849694624124 
  1951.0   0.38502028240861097 
  1952.0   0.3876849741439375 
  1953.0   0.39019002438878525 
  1954.0   0.3925916907500207 
  1955.0   0.395726916297297 
  1956.0   0.39982787085903443 
  1957.0   0.4067996931530684 
  1958.0   0.4100880912073418 
  1959.0   0.41353995163136353 
  1960.0   0.4170837011118616 
  1961.0   0.40793844531887086 
  1962.0   0.4004645176922863 
  1963.0   0.39383864433766325 
  1964.0   0.38772925703532996 
  1965.0   0.38199739083756634 
  1966.0   0.37657147404961083 
  1967.0   0.371416890959247 
  1968.0   0.366507726174355 
  1969.0   0.36181851776547275 
  1970.0   0.35740439996334683 
  1971.0   0.35266581065355923 
  1972.0   0.34816329601308743 
  1973.0   0.34384602462822916 
  1974.0   0.33969802589416487 
  1975.0   0.3357243256967755 
  1976.0   0.33186356835585423 
  1977.0   0.3281266089721908 
  1978.0   0.324502510524195 
  1979.0   0.32098440988995736 
  1980.0   0.3175671828681742 
  1981.0   0.31397958947088267 
  1982.0   0.3105166180309651 
  1983.0   0.3071501398959656 
  1984.0   0.303869952104479 
  1985.0   0.30067039586613015 
  1986.0   0.29754227286642376 
  1987.0   0.2944832794336536 
  1988.0   0.29148971996091605 
  1989.0   0.288564165113839 
  1990.0   0.2856831741172819 
  1991.0   0.2837506626363695 
  1992.0   0.28174200858005516 
  1993.0   0.27971636150639106 
  1994.0   0.2776964043262249 
  1995.0   0.27568774792686046 
  1996.0   0.27369531113173295 
  1997.0   0.2717202161828523 
  1998.0   0.26977929540449 
  1999.0   0.26785974275314217 
  2000.0   0.2659715368648351 
  2001.0   0.27183099766521773 
  2002.0   0.27601632019347033 
  2003.0   0.28180299437904155 
  2004.0   0.28305676497827936 
  2005.0   0.29663195535816167 
  2006.0   0.3154021880754973 
  2007.0   0.31062507585724464 
  2008.0   0.32072238253590446 
  2009.0   0.31418573582251214 
  2010.0   0.3500183137132934 
  2011.0   0.34274650421538533 
  2012.0   0.3406349522370524 
  2013.0   0.34825468901855156 
  2014.0   0.34668530659493213 
