  1850.0   87.66295707752688 
  1851.0   87.65450978294993 
  1852.0   87.62556982421704 
  1853.0   87.6237124977334 
  1854.0   87.6264950483047 
  1855.0   87.64196959400769 
  1856.0   87.6486444839834 
  1857.0   87.62491173057956 
  1858.0   87.62583862513789 
  1859.0   87.62961194038522 
  1860.0   87.60999436774038 
  1861.0   87.60261511375806 
  1862.0   87.60539914010305 
  1863.0   87.61570256558848 
  1864.0   87.60595077981115 
  1865.0   87.59978776832413 
  1866.0   87.60899531166352 
  1867.0   87.61435355773493 
  1868.0   87.63830411135025 
  1869.0   87.63315827846814 
  1870.0   87.61746215190664 
  1871.0   87.63575193164439 
  1872.0   87.63238661364954 
  1873.0   87.66931905406301 
  1874.0   87.70136467405507 
  1875.0   87.713119992614 
  1876.0   87.73680519497212 
  1877.0   87.72031140608321 
  1878.0   87.70280864633845 
  1879.0   87.71007852139759 
  1880.0   87.73734651796481 
  1881.0   87.75753904702675 
  1882.0   87.75326188707575 
  1883.0   87.77442685268056 
  1884.0   87.79983184525818 
  1885.0   87.8471921022936 
  1886.0   87.88719336709443 
  1887.0   87.95387445542904 
  1888.0   88.00376033281493 
  1889.0   88.04443617078537 
  1890.0   88.08522596290013 
  1891.0   88.08963210250113 
  1892.0   88.15521921341762 
  1893.0   88.23921279177033 
  1894.0   88.3056223204961 
  1895.0   88.37023593990179 
  1896.0   88.43660785958535 
  1897.0   88.49862675615636 
  1898.0   88.56417005153847 
  1899.0   88.5726904559229 
  1900.0   88.59264687966363 
  1901.0   88.63771965284657 
  1902.0   88.64066564020203 
  1903.0   88.66483466221042 
  1904.0   88.70903709066796 
  1905.0   88.7396395364199 
  1906.0   88.78778214272636 
  1907.0   88.85756408761182 
  1908.0   88.92958288597627 
  1909.0   88.99535219435303 
  1910.0   89.06060283555715 
  1911.0   89.09666945973709 
  1912.0   89.1187983939987 
  1913.0   89.18264487932927 
  1914.0   89.25597721641552 
  1915.0   89.33915060306728 
  1916.0   89.43163439880416 
  1917.0   89.52017849450861 
  1918.0   89.59272544915088 
  1919.0   89.64257654179265 
  1920.0   89.68233528280558 
  1921.0   89.75218490110188 
  1922.0   89.83145002961199 
  1923.0   89.8667637856722 
  1924.0   89.933954399948 
  1925.0   90.00776460902233 
  1926.0   90.09912732830077 
  1927.0   90.14950627059939 
  1928.0   90.19504827641711 
  1929.0   90.2696500679257 
  1930.0   90.3659474545706 
  1931.0   90.45004030835652 
  1932.0   90.51815877960867 
  1933.0   90.58950757829643 
  1934.0   90.6446478487092 
  1935.0   90.6983089673288 
  1936.0   90.75045867260789 
  1937.0   90.82839063443947 
  1938.0   90.9094867123576 
  1939.0   90.9836609933561 
  1940.0   91.09303964951188 
  1941.0   91.168869272593 
  1942.0   91.22303141988792 
  1943.0   91.29226046898523 
  1944.0   91.34502658381781 
  1945.0   91.3731824402207 
  1946.0   91.41913567336434 
  1947.0   91.49614962557489 
  1948.0   91.58397551614068 
  1949.0   91.63709099509909 
  1950.0   91.64601112822032 
  1951.0   91.68800090933105 
  1952.0   91.77648769799728 
  1953.0   91.8686813099174 
  1954.0   91.92182201341926 
  1955.0   91.99898564077807 
  1956.0   92.06916912723716 
  1957.0   92.11425600242048 
  1958.0   92.1845740178461 
  1959.0   92.28070849833756 
  1960.0   92.3043898982039 
  1961.0   92.36666349999301 
  1962.0   92.41581341771179 
  1963.0   92.47282623152147 
  1964.0   92.5496355371543 
  1965.0   92.57526343442875 
  1966.0   92.59108204325544 
  1967.0   92.6502246506229 
  1968.0   92.73194089462105 
  1969.0   92.80474622118032 
  1970.0   92.85383633482657 
  1971.0   92.90175579902171 
  1972.0   92.97999829077632 
  1973.0   93.07920007187921 
  1974.0   93.13345208725826 
  1975.0   93.21527258418188 
  1976.0   93.29506391323594 
  1977.0   93.3414223478317 
  1978.0   93.41309740999132 
  1979.0   93.48883236958008 
  1980.0   93.55514718053124 
  1981.0   93.62540881080905 
  1982.0   93.67317846824442 
  1983.0   93.7437269134873 
  1984.0   93.83901964145512 
  1985.0   93.89896773852726 
  1986.0   93.95817732272856 
  1987.0   94.05630668628554 
  1988.0   94.16962155544432 
  1989.0   94.26087958507938 
  1990.0   94.30484966663876 
  1991.0   94.3822609474638 
  1992.0   94.46068510786424 
  1993.0   94.4947942968811 
  1994.0   94.54189066174673 
  1995.0   94.61453650136856 
  1996.0   94.68429921237988 
  1997.0   94.75779253584888 
  1998.0   94.8432608379223 
  1999.0   94.92613339050047 
  2000.0   94.97848609130136 
  2001.0   95.03526338629912 
  2002.0   95.09045630114143 
  2003.0   95.11123397528662 
  2004.0   95.16818186960886 
  2005.0   95.21278664351176 
  2006.0   95.26028018430895 
  2007.0   95.30054625924937 
  2008.0   95.3483627840946 
  2009.0   95.4171381612759 
  2010.0   95.44970441782327 
  2011.0   95.4955833442117 
  2012.0   95.56987987585929 
  2013.0   95.65750331238944 
  2014.0   95.7096115860803 
