  1850.0   15.00111493730646 
  1851.0   14.962202907180648 
  1852.0   14.940362371230613 
  1853.0   14.90656661640747 
  1854.0   14.898971380990718 
  1855.0   14.839661439282478 
  1856.0   14.806008668825722 
  1857.0   14.75963093676787 
  1858.0   14.709446628072333 
  1859.0   14.67977311219557 
  1860.0   14.630695500676568 
  1861.0   14.591779910232264 
  1862.0   14.561654939702557 
  1863.0   14.539975843965717 
  1864.0   14.553085154428071 
  1865.0   14.524365936435926 
  1866.0   14.496744547354677 
  1867.0   14.458901993852834 
  1868.0   14.40749365063384 
  1869.0   14.35012332605144 
  1870.0   14.315452481521922 
  1871.0   14.271936992063122 
  1872.0   14.24534921328145 
  1873.0   14.205994039420789 
  1874.0   14.179846693696723 
  1875.0   14.141712200723347 
  1876.0   14.13324107865698 
  1877.0   14.12940562097375 
  1878.0   14.106296427799737 
  1879.0   14.094021426291219 
  1880.0   14.043044253060478 
  1881.0   14.004695880491992 
  1882.0   13.974703971384287 
  1883.0   13.939361179597292 
  1884.0   13.897382994552979 
  1885.0   13.915326861659297 
  1886.0   13.883384807474409 
  1887.0   13.836943896544811 
  1888.0   13.814205837139943 
  1889.0   13.795199959418401 
  1890.0   13.760802831910265 
  1891.0   13.726286145319786 
  1892.0   13.686490077465473 
  1893.0   13.655004996698215 
  1894.0   13.610856861597712 
  1895.0   13.573054159560021 
  1896.0   13.530804415772288 
  1897.0   13.49844553914372 
  1898.0   13.477298350443734 
  1899.0   13.449649524264068 
  1900.0   13.438010247371365 
  1901.0   13.412233844106753 
  1902.0   13.385539188446291 
  1903.0   13.376632476837667 
  1904.0   13.401669425428343 
  1905.0   13.371345884659469 
  1906.0   13.314852336343435 
  1907.0   13.26647242515556 
  1908.0   13.246110502619873 
  1909.0   13.217221850641671 
  1910.0   13.185064347179665 
  1911.0   13.1532174920283 
  1912.0   13.137281467003339 
  1913.0   13.105340776564804 
  1914.0   13.084146092869158 
  1915.0   13.0477789137564 
  1916.0   13.00979613813698 
  1917.0   12.942199720406347 
  1918.0   12.903854123438558 
  1919.0   12.876269701312106 
  1920.0   12.826856380646888 
  1921.0   12.794468718168716 
  1922.0   12.765847061132723 
  1923.0   12.748233654171107 
  1924.0   12.722517148813777 
  1925.0   12.69331523505741 
  1926.0   12.662535612344994 
  1927.0   12.633811111275474 
  1928.0   12.59088039273916 
  1929.0   12.538334902806193 
  1930.0   12.545344612621255 
  1931.0   12.501892138766232 
  1932.0   12.513722482857766 
  1933.0   12.474035584534715 
  1934.0   12.437258471082433 
  1935.0   12.389298893898344 
  1936.0   12.359690787650115 
  1937.0   12.36138516849256 
  1938.0   12.340624482899702 
  1939.0   12.318122458609675 
  1940.0   12.32349528140763 
  1941.0   12.298916560543573 
  1942.0   12.259408608470734 
  1943.0   12.250748514845244 
  1944.0   12.232970676564985 
  1945.0   12.224600038208795 
  1946.0   12.214735438915417 
  1947.0   12.20638978696232 
  1948.0   12.214279949314244 
  1949.0   12.190420939260868 
  1950.0   12.204567998865466 
  1951.0   12.194604534519739 
  1952.0   12.18441456165694 
  1953.0   12.159021823210768 
  1954.0   12.12849695381848 
  1955.0   12.106878378692516 
  1956.0   12.074732399359405 
  1957.0   12.063308709223431 
  1958.0   12.059606604896583 
  1959.0   12.063400738000995 
  1960.0   12.057960022721739 
  1961.0   12.009262062790269 
  1962.0   11.97343326350895 
  1963.0   11.93352515719885 
  1964.0   11.90478233044579 
  1965.0   11.888118423469175 
  1966.0   11.865794018491215 
  1967.0   11.817384262063204 
  1968.0   11.770717801352657 
  1969.0   11.730824330051675 
  1970.0   11.755012159871281 
  1971.0   11.763378015686957 
  1972.0   11.740904791152138 
  1973.0   11.724244437897765 
  1974.0   11.694276510128674 
  1975.0   11.651668330020842 
  1976.0   11.644587323322837 
  1977.0   11.652459512483633 
  1978.0   11.667325299757843 
  1979.0   11.676334840842246 
  1980.0   11.6481833164776 
  1981.0   11.656453046544302 
  1982.0   11.675261475929297 
  1983.0   11.655736520659099 
  1984.0   11.641673936582501 
  1985.0   11.6102527764318 
  1986.0   11.609396685635417 
  1987.0   11.621955992131399 
  1988.0   11.59243780533221 
  1989.0   11.570192651893048 
  1990.0   11.553868369561584 
  1991.0   11.579335201034079 
  1992.0   11.56282896923277 
  1993.0   11.567863632078902 
  1994.0   11.582446346602405 
  1995.0   11.587437131725098 
  1996.0   11.592061656359963 
  1997.0   11.60646335300333 
  1998.0   11.587921954507161 
  1999.0   11.583246203982148 
  2000.0   11.591608653896717 
  2001.0   11.574145913487374 
  2002.0   11.585283080967555 
  2003.0   11.608739507993661 
  2004.0   11.607219728400024 
  2005.0   11.607826840285373 
  2006.0   11.629512248924875 
  2007.0   11.630590179960372 
  2008.0   11.643202894702789 
  2009.0   11.653291169321188 
  2010.0   11.666739707561447 
  2011.0   11.659192789615297 
  2012.0   11.671440144207871 
  2013.0   11.638646274170616 
  2014.0   11.637578471974175 
