  1850.0   3.2772854974052987 
  1851.0   3.2945004039260537 
  1852.0   3.192730749258153 
  1853.0   3.3583797173063945 
  1854.0   3.260238591796019 
  1855.0   3.1527357782261034 
  1856.0   3.168394923828638 
  1857.0   3.323802612046901 
  1858.0   3.2371496383222222 
  1859.0   3.247661186064614 
  1860.0   3.4641865700611896 
  1861.0   3.476631649475183 
  1862.0   3.254409671625787 
  1863.0   3.367469936503556 
  1864.0   3.2676655878962193 
  1865.0   3.21926568616661 
  1866.0   3.410361744719515 
  1867.0   3.4128905408707992 
  1868.0   3.3124410950285985 
  1869.0   3.394922901517341 
  1870.0   3.1957718438814275 
  1871.0   3.3338458970442915 
  1872.0   3.4290465297262807 
  1873.0   3.3256610797274253 
  1874.0   3.442087715459744 
  1875.0   3.347427869179579 
  1876.0   3.3995169399779317 
  1877.0   3.422520848235784 
  1878.0   3.3499665562865824 
  1879.0   3.295628031163397 
  1880.0   3.575923846161504 
  1881.0   3.5987064529893873 
  1882.0   3.357098557967279 
  1883.0   3.384192715416872 
  1884.0   3.26390479313338 
  1885.0   3.342057830628818 
  1886.0   3.4310322745588806 
  1887.0   3.3936524302903366 
  1888.0   3.421149131584055 
  1889.0   3.5552086374890117 
  1890.0   3.3703750833257646 
  1891.0   3.4216962323513007 
  1892.0   3.535021139812861 
  1893.0   3.310901141948438 
  1894.0   3.5115499305859434 
  1895.0   3.497745915652935 
  1896.0   3.4014465976870354 
  1897.0   3.5612513823476153 
  1898.0   3.5020695667455217 
  1899.0   3.474252437066633 
  1900.0   3.44860271195314 
  1901.0   3.5666073614694422 
  1902.0   3.6157025045462445 
  1903.0   3.6815332578905 
  1904.0   3.3523389522111016 
  1905.0   3.3985250392663238 
  1906.0   3.598481364615564 
  1907.0   3.5032265842580226 
  1908.0   3.505285512097002 
  1909.0   3.546081769434572 
  1910.0   3.7216729791711285 
  1911.0   3.6533813700852473 
  1912.0   3.722930404373742 
  1913.0   3.472713547888616 
  1914.0   3.1503575633316174 
  1915.0   3.6174245787636683 
  1916.0   3.645899220185854 
  1917.0   3.6777404206502693 
  1918.0   3.426286950966367 
  1919.0   3.5900840401603413 
  1920.0   3.5165122767362833 
  1921.0   3.484807886116138 
  1922.0   3.5487309460738263 
  1923.0   3.299022698804035 
  1924.0   3.78143117291779 
  1925.0   3.7533089083080973 
  1926.0   3.581944781307414 
  1927.0   3.4660933423926132 
  1928.0   3.674520419498642 
  1929.0   3.5296557195727876 
  1930.0   3.6484256162754036 
  1931.0   3.711931365450024 
  1932.0   3.3697146389541617 
  1933.0   3.648004409614224 
  1934.0   3.7193590429459515 
  1935.0   3.6594710262863686 
  1936.0   3.610829318614365 
  1937.0   3.5009378785143044 
  1938.0   3.688198495717235 
  1939.0   3.63389439039419 
  1940.0   3.65115540534327 
  1941.0   3.789170492470369 
  1942.0   3.3784818204871243 
  1943.0   3.6509562212995266 
  1944.0   3.711041954888446 
  1945.0   3.6019650797274316 
  1946.0   3.524771602639568 
  1947.0   3.711359810611077 
  1948.0   3.6462508470436417 
  1949.0   3.567391394472734 
  1950.0   3.5552406144798057 
  1951.0   3.7974426959517844 
  1952.0   3.65769828064529 
  1953.0   3.712226103786374 
  1954.0   3.752940114860702 
  1955.0   3.6974248499832747 
  1956.0   3.6230477585933754 
  1957.0   3.4665787890489783 
  1958.0   3.396905138214945 
  1959.0   3.5130053540939623 
  1960.0   3.7392642632212354 
  1961.0   3.674380155796254 
  1962.0   3.6891102976956875 
  1963.0   3.466095028372133 
  1964.0   3.6126151714499075 
  1965.0   3.5876686022835242 
  1966.0   3.561291218239799 
  1967.0   3.516315708078973 
  1968.0   3.58322379432356 
  1969.0   3.6745423241854853 
  1970.0   3.4046265925842247 
  1971.0   3.527352066031051 
  1972.0   3.5034811364398477 
  1973.0   3.719759299505637 
  1974.0   3.676354345816656 
  1975.0   3.6308646361921872 
  1976.0   3.55175200628375 
  1977.0   3.5914710409142314 
  1978.0   3.6146760063514733 
  1979.0   3.4916909080355754 
  1980.0   3.6430181362223326 
  1981.0   3.5622221488935737 
  1982.0   3.728931422871313 
  1983.0   3.594258646356509 
  1984.0   3.64388893831092 
  1985.0   3.5245322724730785 
  1986.0   3.520901893157182 
  1987.0   3.7669724362134858 
  1988.0   3.7194986124884073 
  1989.0   3.5764173336671843 
  1990.0   3.7056813071277412 
  1991.0   3.6325753929789797 
  1992.0   3.4519634015299023 
  1993.0   3.411537231621486 
  1994.0   3.6414547554351078 
  1995.0   3.5568110848804366 
  1996.0   3.5869321316521035 
  1997.0   3.8081954766311603 
  1998.0   3.7418415799486477 
  1999.0   3.6545929380115467 
  2000.0   3.5917318784304793 
  2001.0   3.7062042258881065 
  2002.0   3.5767074512460013 
  2003.0   3.5864249588617456 
  2004.0   3.8147906008769152 
  2005.0   3.7941510388901003 
  2006.0   3.5130004730786584 
  2007.0   3.7195561404724993 
  2008.0   3.7730112371835514 
  2009.0   3.699308620253425 
  2010.0   3.6294872386382115 
  2011.0   3.55798608713111 
  2012.0   3.6970255401703773 
  2013.0   3.619715387244055 
  2014.0   3.875075231207876 
