  1850.0   2.5060108402990845e-10 
  1851.0   2.3882865825884527e-10 
  1852.0   2.2587819040479627e-10 
  1853.0   2.5743883679672353e-10 
  1854.0   2.229235856505608e-10 
  1855.0   2.0186593363811046e-10 
  1856.0   2.2345672306305613e-10 
  1857.0   2.5242958937536217e-10 
  1858.0   2.677317903229565e-10 
  1859.0   2.3428264326120983e-10 
  1860.0   2.6660683281376675e-10 
  1861.0   2.4255924367755367e-10 
  1862.0   2.813894110354958e-10 
  1863.0   2.724831389253444e-10 
  1864.0   2.6961668222564436e-10 
  1865.0   2.5063211821211184e-10 
  1866.0   2.2885145414165767e-10 
  1867.0   2.3176713583182593e-10 
  1868.0   2.515114654863639e-10 
  1869.0   2.7184152713480534e-10 
  1870.0   2.2308717663301705e-10 
  1871.0   2.405711128890473e-10 
  1872.0   2.6368853542168854e-10 
  1873.0   2.8189270453323185e-10 
  1874.0   2.8999787621898456e-10 
  1875.0   3.2122651809553e-10 
  1876.0   3.429070999482627e-10 
  1877.0   2.6610657825174363e-10 
  1878.0   2.545851077220994e-10 
  1879.0   2.741600020080786e-10 
  1880.0   2.6855424157094304e-10 
  1881.0   2.758522492715025e-10 
  1882.0   2.6551593067587345e-10 
  1883.0   2.6056350857339163e-10 
  1884.0   3.1574000393234574e-10 
  1885.0   3.021389920735397e-10 
  1886.0   2.4769036684582497e-10 
  1887.0   1.9922214771466698e-10 
  1888.0   2.4955638974705154e-10 
  1889.0   2.6764740688767814e-10 
  1890.0   2.4722436933304203e-10 
  1891.0   2.691840138366091e-10 
  1892.0   2.965364249448027e-10 
  1893.0   2.8112300466170304e-10 
  1894.0   2.618628016092105e-10 
  1895.0   3.1404238416820616e-10 
  1896.0   2.808587336387419e-10 
  1897.0   2.630321115572554e-10 
  1898.0   2.528115649197084e-10 
  1899.0   2.336267200905287e-10 
  1900.0   2.4950797112515496e-10 
  1901.0   3.0968307383939545e-10 
  1902.0   3.291103372973183e-10 
  1903.0   2.84048750393021e-10 
  1904.0   2.533692146317168e-10 
  1905.0   2.2288420203256428e-10 
  1906.0   2.6854510297480893e-10 
  1907.0   3.5694402667215435e-10 
  1908.0   3.6703529128737274e-10 
  1909.0   3.0742113854638803e-10 
  1910.0   3.286147345767618e-10 
  1911.0   3.667370165477932e-10 
  1912.0   3.8151814624669834e-10 
  1913.0   3.29144611368492e-10 
  1914.0   2.8508310368824167e-10 
  1915.0   3.428397932900993e-10 
  1916.0   3.36747557965012e-10 
  1917.0   3.6717346756235243e-10 
  1918.0   3.8302757250328645e-10 
  1919.0   3.22348482785487e-10 
  1920.0   3.2981512308388507e-10 
  1921.0   2.963309351482392e-10 
  1922.0   2.836589062273307e-10 
  1923.0   3.376998594043983e-10 
  1924.0   3.521804995313586e-10 
  1925.0   3.4588606289835076e-10 
  1926.0   4.225998200443313e-10 
  1927.0   3.9925524383574364e-10 
  1928.0   3.569315116239436e-10 
  1929.0   4.249543670885169e-10 
  1930.0   4.3939154869172706e-10 
  1931.0   4.3159692753284047e-10 
  1932.0   3.684065729300472e-10 
  1933.0   3.235981345975838e-10 
  1934.0   3.913260511947904e-10 
  1935.0   4.539223679799747e-10 
  1936.0   4.3156382173751233e-10 
  1937.0   4.198745741601484e-10 
  1938.0   3.855763220210935e-10 
  1939.0   3.2503628176885095e-10 
  1940.0   3.158494858642984e-10 
  1941.0   3.443369360523498e-10 
  1942.0   4.2910685804272374e-10 
  1943.0   4.143863389893781e-10 
  1944.0   4.588442500243866e-10 
  1945.0   4.317680559092952e-10 
  1946.0   3.342522977386536e-10 
  1947.0   3.6044473099860757e-10 
  1948.0   4.1141686038273154e-10 
  1949.0   3.406082028922424e-10 
  1950.0   3.299971268333445e-10 
  1951.0   4.3221664491446547e-10 
  1952.0   4.409268243436505e-10 
  1953.0   3.4790386432236936e-10 
  1954.0   3.4962974728521436e-10 
  1955.0   4.021861105180355e-10 
  1956.0   4.717270425380505e-10 
  1957.0   5.138997786084876e-10 
  1958.0   5.271003870245415e-10 
  1959.0   4.450490534961497e-10 
  1960.0   4.3676879025040827e-10 
  1961.0   5.535793908149913e-10 
  1962.0   5.486242627519315e-10 
  1963.0   6.817190741124682e-10 
  1964.0   7.338845784400187e-10 
  1965.0   7.319975603604391e-10 
  1966.0   6.823421773926159e-10 
  1967.0   6.712152890970572e-10 
  1968.0   7.946409287384357e-10 
  1969.0   9.110439809619542e-10 
  1970.0   8.360906461191709e-10 
  1971.0   9.28665673724366e-10 
  1972.0   1.0186678138328728e-09 
  1973.0   1.0114843419973504e-09 
  1974.0   1.0786645528612608e-09 
  1975.0   8.818562952823511e-10 
  1976.0   9.748413659267036e-10 
  1977.0   1.0957969129373816e-09 
  1978.0   1.0498081863175343e-09 
  1979.0   1.3232656233738915e-09 
  1980.0   1.430859830433966e-09 
  1981.0   1.4732441491811715e-09 
  1982.0   1.4233147706120924e-09 
  1983.0   1.3628207496774739e-09 
  1984.0   1.6125417814026617e-09 
  1985.0   1.5538499111665674e-09 
  1986.0   1.4685846105557003e-09 
  1987.0   1.3828915367658777e-09 
  1988.0   1.4246157831590871e-09 
  1989.0   1.3227865933986306e-09 
  1990.0   1.2259750616332934e-09 
  1991.0   1.2279791495728763e-09 
  1992.0   1.3930134353776793e-09 
  1993.0   1.3750093809422616e-09 
  1994.0   1.3165270368687008e-09 
  1995.0   1.184772966138338e-09 
  1996.0   1.170377353740901e-09 
  1997.0   1.241476027880063e-09 
  1998.0   1.2364163246817528e-09 
  1999.0   1.3244160279440628e-09 
  2000.0   1.1939077582907566e-09 
  2001.0   1.1015713119108859e-09 
  2002.0   1.074508950796327e-09 
  2003.0   9.747832879970216e-10 
  2004.0   1.150751421666973e-09 
  2005.0   9.461239162976667e-10 
  2006.0   9.52496802255923e-10 
  2007.0   1.1157897985719838e-09 
  2008.0   1.1983396916374655e-09 
  2009.0   1.0845695453672757e-09 
  2010.0   9.597890323447968e-10 
  2011.0   9.929674528752986e-10 
  2012.0   1.152827884651331e-09 
  2013.0   1.2081971161693297e-09 
  2014.0   1.3676988247176175e-09 
