  1850.0   1.7997945224358303e-12 
  1851.0   4.061366237064019e-11 
  1852.0   4.2635293302697037e-11 
  1853.0   4.477381118598436e-11 
  1854.0   4.6646450927177185e-11 
  1855.0   4.870681179826575e-11 
  1856.0   5.069034107144012e-11 
  1857.0   5.28360709761166e-11 
  1858.0   5.461740200034401e-11 
  1859.0   5.66321427123778e-11 
  1860.0   5.87679104584836e-11 
  1861.0   5.931795523715411e-11 
  1862.0   5.937352516997517e-11 
  1863.0   5.927194465653786e-11 
  1864.0   5.925337067519188e-11 
  1865.0   5.913303264577791e-11 
  1866.0   5.91230771740379e-11 
  1867.0   5.894429062224593e-11 
  1868.0   5.883981133459452e-11 
  1869.0   5.880183749122759e-11 
  1870.0   5.860944146468391e-11 
  1871.0   6.323135024503966e-11 
  1872.0   6.313407905414227e-11 
  1873.0   6.346539414945016e-11 
  1874.0   6.358600409311482e-11 
  1875.0   6.398007821808828e-11 
  1876.0   6.438969031747664e-11 
  1877.0   6.46728970763156e-11 
  1878.0   6.471702850471203e-11 
  1879.0   6.477117901410038e-11 
  1880.0   6.482673165358662e-11 
  1881.0   6.436519594300545e-11 
  1882.0   6.447218446912552e-11 
  1883.0   6.444467749193401e-11 
  1884.0   6.433820570875279e-11 
  1885.0   6.427086166268489e-11 
  1886.0   6.40304161618309e-11 
  1887.0   6.371025716178967e-11 
  1888.0   6.360494947561595e-11 
  1889.0   6.29098973482123e-11 
  1890.0   6.262211166492608e-11 
  1891.0   6.556508043489835e-11 
  1892.0   6.548123396345454e-11 
  1893.0   6.544693276759032e-11 
  1894.0   6.535213643964729e-11 
  1895.0   6.53201476888364e-11 
  1896.0   6.537993704514883e-11 
  1897.0   6.521686063085422e-11 
  1898.0   6.487392504091977e-11 
  1899.0   6.460769369793507e-11 
  1900.0   6.451705082743319e-11 
  1901.0   7.503185288988814e-11 
  1902.0   7.511192434957741e-11 
  1903.0   7.572666989747101e-11 
  1904.0   7.604477684543706e-11 
  1905.0   7.662442873286943e-11 
  1906.0   7.705009281266248e-11 
  1907.0   7.756549585040398e-11 
  1908.0   7.786147976657841e-11 
  1909.0   7.821434375526743e-11 
  1910.0   7.876912370783616e-11 
  1911.0   5.7472347025523356e-11 
  1912.0   5.680240575654106e-11 
  1913.0   5.59405394230152e-11 
  1914.0   5.499913959175648e-11 
  1915.0   5.4003403659781675e-11 
  1916.0   5.3103843904960236e-11 
  1917.0   5.207337612513842e-11 
  1918.0   5.06354020807174e-11 
  1919.0   4.9730160722888344e-11 
  1920.0   4.846669121351333e-11 
  1921.0   6.42825283578791e-11 
  1922.0   6.537521993159765e-11 
  1923.0   6.618304006373192e-11 
  1924.0   6.716777786962351e-11 
  1925.0   6.792414135848412e-11 
  1926.0   6.864314716078146e-11 
  1927.0   6.958731357763485e-11 
  1928.0   7.022608992773315e-11 
  1929.0   7.110928766494151e-11 
  1930.0   7.228517618561536e-11 
  1931.0   7.288582774259636e-11 
  1932.0   7.268205294053766e-11 
  1933.0   7.277098550415519e-11 
  1934.0   7.278667197579748e-11 
  1935.0   7.281849585511054e-11 
  1936.0   7.287132436523799e-11 
  1937.0   7.30718165828298e-11 
  1938.0   7.322530132007761e-11 
  1939.0   7.312410995458028e-11 
  1940.0   7.293107516363211e-11 
  1941.0   6.204097015640724e-11 
  1942.0   6.140090601571252e-11 
  1943.0   6.101525763072272e-11 
  1944.0   6.028397701212063e-11 
  1945.0   5.983916723447438e-11 
  1946.0   5.932982640802029e-11 
  1947.0   5.872917673183551e-11 
  1948.0   5.8158864603223684e-11 
  1949.0   5.765514978855086e-11 
  1950.0   5.7055849749204806e-11 
  1951.0   6.060975959216122e-11 
  1952.0   6.058167321130615e-11 
  1953.0   6.069491886599196e-11 
  1954.0   6.072653738047394e-11 
  1955.0   6.122230415704855e-11 
  1956.0   6.144561064125232e-11 
  1957.0   6.154817407853356e-11 
  1958.0   6.187119663809257e-11 
  1959.0   6.209936965836282e-11 
  1960.0   6.239098406453171e-11 
  1961.0   3.030235804742953e-11 
  1962.0   2.871935388771689e-11 
  1963.0   2.7120242736906515e-11 
  1964.0   2.5501401473567286e-11 
  1965.0   2.3831406676667672e-11 
  1966.0   2.2205977300141578e-11 
  1967.0   2.025215658669567e-11 
  1968.0   1.8787336864627597e-11 
  1969.0   1.714180392863409e-11 
  1970.0   1.5309775874829834e-11 
  1971.0   1.0999914276960002e-11 
  1972.0   1.080291801023634e-11 
  1973.0   1.063566256595495e-11 
  1974.0   1.0479239768088559e-11 
  1975.0   1.017908413007572e-11 
  1976.0   9.973129121915135e-12 
  1977.0   9.893553224954894e-12 
  1978.0   9.691980891438715e-12 
  1979.0   9.379379852111257e-12 
  1980.0   9.316056938702406e-12 
  1981.0   7.413235121149747e-12 
  1982.0   7.223534127838453e-12 
  1983.0   7.1334406687061075e-12 
  1984.0   6.9209804299615554e-12 
  1985.0   6.7916968389102444e-12 
  1986.0   6.609012430651673e-12 
  1987.0   6.527164164465674e-12 
  1988.0   6.4007182884448325e-12 
  1989.0   6.198437618641526e-12 
  1990.0   6.121031822318615e-12 
  1991.0   6.633000638602464e-12 
  1992.0   6.88621012769808e-12 
  1993.0   6.4176802109734466e-12 
  1994.0   6.5051822399368515e-12 
  1995.0   6.350347879651569e-12 
  1996.0   6.482212197820499e-12 
  1997.0   6.791937774278064e-12 
  1998.0   6.376637393085395e-12 
  1999.0   6.487386617598324e-12 
  2000.0   6.292657596855569e-12 
  2001.0   8.481516347096322e-12 
  2002.0   1.6981468593533826e-11 
  2003.0   1.5795757689988336e-11 
  2004.0   4.359570275717517e-11 
  2005.0   7.050073762607202e-11 
  2006.0   6.962945923631555e-11 
  2007.0   2.0544566456959438e-11 
  2008.0   6.299823748737011e-11 
  2009.0   1.961612176571941e-11 
  2010.0   9.474361275846992e-11 
  2011.0   3.203282216731451e-11 
  2012.0   4.160421201728974e-11 
  2013.0   6.268406196093081e-11 
  2014.0   4.574692037508424e-11 
