  1850.0   3.3400013591886863 
  1851.0   3.4374955177588786 
  1852.0   3.2625527320519034 
  1853.0   3.3452687638695338 
  1854.0   3.2915040292654636 
  1855.0   3.5518194374985104 
  1856.0   3.3498304140948756 
  1857.0   3.2759977591401848 
  1858.0   3.3418016623884 
  1859.0   3.2288182102346124 
  1860.0   3.13922501799404 
  1861.0   3.2953629663411808 
  1862.0   3.2232095575467627 
  1863.0   3.4324665266788026 
  1864.0   3.5175219878816946 
  1865.0   3.4351264712192666 
  1866.0   3.582546752748495 
  1867.0   3.3591741959187713 
  1868.0   3.2152152073836238 
  1869.0   3.3449685413602275 
  1870.0   3.154411410318095 
  1871.0   3.290555247908161 
  1872.0   3.2259456755993043 
  1873.0   3.1492879843564223 
  1874.0   3.2534188179436705 
  1875.0   3.050150547866126 
  1876.0   3.3141851657322494 
  1877.0   3.127934697624512 
  1878.0   3.2355104821804495 
  1879.0   3.2150956628030016 
  1880.0   3.13379177765237 
  1881.0   3.2015639023546094 
  1882.0   3.206127576429679 
  1883.0   3.3243146871485796 
  1884.0   3.0280042598207397 
  1885.0   3.1837923792472833 
  1886.0   3.187764129703692 
  1887.0   3.1858964857858907 
  1888.0   3.0802081080185237 
  1889.0   2.8983208908374642 
  1890.0   3.07885081350258 
  1891.0   3.1029502229833668 
  1892.0   2.9520706034722877 
  1893.0   2.7865374431524867 
  1894.0   3.0569392325770655 
  1895.0   3.0267042081624425 
  1896.0   3.0088214597488356 
  1897.0   3.0434909055622934 
  1898.0   2.983608799625491 
  1899.0   3.2342930994683687 
  1900.0   3.0018401604403118 
  1901.0   3.2818996361768447 
  1902.0   3.1970431230414054 
  1903.0   3.045946944546363 
  1904.0   3.1738693471817996 
  1905.0   3.0476128198272754 
  1906.0   2.9545303050011964 
  1907.0   2.9513236396981855 
  1908.0   2.9285347665703423 
  1909.0   2.9825866077241763 
  1910.0   2.9668861761690515 
  1911.0   3.0901643605978215 
  1912.0   3.2085514283845322 
  1913.0   2.908690304699586 
  1914.0   3.1843929447346553 
  1915.0   3.087003389122043 
  1916.0   3.1740269785367996 
  1917.0   2.9189683853830743 
  1918.0   3.2562600879114645 
  1919.0   3.0535033402821816 
  1920.0   3.117371005315455 
  1921.0   3.332650513627814 
  1922.0   3.1476793893276045 
  1923.0   3.3276708365235534 
  1924.0   3.118379549875703 
  1925.0   3.112512709705224 
  1926.0   2.9833058712003226 
  1927.0   3.2015809481839796 
  1928.0   3.121124717968096 
  1929.0   3.280448297190405 
  1930.0   3.1259745463782083 
  1931.0   3.1500725826634337 
  1932.0   3.202513334353439 
  1933.0   3.1147180954074773 
  1934.0   2.9204558575590207 
  1935.0   3.150754476553011 
  1936.0   3.074423563096697 
  1937.0   3.195575200322084 
  1938.0   3.1582779371983714 
  1939.0   3.0764575734087076 
  1940.0   3.1092234236076277 
  1941.0   3.3094725649728707 
  1942.0   2.8748110015081005 
  1943.0   3.0661946595779628 
  1944.0   3.1185437428758482 
  1945.0   3.1460292169253066 
  1946.0   3.1435731732039613 
  1947.0   3.123182233017075 
  1948.0   3.119847348247435 
  1949.0   2.9717008297015206 
  1950.0   3.304679655782511 
  1951.0   3.199882963788164 
  1952.0   3.1784680028596966 
  1953.0   3.2210056793616157 
  1954.0   3.0671240477811854 
  1955.0   3.0272370618415714 
  1956.0   3.0241960320923233 
  1957.0   3.139016153404623 
  1958.0   3.189016230794166 
  1959.0   3.2483265425305956 
  1960.0   3.3251869342286047 
  1961.0   3.0890245744756903 
  1962.0   3.1985113465166743 
  1963.0   3.225263529034698 
  1964.0   3.2237071836487003 
  1965.0   3.231655633520692 
  1966.0   3.287585259102991 
  1967.0   3.0074410711014856 
  1968.0   3.2274388153038274 
  1969.0   3.2308926202099113 
  1970.0   3.014545719577499 
  1971.0   3.1951127310889644 
  1972.0   3.245908422243165 
  1973.0   3.162358883235081 
  1974.0   3.08308211684496 
  1975.0   3.1505710392916955 
  1976.0   3.1407246720452497 
  1977.0   3.1843208921924826 
  1978.0   3.1151310836535844 
  1979.0   3.064552129320393 
  1980.0   3.0213603786069467 
  1981.0   3.1811602555681353 
  1982.0   3.1494020747207605 
  1983.0   3.428936159504095 
  1984.0   3.3481349132612985 
  1985.0   3.2323449250027494 
  1986.0   3.174389592882814 
  1987.0   3.433892616804745 
  1988.0   3.401681735068778 
  1989.0   3.3274866381317936 
  1990.0   3.486098689969696 
  1991.0   3.480884453816487 
  1992.0   3.2712514613964734 
  1993.0   3.4295406031252225 
  1994.0   3.3526376409579086 
  1995.0   3.5901218354616637 
  1996.0   3.5507212599160014 
  1997.0   3.9700117239099098 
  1998.0   3.6946250563410294 
  1999.0   3.7894590231392913 
  2000.0   3.7039506604465395 
  2001.0   3.7852067561144276 
  2002.0   3.692781772240579 
  2003.0   3.7294137623896373 
  2004.0   3.976051457765812 
  2005.0   3.8844231485269134 
  2006.0   3.9460160586958093 
  2007.0   4.110747569594581 
  2008.0   4.356787828134044 
  2009.0   3.997709253841434 
  2010.0   3.7045234508406693 
  2011.0   4.088986359311578 
  2012.0   4.037278712701168 
  2013.0   4.111271859094905 
  2014.0   3.9299530000133434 
