  1850.0   2.2206448002969164 
  1851.0   1.8894540362714733 
  1852.0   2.0393137884013552 
  1853.0   2.1680489619938563 
  1854.0   2.232924206707976 
  1855.0   2.0692307510951986 
  1856.0   2.2556892008642797 
  1857.0   2.1902949833193057 
  1858.0   2.1505863704849513 
  1859.0   2.146792705556265 
  1860.0   2.1072263325413267 
  1861.0   2.308495276036922 
  1862.0   2.2313461091172497 
  1863.0   2.0413684699768497 
  1864.0   2.1100086141986956 
  1865.0   2.195143641887503 
  1866.0   2.046463590532389 
  1867.0   2.1621002582945685 
  1868.0   2.1718799684687893 
  1869.0   2.3174674275595866 
  1870.0   2.268446197571112 
  1871.0   2.09213370824894 
  1872.0   1.935747206239456 
  1873.0   2.179985169480107 
  1874.0   2.2681910455017924 
  1875.0   2.162120817380099 
  1876.0   2.186216663208955 
  1877.0   2.1511410503704393 
  1878.0   2.021011510501429 
  1879.0   2.1765417534727303 
  1880.0   2.1233328721947973 
  1881.0   2.0971764299079028 
  1882.0   2.18546693806572 
  1883.0   2.163474592041311 
  1884.0   2.2267761340170984 
  1885.0   2.0215310757295795 
  1886.0   2.1682426473394947 
  1887.0   1.8563019853050642 
  1888.0   2.0815908850284983 
  1889.0   1.9740008346723368 
  1890.0   2.064593975550624 
  1891.0   1.9679461788840238 
  1892.0   2.077035092422653 
  1893.0   2.192386042070745 
  1894.0   2.0485346716942705 
  1895.0   2.2243414519152904 
  1896.0   2.1598520541343977 
  1897.0   2.3460981233757607 
  1898.0   2.047080179009116 
  1899.0   2.1743090369696114 
  1900.0   2.0575819276107508 
  1901.0   2.0597573640817823 
  1902.0   1.9465566210610292 
  1903.0   2.2962471776595414 
  1904.0   2.2181979383293076 
  1905.0   2.1037457095366197 
  1906.0   2.0524774928483955 
  1907.0   2.1320149815214746 
  1908.0   2.005244666790054 
  1909.0   2.1818247220274265 
  1910.0   2.106350211967126 
  1911.0   2.139078330211863 
  1912.0   2.1622675185059217 
  1913.0   2.2469155578963327 
  1914.0   2.1570165277585494 
  1915.0   2.201711719758222 
  1916.0   2.301317870013575 
  1917.0   2.349027407324536 
  1918.0   2.164665925739882 
  1919.0   2.2325009379807756 
  1920.0   2.0714859610518173 
  1921.0   2.222464043352978 
  1922.0   2.2171573716989776 
  1923.0   2.1658486575146765 
  1924.0   1.9852533051837975 
  1925.0   2.1306011835353513 
  1926.0   1.9697600049324415 
  1927.0   2.0753547761259767 
  1928.0   2.1418112506999023 
  1929.0   1.9859825114312077 
  1930.0   2.088111143692772 
  1931.0   2.173675163192836 
  1932.0   1.993612041513261 
  1933.0   1.8807134582399883 
  1934.0   2.178448710253479 
  1935.0   2.308456263369768 
  1936.0   1.9542907807200287 
  1937.0   1.9946440502853744 
  1938.0   1.996987657276987 
  1939.0   1.9348169320791058 
  1940.0   2.057648156470596 
  1941.0   2.282410946078677 
  1942.0   2.265484297163035 
  1943.0   2.0407740607518803 
  1944.0   2.078980687390215 
  1945.0   2.137924727649154 
  1946.0   2.305230336206116 
  1947.0   2.28087194457077 
  1948.0   2.2521905042268133 
  1949.0   2.1570646215504783 
  1950.0   2.0889648526203244 
  1951.0   2.114199204933387 
  1952.0   2.177138023031943 
  1953.0   2.0563797021614025 
  1954.0   1.9352623195324161 
  1955.0   2.181781369742629 
  1956.0   1.947681103602703 
  1957.0   2.152004209828148 
  1958.0   1.9840527279359497 
  1959.0   2.2677551290630618 
  1960.0   1.9791362734008675 
  1961.0   2.1180474575222368 
  1962.0   1.8984473234721821 
  1963.0   2.190992390301783 
  1964.0   2.2102014709071294 
  1965.0   2.0612282985725745 
  1966.0   1.9712290581764846 
  1967.0   1.8977505403892792 
  1968.0   2.0636144101114153 
  1969.0   2.2120522043379682 
  1970.0   2.16540502527592 
  1971.0   2.116029327341229 
  1972.0   2.265132829172303 
  1973.0   2.2947648187252527 
  1974.0   2.0568306927655273 
  1975.0   2.1007668626674634 
  1976.0   2.0904093629938107 
  1977.0   2.0350411620809483 
  1978.0   2.115885358773698 
  1979.0   1.9848957941961083 
  1980.0   2.0328808995956598 
  1981.0   2.0455856417127793 
  1982.0   2.065446921275775 
  1983.0   2.1109451787660936 
  1984.0   2.1668597406787407 
  1985.0   2.0671748914015327 
  1986.0   2.086085937864591 
  1987.0   2.115570411835366 
  1988.0   2.1323476176220355 
  1989.0   2.2663990583113764 
  1990.0   2.1520457726236435 
  1991.0   2.0025080360187966 
  1992.0   2.1997383196621 
  1993.0   2.208109925617777 
  1994.0   1.9615134698547476 
  1995.0   2.058161462269189 
  1996.0   2.1122253695670827 
  1997.0   2.0906224525906953 
  1998.0   1.9405429390465199 
  1999.0   2.026526210908214 
  2000.0   2.078690939582791 
  2001.0   2.0122062014519284 
  2002.0   2.2276958555611506 
  2003.0   2.00346122634256 
  2004.0   1.8356230239451332 
  2005.0   1.9600616629709675 
  2006.0   2.269611140755925 
  2007.0   2.0338871554667897 
  2008.0   2.05609831549143 
  2009.0   2.038212968017766 
  2010.0   1.93128666927278 
  2011.0   2.08063506206932 
  2012.0   2.2375269262028397 
  2013.0   2.2899967008565527 
  2014.0   1.976645491318731 
