  1850.0   50.230263216161134 
  1851.0   50.22832813487909 
  1852.0   50.245489148139775 
  1853.0   50.26425834903817 
  1854.0   50.2715996747773 
  1855.0   50.24088265018376 
  1856.0   50.1997844993667 
  1857.0   50.15024957346363 
  1858.0   50.09247480066403 
  1859.0   50.05023228019293 
  1860.0   50.01896852682935 
  1861.0   50.017345132941635 
  1862.0   50.028533943159836 
  1863.0   50.04273283806444 
  1864.0   50.07507160369981 
  1865.0   50.09786941963227 
  1866.0   50.0981515290333 
  1867.0   50.08670110033615 
  1868.0   50.060361935128874 
  1869.0   50.04610131350379 
  1870.0   50.01636066279055 
  1871.0   49.98801297003062 
  1872.0   49.981252802476575 
  1873.0   49.97330737054684 
  1874.0   49.97139184542617 
  1875.0   49.988267278253794 
  1876.0   50.013591027812396 
  1877.0   50.02963813511202 
  1878.0   50.04399105188562 
  1879.0   50.057651905380695 
  1880.0   50.07191967335564 
  1881.0   50.08465778768489 
  1882.0   50.10032999884977 
  1883.0   50.10812861881783 
  1884.0   50.128345802858355 
  1885.0   50.17347988091523 
  1886.0   50.228504840407794 
  1887.0   50.285409258473365 
  1888.0   50.35628249128344 
  1889.0   50.42235361413388 
  1890.0   50.450092159202775 
  1891.0   50.448010164854594 
  1892.0   50.4456899496769 
  1893.0   50.48243488425904 
  1894.0   50.516490996085 
  1895.0   50.52398384439956 
  1896.0   50.53251928976777 
  1897.0   50.56674176108575 
  1898.0   50.61303900416398 
  1899.0   50.65083991890408 
  1900.0   50.68256214224804 
  1901.0   50.727040376176745 
  1902.0   50.78830335028932 
  1903.0   50.84019343437843 
  1904.0   50.896334088614324 
  1905.0   50.946308101315594 
  1906.0   50.99477679643922 
  1907.0   51.03388641141869 
  1908.0   51.075050573448685 
  1909.0   51.11124772193534 
  1910.0   51.10465948191085 
  1911.0   51.08020118228166 
  1912.0   51.055551797710116 
  1913.0   51.04531485884743 
  1914.0   51.06933395395126 
  1915.0   51.0743536810042 
  1916.0   51.0468363995623 
  1917.0   51.04468788132447 
  1918.0   51.06812978148584 
  1919.0   51.08341474464193 
  1920.0   51.101568802793054 
  1921.0   51.11861685552071 
  1922.0   51.157570807185856 
  1923.0   51.19661455256331 
  1924.0   51.238621739082326 
  1925.0   51.28095655176604 
  1926.0   51.30839128201725 
  1927.0   51.347871424732695 
  1928.0   51.353521321283466 
  1929.0   51.36396914200547 
  1930.0   51.38816398116889 
  1931.0   51.39991916698242 
  1932.0   51.419092811091446 
  1933.0   51.447457084379366 
  1934.0   51.46846266345517 
  1935.0   51.502493520294664 
  1936.0   51.538106850513316 
  1937.0   51.56868760158197 
  1938.0   51.60708641048109 
  1939.0   51.6613708844154 
  1940.0   51.72313458748207 
  1941.0   51.78423987759016 
  1942.0   51.831426817105324 
  1943.0   51.878677894114766 
  1944.0   51.90184003308024 
  1945.0   51.91319999636442 
  1946.0   51.92157912838096 
  1947.0   51.95057779237747 
  1948.0   51.9808371830505 
  1949.0   51.996269263850415 
  1950.0   51.9892122923087 
  1951.0   52.002926110487834 
  1952.0   52.03334219600124 
  1953.0   52.063337930255415 
  1954.0   52.09968777671155 
  1955.0   52.1210303060715 
  1956.0   52.12241424575176 
  1957.0   52.14505553489681 
  1958.0   52.1811691136734 
  1959.0   52.210076134593734 
  1960.0   52.24984609259389 
  1961.0   52.28935878482206 
  1962.0   52.31535699662045 
  1963.0   52.33561099615504 
  1964.0   52.36322795593618 
  1965.0   52.403918133842836 
  1966.0   52.433670321585886 
  1967.0   52.48073606061927 
  1968.0   52.531998792042415 
  1969.0   52.57482784436484 
  1970.0   52.63178333000747 
  1971.0   52.69364241610049 
  1972.0   52.74945283628351 
  1973.0   52.818879997528335 
  1974.0   52.88487991885022 
  1975.0   52.9276961784716 
  1976.0   52.97752640692776 
  1977.0   53.031065055848565 
  1978.0   53.08526829291445 
  1979.0   53.13135326795175 
  1980.0   53.17822087510702 
  1981.0   53.23839728136402 
  1982.0   53.30635588517089 
  1983.0   53.38318558101496 
  1984.0   53.451630756380915 
  1985.0   53.53320849316985 
  1986.0   53.60787538977247 
  1987.0   53.67185414001099 
  1988.0   53.74674866043532 
  1989.0   53.80858654657864 
  1990.0   53.858277209345836 
  1991.0   53.912525225958476 
  1992.0   53.97396285224063 
  1993.0   54.03916308652755 
  1994.0   54.09900549808827 
  1995.0   54.14126865162159 
  1996.0   54.17051029608952 
  1997.0   54.21377023915665 
  1998.0   54.257019431398966 
  1999.0   54.28776950328952 
  2000.0   54.33423494857302 
  2001.0   54.37552653208796 
  2002.0   54.39550169591474 
  2003.0   54.4014316868779 
  2004.0   54.35171402908969 
  2005.0   54.28873809985853 
  2006.0   54.263419017958796 
  2007.0   54.276251768721266 
  2008.0   54.3456365112017 
  2009.0   54.410231459032666 
  2010.0   54.43872699152831 
  2011.0   54.40923557530903 
  2012.0   54.35058072041751 
  2013.0   54.342696222608666 
  2014.0   54.38823238776487 
