  1850.0   2.449186790788551 
  1851.0   2.467946741226456 
  1852.0   2.3685602386549074 
  1853.0   2.3801921835762467 
  1854.0   2.45190578747234 
  1855.0   2.4021267316910335 
  1856.0   2.377578462610548 
  1857.0   2.4463888709493813 
  1858.0   2.367240333192184 
  1859.0   2.417719896440643 
  1860.0   2.4036627252856926 
  1861.0   2.436682512640211 
  1862.0   2.3874522337405457 
  1863.0   2.3921792666784376 
  1864.0   2.298930462958665 
  1865.0   2.4434487810709853 
  1866.0   2.3968684040392922 
  1867.0   2.384788886587188 
  1868.0   2.4021874245984134 
  1869.0   2.387585564233985 
  1870.0   2.3554172240499427 
  1871.0   2.3970858028091806 
  1872.0   2.437539112059494 
  1873.0   2.4211267290279204 
  1874.0   2.379208920532581 
  1875.0   2.375537620172111 
  1876.0   2.3731927013567615 
  1877.0   2.3466831163707775 
  1878.0   2.3784800410656497 
  1879.0   2.390669766662357 
  1880.0   2.3277623705131543 
  1881.0   2.431910150785098 
  1882.0   2.3551054351352403 
  1883.0   2.304499935463053 
  1884.0   2.310517396097166 
  1885.0   2.2490089920345757 
  1886.0   2.21186456053317 
  1887.0   2.3418415973027833 
  1888.0   2.3436245401868545 
  1889.0   2.3032169822566053 
  1890.0   2.302747040159241 
  1891.0   2.2908863371560346 
  1892.0   2.297272941721619 
  1893.0   2.3171747090366295 
  1894.0   2.2547116917755923 
  1895.0   2.331944020140841 
  1896.0   2.356029276409938 
  1897.0   2.259773058410782 
  1898.0   2.354589421194117 
  1899.0   2.3125888052294417 
  1900.0   2.362480355524883 
  1901.0   2.256810307960319 
  1902.0   2.369728528374276 
  1903.0   2.291753595097752 
  1904.0   2.183616892473534 
  1905.0   2.232448930149599 
  1906.0   2.265406436480288 
  1907.0   2.293480022148369 
  1908.0   2.319833198565554 
  1909.0   2.260583118257226 
  1910.0   2.3086718593675046 
  1911.0   2.3549060575100795 
  1912.0   2.333118483630053 
  1913.0   2.260519204870866 
  1914.0   2.3110052855576435 
  1915.0   2.310756909950906 
  1916.0   2.3559251473094895 
  1917.0   2.287421835704877 
  1918.0   2.2215921913875154 
  1919.0   2.2519697403458383 
  1920.0   2.2648444349231607 
  1921.0   2.2348865321317546 
  1922.0   2.292525417943486 
  1923.0   2.277854712023836 
  1924.0   2.2816793934976625 
  1925.0   2.2688798725646793 
  1926.0   2.3545710592432068 
  1927.0   2.3939876880922895 
  1928.0   2.368562229112289 
  1929.0   2.343153905412352 
  1930.0   2.3279735115488647 
  1931.0   2.2947575891410086 
  1932.0   2.38573837803591 
  1933.0   2.394482941864171 
  1934.0   2.4163624157067614 
  1935.0   2.2825861826010785 
  1936.0   2.3549425980049072 
  1937.0   2.4122040022344984 
  1938.0   2.421110082512289 
  1939.0   2.3100927227401105 
  1940.0   2.2759351449436545 
  1941.0   2.243057489037037 
  1942.0   2.19536536613258 
  1943.0   2.3781209839706605 
  1944.0   2.2771642240625036 
  1945.0   2.3329599528629594 
  1946.0   2.385274740959011 
  1947.0   2.251493905710973 
  1948.0   2.3226320224358243 
  1949.0   2.3890991612724406 
  1950.0   2.4251302850312135 
  1951.0   2.2982180312349345 
  1952.0   2.31529965782618 
  1953.0   2.3482658199099404 
  1954.0   2.250189498883854 
  1955.0   2.324293755945497 
  1956.0   2.3282357263342144 
  1957.0   2.2568472216340134 
  1958.0   2.2946943651751073 
  1959.0   2.3193416822935875 
  1960.0   2.378187793203132 
  1961.0   2.4394194787855925 
  1962.0   2.237379537701488 
  1963.0   2.3290370191338736 
  1964.0   2.325935453111686 
  1965.0   2.2930157811997103 
  1966.0   2.3957271901668236 
  1967.0   2.337337441487815 
  1968.0   2.4237212799371832 
  1969.0   2.410871654341748 
  1970.0   2.480134619187264 
  1971.0   2.476259669571108 
  1972.0   2.4168125993729896 
  1973.0   2.441540155443008 
  1974.0   2.3958683756875456 
  1975.0   2.4864015299096858 
  1976.0   2.4983677700215696 
  1977.0   2.492773693492406 
  1978.0   2.533699971348202 
  1979.0   2.556734462737337 
  1980.0   2.5667915903863894 
  1981.0   2.6668454337110044 
  1982.0   2.6271898446213995 
  1983.0   2.6540189159399903 
  1984.0   2.530830122642395 
  1985.0   2.618683076802537 
  1986.0   2.590638154901995 
  1987.0   2.596428426962884 
  1988.0   2.758339523573693 
  1989.0   2.72198789143665 
  1990.0   2.7616053453701865 
  1991.0   2.853175729057631 
  1992.0   2.598878646944533 
  1993.0   2.6737899197041908 
  1994.0   2.712779394580631 
  1995.0   2.7851041014827556 
  1996.0   2.8910333669753467 
  1997.0   2.8394526372041686 
  1998.0   2.724117954189346 
  1999.0   2.8585416333734925 
  2000.0   2.902099597126772 
  2001.0   2.8819194857883397 
  2002.0   2.838036310780262 
  2003.0   2.8422526671786454 
  2004.0   3.0105346602572216 
  2005.0   3.0691549434639924 
  2006.0   3.000837267883971 
  2007.0   2.8817858117549977 
  2008.0   2.942498744063061 
  2009.0   2.9462936164612024 
  2010.0   2.962420840235369 
  2011.0   2.927535425394393 
  2012.0   2.9393765867663 
  2013.0   3.0277753844941064 
  2014.0   2.9584701011387 
