  1850.0   2.7072013267487675e-11 
  1851.0   7.442917418603921e-11 
  1852.0   1.1280879801659075e-10 
  1853.0   1.430691001221972e-10 
  1854.0   1.6667974654523539e-10 
  1855.0   1.8528556051528344e-10 
  1856.0   1.9988077928337626e-10 
  1857.0   2.1120955847225946e-10 
  1858.0   2.1999416740566766e-10 
  1859.0   2.2691803794291947e-10 
  1860.0   2.3240377764179126e-10 
  1861.0   2.366587521161703e-10 
  1862.0   2.399823323706195e-10 
  1863.0   2.423318618633828e-10 
  1864.0   2.438002042493569e-10 
  1865.0   2.4455686975299306e-10 
  1866.0   2.4447337842010684e-10 
  1867.0   2.4397240492667245e-10 
  1868.0   2.4323458751086446e-10 
  1869.0   2.4219120745805504e-10 
  1870.0   2.4079939645572066e-10 
  1871.0   2.393438491021531e-10 
  1872.0   2.3772727576107164e-10 
  1873.0   2.3584249204322846e-10 
  1874.0   2.3360954802211613e-10 
  1875.0   2.3109303302856628e-10 
  1876.0   2.286027740687593e-10 
  1877.0   2.2625767337799964e-10 
  1878.0   2.240464648471613e-10 
  1879.0   2.2204796855867602e-10 
  1880.0   2.2004803986498545e-10 
  1881.0   2.1813921096122392e-10 
  1882.0   2.164090799016487e-10 
  1883.0   2.1485473764894405e-10 
  1884.0   2.133339699022764e-10 
  1885.0   2.1172523385392254e-10 
  1886.0   2.0991420387203984e-10 
  1887.0   2.0793242910778192e-10 
  1888.0   2.059851612297912e-10 
  1889.0   2.0407998803095188e-10 
  1890.0   2.0239078073883095e-10 
  1891.0   2.0079974470600302e-10 
  1892.0   1.9927127681615635e-10 
  1893.0   1.9787840298489996e-10 
  1894.0   1.9659177783100358e-10 
  1895.0   1.9529173285001643e-10 
  1896.0   1.9405290305976615e-10 
  1897.0   1.9280293561871315e-10 
  1898.0   1.9134305857644415e-10 
  1899.0   1.8993340554536786e-10 
  1900.0   1.8868352280194077e-10 
  1901.0   1.8732335451213594e-10 
  1902.0   1.8602377965657467e-10 
  1903.0   1.8496845901595932e-10 
  1904.0   1.8407361688909628e-10 
  1905.0   1.8313824045702498e-10 
  1906.0   1.820228844851837e-10 
  1907.0   1.8102767241680235e-10 
  1908.0   1.7998395840297252e-10 
  1909.0   1.789228557900494e-10 
  1910.0   1.7713594314992192e-10 
  1911.0   1.748340155572708e-10 
  1912.0   1.728258072274963e-10 
  1913.0   1.708665338678417e-10 
  1914.0   1.6900269257341278e-10 
  1915.0   1.6734913191631808e-10 
  1916.0   1.6584079214668516e-10 
  1917.0   1.6504746715612453e-10 
  1918.0   1.6503021201425335e-10 
  1919.0   1.6470346182009603e-10 
  1920.0   1.6409484947337494e-10 
  1921.0   1.6299250397743487e-10 
  1922.0   1.611065183817595e-10 
  1923.0   1.587830358735929e-10 
  1924.0   1.5636335451001426e-10 
  1925.0   1.5443097672650063e-10 
  1926.0   1.529882810698478e-10 
  1927.0   1.517080879146441e-10 
  1928.0   1.5024119157457233e-10 
  1929.0   1.4941767438913127e-10 
  1930.0   1.4966792132207613e-10 
  1931.0   1.504106324585088e-10 
  1932.0   1.509130384392671e-10 
  1933.0   1.5118616966573282e-10 
  1934.0   1.5136814520533084e-10 
  1935.0   1.5142923372159791e-10 
  1936.0   1.5145545547091563e-10 
  1937.0   1.5134005354080002e-10 
  1938.0   1.509534132675025e-10 
  1939.0   1.5039329712180286e-10 
  1940.0   1.5011622507284303e-10 
  1941.0   1.5016221678204924e-10 
  1942.0   1.5028159649666192e-10 
  1943.0   1.5046317186448234e-10 
  1944.0   1.507657406712805e-10 
  1945.0   1.510158954526007e-10 
  1946.0   1.5127020290037897e-10 
  1947.0   1.5161377051700024e-10 
  1948.0   1.5196439653029478e-10 
  1949.0   1.522822011330786e-10 
  1950.0   1.5233767859827464e-10 
  1951.0   1.5217902580578588e-10 
  1952.0   1.5211769333793926e-10 
  1953.0   1.5212976043173285e-10 
  1954.0   1.5215163842803856e-10 
  1955.0   1.521511263476676e-10 
  1956.0   1.524988830355686e-10 
  1957.0   1.5269384707221253e-10 
  1958.0   1.5199685149688022e-10 
  1959.0   1.5030806328626314e-10 
  1960.0   1.477177007105632e-10 
  1961.0   1.4488512798014775e-10 
  1962.0   1.4294117260220882e-10 
  1963.0   1.416986826132489e-10 
  1964.0   1.4023534583434776e-10 
  1965.0   1.38935030361255e-10 
  1966.0   1.382497034345937e-10 
  1967.0   1.3784002268882208e-10 
  1968.0   1.379738463614161e-10 
  1969.0   1.38140353595855e-10 
  1970.0   1.3844351267068812e-10 
  1971.0   1.3974030612887472e-10 
  1972.0   1.4180377019899787e-10 
  1973.0   1.432047248707569e-10 
  1974.0   1.4409876655905332e-10 
  1975.0   1.4549723621448857e-10 
  1976.0   1.4605829124445561e-10 
  1977.0   1.4573377747155124e-10 
  1978.0   1.450855748741391e-10 
  1979.0   1.4447544395877405e-10 
  1980.0   1.4518690394677035e-10 
  1981.0   1.467271215051469e-10 
  1982.0   1.4808460089777183e-10 
  1983.0   1.4884600170676994e-10 
  1984.0   1.493729061103579e-10 
  1985.0   1.5037306526994708e-10 
  1986.0   1.5143357394288977e-10 
  1987.0   1.522514017633496e-10 
  1988.0   1.5299232179146825e-10 
  1989.0   1.543086361691033e-10 
  1990.0   1.5652203428420028e-10 
  1991.0   1.5860947279474866e-10 
  1992.0   1.5862120288353555e-10 
  1993.0   1.5704399145635008e-10 
  1994.0   1.5566441309782873e-10 
  1995.0   1.5547119755886e-10 
  1996.0   1.5683426889034795e-10 
  1997.0   1.5782353246681773e-10 
  1998.0   1.586925370050919e-10 
  1999.0   1.6007259301542417e-10 
  2000.0   1.6157424883408363e-10 
  2001.0   1.6444985884724475e-10 
  2002.0   1.6685212476114279e-10 
  2003.0   1.6837853931829606e-10 
  2004.0   1.7284408071677045e-10 
  2005.0   1.769994357056594e-10 
  2006.0   1.8052078981874277e-10 
  2007.0   1.8286818496151735e-10 
  2008.0   1.850366434485296e-10 
  2009.0   1.8827026545789739e-10 
  2010.0   1.888902258542224e-10 
  2011.0   1.8914816846575187e-10 
  2012.0   1.903652159283535e-10 
  2013.0   1.918051835039867e-10 
  2014.0   1.9332482499990622e-10 
