  1850.0   1.2514727285870615 
  1851.0   1.3425058824247376 
  1852.0   1.2173083047720332 
  1853.0   1.2455878277616883 
  1854.0   1.3329191859784446 
  1855.0   1.2970914963582312 
  1856.0   1.1624888163410934 
  1857.0   1.264516945710789 
  1858.0   1.2460440180280956 
  1859.0   1.2791074747034414 
  1860.0   1.396767729702853 
  1861.0   1.3125184365325406 
  1862.0   1.3134568697133007 
  1863.0   1.3392708252069605 
  1864.0   1.3819648135817988 
  1865.0   1.322827710518805 
  1866.0   1.4031986042707076 
  1867.0   1.3228798100539665 
  1868.0   1.1341423754420314 
  1869.0   1.1745276294533384 
  1870.0   1.2728558257857001 
  1871.0   1.2343650512528352 
  1872.0   1.1840051957543871 
  1873.0   1.2646458244219692 
  1874.0   1.2457864449449387 
  1875.0   1.298278288001473 
  1876.0   1.1835460655767929 
  1877.0   1.2652390252717125 
  1878.0   1.3264264614622374 
  1879.0   1.2970601749953348 
  1880.0   1.2064628895322125 
  1881.0   1.3676487846559207 
  1882.0   1.3420784757801796 
  1883.0   1.1895634017127368 
  1884.0   1.2952617938972513 
  1885.0   1.1640566840164743 
  1886.0   1.2281650056746585 
  1887.0   1.1953961789457266 
  1888.0   1.2455525842903326 
  1889.0   1.160322505913161 
  1890.0   1.2564600174506078 
  1891.0   1.3910470233559156 
  1892.0   1.2751743419419137 
  1893.0   1.2839826040130051 
  1894.0   1.25738077945023 
  1895.0   1.321693601126622 
  1896.0   1.26533557680352 
  1897.0   1.2897538074702501 
  1898.0   1.2697972897045031 
  1899.0   1.295872297672413 
  1900.0   1.2873615999396257 
  1901.0   1.2347182687615519 
  1902.0   1.3198500689748687 
  1903.0   1.3955652746475824 
  1904.0   1.2058360860067319 
  1905.0   1.326971114294301 
  1906.0   1.344360380427162 
  1907.0   1.2766420900581008 
  1908.0   1.2438414529904613 
  1909.0   1.2951017056787841 
  1910.0   1.3268101611121277 
  1911.0   1.2220979269028782 
  1912.0   1.3098217077033263 
  1913.0   1.281288900226516 
  1914.0   1.2860740156746375 
  1915.0   1.2684652034012076 
  1916.0   1.2266702004481838 
  1917.0   1.3863441582519918 
  1918.0   1.2811335009785978 
  1919.0   1.3296410290015581 
  1920.0   1.2602487702617016 
  1921.0   1.3897695895458126 
  1922.0   1.3392777926331214 
  1923.0   1.192801349263768 
  1924.0   1.3242955982430566 
  1925.0   1.2627737280003497 
  1926.0   1.3091167594976794 
  1927.0   1.3338618913981382 
  1928.0   1.165438895542258 
  1929.0   1.282288273361847 
  1930.0   1.4110963796584797 
  1931.0   1.266385720056263 
  1932.0   1.3243109795701264 
  1933.0   1.4202418606541325 
  1934.0   1.2949320801094584 
  1935.0   1.3114387363710451 
  1936.0   1.3363572777568153 
  1937.0   1.3105417121343987 
  1938.0   1.318549135431309 
  1939.0   1.3641527381550713 
  1940.0   1.412012777658317 
  1941.0   1.3928567691457 
  1942.0   1.3630153004898091 
  1943.0   1.364924979593316 
  1944.0   1.2697238591794142 
  1945.0   1.3767609184614826 
  1946.0   1.3639256475073507 
  1947.0   1.2548464064197442 
  1948.0   1.3158271491893578 
  1949.0   1.2856074939196125 
  1950.0   1.3082515166908772 
  1951.0   1.3383241805260853 
  1952.0   1.3016256799597603 
  1953.0   1.3386542593789852 
  1954.0   1.3023918642853218 
  1955.0   1.4422046437289895 
  1956.0   1.364725008381128 
  1957.0   1.4330248775118548 
  1958.0   1.509906612637964 
  1959.0   1.5233915868388959 
  1960.0   1.444553776116831 
  1961.0   1.423411225096015 
  1962.0   1.3786855409902423 
  1963.0   1.4961112516118333 
  1964.0   1.3393102985853753 
  1965.0   1.469603305587232 
  1966.0   1.3408385066761401 
  1967.0   1.3985628630575133 
  1968.0   1.4569573220038663 
  1969.0   1.4502723736069 
  1970.0   1.3971878994990132 
  1971.0   1.5270345880477392 
  1972.0   1.587873825271603 
  1973.0   1.4575648827296388 
  1974.0   1.536397635543344 
  1975.0   1.4970789652415628 
  1976.0   1.601178958297744 
  1977.0   1.6500182029586048 
  1978.0   1.5370452527063598 
  1979.0   1.49860178454531 
  1980.0   1.609096392324423 
  1981.0   1.5200994054859398 
  1982.0   1.6171949903193765 
  1983.0   1.495670960506233 
  1984.0   1.691702654872514 
  1985.0   1.513828315379249 
  1986.0   1.656048369469906 
  1987.0   1.635828861195967 
  1988.0   1.5942276075005457 
  1989.0   1.786814421467793 
  1990.0   1.8319512851986381 
  1991.0   1.6364888135615312 
  1992.0   1.7279326126277441 
  1993.0   1.7609551858068169 
  1994.0   1.7211084131023708 
  1995.0   1.475313074218751 
  1996.0   1.5859248058450226 
  1997.0   1.738449806272319 
  1998.0   1.6903880010649157 
  1999.0   1.6102369404401335 
  2000.0   1.6707126644170196 
  2001.0   1.7037349866071039 
  2002.0   1.5410601346813106 
  2003.0   1.663420183575016 
  2004.0   1.7812929701513598 
  2005.0   1.6511904145242922 
  2006.0   1.561580806123386 
  2007.0   1.7373991189356088 
  2008.0   1.6866896830490377 
  2009.0   1.685394071148258 
  2010.0   1.6832335212876675 
  2011.0   1.7243770088930508 
  2012.0   1.6763163513588069 
  2013.0   1.620086805707889 
  2014.0   1.77267235642905 
