  1850.0   2.424866406008007e-10 
  1851.0   2.9104519011027126e-10 
  1852.0   3.7301201644299504e-10 
  1853.0   2.337921745099127e-10 
  1854.0   3.570252823509364e-10 
  1855.0   3.2507206741846486e-10 
  1856.0   3.632188484157495e-10 
  1857.0   4.983529132555779e-10 
  1858.0   4.278575314142446e-10 
  1859.0   2.9678069691583284e-10 
  1860.0   4.957529999375738e-10 
  1861.0   2.874791944578984e-10 
  1862.0   2.5322855161411094e-10 
  1863.0   4.4209484603304296e-10 
  1864.0   2.6955696601362327e-10 
  1865.0   2.2408467726807936e-10 
  1866.0   2.9268475819146557e-10 
  1867.0   2.6901849699782097e-10 
  1868.0   3.4413747549907537e-10 
  1869.0   4.674287699880484e-10 
  1870.0   3.320762399561262e-10 
  1871.0   2.528816815951908e-10 
  1872.0   2.455646045958149e-10 
  1873.0   2.786708295884503e-10 
  1874.0   2.0428041182585514e-10 
  1875.0   4.037248564845797e-10 
  1876.0   2.438150638738736e-10 
  1877.0   1.96171462623986e-10 
  1878.0   2.7372651343811067e-10 
  1879.0   2.4957277682915985e-10 
  1880.0   3.1077788883043025e-10 
  1881.0   2.9588252530862723e-10 
  1882.0   2.410852141779706e-10 
  1883.0   2.4155490346897563e-10 
  1884.0   1.9405541014444988e-10 
  1885.0   1.99366769908585e-10 
  1886.0   3.6819294575602476e-10 
  1887.0   2.016434704759165e-10 
  1888.0   2.2025101635774218e-10 
  1889.0   2.9739616750860073e-10 
  1890.0   3.2156154107468433e-10 
  1891.0   1.772415690577516e-10 
  1892.0   2.668389445396501e-10 
  1893.0   4.267542610761999e-10 
  1894.0   2.3925431171641703e-10 
  1895.0   2.871799148717639e-10 
  1896.0   3.376098280049779e-10 
  1897.0   1.658508370487895e-10 
  1898.0   2.64114351625967e-10 
  1899.0   2.0017507369807043e-10 
  1900.0   2.007561583176246e-10 
  1901.0   1.9296044518156107e-10 
  1902.0   2.0606726488751978e-10 
  1903.0   1.0464759563287264e-10 
  1904.0   1.3373339184551981e-10 
  1905.0   2.552220267799796e-10 
  1906.0   3.06569099214081e-10 
  1907.0   3.979283384222583e-10 
  1908.0   2.153927826409935e-10 
  1909.0   2.5720547232619734e-10 
  1910.0   2.287384699164769e-10 
  1911.0   1.9715119696541744e-10 
  1912.0   1.4017713552461853e-10 
  1913.0   1.75365254954177e-10 
  1914.0   1.906015924299479e-10 
  1915.0   2.121997030002125e-10 
  1916.0   2.5114777235748703e-10 
  1917.0   2.5411525187719146e-10 
  1918.0   1.066547827348806e-10 
  1919.0   2.764129932067507e-10 
  1920.0   2.7336000678775583e-10 
  1921.0   1.5082034299957747e-10 
  1922.0   1.5162953798948517e-10 
  1923.0   1.0183062321503284e-10 
  1924.0   2.0958113942055554e-10 
  1925.0   2.082201245716417e-10 
  1926.0   2.3034269033654832e-10 
  1927.0   1.460936770509967e-10 
  1928.0   2.003365674028038e-10 
  1929.0   1.3785697874997975e-10 
  1930.0   2.3377361631385805e-10 
  1931.0   1.171893283294537e-10 
  1932.0   8.757018542610066e-11 
  1933.0   2.7837713972437065e-10 
  1934.0   2.464737210235339e-10 
  1935.0   9.894247720119348e-11 
  1936.0   1.6290605192547157e-10 
  1937.0   1.2006462091926063e-10 
  1938.0   1.4839365793018047e-10 
  1939.0   1.3666188380704278e-10 
  1940.0   1.6098009596648717e-10 
  1941.0   1.3453699628094885e-10 
  1942.0   2.0058265630219638e-10 
  1943.0   1.9037007392482693e-10 
  1944.0   1.2043122503434508e-10 
  1945.0   1.7235017729893206e-10 
  1946.0   1.7439441419183138e-10 
  1947.0   1.4175966813285234e-10 
  1948.0   1.264964785098398e-10 
  1949.0   1.900805189070941e-10 
  1950.0   1.4940390366858337e-10 
  1951.0   1.143388196466244e-10 
  1952.0   1.249003288086153e-10 
  1953.0   1.2122300881737317e-10 
  1954.0   4.3979611200504435e-10 
  1955.0   1.497613156559785e-10 
  1956.0   1.1487175615765426e-10 
  1957.0   1.370416199172082e-10 
  1958.0   1.7564731081218677e-10 
  1959.0   2.2293355358408495e-10 
  1960.0   1.002483399831774e-10 
  1961.0   1.0888693597468356e-10 
  1962.0   8.883103110595458e-11 
  1963.0   1.0288906425684742e-10 
  1964.0   1.5172513551865002e-10 
  1965.0   1.1928737732932148e-10 
  1966.0   8.25338307257357e-11 
  1967.0   2.3854197372391865e-10 
  1968.0   1.6093037374013082e-10 
  1969.0   1.849000230429074e-10 
  1970.0   8.591481743767981e-11 
  1971.0   8.324982391625966e-11 
  1972.0   1.6739319675378316e-10 
  1973.0   1.1998492209357938e-10 
  1974.0   1.3723196457714092e-10 
  1975.0   1.9559569322920946e-10 
  1976.0   9.072815195825703e-11 
  1977.0   8.81843883762802e-11 
  1978.0   1.2675000277968904e-10 
  1979.0   1.4110930107633765e-10 
  1980.0   1.4448192691814245e-10 
  1981.0   8.461408771935472e-11 
  1982.0   1.5363799087659575e-10 
  1983.0   1.64748983277166e-10 
  1984.0   1.8267496059840812e-10 
  1985.0   1.4447013956240416e-10 
  1986.0   9.503716744538995e-11 
  1987.0   1.385713767961606e-10 
  1988.0   2.3274740876839614e-10 
  1989.0   1.6917542550800402e-10 
  1990.0   1.4071613156125968e-10 
  1991.0   8.440809573995201e-11 
  1992.0   1.253636637146892e-10 
  1993.0   1.7976970971773334e-10 
  1994.0   1.4274096860820813e-10 
  1995.0   1.0745280898956088e-10 
  1996.0   2.200387771399829e-10 
  1997.0   1.7683671264193245e-10 
  1998.0   1.7408048302975716e-10 
  1999.0   1.8014089255324588e-10 
  2000.0   2.943159481442112e-10 
  2001.0   2.65472380713812e-10 
  2002.0   2.1033735981144738e-10 
  2003.0   1.6126316085081224e-10 
  2004.0   1.6639725625137717e-10 
  2005.0   1.5910953814942603e-10 
  2006.0   3.2458202410843967e-10 
  2007.0   1.931579213426814e-10 
  2008.0   1.6039857850787828e-10 
  2009.0   2.2457450540071401e-10 
  2010.0   4.657416488424983e-10 
  2011.0   3.0259196748626975e-10 
  2012.0   2.5062144614126004e-10 
  2013.0   4.2985222363419655e-10 
  2014.0   2.9485652830068156e-10 
