  1850.0   120.34322492847288 
  1851.0   120.31783616299155 
  1852.0   120.26203732324483 
  1853.0   120.35800178687873 
  1854.0   120.42768936280748 
  1855.0   120.41500005485412 
  1856.0   120.15524386094316 
  1857.0   120.08777794946106 
  1858.0   119.9381894563606 
  1859.0   119.90720835312011 
  1860.0   119.98812695941159 
  1861.0   120.11066933997894 
  1862.0   120.11006183548398 
  1863.0   120.10694352968362 
  1864.0   120.06346090382144 
  1865.0   120.07470527529486 
  1866.0   120.06116034316284 
  1867.0   120.04897102931882 
  1868.0   120.11174322365923 
  1869.0   120.13245910387796 
  1870.0   120.12913402340423 
  1871.0   120.05492586590844 
  1872.0   120.04750333600188 
  1873.0   120.1478822073689 
  1874.0   120.19512551657694 
  1875.0   120.1393804924346 
  1876.0   119.9783872312893 
  1877.0   119.93959198204305 
  1878.0   119.93780524358318 
  1879.0   119.981154767877 
  1880.0   119.99088348276273 
  1881.0   119.85269086833232 
  1882.0   119.8921177479718 
  1883.0   119.8834114052124 
  1884.0   119.86731646380171 
  1885.0   119.82598357382373 
  1886.0   119.81999050139126 
  1887.0   119.9334401379653 
  1888.0   119.96075563533002 
  1889.0   120.0509709090046 
  1890.0   119.97780162921407 
  1891.0   120.06643765358812 
  1892.0   120.21111582225454 
  1893.0   120.29091550128568 
  1894.0   120.40416373541922 
  1895.0   120.52356606639829 
  1896.0   120.59360550767039 
  1897.0   120.62082558645238 
  1898.0   120.6627081180849 
  1899.0   120.62198804537873 
  1900.0   120.62405504798595 
  1901.0   120.48711372408592 
  1902.0   120.35502028712003 
  1903.0   120.38898216192392 
  1904.0   120.45261341275814 
  1905.0   120.54242439025727 
  1906.0   120.59575510743485 
  1907.0   120.60071556414228 
  1908.0   120.56843734149545 
  1909.0   120.58734105159692 
  1910.0   120.57845237453718 
  1911.0   120.65738139117272 
  1912.0   120.87153900875019 
  1913.0   121.06564895856918 
  1914.0   121.28052781181451 
  1915.0   121.5213698946676 
  1916.0   121.69199010321424 
  1917.0   121.84416425667135 
  1918.0   121.96981784368656 
  1919.0   122.02922311225572 
  1920.0   122.20582024219856 
  1921.0   122.38318403586804 
  1922.0   122.38478083985952 
  1923.0   122.41606653011162 
  1924.0   122.4368142212896 
  1925.0   122.53536639453979 
  1926.0   122.62265414901053 
  1927.0   122.74336250145939 
  1928.0   122.86115077139355 
  1929.0   123.02606874593249 
  1930.0   123.13260544391764 
  1931.0   123.21576635824464 
  1932.0   123.30357034806985 
  1933.0   123.44654577396162 
  1934.0   123.4146505133813 
  1935.0   123.55098564445846 
  1936.0   123.72658328729926 
  1937.0   123.90553571285359 
  1938.0   124.00272356778792 
  1939.0   124.1493411300405 
  1940.0   124.30389947176246 
  1941.0   124.34958400870782 
  1942.0   124.41550545261704 
  1943.0   124.48513850577774 
  1944.0   124.54357048523757 
  1945.0   124.73325435255794 
  1946.0   124.84618723681133 
  1947.0   125.02581701989143 
  1948.0   125.17435988301774 
  1949.0   125.13497368612316 
  1950.0   125.22950500978733 
  1951.0   125.4747607132633 
  1952.0   125.69346035407732 
  1953.0   125.78394067804656 
  1954.0   125.96691452602113 
  1955.0   126.09308537751798 
  1956.0   126.1572119004021 
  1957.0   126.25901037234114 
  1958.0   126.49502204202105 
  1959.0   126.55138724288199 
  1960.0   126.58671549713709 
  1961.0   126.78432500703893 
  1962.0   126.99558178768748 
  1963.0   127.17799953729435 
  1964.0   127.25666509027567 
  1965.0   127.28051743226139 
  1966.0   127.47853916702772 
  1967.0   127.76728548038004 
  1968.0   128.00026999637407 
  1969.0   128.09141020411465 
  1970.0   128.19214099374636 
  1971.0   128.4114563776155 
  1972.0   128.74581911845925 
  1973.0   128.93099238080984 
  1974.0   129.09929648362225 
  1975.0   129.30337932547067 
  1976.0   129.4410620376721 
  1977.0   129.6199295287148 
  1978.0   129.87188269387357 
  1979.0   130.04307669710371 
  1980.0   130.27877697683243 
  1981.0   130.46472381868355 
  1982.0   130.61617808051494 
  1983.0   130.86019696956996 
  1984.0   131.01292369189702 
  1985.0   131.25713549140187 
  1986.0   131.55774602137 
  1987.0   131.8177212659889 
  1988.0   132.03844132821632 
  1989.0   132.17804787060004 
  1990.0   132.30686157203138 
  1991.0   132.64095408994098 
  1992.0   132.87098125433002 
  1993.0   133.0394768241032 
  1994.0   133.33568047942697 
  1995.0   133.60352573595105 
  1996.0   133.99111115849388 
  1997.0   134.3489764559863 
  1998.0   134.70808924130813 
  1999.0   135.05210441181998 
  2000.0   135.2931678248119 
  2001.0   135.66447170702958 
  2002.0   135.8345334979571 
  2003.0   136.12625578216435 
  2004.0   136.41661845456892 
  2005.0   136.7123300332736 
  2006.0   136.9448253763629 
  2007.0   137.13714725966423 
  2008.0   137.33349807709604 
  2009.0   137.46199598986232 
  2010.0   137.73674005441032 
  2011.0   138.11189924204666 
  2012.0   138.42944605633394 
  2013.0   138.71474859929592 
  2014.0   138.9219746732301 
