  1850.0   282.5673471468142 
  1851.0   282.67705264788304 
  1852.0   282.657976133971 
  1853.0   283.87623495157794 
  1854.0   282.49396186392784 
  1855.0   282.89260882079526 
  1856.0   282.58616568709294 
  1857.0   283.08037664637266 
  1858.0   282.156600184318 
  1859.0   282.14843102498685 
  1860.0   282.3417440931136 
  1861.0   282.4890926629576 
  1862.0   282.770075023465 
  1863.0   282.93969141533637 
  1864.0   282.6617511045274 
  1865.0   283.0373226027696 
  1866.0   282.82509889229897 
  1867.0   282.0923445776284 
  1868.0   282.1541557896819 
  1869.0   282.6390107829332 
  1870.0   283.1882554935679 
  1871.0   282.2628852637249 
  1872.0   282.57987653626657 
  1873.0   281.9326905850577 
  1874.0   281.5409658672465 
  1875.0   281.913338916467 
  1876.0   282.63153116389 
  1877.0   283.3703861562767 
  1878.0   283.2579589086791 
  1879.0   283.10918826647276 
  1880.0   282.1705725697911 
  1881.0   281.86779966226 
  1882.0   282.1846032355111 
  1883.0   282.69336632362814 
  1884.0   283.03491785354635 
  1885.0   283.56604030600477 
  1886.0   282.36302624654496 
  1887.0   282.2892107524458 
  1888.0   282.53027366359777 
  1889.0   282.70990533248056 
  1890.0   283.0119252445235 
  1891.0   283.014923121797 
  1892.0   282.65480962613606 
  1893.0   282.1250019654441 
  1894.0   283.2542903260012 
  1895.0   283.2214378483339 
  1896.0   282.88735172002094 
  1897.0   282.8752418914069 
  1898.0   282.35629088016776 
  1899.0   283.0920571880184 
  1900.0   282.90508531505674 
  1901.0   282.8777147099663 
  1902.0   283.49064459310677 
  1903.0   283.17269826889105 
  1904.0   282.2231202964906 
  1905.0   282.40952433329295 
  1906.0   282.27729878812335 
  1907.0   282.6906814598506 
  1908.0   282.35759139794214 
  1909.0   283.63746400313437 
  1910.0   283.255503995999 
  1911.0   282.2216879529187 
  1912.0   282.32028260607234 
  1913.0   281.0199596239643 
  1914.0   282.1898606406255 
  1915.0   282.4076614691957 
  1916.0   282.86453199222484 
  1917.0   281.39804671515816 
  1918.0   282.628417521763 
  1919.0   283.2117129160476 
  1920.0   282.83661958681836 
  1921.0   282.56356799667367 
  1922.0   283.18339938929375 
  1923.0   283.80081255773666 
  1924.0   282.7246014322241 
  1925.0   282.79739267189086 
  1926.0   282.54196812785364 
  1927.0   283.23502772569265 
  1928.0   282.29293906255145 
  1929.0   282.5281276559115 
  1930.0   282.90261553960204 
  1931.0   282.598005551142 
  1932.0   282.61237185516967 
  1933.0   282.40978830326986 
  1934.0   282.8306968095656 
  1935.0   282.65298160846055 
  1936.0   283.2862848682933 
  1937.0   283.06420355815976 
  1938.0   282.7874990678579 
  1939.0   282.5167094853553 
  1940.0   282.48387012240846 
  1941.0   282.003844842507 
  1942.0   282.6426398365875 
  1943.0   282.10730428514535 
  1944.0   282.4879254586106 
  1945.0   283.1191689623684 
  1946.0   283.00649756007806 
  1947.0   282.3207407116184 
  1948.0   282.8792189656269 
  1949.0   283.34657539633633 
  1950.0   282.4143545240527 
  1951.0   282.5427968232111 
  1952.0   283.08812570536986 
  1953.0   282.3816881820114 
  1954.0   283.01977158939997 
  1955.0   283.11125526955715 
  1956.0   283.2649987840023 
  1957.0   282.9368493708058 
  1958.0   282.4135903207311 
  1959.0   282.13820862057463 
  1960.0   281.56907344936565 
  1961.0   281.32897574267844 
  1962.0   281.6488248527996 
  1963.0   282.1380958387683 
  1964.0   282.4188757191461 
  1965.0   282.13520367333894 
  1966.0   281.82762373919746 
  1967.0   282.4140855471895 
  1968.0   282.71680874316377 
  1969.0   281.40551397027946 
  1970.0   282.2867653740786 
  1971.0   282.2438755286215 
  1972.0   282.2718752145021 
  1973.0   281.5785085731618 
  1974.0   282.8310387827881 
  1975.0   282.0847730729251 
  1976.0   281.9123019804282 
  1977.0   282.46003689286437 
  1978.0   282.8239604536876 
  1979.0   281.707897366247 
  1980.0   282.2789215052736 
  1981.0   282.09469912293105 
  1982.0   282.23947407126246 
  1983.0   282.6435111930922 
  1984.0   282.37177616365716 
  1985.0   282.05272540181136 
  1986.0   282.95133394982804 
  1987.0   282.45847998073725 
  1988.0   282.96380842232304 
  1989.0   282.76500033718816 
  1990.0   281.87171867022863 
  1991.0   282.42901202835236 
  1992.0   283.13654201487253 
  1993.0   283.18261573462513 
  1994.0   282.87951436220004 
  1995.0   282.6249118867884 
  1996.0   283.15363085630753 
  1997.0   282.4543085184882 
  1998.0   282.97457105454754 
  1999.0   283.82030519552063 
  2000.0   283.8464039930382 
  2001.0   283.13608780998493 
  2002.0   283.1524889458647 
  2003.0   282.6916725920136 
  2004.0   283.35095825704207 
  2005.0   282.9115359187598 
  2006.0   283.2950619075486 
  2007.0   284.1784549524033 
  2008.0   284.1025848148317 
  2009.0   282.78693358110365 
  2010.0   283.5588453302221 
  2011.0   284.24096970683064 
  2012.0   283.1865962118405 
  2013.0   284.16383071233224 
  2014.0   284.6797113951223 
