  1850.0   1.4168280527754042 
  1851.0   1.426362367065209 
  1852.0   1.4290118882277214 
  1853.0   1.3491212338876895 
  1854.0   1.3989171472592796 
  1855.0   1.4447799740722278 
  1856.0   1.419826172444871 
  1857.0   1.4684473976541903 
  1858.0   1.4955801636150776 
  1859.0   1.433498293317863 
  1860.0   1.3761375997711547 
  1861.0   1.4425327719663306 
  1862.0   1.4363057932329946 
  1863.0   1.463750403549629 
  1864.0   1.4899489743149565 
  1865.0   1.4976007543857714 
  1866.0   1.3698929415581873 
  1867.0   1.3902875890730897 
  1868.0   1.4127959958700351 
  1869.0   1.477834128074639 
  1870.0   1.4326210540823794 
  1871.0   1.4363110417516434 
  1872.0   1.429968588374102 
  1873.0   1.455443142932249 
  1874.0   1.4474929774847258 
  1875.0   1.4072782238183426 
  1876.0   1.4783405063392596 
  1877.0   1.4727217411573352 
  1878.0   1.4242142786487944 
  1879.0   1.4095848331704044 
  1880.0   1.4664665675718644 
  1881.0   1.4263997097831547 
  1882.0   1.4149998507626211 
  1883.0   1.4322889036887354 
  1884.0   1.3910291183239722 
  1885.0   1.3902254323613685 
  1886.0   1.4138377050936457 
  1887.0   1.4447599070089283 
  1888.0   1.4529322105594304 
  1889.0   1.3533440510697388 
  1890.0   1.4054369952378638 
  1891.0   1.391325867577376 
  1892.0   1.351676761992707 
  1893.0   1.4096495795898312 
  1894.0   1.4420404683473125 
  1895.0   1.4352288106351452 
  1896.0   1.4506670330113176 
  1897.0   1.4252124277356515 
  1898.0   1.4208263691767369 
  1899.0   1.4199402534206849 
  1900.0   1.497953107497436 
  1901.0   1.5124803849120656 
  1902.0   1.530615128577481 
  1903.0   1.4165016651818216 
  1904.0   1.5002251790244276 
  1905.0   1.3698404154426385 
  1906.0   1.4507058136356854 
  1907.0   1.4715364427004887 
  1908.0   1.4689594031942246 
  1909.0   1.4207705760325546 
  1910.0   1.4203064150545066 
  1911.0   1.4609349117097066 
  1912.0   1.394706011172781 
  1913.0   1.3866058840143922 
  1914.0   1.4623468404595907 
  1915.0   1.456951669306767 
  1916.0   1.3793020429198075 
  1917.0   1.4562325948375656 
  1918.0   1.4261926469920683 
  1919.0   1.3868581360393288 
  1920.0   1.4708592364950972 
  1921.0   1.447039856859264 
  1922.0   1.5231491652836437 
  1923.0   1.4753916161199352 
  1924.0   1.5047926015461905 
  1925.0   1.5319493584649093 
  1926.0   1.5145982131193585 
  1927.0   1.5336001075813592 
  1928.0   1.4805506444773633 
  1929.0   1.487338208514373 
  1930.0   1.4148977092699329 
  1931.0   1.3268478752144914 
  1932.0   1.4409682541718711 
  1933.0   1.4632892355931701 
  1934.0   1.4688495602723295 
  1935.0   1.4757425017740116 
  1936.0   1.4357467638509818 
  1937.0   1.4344972040305002 
  1938.0   1.4063854676351721 
  1939.0   1.4449883423858088 
  1940.0   1.4845109519668087 
  1941.0   1.4827149268005657 
  1942.0   1.5024560848996706 
  1943.0   1.4792798426753724 
  1944.0   1.4607250349125456 
  1945.0   1.4431717017982821 
  1946.0   1.486836549352382 
  1947.0   1.4550261063953855 
  1948.0   1.5470178164027828 
  1949.0   1.4632815222186475 
  1950.0   1.4712591504744998 
  1951.0   1.4747673399936982 
  1952.0   1.4598357191305582 
  1953.0   1.365301731454359 
  1954.0   1.4256939320836788 
  1955.0   1.4475881098825283 
  1956.0   1.4546695841184296 
  1957.0   1.3938551873053944 
  1958.0   1.4796346752222445 
  1959.0   1.4505134273341043 
  1960.0   1.4769378067873877 
  1961.0   1.440799710982153 
  1962.0   1.4984013593725494 
  1963.0   1.4518936495243904 
  1964.0   1.4688116161716702 
  1965.0   1.4088458002449389 
  1966.0   1.2854281184004681 
  1967.0   1.4894668735362482 
  1968.0   1.4385905317303862 
  1969.0   1.4540653402230634 
  1970.0   1.4708999151835078 
  1971.0   1.4223980920999189 
  1972.0   1.4406957730314263 
  1973.0   1.4634408621885002 
  1974.0   1.4364097482266935 
  1975.0   1.4204861646360443 
  1976.0   1.475006324341848 
  1977.0   1.43985375298023 
  1978.0   1.4011938719014805 
  1979.0   1.4337029908265955 
  1980.0   1.4573082703153808 
  1981.0   1.4789025759762406 
  1982.0   1.421718238663269 
  1983.0   1.3869375132274393 
  1984.0   1.472415141534351 
  1985.0   1.4365393054817754 
  1986.0   1.4714226301927245 
  1987.0   1.4986080665405768 
  1988.0   1.4515507509059826 
  1989.0   1.48383210645537 
  1990.0   1.5184295191956692 
  1991.0   1.4445992659965277 
  1992.0   1.5287067439555342 
  1993.0   1.447096013869319 
  1994.0   1.5048408621256848 
  1995.0   1.4669595313731494 
  1996.0   1.4969094364956794 
  1997.0   1.5119869173561111 
  1998.0   1.5225999328681514 
  1999.0   1.5034977579625732 
  2000.0   1.527848009229796 
  2001.0   1.5280593282160109 
  2002.0   1.4137168087656413 
  2003.0   1.5067660613633134 
  2004.0   1.542296819855119 
  2005.0   1.4692342698979886 
  2006.0   1.5129145285441785 
  2007.0   1.4704827026029892 
  2008.0   1.4709993725914436 
  2009.0   1.4656666806644656 
  2010.0   1.5015649650124818 
  2011.0   1.5115027756013886 
  2012.0   1.548540611022266 
  2013.0   1.4648737024002458 
  2014.0   1.441188155636179 
