  1850.0   6.831446927938683e-10 
  1851.0   6.718367504425421e-10 
  1852.0   6.451011492667676e-10 
  1853.0   6.663835569044652e-10 
  1854.0   6.5810946609203e-10 
  1855.0   6.824967218866159e-10 
  1856.0   6.260568333762191e-10 
  1857.0   6.946212496059052e-10 
  1858.0   6.778271997756372e-10 
  1859.0   6.541899604618746e-10 
  1860.0   6.338906755327161e-10 
  1861.0   7.174099823606434e-10 
  1862.0   7.321446536835193e-10 
  1863.0   7.126076559306798e-10 
  1864.0   6.379358535013703e-10 
  1865.0   6.147861716557236e-10 
  1866.0   6.317129161995298e-10 
  1867.0   6.725835696789854e-10 
  1868.0   7.01206342646483e-10 
  1869.0   6.970327124709049e-10 
  1870.0   6.232175234338604e-10 
  1871.0   6.652549316999704e-10 
  1872.0   6.909065904703087e-10 
  1873.0   6.996264106992924e-10 
  1874.0   6.600849057876406e-10 
  1875.0   6.38144592636841e-10 
  1876.0   6.547127326827109e-10 
  1877.0   6.552709950389649e-10 
  1878.0   6.502745338476599e-10 
  1879.0   6.247549671564132e-10 
  1880.0   6.752653226966154e-10 
  1881.0   7.2834005991236e-10 
  1882.0   6.979531233169477e-10 
  1883.0   6.742604777080852e-10 
  1884.0   7.038297693526191e-10 
  1885.0   6.798012161206283e-10 
  1886.0   6.507127452112359e-10 
  1887.0   6.830548923425807e-10 
  1888.0   6.717777860415374e-10 
  1889.0   5.993876969309254e-10 
  1890.0   6.22520108653784e-10 
  1891.0   6.352267930062842e-10 
  1892.0   6.364926608680626e-10 
  1893.0   6.440156645663332e-10 
  1894.0   6.83498329623842e-10 
  1895.0   6.457781412299521e-10 
  1896.0   6.510266839275832e-10 
  1897.0   5.9803593282013e-10 
  1898.0   7.071093423240661e-10 
  1899.0   7.062861938530756e-10 
  1900.0   6.061565063102314e-10 
  1901.0   5.712804510850631e-10 
  1902.0   6.489053447520126e-10 
  1903.0   6.689164679708495e-10 
  1904.0   6.77484202886449e-10 
  1905.0   6.855235882738885e-10 
  1906.0   7.057184973465347e-10 
  1907.0   6.687196953735728e-10 
  1908.0   6.81026897913424e-10 
  1909.0   7.196931217851181e-10 
  1910.0   6.364103497053768e-10 
  1911.0   6.797804097315087e-10 
  1912.0   6.424763930646096e-10 
  1913.0   7.077414518962006e-10 
  1914.0   7.129268459717124e-10 
  1915.0   6.635982420039618e-10 
  1916.0   6.493420116482015e-10 
  1917.0   6.392143793752452e-10 
  1918.0   6.94511306930604e-10 
  1919.0   6.419938884645253e-10 
  1920.0   7.000915582180264e-10 
  1921.0   6.31620878196213e-10 
  1922.0   6.213027353038136e-10 
  1923.0   6.91210698883622e-10 
  1924.0   6.201635013959742e-10 
  1925.0   6.494464328111282e-10 
  1926.0   6.255776701837804e-10 
  1927.0   6.42368118343712e-10 
  1928.0   6.112361346049398e-10 
  1929.0   6.798951430156998e-10 
  1930.0   6.866272350065185e-10 
  1931.0   6.186671742908972e-10 
  1932.0   6.374689756983997e-10 
  1933.0   6.585475575664113e-10 
  1934.0   6.771642422485039e-10 
  1935.0   6.70493129298183e-10 
  1936.0   7.297091215343611e-10 
  1937.0   6.159931132736674e-10 
  1938.0   6.531280993806756e-10 
  1939.0   6.407067681403603e-10 
  1940.0   6.270854499966528e-10 
  1941.0   6.716365699717274e-10 
  1942.0   6.947283774260668e-10 
  1943.0   6.63498908965072e-10 
  1944.0   6.815307938498603e-10 
  1945.0   6.668109148933834e-10 
  1946.0   7.098835888627751e-10 
  1947.0   6.903260538040456e-10 
  1948.0   6.909309368100057e-10 
  1949.0   6.747613154036383e-10 
  1950.0   6.631298797903926e-10 
  1951.0   6.666153687083859e-10 
  1952.0   6.915976567131564e-10 
  1953.0   6.479556257027124e-10 
  1954.0   6.704327409370617e-10 
  1955.0   6.730335034204476e-10 
  1956.0   6.772619189999332e-10 
  1957.0   6.693284319007567e-10 
  1958.0   6.407894560767377e-10 
  1959.0   6.625333959938495e-10 
  1960.0   6.217785972048362e-10 
  1961.0   6.566356546305003e-10 
  1962.0   6.734525307167455e-10 
  1963.0   6.765654099565805e-10 
  1964.0   5.648445015397942e-10 
  1965.0   5.915212009004629e-10 
  1966.0   6.426080638302243e-10 
  1967.0   6.778404025547645e-10 
  1968.0   6.438454890002004e-10 
  1969.0   6.162159596348819e-10 
  1970.0   6.016149701102857e-10 
  1971.0   6.653922945432604e-10 
  1972.0   6.825067138514367e-10 
  1973.0   6.782356629815948e-10 
  1974.0   6.692062202100638e-10 
  1975.0   6.483075405641713e-10 
  1976.0   6.116885337979904e-10 
  1977.0   7.315831756344762e-10 
  1978.0   6.484638504236852e-10 
  1979.0   6.47294225497731e-10 
  1980.0   6.845211595691247e-10 
  1981.0   7.871625324043477e-10 
  1982.0   7.544523471429167e-10 
  1983.0   7.018365122441137e-10 
  1984.0   7.10520978474417e-10 
  1985.0   6.748148791539175e-10 
  1986.0   6.7446856384156e-10 
  1987.0   7.025029477477582e-10 
  1988.0   7.089856694189687e-10 
  1989.0   7.280266990985555e-10 
  1990.0   7.295818145214187e-10 
  1991.0   7.359721226663186e-10 
  1992.0   6.849176762014629e-10 
  1993.0   8.054347957849161e-10 
  1994.0   7.46074635238413e-10 
  1995.0   7.572356281545605e-10 
  1996.0   7.663515227324341e-10 
  1997.0   8.246686656643181e-10 
  1998.0   7.923615984315538e-10 
  1999.0   8.165183659033145e-10 
  2000.0   7.900134034612215e-10 
  2001.0   7.837726618856885e-10 
  2002.0   7.767352858668989e-10 
  2003.0   7.385962562613478e-10 
  2004.0   7.790082498830399e-10 
  2005.0   8.00288826375388e-10 
  2006.0   8.046726483012745e-10 
  2007.0   7.550836619372521e-10 
  2008.0   8.336202302948286e-10 
  2009.0   8.101559200758588e-10 
  2010.0   8.119996178874834e-10 
  2011.0   8.145586682894523e-10 
  2012.0   7.893845853400349e-10 
  2013.0   8.477294039984372e-10 
  2014.0   8.674151434528368e-10 
