  1850.0   5.071508533832471 
  1851.0   5.06888185796005 
  1852.0   5.029985823078264 
  1853.0   5.013442408095627 
  1854.0   4.987649735063351 
  1855.0   5.031488820595051 
  1856.0   4.974887197398729 
  1857.0   5.003053196366827 
  1858.0   4.993021862717349 
  1859.0   4.966409282089389 
  1860.0   4.928383956441441 
  1861.0   4.995316271408966 
  1862.0   5.083782613907386 
  1863.0   5.067518786532122 
  1864.0   4.959460502253502 
  1865.0   4.877767396854103 
  1866.0   4.852008114092131 
  1867.0   4.876942463865401 
  1868.0   4.9260188663159505 
  1869.0   4.930520000284716 
  1870.0   4.838261493568497 
  1871.0   4.790737776299095 
  1872.0   4.816880719136333 
  1873.0   4.872326779597438 
  1874.0   4.847462465634727 
  1875.0   4.830629010039517 
  1876.0   4.814481907747974 
  1877.0   4.8204516100828805 
  1878.0   4.806862168528405 
  1879.0   4.77679986300281 
  1880.0   4.828342873074277 
  1881.0   4.934625799519518 
  1882.0   4.942329543406879 
  1883.0   4.915308688291783 
  1884.0   4.913104856933038 
  1885.0   4.895818293143221 
  1886.0   4.839414596085966 
  1887.0   4.837345872120682 
  1888.0   4.843591203349083 
  1889.0   4.723757231316623 
  1890.0   4.6879829829699755 
  1891.0   4.663087842573973 
  1892.0   4.666492535819224 
  1893.0   4.678324466600965 
  1894.0   4.736041460543219 
  1895.0   4.658566547811536 
  1896.0   4.627610875310213 
  1897.0   4.5551835550808 
  1898.0   4.633868098073732 
  1899.0   4.687780618706283 
  1900.0   4.565945680093392 
  1901.0   4.442482407847977 
  1902.0   4.484201381818695 
  1903.0   4.526037332316492 
  1904.0   4.548854757292908 
  1905.0   4.541249930388966 
  1906.0   4.505510502677783 
  1907.0   4.454092518460625 
  1908.0   4.4826530729142195 
  1909.0   4.526477342427538 
  1910.0   4.385495081737049 
  1911.0   4.363519327172885 
  1912.0   4.326750596243294 
  1913.0   4.407025745976058 
  1914.0   4.473757118089256 
  1915.0   4.42921115270486 
  1916.0   4.376744454463227 
  1917.0   4.3410098584729475 
  1918.0   4.426896301502312 
  1919.0   4.372407705293001 
  1920.0   4.441595692122997 
  1921.0   4.423623840513536 
  1922.0   4.323597548448935 
  1923.0   4.401223843072104 
  1924.0   4.326358791956496 
  1925.0   4.30330808788112 
  1926.0   4.26071690422633 
  1927.0   4.2512715618970525 
  1928.0   4.211692004782019 
  1929.0   4.254121680508003 
  1930.0   4.3218067196816286 
  1931.0   4.266623777160362 
  1932.0   4.216819735909296 
  1933.0   4.2483073586931335 
  1934.0   4.291132923581762 
  1935.0   4.281451066232188 
  1936.0   4.350453428297054 
  1937.0   4.261720191401752 
  1938.0   4.2543893832436135 
  1939.0   4.264994952711463 
  1940.0   4.235714396577094 
  1941.0   4.266447989538213 
  1942.0   4.326842106550604 
  1943.0   4.331721493031355 
  1944.0   4.339874201992534 
  1945.0   4.279077016217869 
  1946.0   4.310690369011372 
  1947.0   4.337679852222927 
  1948.0   4.341855439357779 
  1949.0   4.326981055798949 
  1950.0   4.304213118483104 
  1951.0   4.3093926304861085 
  1952.0   4.324238753620767 
  1953.0   4.288357977774298 
  1954.0   4.302461162242018 
  1955.0   4.327298658799181 
  1956.0   4.346322976665397 
  1957.0   4.313766530087619 
  1958.0   4.275083417554047 
  1959.0   4.271515123805563 
  1960.0   4.233395861320526 
  1961.0   4.283533281219874 
  1962.0   4.34684044870072 
  1963.0   4.364224098140324 
  1964.0   4.22223764955049 
  1965.0   4.214531577525402 
  1966.0   4.2782795362628185 
  1967.0   4.3574984449811405 
  1968.0   4.377302919443967 
  1969.0   4.348733051670142 
  1970.0   4.306547768958024 
  1971.0   4.393276344162381 
  1972.0   4.4345652896786785 
  1973.0   4.483503588436633 
  1974.0   4.493943734817062 
  1975.0   4.471507980325453 
  1976.0   4.412339240425189 
  1977.0   4.555199391406581 
  1978.0   4.520556740673872 
  1979.0   4.483772494794368 
  1980.0   4.524290463623659 
  1981.0   4.724149026472079 
  1982.0   4.783022670636263 
  1983.0   4.69753478712005 
  1984.0   4.674151847880835 
  1985.0   4.619814204352039 
  1986.0   4.602862844065816 
  1987.0   4.617313340023772 
  1988.0   4.640171965939985 
  1989.0   4.7007869197273795 
  1990.0   4.690239041910632 
  1991.0   4.721362388944999 
  1992.0   4.689681468491995 
  1993.0   4.803429424681906 
  1994.0   4.84552458509973 
  1995.0   4.856160057573161 
  1996.0   4.851039370337919 
  1997.0   4.971196482195479 
  1998.0   4.983115470359831 
  1999.0   5.064075225611931 
  2000.0   5.100588704336106 
  2001.0   5.073248464268172 
  2002.0   5.100564796880668 
  2003.0   5.087309277431438 
  2004.0   5.111162278118927 
  2005.0   5.155785073659248 
  2006.0   5.190281006393274 
  2007.0   5.169780362530348 
  2008.0   5.2716898749229895 
  2009.0   5.345722219398702 
  2010.0   5.374204627544333 
  2011.0   5.421758451692715 
  2012.0   5.465027514549708 
  2013.0   5.555157689358495 
  2014.0   5.598419440785592 
