  1850.0   7.234064477766744e-11 
  1851.0   1.3545114438814718e-10 
  1852.0   1.7077064074754574e-10 
  1853.0   1.8818360976474722e-10 
  1854.0   1.9447966046772576e-10 
  1855.0   1.9284266620012893e-10 
  1856.0   1.8774979397656703e-10 
  1857.0   1.8170812729086712e-10 
  1858.0   1.752017459649912e-10 
  1859.0   1.6699694205163194e-10 
  1860.0   1.551334129319282e-10 
  1861.0   1.4605043177929495e-10 
  1862.0   1.378510207214463e-10 
  1863.0   1.3001691104577707e-10 
  1864.0   1.231700050930238e-10 
  1865.0   1.1670936550417182e-10 
  1866.0   1.1063307240525282e-10 
  1867.0   1.0609904612123905e-10 
  1868.0   1.022603796066566e-10 
  1869.0   9.797155917796906e-11 
  1870.0   9.688336448338965e-11 
  1871.0   9.49272482331094e-11 
  1872.0   9.321267859933546e-11 
  1873.0   9.205076939145714e-11 
  1874.0   9.002339668140929e-11 
  1875.0   8.773055218977864e-11 
  1876.0   8.647900879925926e-11 
  1877.0   8.553198445121799e-11 
  1878.0   8.408275597541488e-11 
  1879.0   8.262238019456393e-11 
  1880.0   8.137470312976568e-11 
  1881.0   7.94046319837195e-11 
  1882.0   7.9414785236143e-11 
  1883.0   7.966114235163596e-11 
  1884.0   7.986155877415582e-11 
  1885.0   7.964030165447922e-11 
  1886.0   7.763455286974574e-11 
  1887.0   7.746431774583141e-11 
  1888.0   7.852991195559813e-11 
  1889.0   7.726759669357458e-11 
  1890.0   7.873844003182678e-11 
  1891.0   7.953193791741251e-11 
  1892.0   7.985197656788651e-11 
  1893.0   7.890219554994456e-11 
  1894.0   7.796274277272191e-11 
  1895.0   7.842899489428208e-11 
  1896.0   7.797686070434793e-11 
  1897.0   7.732734984304615e-11 
  1898.0   7.775628017291952e-11 
  1899.0   7.7443896447366e-11 
  1900.0   8.313050049552445e-11 
  1901.0   8.277678798147887e-11 
  1902.0   8.264279036681218e-11 
  1903.0   8.256439769901842e-11 
  1904.0   8.303075524440123e-11 
  1905.0   8.431730910898646e-11 
  1906.0   8.424345164027745e-11 
  1907.0   8.462851207231205e-11 
  1908.0   8.422529788701251e-11 
  1909.0   8.374284206760906e-11 
  1910.0   7.206869632085214e-11 
  1911.0   7.351001638471366e-11 
  1912.0   7.38029613151169e-11 
  1913.0   7.003166229014308e-11 
  1914.0   6.63281651637455e-11 
  1915.0   6.862359155319776e-11 
  1916.0   7.151532996675122e-11 
  1917.0   7.095892915511413e-11 
  1918.0   6.708571036443625e-11 
  1919.0   6.626624905289074e-11 
  1920.0   6.938704521447846e-11 
  1921.0   7.014971002653407e-11 
  1922.0   6.95755510074119e-11 
  1923.0   6.844372377473472e-11 
  1924.0   7.010026902419295e-11 
  1925.0   6.950904186318849e-11 
  1926.0   6.810278515000172e-11 
  1927.0   6.822182220532606e-11 
  1928.0   6.860157717329964e-11 
  1929.0   6.900394261323564e-11 
  1930.0   6.739182208467691e-11 
  1931.0   6.805439691230614e-11 
  1932.0   7.130514682810651e-11 
  1933.0   7.03501164409921e-11 
  1934.0   7.082440302243735e-11 
  1935.0   7.057457223644146e-11 
  1936.0   7.051041181679838e-11 
  1937.0   7.14232204396255e-11 
  1938.0   7.347846502772202e-11 
  1939.0   7.415733180321875e-11 
  1940.0   8.201945198705058e-11 
  1941.0   8.013278632914062e-11 
  1942.0   8.203864334205373e-11 
  1943.0   8.125199560300497e-11 
  1944.0   8.178323888873781e-11 
  1945.0   8.534923295508611e-11 
  1946.0   8.598406006571949e-11 
  1947.0   8.655597345352868e-11 
  1948.0   8.756079966747459e-11 
  1949.0   8.831796432450668e-11 
  1950.0   9.012041755882861e-11 
  1951.0   9.002957518356078e-11 
  1952.0   9.1921814016195e-11 
  1953.0   9.479264331989296e-11 
  1954.0   9.566284408289068e-11 
  1955.0   9.487187479199046e-11 
  1956.0   9.503074603843286e-11 
  1957.0   9.757010108384373e-11 
  1958.0   9.658162853661897e-11 
  1959.0   9.904442421899261e-11 
  1960.0   7.444760634532944e-11 
  1961.0   7.270610593886679e-11 
  1962.0   7.316670580913763e-11 
  1963.0   7.401195517491012e-11 
  1964.0   7.429318386512337e-11 
  1965.0   7.529206700026147e-11 
  1966.0   7.527850700183666e-11 
  1967.0   7.495241425306072e-11 
  1968.0   7.519130166985106e-11 
  1969.0   7.708152497809913e-11 
  1970.0   7.381967546965203e-11 
  1971.0   7.609742538716643e-11 
  1972.0   7.807351872579546e-11 
  1973.0   7.807379972789353e-11 
  1974.0   7.819169537354207e-11 
  1975.0   8.037309827873364e-11 
  1976.0   8.009698678309572e-11 
  1977.0   8.166604549228185e-11 
  1978.0   8.268957030212889e-11 
  1979.0   8.17034698750378e-11 
  1980.0   7.806711586253257e-11 
  1981.0   8.002702405354528e-11 
  1982.0   8.21701249005203e-11 
  1983.0   8.434906559843143e-11 
  1984.0   8.497137862647706e-11 
  1985.0   8.660789686125557e-11 
  1986.0   8.726307053430908e-11 
  1987.0   8.898615417839571e-11 
  1988.0   9.106584606404156e-11 
  1989.0   9.305256461542487e-11 
  1990.0   1.1128224510929053e-10 
  1991.0   1.1492729989371098e-10 
  1992.0   1.1305702261252012e-10 
  1993.0   1.1406717105310701e-10 
  1994.0   1.1670388036322536e-10 
  1995.0   1.1512512494128104e-10 
  1996.0   1.1878082946186592e-10 
  1997.0   1.1773322948046772e-10 
  1998.0   1.1897066540146794e-10 
  1999.0   1.195309107782024e-10 
  2000.0   1.5725340578101723e-10 
  2001.0   1.3654525715397401e-10 
  2002.0   1.4667649843159406e-10 
  2003.0   1.4276209303048617e-10 
  2004.0   2.1016400677431847e-10 
  2005.0   1.5550078197294848e-10 
  2006.0   1.4896330120463467e-10 
  2007.0   1.566089721706716e-10 
  2008.0   1.4445756757503477e-10 
  2009.0   2.090481620364671e-10 
  2010.0   1.5505698239740818e-10 
  2011.0   1.5349702314958624e-10 
  2012.0   1.794927377726719e-10 
  2013.0   1.65805760116823e-10 
  2014.0   1.583799572639339e-10 
