  1850.0   0.0 
  1851.0   1.3410387811962255e-10 
  1852.0   1.42093842427591e-10 
  1853.0   1.5519130331998072e-10 
  1854.0   1.6460371760819488e-10 
  1855.0   1.7346979193596297e-10 
  1856.0   1.794777705531467e-10 
  1857.0   1.8770693792256312e-10 
  1858.0   1.953343957675866e-10 
  1859.0   2.03549447470741e-10 
  1860.0   2.1138802056328386e-10 
  1861.0   2.1816041877663437e-10 
  1862.0   2.2098393903337276e-10 
  1863.0   2.243286358479876e-10 
  1864.0   2.2525138405891164e-10 
  1865.0   2.2717131233328338e-10 
  1866.0   2.282672121582179e-10 
  1867.0   2.3056518496967534e-10 
  1868.0   2.316742641110858e-10 
  1869.0   2.311430564233546e-10 
  1870.0   2.355850609502148e-10 
  1871.0   2.702147071462553e-10 
  1872.0   2.73492679116067e-10 
  1873.0   2.7749063893631247e-10 
  1874.0   2.802896888814744e-10 
  1875.0   2.847117468475264e-10 
  1876.0   2.8661188316401936e-10 
  1877.0   2.897608637998959e-10 
  1878.0   2.9080989808472323e-10 
  1879.0   2.875221173523981e-10 
  1880.0   2.9117092012688765e-10 
  1881.0   2.8964579733128206e-10 
  1882.0   2.910366422110087e-10 
  1883.0   2.920812905762177e-10 
  1884.0   2.919423462345985e-10 
  1885.0   2.889569992635227e-10 
  1886.0   2.8411375923620553e-10 
  1887.0   2.8476392723907e-10 
  1888.0   2.819936965709852e-10 
  1889.0   2.799435767612399e-10 
  1890.0   2.758919283967879e-10 
  1891.0   3.118482409137416e-10 
  1892.0   3.082689643073443e-10 
  1893.0   3.0997726311057355e-10 
  1894.0   3.127678271472541e-10 
  1895.0   3.146617624435347e-10 
  1896.0   3.179386742441832e-10 
  1897.0   3.1921394580284343e-10 
  1898.0   3.206763972122378e-10 
  1899.0   3.20685210295358e-10 
  1900.0   3.233542700893707e-10 
  1901.0   3.59708638739219e-10 
  1902.0   3.612898542289823e-10 
  1903.0   3.6304557982446463e-10 
  1904.0   3.6503312306510724e-10 
  1905.0   3.6682404684260453e-10 
  1906.0   3.7217535933011e-10 
  1907.0   3.7815552499561707e-10 
  1908.0   3.8051934983188195e-10 
  1909.0   3.852056727378109e-10 
  1910.0   3.8445315352938474e-10 
  1911.0   2.3159673682161897e-10 
  1912.0   2.2494853210964508e-10 
  1913.0   2.1951010289228572e-10 
  1914.0   2.132940259632279e-10 
  1915.0   2.059415410129439e-10 
  1916.0   1.9864679198485837e-10 
  1917.0   1.9086366485910058e-10 
  1918.0   1.827226492566515e-10 
  1919.0   1.7524557823739397e-10 
  1920.0   1.6834614562893234e-10 
  1921.0   2.5610514452562127e-10 
  1922.0   2.6098492718484423e-10 
  1923.0   2.6602429109340777e-10 
  1924.0   2.685185477202771e-10 
  1925.0   2.7304083443618865e-10 
  1926.0   2.7757303197656225e-10 
  1927.0   2.8318876451023904e-10 
  1928.0   2.8240467880354434e-10 
  1929.0   2.881204571455242e-10 
  1930.0   2.89871910953566e-10 
  1931.0   2.4431882462132284e-10 
  1932.0   2.4070687180865776e-10 
  1933.0   2.3722902379998904e-10 
  1934.0   2.333619066748076e-10 
  1935.0   2.3014508894339472e-10 
  1936.0   2.2730736386149713e-10 
  1937.0   2.2432044742070327e-10 
  1938.0   2.1981900774267783e-10 
  1939.0   2.1415307622961693e-10 
  1940.0   2.0987189065145931e-10 
  1941.0   2.1594932303133243e-10 
  1942.0   2.1550969194866206e-10 
  1943.0   2.1485103728575395e-10 
  1944.0   2.1441204788691276e-10 
  1945.0   2.1822273537559511e-10 
  1946.0   2.1821402645769635e-10 
  1947.0   2.186816552349634e-10 
  1948.0   2.1948978303055581e-10 
  1949.0   2.153295263058734e-10 
  1950.0   2.1312552040270393e-10 
  1951.0   2.4605634231252336e-10 
  1952.0   2.5127094395908385e-10 
  1953.0   2.5198385190479804e-10 
  1954.0   2.525781787836322e-10 
  1955.0   2.555196272114735e-10 
  1956.0   2.538231574531831e-10 
  1957.0   2.537048533605968e-10 
  1958.0   2.5364278080434086e-10 
  1959.0   2.5226274582849153e-10 
  1960.0   2.529261355674928e-10 
  1961.0   1.103221817665811e-10 
  1962.0   1.0190237220711622e-10 
  1963.0   9.396688645789958e-11 
  1964.0   8.572722949797744e-11 
  1965.0   7.717292933850215e-11 
  1966.0   6.927831359582311e-11 
  1967.0   6.16476085616124e-11 
  1968.0   5.361575294189879e-11 
  1969.0   4.590471048409202e-11 
  1970.0   3.7240947129371063e-11 
  1971.0   3.141766603204818e-11 
  1972.0   3.0754800232563033e-11 
  1973.0   3.003639062769031e-11 
  1974.0   2.9006683914427597e-11 
  1975.0   2.791455044108705e-11 
  1976.0   2.7378188822855305e-11 
  1977.0   2.652252414227158e-11 
  1978.0   2.5724615149155144e-11 
  1979.0   2.4687457379462766e-11 
  1980.0   2.4170044073634592e-11 
  1981.0   2.0106613378829442e-11 
  1982.0   1.9323760958827525e-11 
  1983.0   1.8722691091789205e-11 
  1984.0   1.765847754467113e-11 
  1985.0   1.7165294378310828e-11 
  1986.0   1.6547292904077585e-11 
  1987.0   1.5676414274065935e-11 
  1988.0   1.4636878096655587e-11 
  1989.0   1.3818062965622545e-11 
  1990.0   1.3152635381769001e-11 
  1991.0   1.9146866636302725e-11 
  1992.0   1.8896785253279986e-11 
  1993.0   1.8431790951423364e-11 
  1994.0   1.8248480517402904e-11 
  1995.0   1.721749327960598e-11 
  1996.0   1.7389950017512074e-11 
  1997.0   1.8663504774493786e-11 
  1998.0   1.912983323985105e-11 
  1999.0   1.9598525103566555e-11 
  2000.0   1.9381270197687308e-11 
  2001.0   3.074095073154154e-11 
  2002.0   6.560436978063885e-11 
  2003.0   6.494562123653978e-11 
  2004.0   1.882829859629809e-10 
  2005.0   4.06020316280811e-10 
  2006.0   3.184470163332255e-10 
  2007.0   1.5140440078352036e-10 
  2008.0   2.8491531995346186e-10 
  2009.0   8.973838687460523e-11 
  2010.0   3.063997869581301e-10 
  2011.0   1.819770870561164e-10 
  2012.0   1.6833702164226014e-10 
  2013.0   1.9332123600728294e-10 
  2014.0   1.5284659608173125e-10 
