  1850.0   2.2048955609375502 
  1851.0   2.1738079775115406 
  1852.0   2.143841386061576 
  1853.0   2.1970704024427055 
  1854.0   2.23846625889245 
  1855.0   2.1220359902120225 
  1856.0   2.0840809030455536 
  1857.0   2.0773343980510734 
  1858.0   2.0810093113316355 
  1859.0   2.122019458365253 
  1860.0   2.1943347309676993 
  1861.0   2.2281614478713565 
  1862.0   2.239878956827522 
  1863.0   2.192011218623467 
  1864.0   2.0835157982012804 
  1865.0   1.995627543952679 
  1866.0   1.9826545834378244 
  1867.0   2.0048114611537704 
  1868.0   2.0768971392800335 
  1869.0   2.110782106791044 
  1870.0   2.142430304130477 
  1871.0   2.0876545448655905 
  1872.0   1.9841109895479618 
  1873.0   1.9491923266605127 
  1874.0   1.9880602160410485 
  1875.0   2.0412803395887518 
  1876.0   2.0562347774194283 
  1877.0   2.065182445393826 
  1878.0   2.0389790208631546 
  1879.0   2.042109714958256 
  1880.0   2.059201890563989 
  1881.0   2.069221255806104 
  1882.0   2.0848020170895594 
  1883.0   2.0899445581294587 
  1884.0   2.0849621453825025 
  1885.0   2.2084661627998434 
  1886.0   2.248049833179846 
  1887.0   2.1822801448179527 
  1888.0   2.0958430250078237 
  1889.0   2.0752677950777922 
  1890.0   2.0310289927017102 
  1891.0   2.019513346359159 
  1892.0   2.022977818704915 
  1893.0   2.0065743126859124 
  1894.0   1.9332149735853514 
  1895.0   1.8973160952780168 
  1896.0   1.9318267152018975 
  1897.0   1.985506686738039 
  1898.0   2.0000099948817076 
  1899.0   1.9489912683721244 
  1900.0   1.9113955019114277 
  1901.0   1.926195710842281 
  1902.0   1.9369193897328612 
  1903.0   1.9398639766184196 
  1904.0   1.9890217885182726 
  1905.0   2.0539326109471405 
  1906.0   2.1000341112604692 
  1907.0   2.12624170181432 
  1908.0   2.017040159436366 
  1909.0   1.9962085676312238 
  1910.0   2.0509732713807645 
  1911.0   2.092407809358371 
  1912.0   2.0797665853713174 
  1913.0   2.0803084610768887 
  1914.0   2.0348899129728726 
  1915.0   2.022831397567456 
  1916.0   2.019291408682209 
  1917.0   2.003899733900052 
  1918.0   2.0055113879600324 
  1919.0   1.9697904858371296 
  1920.0   1.8600970925810698 
  1921.0   1.8501775906288758 
  1922.0   1.8776965575597846 
  1923.0   1.9650082898188128 
  1924.0   2.024141785955722 
  1925.0   1.9896879012721267 
  1926.0   1.996839595634058 
  1927.0   1.9655604669582623 
  1928.0   2.0340043630782874 
  1929.0   2.0709651701663763 
  1930.0   2.058421480175524 
  1931.0   2.0990950321832624 
  1932.0   2.0567412359626878 
  1933.0   1.9652635983636477 
  1934.0   2.0104020405759258 
  1935.0   2.068659164836777 
  1936.0   2.0582020165209687 
  1937.0   2.0509161361325305 
  1938.0   2.014300407349683 
  1939.0   1.9906066711171881 
  1940.0   2.0292614628372405 
  1941.0   2.0037653528458375 
  1942.0   1.9945677997917137 
  1943.0   2.0158423591071157 
  1944.0   2.0267374612069053 
  1945.0   1.9950883292216728 
  1946.0   1.9442290443304875 
  1947.0   1.94332683798708 
  1948.0   1.9867476502703714 
  1949.0   2.054914184583492 
  1950.0   2.084726890570042 
  1951.0   2.018938165992715 
  1952.0   2.034913465639242 
  1953.0   2.052366803389594 
  1954.0   2.0631446366814887 
  1955.0   2.06711516705051 
  1956.0   2.0126610209679088 
  1957.0   2.0589466615965133 
  1958.0   2.111066782486601 
  1959.0   2.081592489873781 
  1960.0   2.043538322052093 
  1961.0   2.0416666184020063 
  1962.0   2.0752514495681105 
  1963.0   2.1262846113182006 
  1964.0   2.126238699292752 
  1965.0   2.195694404596113 
  1966.0   2.273510708837787 
  1967.0   2.280378637716054 
  1968.0   2.307512983219035 
  1969.0   2.322678788289618 
  1970.0   2.331023640360086 
  1971.0   2.2317115187001924 
  1972.0   2.2157384638661024 
  1973.0   2.220155921268296 
  1974.0   2.24613900720377 
  1975.0   2.2707366763543844 
  1976.0   2.2397914927616855 
  1977.0   2.229221457434985 
  1978.0   2.22799422261547 
  1979.0   2.2363021114548554 
  1980.0   2.2869877116458497 
  1981.0   2.275284402448246 
  1982.0   2.2795420424219897 
  1983.0   2.275262199514359 
  1984.0   2.3363040982070515 
  1985.0   2.4567239497954816 
  1986.0   2.5029717131748814 
  1987.0   2.422740372056581 
  1988.0   2.4041143622318106 
  1989.0   2.4250455791671692 
  1990.0   2.364859359124172 
  1991.0   2.4458852860360167 
  1992.0   2.4066070578446 
  1993.0   2.391543980688358 
  1994.0   2.372633138926542 
  1995.0   2.3432181354180996 
  1996.0   2.360995687403409 
  1997.0   2.4203322652355697 
  1998.0   2.4868657809125208 
  1999.0   2.441952125359387 
  2000.0   2.396585841069772 
  2001.0   2.3555584720317633 
  2002.0   2.3694959571001553 
  2003.0   2.390462192187953 
  2004.0   2.4352971885448507 
  2005.0   2.5667950369934993 
  2006.0   2.587206422155759 
  2007.0   2.4672787046522267 
  2008.0   2.4980230245403354 
  2009.0   2.5557269920765453 
  2010.0   2.564671520412582 
  2011.0   2.543244410001896 
  2012.0   2.547089246173637 
  2013.0   2.4899835068126532 
  2014.0   2.4556977661209176 
