  1850.0   2.305453591202584 
  1851.0   2.2368602417176615 
  1852.0   2.2693751755270433 
  1853.0   2.2484120416921254 
  1854.0   2.3490242007396045 
  1855.0   2.2785236865019356 
  1856.0   2.2288387814891935 
  1857.0   2.230172093955378 
  1858.0   2.221663221280689 
  1859.0   2.2510682906870696 
  1860.0   2.1565482645327534 
  1861.0   2.1608892930667642 
  1862.0   2.251189749991634 
  1863.0   2.217116385096087 
  1864.0   2.280440321542294 
  1865.0   2.3287207730879 
  1866.0   2.306823341945718 
  1867.0   2.2822189897003327 
  1868.0   2.2328328795629564 
  1869.0   2.2976751126935 
  1870.0   2.2278546781845368 
  1871.0   2.199964637408799 
  1872.0   2.245683292345583 
  1873.0   2.2432388789688433 
  1874.0   2.240433631657464 
  1875.0   2.240249148896508 
  1876.0   2.285514619524388 
  1877.0   2.2812537504602735 
  1878.0   2.265677810125151 
  1879.0   2.288048688022647 
  1880.0   2.3149942103893615 
  1881.0   2.2646749891039155 
  1882.0   2.3182960116015923 
  1883.0   2.3081898873483877 
  1884.0   2.2462257769666154 
  1885.0   2.2226691306589457 
  1886.0   2.2706014259692315 
  1887.0   2.2362862180288006 
  1888.0   2.2861878370105115 
  1889.0   2.3577141567565585 
  1890.0   2.3693611064301168 
  1891.0   2.4298507145359096 
  1892.0   2.3046768460256506 
  1893.0   2.33377161427999 
  1894.0   2.4022319872791895 
  1895.0   2.3844265295979947 
  1896.0   2.2581993461795133 
  1897.0   2.3050650848483376 
  1898.0   2.3516423876856933 
  1899.0   2.3328313937615937 
  1900.0   2.2988489838752075 
  1901.0   2.259960538205155 
  1902.0   2.3601272951970493 
  1903.0   2.347479127323396 
  1904.0   2.346218837072757 
  1905.0   2.3201968518669953 
  1906.0   2.352358513356987 
  1907.0   2.401101148919601 
  1908.0   2.4217452000264283 
  1909.0   2.4823679323631733 
  1910.0   2.42894591984891 
  1911.0   2.366704232338283 
  1912.0   2.3563113085544507 
  1913.0   2.2618242047988817 
  1914.0   2.3874001024051683 
  1915.0   2.380936970676139 
  1916.0   2.2866127335822664 
  1917.0   2.23059316710711 
  1918.0   2.352722960468295 
  1919.0   2.231138212085959 
  1920.0   2.34271494133399 
  1921.0   2.3248029274078643 
  1922.0   2.3686640287089658 
  1923.0   2.3178100343922017 
  1924.0   2.327361606454396 
  1925.0   2.420569677324625 
  1926.0   2.2906611274860147 
  1927.0   2.4798225476276157 
  1928.0   2.3138256136680098 
  1929.0   2.3704573176918444 
  1930.0   2.4793248761095894 
  1931.0   2.3787931257581056 
  1932.0   2.3563377068674587 
  1933.0   2.40099138137425 
  1934.0   2.3039091805146494 
  1935.0   2.3763529135817665 
  1936.0   2.3433945614775453 
  1937.0   2.3651472594792677 
  1938.0   2.418220107547117 
  1939.0   2.429739233611394 
  1940.0   2.4148480881926577 
  1941.0   2.470610619515349 
  1942.0   2.4192273188124975 
  1943.0   2.4889244385622087 
  1944.0   2.4863353432154716 
  1945.0   2.4838399922676193 
  1946.0   2.4106286299273925 
  1947.0   2.4984175406850024 
  1948.0   2.4521564112950225 
  1949.0   2.4889465283950463 
  1950.0   2.42063126020221 
  1951.0   2.4317912084004307 
  1952.0   2.50530191256865 
  1953.0   2.4059117403068258 
  1954.0   2.4200302793075896 
  1955.0   2.47500340404091 
  1956.0   2.427493197003126 
  1957.0   2.3970617307301594 
  1958.0   2.4402631142995443 
  1959.0   2.4130831188146438 
  1960.0   2.4417275785809833 
  1961.0   2.431234482554112 
  1962.0   2.4622820493475857 
  1963.0   2.4944211690099363 
  1964.0   2.453730745252923 
  1965.0   2.4635627571954273 
  1966.0   2.4516535514314306 
  1967.0   2.4699250172363874 
  1968.0   2.534812167465119 
  1969.0   2.4582271833300218 
  1970.0   2.4643156403740596 
  1971.0   2.560623350790582 
  1972.0   2.4814177930759027 
  1973.0   2.5237290835200805 
  1974.0   2.6093226697703074 
  1975.0   2.524174663253937 
  1976.0   2.50983080316429 
  1977.0   2.58020256675992 
  1978.0   2.6080368914415843 
  1979.0   2.5869067851414087 
  1980.0   2.6041248868413804 
  1981.0   2.584378267652796 
  1982.0   2.5595841106300035 
  1983.0   2.6752620533249614 
  1984.0   2.627134898563109 
  1985.0   2.6550924387209607 
  1986.0   2.712974959693093 
  1987.0   2.696328072052075 
  1988.0   2.735023997391027 
  1989.0   2.697314989973996 
  1990.0   2.680044632995902 
  1991.0   2.687347474304632 
  1992.0   2.687851035409794 
  1993.0   2.7675536730940786 
  1994.0   2.7197200779428123 
  1995.0   2.742838993523221 
  1996.0   2.7703498519051024 
  1997.0   2.6962528708762155 
  1998.0   2.865424114988152 
  1999.0   2.765137922075058 
  2000.0   2.814089021458301 
  2001.0   2.7996289476618204 
  2002.0   2.8053826425497435 
  2003.0   2.927407000045095 
  2004.0   2.8929545929364617 
  2005.0   2.7274665709387715 
  2006.0   2.79478229888264 
  2007.0   2.6989243558662737 
  2008.0   2.837816199860611 
  2009.0   2.9088902211217387 
  2010.0   2.8587588172643517 
  2011.0   2.886925242255504 
  2012.0   2.757405722146161 
  2013.0   2.7118908514528166 
  2014.0   2.733343941557793 
