  1850.0   -0.02710033825619627 
  1851.0   0.08582226381868609 
  1852.0   0.08086789929180409 
  1853.0   0.0024603986118421853 
  1854.0   -0.2025167940822787 
  1855.0   -0.28477700541675427 
  1856.0   -0.27120057780164997 
  1857.0   -0.23448849759613294 
  1858.0   -0.025721328714970845 
  1859.0   -0.17129371858627146 
  1860.0   0.04881810709467739 
  1861.0   0.1228937032921757 
  1862.0   0.12190902941180802 
  1863.0   0.21043993437962663 
  1864.0   0.12497018198929086 
  1865.0   -0.043294375678318495 
  1866.0   -0.11267158908218641 
  1867.0   -0.24512511707161896 
  1868.0   0.05819969504967233 
  1869.0   -0.23859998501303473 
  1870.0   -0.0992588306097151 
  1871.0   0.08314068317348561 
  1872.0   -0.031128183932279445 
  1873.0   0.016615783674788893 
  1874.0   0.1509611257707209 
  1875.0   0.0973504532973664 
  1876.0   0.040467979929866886 
  1877.0   0.053762967969112126 
  1878.0   0.07042424383625304 
  1879.0   0.07168163437939548 
  1880.0   -0.02550275571549793 
  1881.0   0.10984210858975511 
  1882.0   -0.007968277236875385 
  1883.0   0.048981112613969875 
  1884.0   0.20227350406307004 
  1885.0   0.1647264517651507 
  1886.0   0.19618085369860244 
  1887.0   0.23729776555003923 
  1888.0   0.17036603577877146 
  1889.0   -0.028004668496821913 
  1890.0   -0.08224275337321396 
  1891.0   -0.1753422501333888 
  1892.0   0.15543545435273431 
  1893.0   0.07073977533631295 
  1894.0   -0.10291515622090937 
  1895.0   -0.059384972622683815 
  1896.0   0.08294864716713819 
  1897.0   0.18036086165000173 
  1898.0   0.018797085595835535 
  1899.0   0.023193811939931957 
  1900.0   0.07461190668328467 
  1901.0   0.2253977427104345 
  1902.0   0.04838299320901428 
  1903.0   0.16731372067646333 
  1904.0   -0.009410194569188634 
  1905.0   0.10092050691192722 
  1906.0   0.021395910152704894 
  1907.0   0.07336978799808662 
  1908.0   0.04790176845056294 
  1909.0   -0.2601582521349308 
  1910.0   -0.3114443401010128 
  1911.0   -0.21868572273886247 
  1912.0   -0.2027863424304374 
  1913.0   0.12784999926676008 
  1914.0   -0.10703067675662664 
  1915.0   -0.3057582284359718 
  1916.0   -0.034193407468734956 
  1917.0   0.14211915504555234 
  1918.0   -0.039369729437774274 
  1919.0   0.06696337721365217 
  1920.0   0.037961044893660846 
  1921.0   0.2073304005168133 
  1922.0   0.046863787546711874 
  1923.0   0.1067104863845472 
  1924.0   0.20566398661149152 
  1925.0   -0.09750726705535777 
  1926.0   0.2451327491004495 
  1927.0   -0.17159785169473538 
  1928.0   -0.01091279949343899 
  1929.0   0.21516131280391726 
  1930.0   -0.04769577639409929 
  1931.0   0.07513418619274774 
  1932.0   0.15551335534967942 
  1933.0   -0.017005607078859987 
  1934.0   0.16066993292456588 
  1935.0   0.12384628263149174 
  1936.0   0.05501797817325826 
  1937.0   0.16205690065018563 
  1938.0   0.20362680663213645 
  1939.0   0.21134773122414569 
  1940.0   0.19686814348350382 
  1941.0   0.07962726383251281 
  1942.0   0.16816889436581137 
  1943.0   -0.037816682157687256 
  1944.0   0.02834895890100842 
  1945.0   -0.029617822556956986 
  1946.0   0.1658182012495455 
  1947.0   0.09924589685073318 
  1948.0   0.00848790741531978 
  1949.0   -0.14517493967286574 
  1950.0   0.10419686793374852 
  1951.0   0.18910890086090285 
  1952.0   0.04006155322927904 
  1953.0   0.11453215286754766 
  1954.0   0.016121256449018018 
  1955.0   -0.07172860659905048 
  1956.0   0.10239363861812122 
  1957.0   0.14587619560250442 
  1958.0   0.052425254651864046 
  1959.0   0.10004164657924974 
  1960.0   0.14015715803546844 
  1961.0   0.006733014007290329 
  1962.0   0.11292298647298314 
  1963.0   0.044910484413308326 
  1964.0   0.1329278410684626 
  1965.0   0.007478918820325127 
  1966.0   0.1964697558283617 
  1967.0   0.2102485055809162 
  1968.0   0.07092030541571757 
  1969.0   0.21000128504441065 
  1970.0   0.24232097048244877 
  1971.0   0.14462301920992934 
  1972.0   0.25282247006873165 
  1973.0   0.25379624840894693 
  1974.0   0.0678161801355758 
  1975.0   0.09459019079937064 
  1976.0   0.16630111318272486 
  1977.0   0.1720852432854343 
  1978.0   0.1255312565443611 
  1979.0   0.16569705079910207 
  1980.0   0.19862173114471018 
  1981.0   0.15879640757269933 
  1982.0   0.2916665462343356 
  1983.0   0.22065817221186976 
  1984.0   0.305277856205569 
  1985.0   0.200901402277383 
  1986.0   0.1580887101865512 
  1987.0   0.2886378922139111 
  1988.0   0.0794158169851817 
  1989.0   0.059386010397566226 
  1990.0   0.1498318712954326 
  1991.0   0.16520946669092607 
  1992.0   0.22904597483245545 
  1993.0   0.18107781612805074 
  1994.0   -0.004007389994482826 
  1995.0   0.06884623621319677 
  1996.0   0.13526664114062142 
  1997.0   0.24569800176984646 
  1998.0   0.1126362139855671 
  1999.0   0.20306953211278558 
  2000.0   0.13213747560974098 
  2001.0   0.08088878726102752 
  2002.0   0.1705494838100537 
  2003.0   -0.17715626862096426 
  2004.0   -0.33727194835185736 
  2005.0   0.0778617203620105 
  2006.0   0.12910489387845317 
  2007.0   0.4953037395497125 
  2008.0   0.4049185910774643 
  2009.0   0.08321944544948183 
  2010.0   -0.1485749217781995 
  2011.0   -0.23884358589737112 
  2012.0   0.0923806885987781 
  2013.0   0.32206924669088394 
  2014.0   0.43598231467072923 
