  1850.0   3.067301621194929 
  1851.0   3.0597962555475533 
  1852.0   3.048084955662489 
  1853.0   3.074691945221275 
  1854.0   3.0772630940191448 
  1855.0   3.070445463526994 
  1856.0   3.079415252432227 
  1857.0   3.078000177629292 
  1858.0   3.0610859161242843 
  1859.0   3.0767457210458815 
  1860.0   3.0732410377822816 
  1861.0   3.0684199766255915 
  1862.0   3.078267350792885 
  1863.0   3.0524782254360616 
  1864.0   3.0469788587652147 
  1865.0   3.058583603706211 
  1866.0   3.0498860171064734 
  1867.0   3.0543044325895607 
  1868.0   3.0559700215235353 
  1869.0   3.1009088619612157 
  1870.0   3.09705842519179 
  1871.0   3.0620650271885097 
  1872.0   3.061582543887198 
  1873.0   3.0700821080245078 
  1874.0   3.0785876442678273 
  1875.0   3.0585094238631427 
  1876.0   3.055672673508525 
  1877.0   3.0584553605876863 
  1878.0   3.064797108527273 
  1879.0   3.0628175125457346 
  1880.0   3.064203669782728 
  1881.0   3.066132974345237 
  1882.0   3.0640751123428345 
  1883.0   3.0252925702370703 
  1884.0   3.016047435812652 
  1885.0   3.047935967333615 
  1886.0   3.0470124911516905 
  1887.0   3.0429948354139924 
  1888.0   3.042259009089321 
  1889.0   3.0403595650568604 
  1890.0   3.039819875266403 
  1891.0   3.036903601605445 
  1892.0   3.0418032431043684 
  1893.0   3.069446550216526 
  1894.0   3.0778480460867286 
  1895.0   3.052392415702343 
  1896.0   3.0434612883254886 
  1897.0   3.044743090867996 
  1898.0   3.055330377537757 
  1899.0   3.051892330404371 
  1900.0   3.0719479196704924 
  1901.0   3.0796997132711112 
  1902.0   3.0731332255527377 
  1903.0   3.040828846860677 
  1904.0   3.047378989867866 
  1905.0   3.049532719887793 
  1906.0   3.0437567504122853 
  1907.0   3.057148412335664 
  1908.0   3.0481855385005474 
  1909.0   3.0793659039773047 
  1910.0   3.091913613025099 
  1911.0   3.0614634160883725 
  1912.0   3.061586630064994 
  1913.0   3.041533555369824 
  1914.0   3.05288212839514 
  1915.0   3.0512677738443017 
  1916.0   3.078027837909758 
  1917.0   3.0609680456109345 
  1918.0   3.0556943616829813 
  1919.0   3.0697363545186818 
  1920.0   3.06353165069595 
  1921.0   3.074533212929964 
  1922.0   3.0790393240749836 
  1923.0   3.0735311564058065 
  1924.0   3.051220311317593 
  1925.0   3.062278451398015 
  1926.0   3.0625786283053458 
  1927.0   3.078603046014905 
  1928.0   3.062867803964764 
  1929.0   3.07953815208748 
  1930.0   3.0680883675813675 
  1931.0   3.0516421305947006 
  1932.0   3.062765335198492 
  1933.0   3.0530546908266842 
  1934.0   3.070061362814158 
  1935.0   3.0760485562495887 
  1936.0   3.078454057686031 
  1937.0   3.069548704661429 
  1938.0   3.0586096923798323 
  1939.0   3.049580182414502 
  1940.0   3.0487598036415875 
  1941.0   3.0797226587310433 
  1942.0   3.052055463194847 
  1943.0   3.047616931144148 
  1944.0   3.0587897985242307 
  1945.0   3.0629916465841234 
  1946.0   3.0547268805094063 
  1947.0   3.051190765108913 
  1948.0   3.0798986786976457 
  1949.0   3.0687016085721552 
  1950.0   3.061605803668499 
  1951.0   3.08732200646773 
  1952.0   3.082690166775137 
  1953.0   3.07748249033466 
  1954.0   3.059026168193668 
  1955.0   3.0652440735138953 
  1956.0   3.0853182077407837 
  1957.0   3.0824135639704764 
  1958.0   3.054933389648795 
  1959.0   3.0550292576663196 
  1960.0   3.0500686378218234 
  1961.0   3.0495317769236863 
  1962.0   3.066418692469597 
  1963.0   3.0634857597760856 
  1964.0   3.06958673754707 
  1965.0   3.086013800930232 
  1966.0   3.0693132779560983 
  1967.0   3.0537109938450158 
  1968.0   3.0644054641015828 
  1969.0   3.0720698763616383 
  1970.0   3.078033810015768 
  1971.0   3.10223875567317 
  1972.0   3.0942056444473565 
  1973.0   3.0714626074768603 
  1974.0   3.0619675875641406 
  1975.0   3.0523377237841487 
  1976.0   3.0732730985619128 
  1977.0   3.064287279266864 
  1978.0   3.0743681942112744 
  1979.0   3.0879129306413233 
  1980.0   3.0882244231179357 
  1981.0   3.107944631483406 
  1982.0   3.0769053963012993 
  1983.0   3.0959347262978554 
  1984.0   3.090301144402474 
  1985.0   3.0729194870218635 
  1986.0   3.0633968068286777 
  1987.0   3.0779131106100976 
  1988.0   3.07632798794657 
  1989.0   3.0803802190348506 
  1990.0   3.0868084053508937 
  1991.0   3.098249703180045 
  1992.0   3.0577355646528304 
  1993.0   3.0618314864113927 
  1994.0   3.0477187712676823 
  1995.0   3.0536625883542 
  1996.0   3.069874655921012 
  1997.0   3.069049248006195 
  1998.0   3.075080446433276 
  1999.0   3.0791663099080324 
  2000.0   3.0767513788305223 
  2001.0   3.0900012818165123 
  2002.0   3.1047184369526803 
  2003.0   3.115994401741773 
  2004.0   3.09891669312492 
  2005.0   3.095768764615059 
  2006.0   3.10977523913607 
  2007.0   3.1268450897186995 
  2008.0   3.119852067902684 
  2009.0   3.105477837380022 
  2010.0   3.10378490248695 
  2011.0   3.100660548079759 
  2012.0   3.1155813834629953 
  2013.0   3.119973710272461 
  2014.0   3.096089686732739 
