  1850.0   35.423087939999995 
  1851.0   35.228424096 
  1852.0   35.038273841999995 
  1853.0   35.254733003999995 
  1854.0   35.396258687999996 
  1855.0   35.82935046 
  1856.0   35.664448715999995 
  1857.0   35.558665145999996 
  1858.0   35.5753674 
  1859.0   35.493436872 
  1860.0   35.490472487999995 
  1861.0   35.047194587999996 
  1862.0   35.238275154 
  1863.0   35.312798664 
  1864.0   35.525162087999995 
  1865.0   35.260602641999995 
  1866.0   34.976766815999994 
  1867.0   35.420639957999995 
  1868.0   35.806695786 
  1869.0   35.621831754 
  1870.0   36.126951749999996 
  1871.0   35.623227222 
  1872.0   35.52015969 
  1873.0   34.950710195999996 
  1874.0   35.604959994 
  1875.0   35.393976269999996 
  1876.0   35.266641785999994 
  1877.0   35.763822594 
  1878.0   35.863097921999994 
  1879.0   35.100005562 
  1880.0   35.065268658 
  1881.0   35.121986154 
  1882.0   35.539266563999995 
  1883.0   35.193005226 
  1884.0   35.743371497999995 
  1885.0   34.97744484 
  1886.0   35.298706014 
  1887.0   34.85603124 
  1888.0   34.573417434 
  1889.0   35.612867646 
  1890.0   35.012355191999994 
  1891.0   34.322517018 
  1892.0   34.911369035999996 
  1893.0   35.390767481999994 
  1894.0   35.216937107999996 
  1895.0   35.079562349999996 
  1896.0   35.309672658 
  1897.0   35.023412502 
  1898.0   35.019084186 
  1899.0   34.930586286 
  1900.0   35.308229886 
  1901.0   35.560628261999994 
  1902.0   35.539656822 
  1903.0   35.273879298 
  1904.0   35.668997784 
  1905.0   35.395655561999995 
  1906.0   35.158985766 
  1907.0   35.607467105999994 
  1908.0   35.061326658 
  1909.0   35.221896144 
  1910.0   35.445521862 
  1911.0   35.407509155999996 
  1912.0   35.133520446 
  1913.0   35.10605259 
  1914.0   35.660282022 
  1915.0   35.44561647 
  1916.0   35.49091005 
  1917.0   35.727493122 
  1918.0   35.41971753 
  1919.0   35.562697811999996 
  1920.0   35.093304161999995 
  1921.0   35.336032812 
  1922.0   36.273507425999995 
  1923.0   35.29483497 
  1924.0   35.85605751 
  1925.0   35.102173662 
  1926.0   35.305399529999995 
  1927.0   35.743947029999994 
  1928.0   36.031701203999994 
  1929.0   35.30587257 
  1930.0   35.328097566 
  1931.0   35.36598807 
  1932.0   34.924736358 
  1933.0   35.792335079999994 
  1934.0   36.075737286 
  1935.0   35.833150548 
  1936.0   35.266878305999995 
  1937.0   35.669017493999995 
  1938.0   36.030849732 
  1939.0   36.294068898 
  1940.0   36.044520588 
  1941.0   35.89470882 
  1942.0   35.928203994 
  1943.0   36.45043227 
  1944.0   36.247986917999995 
  1945.0   36.192219443999996 
  1946.0   35.930056734 
  1947.0   36.254164032 
  1948.0   36.556282853999996 
  1949.0   35.595302094 
  1950.0   35.76949119 
  1951.0   35.587291949999994 
  1952.0   36.266088581999995 
  1953.0   36.027573929999996 
  1954.0   35.980869114 
  1955.0   35.614507517999996 
  1956.0   36.601801128 
  1957.0   36.047906766 
  1958.0   36.326783555999995 
  1959.0   35.834936274 
  1960.0   36.55270746 
  1961.0   36.311831549999994 
  1962.0   36.127018764 
  1963.0   36.286350461999994 
  1964.0   36.14814 
  1965.0   36.428215158 
  1966.0   36.045742608 
  1967.0   36.206276616 
  1968.0   36.61138413 
  1969.0   36.592592616 
  1970.0   36.948831156 
  1971.0   36.490695857999995 
  1972.0   36.826171884 
  1973.0   36.56262159 
  1974.0   36.391235255999995 
  1975.0   36.737283725999994 
  1976.0   36.679336326 
  1977.0   37.060031034 
  1978.0   36.558206549999994 
  1979.0   36.487652634 
  1980.0   36.685627757999995 
  1981.0   37.37774835 
  1982.0   37.281224538 
  1983.0   37.060657811999995 
  1984.0   38.27120265 
  1985.0   38.060281997999994 
  1986.0   38.407481532 
  1987.0   38.068430111999994 
  1988.0   38.564124785999994 
  1989.0   38.536392815999996 
  1990.0   38.926709945999995 
  1991.0   38.916910134 
  1992.0   38.614716414 
  1993.0   39.096428814 
  1994.0   38.569367645999996 
  1995.0   38.642759802 
  1996.0   38.236268646 
  1997.0   39.117514572 
  1998.0   39.401358282 
  1999.0   39.30991965 
  2000.0   39.320365949999996 
  2001.0   39.511600253999994 
  2002.0   39.442102794 
  2003.0   39.855949722 
  2004.0   40.02817176 
  2005.0   39.790260233999994 
  2006.0   40.558228848 
  2007.0   40.304257613999994 
  2008.0   39.749342274 
  2009.0   40.620346884 
  2010.0   40.720103136 
  2011.0   41.658322788 
  2012.0   40.214695373999994 
  2013.0   40.437670661999995 
  2014.0   40.410541818 
