  1850.0   56.761047215999994 
  1851.0   57.51144239399999 
  1852.0   56.492045135999994 
  1853.0   55.681644834 
  1854.0   55.533914442 
  1855.0   56.494682334 
  1856.0   56.213866079999995 
  1857.0   56.487996702 
  1858.0   56.211406272 
  1859.0   55.750511573999994 
  1860.0   56.273000022 
  1861.0   56.20544202599999 
  1862.0   55.667268359999994 
  1863.0   55.644988176 
  1864.0   55.622183705999994 
  1865.0   57.206260637999996 
  1866.0   56.733441389999996 
  1867.0   55.265866325999994 
  1868.0   55.413872657999995 
  1869.0   55.889593217999995 
  1870.0   55.364901192 
  1871.0   56.47069132199999 
  1872.0   56.88242928 
  1873.0   55.625152031999995 
  1874.0   55.121502402 
  1875.0   56.053915487999994 
  1876.0   57.021885413999996 
  1877.0   56.15568216 
  1878.0   55.237334129999994 
  1879.0   55.070729441999994 
  1880.0   55.566735533999996 
  1881.0   55.499922575999996 
  1882.0   55.909460898 
  1883.0   55.498499513999995 
  1884.0   53.863499825999995 
  1885.0   54.511316279999996 
  1886.0   54.452828825999994 
  1887.0   55.442538881999994 
  1888.0   56.062509047999995 
  1889.0   55.081814345999994 
  1890.0   54.59856456599999 
  1891.0   54.490407911999995 
  1892.0   55.584230129999995 
  1893.0   56.01360853799999 
  1894.0   54.92700412199999 
  1895.0   54.642076362 
  1896.0   54.765449135999994 
  1897.0   55.405357937999995 
  1898.0   56.551427423999996 
  1899.0   55.815325937999994 
  1900.0   55.024533143999996 
  1901.0   55.540915434 
  1902.0   56.74964300999999 
  1903.0   54.397498913999996 
  1904.0   54.403167509999996 
  1905.0   54.82492997399999 
  1906.0   55.194855137999994 
  1907.0   55.587659669999994 
  1908.0   56.019304727999994 
  1909.0   54.971741879999996 
  1910.0   54.955015974 
  1911.0   56.181368232 
  1912.0   56.354658552 
  1913.0   54.361914479999996 
  1914.0   54.437864993999995 
  1915.0   55.29061814399999 
  1916.0   56.771032301999995 
  1917.0   56.397736728 
  1918.0   54.65699289 
  1919.0   54.203666831999996 
  1920.0   54.74918838599999 
  1921.0   55.833080706 
  1922.0   55.778164704 
  1923.0   54.653074542 
  1924.0   54.276889481999994 
  1925.0   54.598872041999996 
  1926.0   55.328287896 
  1927.0   55.968267653999995 
  1928.0   55.624667165999995 
  1929.0   55.647428274 
  1930.0   54.891198935999995 
  1931.0   54.697587606 
  1932.0   55.665190925999994 
  1933.0   55.403848151999995 
  1934.0   55.296558737999995 
  1935.0   55.83816194399999 
  1936.0   54.947364551999996 
  1937.0   54.59603774399999 
  1938.0   55.19624666399999 
  1939.0   55.598397678 
  1940.0   56.10369900599999 
  1941.0   55.688243742 
  1942.0   54.488937545999995 
  1943.0   54.181087055999996 
  1944.0   55.275847469999995 
  1945.0   56.758918535999996 
  1946.0   55.01860043399999 
  1947.0   54.648683154 
  1948.0   54.32120544599999 
  1949.0   55.38015279 
  1950.0   56.23959945599999 
  1951.0   54.31126372199999 
  1952.0   54.489789017999996 
  1953.0   55.23197301 
  1954.0   54.563614793999996 
  1955.0   54.418584671999994 
  1956.0   55.690750853999994 
  1957.0   55.343799665999995 
  1958.0   54.53974204199999 
  1959.0   54.354925314 
  1960.0   55.074947382 
  1961.0   56.308075937999995 
  1962.0   53.91132811199999 
  1963.0   53.24564651399999 
  1964.0   53.376524855999996 
  1965.0   54.445354793999996 
  1966.0   55.80799776 
  1967.0   54.171488286 
  1968.0   53.727280074 
  1969.0   54.275789663999994 
  1970.0   55.669172345999996 
  1971.0   54.456254423999994 
  1972.0   54.152393237999995 
  1973.0   54.677022191999995 
  1974.0   54.985684733999996 
  1975.0   56.061070218 
  1976.0   55.53874339199999 
  1977.0   54.52449438599999 
  1978.0   54.90323386199999 
  1979.0   54.86133434399999 
  1980.0   55.87516943999999 
  1981.0   56.576399994 
  1982.0   54.828000792 
  1983.0   54.484088885999995 
  1984.0   55.284606593999996 
  1985.0   56.951568017999996 
  1986.0   56.980683629999994 
  1987.0   55.572518448 
  1988.0   55.606829616 
  1989.0   55.813228794 
  1990.0   57.432326454 
  1991.0   58.36878403199999 
  1992.0   55.102178718 
  1993.0   55.03842081 
  1994.0   55.870711037999996 
  1995.0   57.48171971399999 
  1996.0   58.16142300599999 
  1997.0   59.17926317399999 
  1998.0   57.085852247999995 
  1999.0   57.028074354 
  2000.0   58.148477478 
  2001.0   59.28781008599999 
  2002.0   58.597944317999996 
  2003.0   58.265787456 
  2004.0   60.23333032199999 
  2005.0   60.663911039999995 
  2006.0   58.419683135999996 
  2007.0   57.726616463999996 
  2008.0   58.76396559 
  2009.0   59.240963357999995 
  2010.0   60.818630598 
  2011.0   59.350543073999994 
  2012.0   59.07779609399999 
  2013.0   59.40819088199999 
  2014.0   60.161049809999994 
