  1850.0   36.557701974 
  1851.0   38.615362901999994 
  1852.0   39.436781094 
  1853.0   37.740329568 
  1854.0   38.381866415999994 
  1855.0   38.952230453999995 
  1856.0   37.249030223999995 
  1857.0   38.709915714 
  1858.0   38.845820106 
  1859.0   38.374652555999994 
  1860.0   38.774237328 
  1861.0   38.253041855999996 
  1862.0   38.626108794 
  1863.0   39.081457097999994 
  1864.0   39.20723055 
  1865.0   39.176719469999995 
  1866.0   38.838353958 
  1867.0   38.674394352 
  1868.0   38.464762734 
  1869.0   38.639551014 
  1870.0   38.404221498 
  1871.0   40.267384146 
  1872.0   37.764896111999995 
  1873.0   38.992324536 
  1874.0   39.673939698 
  1875.0   38.889655145999996 
  1876.0   38.909633201999995 
  1877.0   39.51687465 
  1878.0   38.923698257999995 
  1879.0   38.27222757 
  1880.0   38.580484086 
  1881.0   38.407627385999994 
  1882.0   39.152018897999994 
  1883.0   40.67076900599999 
  1884.0   38.507549202 
  1885.0   37.517744537999995 
  1886.0   38.805327882 
  1887.0   40.35754557 
  1888.0   39.396927473999995 
  1889.0   38.180528765999995 
  1890.0   39.588985656 
  1891.0   39.026809152 
  1892.0   38.665414475999995 
  1893.0   37.88587215 
  1894.0   38.770598862 
  1895.0   40.345305659999994 
  1896.0   40.22710479 
  1897.0   39.68425197 
  1898.0   39.404306897999994 
  1899.0   39.037996547999995 
  1900.0   38.862833777999995 
  1901.0   39.095553689999996 
  1902.0   39.992358689999996 
  1903.0   39.965714712 
  1904.0   40.021269317999995 
  1905.0   39.932448173999994 
  1906.0   40.20753276 
  1907.0   39.766127309999995 
  1908.0   39.232096686 
  1909.0   38.894034708 
  1910.0   39.425514858 
  1911.0   41.259333258 
  1912.0   40.827053537999994 
  1913.0   39.665022893999996 
  1914.0   38.296723158 
  1915.0   40.029007463999996 
  1916.0   40.273651926 
  1917.0   39.348192528 
  1918.0   39.911918238 
  1919.0   39.797813106 
  1920.0   40.09380606 
  1921.0   38.809514285999995 
  1922.0   39.985523261999994 
  1923.0   41.74751448 
  1924.0   40.102805646 
  1925.0   40.650447996 
  1926.0   40.245754391999995 
  1927.0   40.509162773999996 
  1928.0   40.236995267999994 
  1929.0   40.456162584 
  1930.0   40.625152181999994 
  1931.0   40.925004353999995 
  1932.0   40.345956089999994 
  1933.0   40.727013461999995 
  1934.0   39.825430757999996 
  1935.0   40.254675137999996 
  1936.0   40.972332005999995 
  1937.0   40.397328234 
  1938.0   41.398233569999995 
  1939.0   41.16234429 
  1940.0   40.497466859999996 
  1941.0   40.870108062 
  1942.0   41.408269901999994 
  1943.0   41.640599556 
  1944.0   40.107484799999995 
  1945.0   40.270395834 
  1946.0   41.64287409 
  1947.0   40.924476125999995 
  1948.0   40.010349977999994 
  1949.0   42.407598437999994 
  1950.0   39.945985002 
  1951.0   39.912580494 
  1952.0   40.306374467999994 
  1953.0   42.034539384 
  1954.0   41.584225014 
  1955.0   40.921283106 
  1956.0   40.162700394 
  1957.0   42.862205646 
  1958.0   42.716548745999994 
  1959.0   41.257401677999994 
  1960.0   40.623851322 
  1961.0   41.70626145 
  1962.0   41.979568193999995 
  1963.0   41.433455339999995 
  1964.0   41.134549248 
  1965.0   42.145932419999994 
  1966.0   42.928904286 
  1967.0   41.634800874 
  1968.0   42.372510696 
  1969.0   42.940205999999996 
  1970.0   40.507562322 
  1971.0   41.207913809999994 
  1972.0   44.686397682 
  1973.0   44.43783093 
  1974.0   42.634204307999994 
  1975.0   42.036821802 
  1976.0   42.597334782 
  1977.0   43.650995904 
  1978.0   43.07372548199999 
  1979.0   42.626269062 
  1980.0   42.360668927999996 
  1981.0   44.78275592999999 
  1982.0   43.88713353 
  1983.0   42.625736892 
  1984.0   43.018624206 
  1985.0   44.871261714 
  1986.0   44.622257399999995 
  1987.0   42.987931794 
  1988.0   44.299064646 
  1989.0   45.741261114 
  1990.0   43.322465681999994 
  1991.0   43.40849589 
  1992.0   45.316447542 
  1993.0   45.380639069999994 
  1994.0   44.469039744 
  1995.0   44.050584617999995 
  1996.0   45.120616866 
  1997.0   45.505076183999996 
  1998.0   44.355506201999994 
  1999.0   47.033409293999995 
  2000.0   45.481396589999996 
  2001.0   45.212930621999995 
  2002.0   44.527129056 
  2003.0   46.597384674 
  2004.0   47.938898519999995 
  2005.0   47.083677677999994 
  2006.0   45.813722958 
  2007.0   47.104152426 
  2008.0   46.76755687199999 
  2009.0   47.008905821999996 
  2010.0   46.828354338 
  2011.0   47.880269154 
  2012.0   46.815002783999994 
  2013.0   48.652845965999994 
  2014.0   47.192634557999995 
