  1850.0   275.894673342464 
  1851.0   276.2607689728 
  1852.0   276.14265737216 
  1853.0   276.089909805056 
  1854.0   275.76399560704 
  1855.0   275.050930372608 
  1856.0   275.004423929856 
  1857.0   275.000179294208 
  1858.0   275.082991632384 
  1859.0   275.027425492992 
  1860.0   275.33458276352 
  1861.0   275.25782700032 
  1862.0   275.0406459392 
  1863.0   274.75308445696 
  1864.0   274.576135159808 
  1865.0   274.139524890624 
  1866.0   273.769536946176 
  1867.0   273.821126885376 
  1868.0   274.09165949337597 
  1869.0   274.04181438464 
  1870.0   273.79099500544 
  1871.0   273.522911870976 
  1872.0   273.800155365376 
  1873.0   274.04208282009597 
  1874.0   273.8075205632 
  1875.0   273.268753825792 
  1876.0   273.425687904256 
  1877.0   273.40587401216 
  1878.0   273.556181090304 
  1879.0   273.51752638464 
  1880.0   273.168358965248 
  1881.0   273.12561061888 
  1882.0   272.95894575513597 
  1883.0   272.836925063168 
  1884.0   273.09113344 
  1885.0   273.370440531968 
  1886.0   273.819616935936 
  1887.0   273.984218202112 
  1888.0   273.74267662336 
  1889.0   273.36653144064 
  1890.0   272.71305887744 
  1891.0   272.332182519808 
  1892.0   272.206705721344 
  1893.0   272.265677635584 
  1894.0   272.138925768704 
  1895.0   272.026585530368 
  1896.0   272.420028022784 
  1897.0   272.030008082432 
  1898.0   271.704043552768 
  1899.0   271.6990439424 
  1900.0   271.684313546752 
  1901.0   271.840542982144 
  1902.0   271.70949614796797 
  1903.0   271.810964750336 
  1904.0   272.012375228416 
  1905.0   272.398586740736 
  1906.0   272.38237995008 
  1907.0   272.22719070208 
  1908.0   272.035829776384 
  1909.0   272.40714312089597 
  1910.0   272.659506003968 
  1911.0   272.218986643456 
  1912.0   272.060995600384 
  1913.0   272.583337443328 
  1914.0   271.800445435904 
  1915.0   271.518906974208 
  1916.0   271.91135961087997 
  1917.0   271.962580451328 
  1918.0   271.858159058944 
  1919.0   272.035628449792 
  1920.0   271.906192228352 
  1921.0   271.57673803776 
  1922.0   271.355144568832 
  1923.0   271.058674384896 
  1924.0   271.093822652416 
  1925.0   270.96067866623997 
  1926.0   271.029750464512 
  1927.0   270.876272492544 
  1928.0   270.916286152704 
  1929.0   270.451473383424 
  1930.0   270.078599757824 
  1931.0   270.24546594816 
  1932.0   270.5707761664 
  1933.0   270.946686468096 
  1934.0   271.05506728345597 
  1935.0   270.538714906624 
  1936.0   270.330627096576 
  1937.0   270.19773476864 
  1938.0   270.082861170688 
  1939.0   270.283483119616 
  1940.0   270.66925842432 
  1941.0   270.222363721728 
  1942.0   269.896936062976 
  1943.0   269.556492795904 
  1944.0   269.571827171328 
  1945.0   270.18820530995197 
  1946.0   270.166059384832 
  1947.0   269.490256347136 
  1948.0   269.04941821952 
  1949.0   269.564025765888 
  1950.0   269.694099521536 
  1951.0   269.68502304768 
  1952.0   269.671081181184 
  1953.0   269.077419393024 
  1954.0   268.902332366848 
  1955.0   268.622421295104 
  1956.0   268.926843879424 
  1957.0   269.43646859264 
  1958.0   269.450494345216 
  1959.0   269.390952005632 
  1960.0   269.011535265792 
  1961.0   268.488069349376 
  1962.0   268.24612511744 
  1963.0   268.315196915712 
  1964.0   269.148605120512 
  1965.0   269.41423878144 
  1966.0   269.340100263936 
  1967.0   269.598989484032 
  1968.0   269.185280114688 
  1969.0   268.918287499264 
  1970.0   268.733738123264 
  1971.0   268.504964005888 
  1972.0   268.85480251392 
  1973.0   268.975481028608 
  1974.0   269.095823998976 
  1975.0   269.08649586688 
  1976.0   269.07746972467197 
  1977.0   269.536980893696 
  1978.0   269.379207954432 
  1979.0   269.5477854208 
  1980.0   269.622393700352 
  1981.0   269.384056569856 
  1982.0   269.962316873728 
  1983.0   270.60500168704 
  1984.0   271.025052844032 
  1985.0   270.951904182272 
  1986.0   270.259625918464 
  1987.0   270.25083465728 
  1988.0   270.285446053888 
  1989.0   270.58302353408 
  1990.0   270.434494840832 
  1991.0   270.555693449216 
  1992.0   271.067482423296 
  1993.0   271.340984598528 
  1994.0   271.093084454912 
  1995.0   271.406046642176 
  1996.0   272.09926443008 
  1997.0   272.032289783808 
  1998.0   272.106830954496 
  1999.0   271.9934840832 
  2000.0   272.39143964672 
  2001.0   272.415363956736 
  2002.0   272.320908230656 
  2003.0   272.557349535744 
  2004.0   272.466500911104 
  2005.0   272.589209468928 
  2006.0   273.26762975232 
  2007.0   274.118033276928 
  2008.0   274.424636899328 
  2009.0   274.410342711296 
  2010.0   274.729730572288 
  2011.0   275.15213053952 
  2012.0   275.381173092352 
  2013.0   275.76869322752 
  2014.0   276.108196970496 
