  1850.0   524.871578681344 
  1851.0   524.569756565504 
  1852.0   523.785119727616 
  1853.0   523.870180212736 
  1854.0   522.61380161536 
  1855.0   522.125114867712 
  1856.0   522.27070754816 
  1857.0   522.000560816128 
  1858.0   521.333062500352 
  1859.0   520.849912233984 
  1860.0   520.124029206528 
  1861.0   519.453343219712 
  1862.0   519.170915565568 
  1863.0   518.668404391936 
  1864.0   518.330041499648 
  1865.0   518.0644917248 
  1866.0   517.239690231808 
  1867.0   516.120448598016 
  1868.0   516.330465787904 
  1869.0   516.792376098816 
  1870.0   516.700436955136 
  1871.0   516.770196619264 
  1872.0   515.991062708224 
  1873.0   515.168173817856 
  1874.0   514.466986852352 
  1875.0   513.739124113408 
  1876.0   513.329021845504 
  1877.0   512.841945710592 
  1878.0   512.932140023808 
  1879.0   512.381679566848 
  1880.0   511.713778597888 
  1881.0   510.52262981632 
  1882.0   509.423285960704 
  1883.0   509.02677323776 
  1884.0   509.30057740288 
  1885.0   509.727356223488 
  1886.0   509.190149767168 
  1887.0   508.383836766208 
  1888.0   506.931097632768 
  1889.0   505.651566477312 
  1890.0   505.44164995072 
  1891.0   504.988967108608 
  1892.0   503.458314584064 
  1893.0   503.179678580736 
  1894.0   503.588807770112 
  1895.0   502.988888080384 
  1896.0   502.54378853990397 
  1897.0   502.291023003648 
  1898.0   501.673789227008 
  1899.0   500.932370497536 
  1900.0   500.28668256256 
  1901.0   499.966137073664 
  1902.0   500.021166342144 
  1903.0   499.261359783936 
  1904.0   498.83162817331197 
  1905.0   499.25219942399997 
  1906.0   499.03896100864 
  1907.0   498.916923539456 
  1908.0   498.317272285184 
  1909.0   497.269870690304 
  1910.0   497.02150078464 
  1911.0   496.296792162304 
  1912.0   495.478701555712 
  1913.0   493.99992418304 
  1914.0   493.510130139136 
  1915.0   493.569722810368 
  1916.0   493.097242853376 
  1917.0   493.223944388608 
  1918.0   492.388875239424 
  1919.0   491.880156495872 
  1920.0   490.680820432896 
  1921.0   489.72743835648 
  1922.0   489.59624052736 
  1923.0   489.41135560704 
  1924.0   489.011990757376 
  1925.0   488.406131933184 
  1926.0   487.68185951846397 
  1927.0   487.671524753408 
  1928.0   488.16128524288 
  1929.0   487.93328287744 
  1930.0   486.858802855936 
  1931.0   485.673123446784 
  1932.0   484.306283659264 
  1933.0   484.228403822592 
  1934.0   483.576005001216 
  1935.0   483.29777165107197 
  1936.0   482.78160382361597 
  1937.0   482.17816091852796 
  1938.0   481.914490191872 
  1939.0   481.98200170905596 
  1940.0   481.74651670528 
  1941.0   481.070864662528 
  1942.0   479.86371041689597 
  1943.0   479.085448921088 
  1944.0   479.181750140928 
  1945.0   478.7235979264 
  1946.0   477.008362471424 
  1947.0   476.802841575424 
  1948.0   476.30130348032 
  1949.0   475.43492804608 
  1950.0   474.468828839936 
  1951.0   472.56370885427197 
  1952.0   471.439736045568 
  1953.0   470.571347345408 
  1954.0   469.554916491264 
  1955.0   468.666562904064 
  1956.0   468.031411060736 
  1957.0   468.076004900864 
  1958.0   467.144701640704 
  1959.0   465.46976505856 
  1960.0   464.000517144576 
  1961.0   463.462304055296 
  1962.0   461.990472450048 
  1963.0   461.930040918016 
  1964.0   461.997988642816 
  1965.0   461.879843487744 
  1966.0   461.37293668352 
  1967.0   461.419845779456 
  1968.0   461.6150319104 
  1969.0   461.484706496512 
  1970.0   461.35864249548797 
  1971.0   461.45219225190397 
  1972.0   461.237175451648 
  1973.0   461.201473536 
  1974.0   460.968538669056 
  1975.0   460.372444184576 
  1976.0   460.457773105152 
  1977.0   461.10570918707197 
  1978.0   461.32132996710396 
  1979.0   460.303456272384 
  1980.0   459.475735543808 
  1981.0   459.126266134528 
  1982.0   460.437237792768 
  1983.0   460.841400926208 
  1984.0   461.844913324032 
  1985.0   462.671862300672 
  1986.0   462.954155737088 
  1987.0   463.595280269312 
  1988.0   464.481620590592 
  1989.0   465.13787817164797 
  1990.0   464.84481376255997 
  1991.0   464.89897061580797 
  1992.0   466.507402313728 
  1993.0   467.85652536115197 
  1994.0   468.43278917632 
  1995.0   468.278807887872 
  1996.0   468.740953079808 
  1997.0   469.309197385728 
  1998.0   471.51090499584 
  1999.0   473.568093667328 
  2000.0   475.105020870656 
  2001.0   475.37100685312 
  2002.0   476.027365097472 
  2003.0   476.57477210112 
  2004.0   476.234932813824 
  2005.0   476.34901788262397 
  2006.0   478.163809337344 
  2007.0   479.994237157376 
  2008.0   481.29822949376 
  2009.0   482.176952958976 
  2010.0   482.609603805184 
  2011.0   483.966209490944 
  2012.0   485.276912713728 
  2013.0   484.545862303744 
  2014.0   484.06079943475197 
