  1850.0   576.376155406336 
  1851.0   575.5686344458239 
  1852.0   575.585612988416 
  1853.0   575.1250448547839 
  1854.0   574.4032219136 
  1855.0   574.794869243904 
  1856.0   574.260078706688 
  1857.0   573.1583524864 
  1858.0   573.533960798208 
  1859.0   573.666970566656 
  1860.0   573.754681851904 
  1861.0   574.400805994496 
  1862.0   575.097798656 
  1863.0   575.535214231552 
  1864.0   576.182143680512 
  1865.0   576.080205316096 
  1866.0   576.707270541312 
  1867.0   576.18596888576 
  1868.0   575.101556752384 
  1869.0   575.161283641344 
  1870.0   575.615342215168 
  1871.0   576.030343430144 
  1872.0   576.393805037568 
  1873.0   575.720032043008 
  1874.0   575.893172912128 
  1875.0   575.505283678208 
  1876.0   575.895320395776 
  1877.0   576.075709022208 
  1878.0   576.929266663424 
  1879.0   577.602100133888 
  1880.0   577.514925719552 
  1881.0   577.08354994176 
  1882.0   576.806256115712 
  1883.0   577.442448146432 
  1884.0   579.083192762368 
  1885.0   578.56296484864 
  1886.0   578.421633581056 
  1887.0   578.414184497152 
  1888.0   578.913742880768 
  1889.0   578.290972622848 
  1890.0   578.099846578176 
  1891.0   578.301307387904 
  1892.0   578.556992159744 
  1893.0   578.7432863662079 
  1894.0   578.837372993536 
  1895.0   578.159439249408 
  1896.0   578.863813885952 
  1897.0   579.271835779072 
  1898.0   578.434719809536 
  1899.0   577.734640140288 
  1900.0   577.8334914969599 
  1901.0   578.4398200832 
  1902.0   579.7148884992 
  1903.0   581.121624506368 
  1904.0   581.447907803136 
  1905.0   581.67077634048 
  1906.0   582.495007408128 
  1907.0   583.614383259648 
  1908.0   583.852284182528 
  1909.0   583.789134741504 
  1910.0   583.566803075072 
  1911.0   583.222601711616 
  1912.0   583.914426990592 
  1913.0   585.266939035648 
  1914.0   586.083653910528 
  1915.0   586.495299682304 
  1916.0   585.870918811648 
  1917.0   585.849712410624 
  1918.0   586.659045310464 
  1919.0   586.899429261312 
  1920.0   587.0308284170239 
  1921.0   586.715282538496 
  1922.0   587.3401331712 
  1923.0   588.474071646208 
  1924.0   588.21825265664 
  1925.0   588.863235948544 
  1926.0   589.927582531584 
  1927.0   590.023413989376 
  1928.0   590.136827969536 
  1929.0   590.699871338496 
  1930.0   590.524314550272 
  1931.0   590.400767131648 
  1932.0   591.18916206592 
  1933.0   591.543899521024 
  1934.0   592.149355692032 
  1935.0   591.867364245504 
  1936.0   592.55482744832 
  1937.0   593.628099510272 
  1938.0   593.6716531630079 
  1939.0   593.573003132928 
  1940.0   593.60843661312 
  1941.0   593.782047244288 
  1942.0   593.302822846464 
  1943.0   593.1494790922239 
  1944.0   593.2624904191999 
  1945.0   593.50877995008 
  1946.0   593.206857170944 
  1947.0   591.967222235136 
  1948.0   590.905157353472 
  1949.0   590.928981000192 
  1950.0   590.775234592768 
  1951.0   590.920323956736 
  1952.0   590.877240066048 
  1953.0   590.704099196928 
  1954.0   590.490021920768 
  1955.0   590.0446203904 
  1956.0   590.013347659776 
  1957.0   589.139523141632 
  1958.0   588.049272537088 
  1959.0   588.870416596992 
  1960.0   589.116303474688 
  1961.0   589.882418266112 
  1962.0   590.197293056 
  1963.0   591.325325950976 
  1964.0   592.879097479168 
  1965.0   593.506296922112 
  1966.0   592.832523927552 
  1967.0   591.4877965107199 
  1968.0   591.459073916928 
  1969.0   591.105544421376 
  1970.0   591.26566617088 
  1971.0   592.341152825344 
  1972.0   592.485436882944 
  1973.0   592.338871123968 
  1974.0   592.2116327178239 
  1975.0   592.399940190208 
  1976.0   592.362292117504 
  1977.0   591.20325492736 
  1978.0   590.4965985894399 
  1979.0   590.325336768512 
  1980.0   589.621901656064 
  1981.0   589.2426694656 
  1982.0   589.235555926016 
  1983.0   590.601422635008 
  1984.0   592.29377396736 
  1985.0   592.969157574656 
  1986.0   593.215916867584 
  1987.0   593.994245472256 
  1988.0   594.844447670272 
  1989.0   595.02309146624 
  1990.0   596.2962808340479 
  1991.0   598.784006422528 
  1992.0   604.4859781611519 
  1993.0   608.729942720512 
  1994.0   611.553212628992 
  1995.0   613.4893033553919 
  1996.0   614.53969129472 
  1997.0   616.280763662336 
  1998.0   618.33067102208 
  1999.0   620.532982611968 
  2000.0   622.147957424128 
  2001.0   623.7923259187199 
  2002.0   625.667280470016 
  2003.0   628.222786011136 
  2004.0   630.320474882048 
  2005.0   632.08933031936 
  2006.0   635.080103952384 
  2007.0   637.008342941696 
  2008.0   639.451306917888 
  2009.0   642.54690459648 
  2010.0   645.109725003776 
  2011.0   646.987900780544 
  2012.0   649.881634996224 
  2013.0   651.435943395328 
  2014.0   653.319085228032 
