  1850.0   0.24988547481599999 
  1851.0   0.465708220416 
  1852.0   0.6493244620799999 
  1853.0   0.801786560512 
  1854.0   0.92262203392 
  1855.0   1.03059423232 
  1856.0   1.128920776704 
  1857.0   1.220165238784 
  1858.0   1.296678518784 
  1859.0   1.366845161472 
  1860.0   1.4352627793919999 
  1861.0   1.485161234432 
  1862.0   1.536957743104 
  1863.0   1.583076081664 
  1864.0   1.625012174848 
  1865.0   1.660700065792 
  1866.0   1.703012728832 
  1867.0   1.7431737139199999 
  1868.0   1.773861994496 
  1869.0   1.8149336678399999 
  1870.0   1.847039361024 
  1871.0   1.917139419136 
  1872.0   1.983680872448 
  1873.0   2.036788232192 
  1874.0   2.089378381824 
  1875.0   2.145201291264 
  1876.0   2.195216531456 
  1877.0   2.237108846592 
  1878.0   2.278582648832 
  1879.0   2.327513399296 
  1880.0   2.368758349824 
  1881.0   2.405988040704 
  1882.0   2.437327355904 
  1883.0   2.47044374528 
  1884.0   2.513749147648 
  1885.0   2.547551830016 
  1886.0   2.575580266496 
  1887.0   2.6061635584 
  1888.0   2.6476174376959998 
  1889.0   2.68419072 
  1890.0   2.718280187904 
  1891.0   2.780587360256 
  1892.0   2.843394965504 
  1893.0   2.898029182976 
  1894.0   2.944265879552 
  1895.0   2.9938189598719998 
  1896.0   3.038090887168 
  1897.0   3.0881907998719997 
  1898.0   3.130138558464 
  1899.0   3.168747651072 
  1900.0   3.21114341376 
  1901.0   3.268831608832 
  1902.0   3.3163840061439998 
  1903.0   3.368195719168 
  1904.0   3.413571796992 
  1905.0   3.4559408209919997 
  1906.0   3.50253350912 
  1907.0   3.555759751168 
  1908.0   3.605986541568 
  1909.0   3.6448700989439997 
  1910.0   3.6875754536959997 
  1911.0   3.732084621312 
  1912.0   3.778663940096 
  1913.0   3.810086617088 
  1914.0   3.843133800448 
  1915.0   3.8859883151359997 
  1916.0   3.917243744256 
  1917.0   3.950470496256 
  1918.0   3.985671716864 
  1919.0   4.014487109632 
  1920.0   4.050133188608 
  1921.0   4.103952662528 
  1922.0   4.151894605824 
  1923.0   4.20825137152 
  1924.0   4.248085725184 
  1925.0   4.287055527936 
  1926.0   4.33791565824 
  1927.0   4.381576790016 
  1928.0   4.414741413888 
  1929.0   4.4689045585919995 
  1930.0   4.514768748544 
  1931.0   4.5942785966079995 
  1932.0   4.660046331904 
  1933.0   4.725733326848 
  1934.0   4.802015133696 
  1935.0   4.861684875264 
  1936.0   4.9152786432 
  1937.0   4.9761668300799995 
  1938.0   5.011148898304 
  1939.0   5.0516590591999995 
  1940.0   5.094283149312 
  1941.0   5.16151836672 
  1942.0   5.224496365568 
  1943.0   5.2794496122879995 
  1944.0   5.324493815808 
  1945.0   5.375260622848 
  1946.0   5.418927521792 
  1947.0   5.462294003712 
  1948.0   5.4988914032639995 
  1949.0   5.526749970432 
  1950.0   5.539642212352 
  1951.0   5.6364436029439995 
  1952.0   5.728413679616 
  1953.0   5.8030350663679995 
  1954.0   5.875169755136 
  1955.0   5.977076137984 
  1956.0   6.073387319296 
  1957.0   6.156653166592 
  1958.0   6.228371570688 
  1959.0   6.308728143872 
  1960.0   6.374881230848 
  1961.0   6.341275418624 
  1962.0   6.329758384128 
  1963.0   6.338140176384 
  1964.0   6.3315372933119995 
  1965.0   6.359747657728 
  1966.0   6.355519799296 
  1967.0   6.371696705536 
  1968.0   6.3993560432639995 
  1969.0   6.44342349824 
  1970.0   6.452420804608 
  1971.0   6.489390972928 
  1972.0   6.554579894272 
  1973.0   6.557745545216 
  1974.0   6.597686853632 
  1975.0   6.619637219328 
  1976.0   6.655957270528 
  1977.0   6.717167370239999 
  1978.0   6.755425189888 
  1979.0   6.819415588864 
  1980.0   6.899009847296 
  1981.0   6.986909351936 
  1982.0   7.053766557696 
  1983.0   7.152254582784 
  1984.0   7.248692641792 
  1985.0   7.305572122624 
  1986.0   7.381152432128 
  1987.0   7.43777763328 
  1988.0   7.518409457664 
  1989.0   7.566593622016 
  1990.0   7.610280968192 
  1991.0   7.535962095616 
  1992.0   7.564570394624 
  1993.0   7.504591323136 
  1994.0   7.474602573824 
  1995.0   7.421707681792 
  1996.0   7.416297029632 
  1997.0   7.39483058176 
  1998.0   7.385690669056 
  1999.0   7.418871808 
  2000.0   7.393277116416 
  2001.0   7.484268347392 
  2002.0   7.481424609279999 
  2003.0   7.58240772096 
  2004.0   7.745478066176 
  2005.0   7.75388135424 
  2006.0   7.733130559488 
  2007.0   7.743993806848 
  2008.0   7.771846606847999 
  2009.0   7.76825995264 
  2010.0   7.958022324224 
  2011.0   7.954488623104 
  2012.0   7.941958664192 
  2013.0   8.044444909568 
  2014.0   8.11792072704 
