  1850.0   -0.9509451055312499 
  1851.0   0.29563346207812496 
  1852.0   1.134339818625 
  1853.0   0.23586193237499997 
  1854.0   -1.2123395566875 
  1855.0   -0.5979569293125 
  1856.0   -0.53003349759375 
  1857.0   0.15194192625 
  1858.0   2.556985444875 
  1859.0   1.1847873172499999 
  1860.0   0.6603817637812499 
  1861.0   1.1940146769375 
  1862.0   1.2842983029375 
  1863.0   -1.136454701625 
  1864.0   -1.7698785440624998 
  1865.0   0.22585709017968747 
  1866.0   0.9148830119999999 
  1867.0   -0.65135778665625 
  1868.0   -1.3019450355 
  1869.0   0.5722053215624999 
  1870.0   1.4154020780624998 
  1871.0   0.42010993448437495 
  1872.0   1.1855712825 
  1873.0   0.23633169250781247 
  1874.0   -0.45904639275 
  1875.0   -0.23157446842968749 
  1876.0   0.16531885687499998 
  1877.0   0.6711512461875 
  1878.0   1.6382798015625 
  1879.0   0.57696916696875 
  1880.0   -0.01598571369580078 
  1881.0   1.1930924953125 
  1882.0   0.345637424109375 
  1883.0   0.27485727426562495 
  1884.0   2.5266059291249996 
  1885.0   2.250329380875 
  1886.0   0.277321424625 
  1887.0   -0.34796970224999996 
  1888.0   -0.66207707015625 
  1889.0   -1.7382298274999999 
  1890.0   -1.6558362376874998 
  1891.0   0.8163901094062499 
  1892.0   1.5231819014999999 
  1893.0   0.82396601746875 
  1894.0   2.173799392875 
  1895.0   0.61601997403125 
  1896.0   1.198977778125 
  1897.0   0.471355811296875 
  1898.0   -0.31708176089062495 
  1899.0   -1.3379723285624998 
  1900.0   -1.6975667424374998 
  1901.0   -1.052017308 
  1902.0   1.643431626 
  1903.0   1.8251543767499998 
  1904.0   1.0134085592812498 
  1905.0   1.5357900189374998 
  1906.0   -0.17903019536718748 
  1907.0   0.53067037696875 
  1908.0   -0.58444048884375 
  1909.0   0.5990955513749999 
  1910.0   0.16374131774999998 
  1911.0   -1.5730377305624998 
  1912.0   -0.7325504831249999 
  1913.0   0.75582596053125 
  1914.0   0.73605646096875 
  1915.0   -0.372675448125 
  1916.0   -0.8163423126562499 
  1917.0   0.367923151546875 
  1918.0   -0.44337361668749997 
  1919.0   1.9381473719999998 
  1920.0   0.32801883989062497 
  1921.0   0.08723255649609374 
  1922.0   1.6914442004999999 
  1923.0   1.4023727825624999 
  1924.0   0.61884786628125 
  1925.0   -0.62476813434375 
  1926.0   -0.6166984907812499 
  1927.0   0.314252636765625 
  1928.0   1.4647697150624999 
  1929.0   2.5795524093749997 
  1930.0   0.77498112403125 
  1931.0   0.35220307148437496 
  1932.0   0.53868162965625 
  1933.0   1.0476275214375 
  1934.0   1.5366954470624998 
  1935.0   0.6022457637187499 
  1936.0   1.1805626019375 
  1937.0   -0.41431454775 
  1938.0   0.29916281474999995 
  1939.0   0.7818399576562499 
  1940.0   1.4402711705625 
  1941.0   1.0612141171875 
  1942.0   -0.022311802766601562 
  1943.0   1.2432689814375 
  1944.0   -0.018152457670898438 
  1945.0   -0.76791804553125 
  1946.0   0.6950992041562499 
  1947.0   1.6763957386875 
  1948.0   -0.33734872237499997 
  1949.0   -0.336972784921875 
  1950.0   2.279065082625 
  1951.0   -0.1827645936328125 
  1952.0   -0.318198825140625 
  1953.0   0.88275786778125 
  1954.0   -1.08359617725 
  1955.0   -0.9407184488437499 
  1956.0   1.530256806 
  1957.0   1.6165757655 
  1958.0   1.5751650554999999 
  1959.0   1.112765499 
  1960.0   2.476238009625 
  1961.0   0.2042504646328125 
  1962.0   -1.33474001175 
  1963.0   -0.14057028794531248 
  1964.0   2.0250349649999997 
  1965.0   1.1126251884375 
  1966.0   0.8260025532187499 
  1967.0   2.719336222125 
  1968.0   1.45877799825 
  1969.0   -0.7575375892499999 
  1970.0   1.558049877 
  1971.0   1.3305621076874998 
  1972.0   0.69728873878125 
  1973.0   -0.1753491064921875 
  1974.0   0.44808427589062494 
  1975.0   1.9763400549374999 
  1976.0   2.526823971 
  1977.0   0.24906755538281247 
  1978.0   1.6656838464375 
  1979.0   0.41499183262499995 
  1980.0   0.06071361765820312 
  1981.0   1.4158361908125 
  1982.0   2.4809265258749997 
  1983.0   0.220423089375 
  1984.0   0.476475791765625 
  1985.0   2.901337376625 
  1986.0   2.317882942125 
  1987.0   2.05126454025 
  1988.0   0.764411698125 
  1989.0   -0.48722479425 
  1990.0   0.39409963298437495 
  1991.0   1.7801368599374998 
  1992.0   2.5693130643749997 
  1993.0   1.9339443376874998 
  1994.0   2.1901801274999997 
  1995.0   0.9900518397187499 
  1996.0   0.9013299848437499 
  1997.0   0.93326646740625 
  1998.0   -0.94859690540625 
  1999.0   0.1293435951328125 
  2000.0   1.9857420945 
  2001.0   -1.8057783380624999 
  2002.0   -0.38716978176562494 
  2003.0   0.725459317875 
  2004.0   -0.32305586189062496 
  2005.0   -0.6125813181562499 
  2006.0   1.1967542437499998 
  2007.0   4.069310831999999 
  2008.0   2.532319119 
  2009.0   1.4891022028124998 
  2010.0   0.27145055474999996 
  2011.0   0.8833359251249999 
  2012.0   1.1434503965624998 
  2013.0   0.92920214221875 
  2014.0   -0.12430176943359374 
