  1850.0   2.860330115072429 
  1851.0   2.8857282246463 
  1852.0   2.87171263480559 
  1853.0   2.8706407989375293 
  1854.0   2.8932295041158795 
  1855.0   2.8697993606328964 
  1856.0   2.8513640980236232 
  1857.0   2.878991689067334 
  1858.0   2.8755445266142488 
  1859.0   2.8524192748591304 
  1860.0   2.8442321461625397 
  1861.0   2.83835370792076 
  1862.0   2.837097051087767 
  1863.0   2.8530347160995007 
  1864.0   2.8965006466023624 
  1865.0   2.865451981779188 
  1866.0   2.8520317166112363 
  1867.0   2.8474860009737313 
  1868.0   2.883052406832576 
  1869.0   2.8787408606149256 
  1870.0   2.8556042932905257 
  1871.0   2.8569332440383732 
  1872.0   2.869801560882479 
  1873.0   2.847058209590614 
  1874.0   2.845786151010543 
  1875.0   2.8599607874639332 
  1876.0   2.8475821833126247 
  1877.0   2.871581877116114 
  1878.0   2.8787414892576635 
  1879.0   2.8684163466095924 
  1880.0   2.8673039632849395 
  1881.0   2.855069318320602 
  1882.0   2.861059026326984 
  1883.0   2.8520351741462946 
  1884.0   2.833149174693972 
  1885.0   2.8584885061718524 
  1886.0   2.851299347821623 
  1887.0   2.844608703162521 
  1888.0   2.8524224180728197 
  1889.0   2.855018398258835 
  1890.0   2.8678750852122903 
  1891.0   2.877380477730185 
  1892.0   2.865662577096373 
  1893.0   2.8418913949280977 
  1894.0   2.856014796998352 
  1895.0   2.8907755971886218 
  1896.0   2.862882718909532 
  1897.0   2.85534969298169 
  1898.0   2.877094445284456 
  1899.0   2.8643103665672243 
  1900.0   2.860934555064887 
  1901.0   2.8653193381614983 
  1902.0   2.857919898815453 
  1903.0   2.8591284644789994 
  1904.0   2.8692002641037107 
  1905.0   2.8589250985533 
  1906.0   2.8613236849196255 
  1907.0   2.8619463555514812 
  1908.0   2.858349576126784 
  1909.0   2.8815314057283103 
  1910.0   2.8687894460745156 
  1911.0   2.845703484490514 
  1912.0   2.8623093967325985 
  1913.0   2.8693369938991964 
  1914.0   2.8256293502636254 
  1915.0   2.8376493137329817 
  1916.0   2.8689528931863606 
  1917.0   2.851327008102089 
  1918.0   2.858831430785358 
  1919.0   2.880304295103997 
  1920.0   2.8896170086227357 
  1921.0   2.8675557347014546 
  1922.0   2.8515413752757013 
  1923.0   2.8683217358775437 
  1924.0   2.8846130124293268 
  1925.0   2.8606042033061385 
  1926.0   2.853861066978425 
  1927.0   2.8625397942960262 
  1928.0   2.8654670692048967 
  1929.0   2.864334883634001 
  1930.0   2.8692521271295846 
  1931.0   2.8471528203226626 
  1932.0   2.879310096614063 
  1933.0   2.8506769915111363 
  1934.0   2.8457798645831645 
  1935.0   2.863287879154086 
  1936.0   2.873446431476623 
  1937.0   2.843329729512334 
  1938.0   2.855995623394847 
  1939.0   2.8556467266753316 
  1940.0   2.856084262020886 
  1941.0   2.8845312888734043 
  1942.0   2.84854369238019 
  1943.0   2.8389345738105476 
  1944.0   2.8499901993200183 
  1945.0   2.8494244208559394 
  1946.0   2.8600752004422247 
  1947.0   2.87150643998757 
  1948.0   2.871610166039318 
  1949.0   2.8564120992086828 
  1950.0   2.8713976847939193 
  1951.0   2.866923005785793 
  1952.0   2.8540716622956097 
  1953.0   2.838375710416585 
  1954.0   2.8528401511721313 
  1955.0   2.8825589222833514 
  1956.0   2.867133601102978 
  1957.0   2.8550479444675148 
  1958.0   2.868989354465157 
  1959.0   2.880280406679958 
  1960.0   2.8540295432321727 
  1961.0   2.82685897545889 
  1962.0   2.8449299396015704 
  1963.0   2.837625110987574 
  1964.0   2.8295571100898087 
  1965.0   2.860368462279439 
  1966.0   2.866282418835908 
  1967.0   2.84993079258129 
  1968.0   2.820978022646159 
  1969.0   2.8145985561423004 
  1970.0   2.83658659318462 
  1971.0   2.8501583612523973 
  1972.0   2.834157831966877 
  1973.0   2.839029813185334 
  1974.0   2.861185383517295 
  1975.0   2.835124998819083 
  1976.0   2.822295029181987 
  1977.0   2.8299751575104892 
  1978.0   2.8444521711207926 
  1979.0   2.839572017546743 
  1980.0   2.8522838023491204 
  1981.0   2.843665424734354 
  1982.0   2.854879468213767 
  1983.0   2.8586277505382895 
  1984.0   2.8523205779492855 
  1985.0   2.8352205525152385 
  1986.0   2.848262374754995 
  1987.0   2.8358573676086962 
  1988.0   2.8199156164191663 
  1989.0   2.839544042944908 
  1990.0   2.8528473805636168 
  1991.0   2.845132676884532 
  1992.0   2.8510265168733895 
  1993.0   2.8287813649512827 
  1994.0   2.8214991674758494 
  1995.0   2.839180687442422 
  1996.0   2.837587392423302 
  1997.0   2.853401843458414 
  1998.0   2.8518575825728476 
  1999.0   2.854239195585251 
  2000.0   2.873464033473283 
  2001.0   2.8958311420865357 
  2002.0   2.8466247604228556 
  2003.0   2.8366978629492223 
  2004.0   2.8576737851835787 
  2005.0   2.846099843736738 
  2006.0   2.831928350497037 
  2007.0   2.8480744105763733 
  2008.0   2.85868652863428 
  2009.0   2.869081764947623 
  2010.0   2.8580493992194533 
  2011.0   2.8674573521129787 
  2012.0   2.8574540745466948 
  2013.0   2.8759767184965312 
  2014.0   2.900193294044584 
