  1850.0   50.647868513999995 
  1851.0   53.789595209999995 
  1852.0   52.899227495999995 
  1853.0   50.960697749999994 
  1854.0   52.53941356199999 
  1855.0   56.049922241999994 
  1856.0   52.823355821999996 
  1857.0   51.741678906 
  1858.0   52.873182701999994 
  1859.0   52.103633345999995 
  1860.0   53.697040992 
  1861.0   53.700774065999994 
  1862.0   52.599966624 
  1863.0   53.87325233399999 
  1864.0   51.940276866 
  1865.0   51.032690495999994 
  1866.0   51.015704418 
  1867.0   51.057994193999996 
  1868.0   51.594263874 
  1869.0   53.266448448 
  1870.0   52.704780461999995 
  1871.0   52.15989751199999 
  1872.0   51.388511183999995 
  1873.0   51.101371961999995 
  1874.0   51.18780031199999 
  1875.0   51.165200825999996 
  1876.0   53.07041673 
  1877.0   52.130178773999994 
  1878.0   52.419434849999995 
  1879.0   52.38782001 
  1880.0   51.479744831999994 
  1881.0   51.86380995 
  1882.0   53.39665665 
  1883.0   52.43558916599999 
  1884.0   52.83686505599999 
  1885.0   52.385017248 
  1886.0   55.111694705999994 
  1887.0   54.986544089999995 
  1888.0   52.149155562 
  1889.0   53.259025662 
  1890.0   53.571133511999996 
  1891.0   53.772234641999994 
  1892.0   51.515758944 
  1893.0   52.867707263999996 
  1894.0   52.87120776 
  1895.0   52.167576528 
  1896.0   51.53563844999999 
  1897.0   53.822321693999996 
  1898.0   53.297006831999994 
  1899.0   51.090263406 
  1900.0   50.778679841999995 
  1901.0   52.365468869999994 
  1902.0   54.675252234 
  1903.0   53.454572514 
  1904.0   51.128421966 
  1905.0   52.345711566 
  1906.0   54.091741625999994 
  1907.0   53.83497551399999 
  1908.0   52.93418121 
  1909.0   52.48039788 
  1910.0   52.423491168 
  1911.0   51.595548965999996 
  1912.0   53.429154497999995 
  1913.0   53.993120669999996 
  1914.0   53.32209372 
  1915.0   52.171309601999994 
  1916.0   52.74405855 
  1917.0   53.750084543999996 
  1918.0   51.937710624 
  1919.0   50.39877353399999 
  1920.0   52.896369545999995 
  1921.0   54.887899481999995 
  1922.0   52.69375863 
  1923.0   51.287678766 
  1924.0   54.465652152 
  1925.0   54.652672458 
  1926.0   54.344337102 
  1927.0   52.909177103999994 
  1928.0   52.302960576 
  1929.0   51.843891023999994 
  1930.0   52.126863551999996 
  1931.0   51.295795344 
  1932.0   49.70122086599999 
  1933.0   51.47361108 
  1934.0   52.480291445999995 
  1935.0   51.781311773999995 
  1936.0   53.055862866 
  1937.0   51.723624545999996 
  1938.0   52.194949775999994 
  1939.0   49.931181378 
  1940.0   50.176787688 
  1941.0   52.02081192599999 
  1942.0   52.743617046 
  1943.0   50.593346712 
  1944.0   50.598443718 
  1945.0   53.23912644599999 
  1946.0   52.490934845999995 
  1947.0   50.50724949 
  1948.0   51.301318085999995 
  1949.0   51.87471746399999 
  1950.0   50.053513464 
  1951.0   51.686380529999994 
  1952.0   51.242657183999995 
  1953.0   49.29319233 
  1954.0   51.22632547799999 
  1955.0   51.04231291799999 
  1956.0   52.762156272 
  1957.0   50.682782808 
  1958.0   49.575865265999994 
  1959.0   50.469832026 
  1960.0   51.021763271999994 
  1961.0   51.22958551199999 
  1962.0   49.871870046 
  1963.0   50.68412703 
  1964.0   52.183435194 
  1965.0   52.689296285999994 
  1966.0   50.715012599999994 
  1967.0   48.3588792 
  1968.0   51.78142215 
  1969.0   51.853820922 
  1970.0   50.848413822 
  1971.0   51.458666957999995 
  1972.0   49.08955649399999 
  1973.0   50.413761017999995 
  1974.0   50.829988914 
  1975.0   52.17132537 
  1976.0   50.678840808 
  1977.0   50.850810558 
  1978.0   51.163860545999995 
  1979.0   52.357466609999996 
  1980.0   51.788699081999994 
  1981.0   49.999259718 
  1982.0   50.065166016 
  1983.0   52.249920966 
  1984.0   52.513069175999995 
  1985.0   52.539397793999996 
  1986.0   52.06724080199999 
  1987.0   51.101979029999995 
  1988.0   52.866441882 
  1989.0   52.278106265999995 
  1990.0   50.97591387 
  1991.0   51.754537709999994 
  1992.0   54.917062398 
  1993.0   53.92978849799999 
  1994.0   51.482043018 
  1995.0   52.476609618 
  1996.0   54.001761533999996 
  1997.0   55.63275220799999 
  1998.0   53.447059061999994 
  1999.0   53.739492389999995 
  2000.0   52.677328374 
  2001.0   52.465374917999995 
  2002.0   53.934266609999995 
  2003.0   54.584357598 
  2004.0   51.654757806 
  2005.0   54.069812279999994 
  2006.0   56.099938337999994 
  2007.0   55.29949946999999 
  2008.0   54.53538218999999 
  2009.0   53.847235133999995 
  2010.0   53.91336218399999 
  2011.0   55.98425640599999 
  2012.0   52.28047934999999 
  2013.0   54.462360581999995 
  2014.0   56.02770907199999 
