  1850.0   432.19172091494397 
  1851.0   428.22954647552 
  1852.0   426.489010978816 
  1853.0   423.050218569728 
  1854.0   417.274963951616 
  1855.0   417.402907000832 
  1856.0   414.957694877696 
  1857.0   413.052105129984 
  1858.0   412.59613395353597 
  1859.0   410.555789606912 
  1860.0   409.095769161728 
  1861.0   408.264726544384 
  1862.0   406.89127653376 
  1863.0   405.547320868864 
  1864.0   403.487246516224 
  1865.0   402.73774116864 
  1866.0   403.280886759424 
  1867.0   402.51799319347197 
  1868.0   400.69773236633597 
  1869.0   401.405093347328 
  1870.0   401.655510073344 
  1871.0   401.172359806976 
  1872.0   400.808461991936 
  1873.0   400.528920018944 
  1874.0   399.169160216576 
  1875.0   398.26262012723197 
  1876.0   397.17022203903997 
  1877.0   397.27115377049597 
  1878.0   398.10504851456 
  1879.0   396.861286383616 
  1880.0   397.38406443417597 
  1881.0   397.557205303296 
  1882.0   396.74320833740796 
  1883.0   394.91033104384 
  1884.0   395.90206583603197 
  1885.0   396.029404905472 
  1886.0   394.694475382784 
  1887.0   393.925575573504 
  1888.0   391.83590621184 
  1889.0   392.23721721856 
  1890.0   391.414730981376 
  1891.0   391.587972513792 
  1892.0   393.26723761766397 
  1893.0   391.56904781414397 
  1894.0   391.366009946112 
  1895.0   391.65018243072 
  1896.0   390.936412553216 
  1897.0   384.724514111488 
  1898.0   384.785985830912 
  1899.0   383.850521821184 
  1900.0   383.55467239424 
  1901.0   382.837849063424 
  1902.0   382.609477599232 
  1903.0   382.715241168896 
  1904.0   383.0817226752 
  1905.0   383.60651399168 
  1906.0   382.387246596096 
  1907.0   380.739556212736 
  1908.0   378.95878895206397 
  1909.0   377.409379500032 
  1910.0   377.586949554176 
  1911.0   377.490480562176 
  1912.0   376.740471898112 
  1913.0   371.68113464115197 
  1914.0   371.33297385471997 
  1915.0   372.390978650112 
  1916.0   371.938329362432 
  1917.0   372.003592732672 
  1918.0   372.601197166592 
  1919.0   371.90198991257597 
  1920.0   371.540742897664 
  1921.0   370.53706272768 
  1922.0   370.126792687616 
  1923.0   369.614416510976 
  1924.0   369.80356284416 
  1925.0   369.338565525504 
  1926.0   367.12343614259197 
  1927.0   365.984598720512 
  1928.0   365.955607691264 
  1929.0   365.072354377728 
  1930.0   365.063764443136 
  1931.0   365.122518253568 
  1932.0   364.33536483328 
  1933.0   363.60042210918397 
  1934.0   362.05181796351997 
  1935.0   359.095974494208 
  1936.0   358.133801156608 
  1937.0   357.824194412544 
  1938.0   355.629868777472 
  1939.0   350.882084421632 
  1940.0   349.821026172928 
  1941.0   348.611858661376 
  1942.0   349.297241489408 
  1943.0   348.635380318208 
  1944.0   347.055235006464 
  1945.0   346.792906457088 
  1946.0   346.740225998848 
  1947.0   346.058701930496 
  1948.0   345.671618002944 
  1949.0   343.624965423104 
  1950.0   341.714745163776 
  1951.0   339.870123819008 
  1952.0   339.001198247936 
  1953.0   337.16650901504 
  1954.0   335.918384807936 
  1955.0   334.239891456 
  1956.0   333.713724407808 
  1957.0   333.511558955008 
  1958.0   332.499288850432 
  1959.0   330.123198857216 
  1960.0   329.119082479616 
  1961.0   328.961242431488 
  1962.0   329.007883091968 
  1963.0   328.614021169152 
  1964.0   328.13281705983997 
  1965.0   327.29653995110397 
  1966.0   327.207989805056 
  1967.0   326.158574944256 
  1968.0   325.539998990336 
  1969.0   325.695959990272 
  1970.0   324.51709213081597 
  1971.0   324.316973498368 
  1972.0   323.813724127232 
  1973.0   324.083367542784 
  1974.0   323.855029633024 
  1975.0   323.7692309504 
  1976.0   323.14827263180797 
  1977.0   323.12548917248 
  1978.0   323.376040116224 
  1979.0   325.100033277952 
  1980.0   324.737880293376 
  1981.0   325.084094922752 
  1982.0   323.984851730432 
  1983.0   324.905149136896 
  1984.0   324.07105306624 
  1985.0   324.366734721024 
  1986.0   325.12063569919997 
  1987.0   325.893427822592 
  1988.0   326.816174702592 
  1989.0   327.337677684736 
  1990.0   327.64510339072 
  1991.0   328.00708860313597 
  1992.0   327.299895394304 
  1993.0   329.89559914496 
  1994.0   329.034122657792 
  1995.0   329.904591732736 
  1996.0   330.147861364736 
  1997.0   331.338406166528 
  1998.0   329.886405230592 
  1999.0   331.545604784128 
  2000.0   333.681478598656 
  2001.0   335.04976122675197 
  2002.0   334.488328470528 
  2003.0   335.929055117312 
  2004.0   335.62032078848 
  2005.0   335.936973963264 
  2006.0   336.257318125568 
  2007.0   337.589764620288 
  2008.0   338.917446385664 
  2009.0   341.77195547033597 
  2010.0   341.766754533376 
  2011.0   341.095867219968 
  2012.0   341.966873165824 
  2013.0   343.579364950016 
  2014.0   344.005338464256 
