  1850.0   43.144586461184 
  1851.0   42.53605167104 
  1852.0   41.618103074816 
  1853.0   42.726674399231996 
  1854.0   43.33766705152 
  1855.0   41.735921074176 
  1856.0   42.944572686336 
  1857.0   43.206058180608 
  1858.0   42.387967574016 
  1859.0   42.52789374976 
  1860.0   42.70648721408 
  1861.0   43.03748071424 
  1862.0   42.518796304384 
  1863.0   42.412814630912 
  1864.0   42.610722865152 
  1865.0   42.570482712576 
  1866.0   42.562920382464 
  1867.0   42.890243866624 
  1868.0   43.50355177472 
  1869.0   42.854982352896 
  1870.0   42.447954509824 
  1871.0   42.219624988672 
  1872.0   43.34660091904 
  1873.0   43.802739867648 
  1874.0   42.631400783871996 
  1875.0   42.759666794496 
  1876.0   43.269627052032 
  1877.0   42.857805119488 
  1878.0   42.675361284096 
  1879.0   43.272290435072 
  1880.0   43.471205302272 
  1881.0   43.587504963583996 
  1882.0   43.41207400448 
  1883.0   41.928573845504 
  1884.0   43.372005818368 
  1885.0   44.943829630976 
  1886.0   44.298552737792 
  1887.0   42.800338960383996 
  1888.0   42.78716465152 
  1889.0   44.515335340031996 
  1890.0   43.538989449216 
  1891.0   43.239444840448 
  1892.0   44.428601327616 
  1893.0   44.620486541312 
  1894.0   43.615128649728 
  1895.0   42.691912007679996 
  1896.0   42.972603219968 
  1897.0   42.766260240384 
  1898.0   43.598942830592 
  1899.0   44.096156598271996 
  1900.0   44.178528534528 
  1901.0   44.25626157056 
  1902.0   43.284403585024 
  1903.0   42.833578819584 
  1904.0   43.42977396736 
  1905.0   43.227214249984 
  1906.0   43.793113939968 
  1907.0   43.724163776512 
  1908.0   44.360146092032 
  1909.0   43.990590160896 
  1910.0   43.502276706304 
  1911.0   42.585221496832 
  1912.0   42.749894066176 
  1913.0   43.340221382656 
  1914.0   45.392020373503996 
  1915.0   44.61227409408 
  1916.0   44.057879379968 
  1917.0   44.378601029632 
  1918.0   44.296510111744 
  1919.0   44.195620323328 
  1920.0   43.195421425664 
  1921.0   44.843740954623996 
  1922.0   43.605322366976 
  1923.0   42.494838439936 
  1924.0   43.742023122944 
  1925.0   44.040787591168 
  1926.0   44.311475388416 
  1927.0   44.554195566592 
  1928.0   44.785012310016 
  1929.0   43.826731286528 
  1930.0   44.191560237056 
  1931.0   43.636611874816 
  1932.0   43.849355362303996 
  1933.0   43.948366102528 
  1934.0   44.679617839104 
  1935.0   44.723964215296 
  1936.0   43.913553379328 
  1937.0   44.846760853504 
  1938.0   43.66691991552 
  1939.0   43.387252113407996 
  1940.0   44.558909964288 
  1941.0   44.567344709631996 
  1942.0   44.405562015743996 
  1943.0   44.266042687487996 
  1944.0   45.229180715008 
  1945.0   45.688045961216 
  1946.0   44.764913205248 
  1947.0   44.399849373696 
  1948.0   45.767473496064 
  1949.0   43.723031314432 
  1950.0   43.986366496768 
  1951.0   45.703585857536 
  1952.0   45.767939063808 
  1953.0   44.28956434432 
  1954.0   44.193204404224 
  1955.0   44.757849997312 
  1956.0   45.908091731968 
  1957.0   44.260145496064 
  1958.0   43.68480862208 
  1959.0   44.977816076288 
  1960.0   45.804370788351996 
  1961.0   45.578524295168 
  1962.0   45.134439776256 
  1963.0   45.392112648192 
  1964.0   46.001863786495996 
  1965.0   45.385003302912 
  1966.0   44.787608584192 
  1967.0   44.941820559359996 
  1968.0   45.689304252416 
  1969.0   45.341042802688 
  1970.0   45.660690710528 
  1971.0   46.552609456127996 
  1972.0   44.3370438656 
  1973.0   44.10937704448 
  1974.0   45.521473372159996 
  1975.0   46.611061276672 
  1976.0   47.319839932416 
  1977.0   46.927320186879996 
  1978.0   45.823748472832 
  1979.0   47.252856897536 
  1980.0   46.530262204416 
  1981.0   45.212076343296 
  1982.0   45.578381688831996 
  1983.0   46.969208700928 
  1984.0   46.951554875392 
  1985.0   45.931869241343996 
  1986.0   45.911115825152 
  1987.0   47.308481757184 
  1988.0   47.050343317504 
  1989.0   45.91697526784 
  1990.0   47.161270075392 
  1991.0   48.34780512256 
  1992.0   46.713846890496 
  1993.0   47.048795619328 
  1994.0   47.458902081535996 
  1995.0   48.744561115136 
  1996.0   48.193039499263996 
  1997.0   47.670206922752 
  1998.0   49.155577741312 
  1999.0   47.581849714688 
  2000.0   47.40026990592 
  2001.0   48.800764788736 
  2002.0   49.343490949119996 
  2003.0   47.67348686848 
  2004.0   47.027845070848 
  2005.0   46.607097659392 
  2006.0   48.679146749952 
  2007.0   48.839633403903996 
  2008.0   48.927390826496 
  2009.0   48.945547968512 
  2010.0   49.127257800704 
  2011.0   48.416784646144 
  2012.0   48.864077807616 
  2013.0   48.087372398592 
  2014.0   49.07614601216 
