  1850.0   -0.8806660208437499 
  1851.0   -0.8074462041562499 
  1852.0   -0.7576599760312499 
  1853.0   -0.81448649296875 
  1854.0   -0.9200093982187499 
  1855.0   -0.9966229073437499 
  1856.0   -0.8907867362812499 
  1857.0   -0.74667115828125 
  1858.0   -0.71469168328125 
  1859.0   -0.6510985385625 
  1860.0   -0.5787472553437499 
  1861.0   -0.7310766062812499 
  1862.0   -0.72996607096875 
  1863.0   -0.571470508125 
  1864.0   -0.6841171617187499 
  1865.0   -0.60273469490625 
  1866.0   -0.6222928047187499 
  1867.0   -0.8705098274062499 
  1868.0   -0.560194417125 
  1869.0   -0.7075362141562499 
  1870.0   -0.752523858 
  1871.0   -0.6399869644687499 
  1872.0   -0.444536291109375 
  1873.0   -0.45595355498437495 
  1874.0   -0.5394063417187499 
  1875.0   -0.5776651147499999 
  1876.0   -0.75338315240625 
  1877.0   -0.5822507694375 
  1878.0   -0.730476498375 
  1879.0   -0.66273033346875 
  1880.0   -0.63495746521875 
  1881.0   -0.52613079440625 
  1882.0   -0.18467949712499998 
  1883.0   -0.21360110421093748 
  1884.0   -0.09657546605859374 
  1885.0   -0.6469963948124999 
  1886.0   -0.48650325426562496 
  1887.0   -0.29166679378125 
  1888.0   -0.55712415346875 
  1889.0   -0.7424230373437499 
  1890.0   -0.47937636464062494 
  1891.0   -0.9037308476249999 
  1892.0   -0.5387839368749999 
  1893.0   -0.5408629107187499 
  1894.0   -0.26655794760937496 
  1895.0   -0.43057729954687496 
  1896.0   -0.47363521120312496 
  1897.0   -0.35065814624999997 
  1898.0   -0.515350225125 
  1899.0   -0.497587788703125 
  1900.0   -0.46840596342187496 
  1901.0   -0.489604684359375 
  1902.0   -0.42235832193749995 
  1903.0   -0.08905021115624999 
  1904.0   -0.6711784090312499 
  1905.0   -0.57462219871875 
  1906.0   -0.46457316914062496 
  1907.0   -0.4814264818125 
  1908.0   -0.19459214887499998 
  1909.0   -0.41318790567187497 
  1910.0   -0.2287173191484375 
  1911.0   -0.2422031783203125 
  1912.0   0.02005649371582031 
  1913.0   0.04848270034570312 
  1914.0   -0.157097323125 
  1915.0   -0.1632144294140625 
  1916.0   -0.21189629699999998 
  1917.0   -0.283465678359375 
  1918.0   -0.36083481960937497 
  1919.0   -0.22185118666406248 
  1920.0   -0.06303480892382812 
  1921.0   -0.12326192834765624 
  1922.0   -0.1768582765546875 
  1923.0   -0.25357092082031246 
  1924.0   -0.29215292245312496 
  1925.0   -0.33288474614062497 
  1926.0   -0.32455517695312497 
  1927.0   -0.43474864387499995 
  1928.0   -0.12506804187890624 
  1929.0   -0.2855062485 
  1930.0   -0.1815028456640625 
  1931.0   -0.06610634680078124 
  1932.0   -0.26229852421875 
  1933.0   -0.14107504872656249 
  1934.0   -0.1772692916484375 
  1935.0   -0.21483066944531248 
  1936.0   -0.17571426503906248 
  1937.0   -0.09742299605859374 
  1938.0   -0.06736958841796875 
  1939.0   0.0034929404197998042 
  1940.0   -0.15075777100781249 
  1941.0   -0.2283660499921875 
  1942.0   -0.292623868265625 
  1943.0   -0.01419328167626953 
  1944.0   -0.038336716072265624 
  1945.0   -0.2180713630078125 
  1946.0   -0.33599178126562496 
  1947.0   -0.318073974609375 
  1948.0   -0.18866518249218747 
  1949.0   -0.19329555424218747 
  1950.0   -0.290421522140625 
  1951.0   -0.283649905265625 
  1952.0   -0.360335971828125 
  1953.0   -0.474261188484375 
  1954.0   -0.32405361904687496 
  1955.0   -0.325484380265625 
  1956.0   -0.260625915140625 
  1957.0   -0.16156947592968748 
  1958.0   -0.1316851431328125 
  1959.0   -0.06429366968554687 
  1960.0   -0.2353672267734375 
  1961.0   -0.1849824151875 
  1962.0   0.04934806173632812 
  1963.0   -0.17120745035156248 
  1964.0   -0.09415541682421874 
  1965.0   -0.11527612157812499 
  1966.0   0.0009762429526062011 
  1967.0   -0.04602284615039062 
  1968.0   0.08721884418749999 
  1969.0   0.19863885825 
  1970.0   0.26779533525 
  1971.0   0.35106072299999996 
  1972.0   0.47820565223437494 
  1973.0   0.5110098675468749 
  1974.0   0.480753847265625 
  1975.0   0.46129687439062494 
  1976.0   0.43553901487499996 
  1977.0   0.402524241328125 
  1978.0   0.5239392271875 
  1979.0   0.5235610415624999 
  1980.0   0.49726571498437494 
  1981.0   0.6179616554062499 
  1982.0   0.322901815921875 
  1983.0   0.356944866328125 
  1984.0   0.6780840539062499 
  1985.0   0.6412841904375 
  1986.0   0.5385870216562499 
  1987.0   0.7393097196562499 
  1988.0   0.7478478452812499 
  1989.0   0.91577162503125 
  1990.0   0.9588635980312499 
  1991.0   0.88219243715625 
  1992.0   0.9912649286249999 
  1993.0   0.91909657884375 
  1994.0   0.83560933040625 
  1995.0   0.8688079920937499 
  1996.0   0.77973012534375 
  1997.0   0.94573064025 
  1998.0   1.3637089074375 
  1999.0   1.1562515488124998 
  2000.0   1.1530622244375 
  2001.0   0.9630506179687499 
  2002.0   1.0020233857499998 
  2003.0   1.2833512374374998 
  2004.0   1.14624539775 
  2005.0   1.2330306219375 
  2006.0   1.2227296831874999 
  2007.0   1.2283380405 
  2008.0   1.314390668625 
  2009.0   1.09530441 
  2010.0   1.4012096461874999 
  2011.0   1.4401609177499999 
  2012.0   1.4195589170624998 
  2013.0   1.5175146605624998 
  2014.0   1.624878603 
