  1850.0   96.12105786 
  1851.0   97.717441716 
  1852.0   97.42750761599999 
  1853.0   97.90278667199999 
  1854.0   96.832636164 
  1855.0   96.67635163199999 
  1856.0   96.26695127999999 
  1857.0   96.08375865599999 
  1858.0   97.90161984 
  1859.0   95.615795952 
  1860.0   98.010111564 
  1861.0   98.228522016 
  1862.0   98.76651829199999 
  1863.0   97.089102684 
  1864.0   97.83391204799999 
  1865.0   95.95963296 
  1866.0   97.227214596 
  1867.0   94.72742683199999 
  1868.0   96.31178758799999 
  1869.0   96.55045992 
  1870.0   96.876218916 
  1871.0   97.457466816 
  1872.0   97.15961718 
  1873.0   97.04913080399999 
  1874.0   96.736892868 
  1875.0   97.22287051199999 
  1876.0   97.39757995199999 
  1877.0   96.831548172 
  1878.0   97.9123815 
  1879.0   97.487465436 
  1880.0   99.49705761599999 
  1881.0   99.74066533199999 
  1882.0   97.95538083599999 
  1883.0   95.853301452 
  1884.0   96.981084 
  1885.0   96.367259412 
  1886.0   96.49408143599999 
  1887.0   97.06452825599999 
  1888.0   97.88593856399999 
  1889.0   99.454980708 
  1890.0   97.244086356 
  1891.0   98.15807059199999 
  1892.0   99.12823621199999 
  1893.0   98.13858922799999 
  1894.0   97.169409108 
  1895.0   98.609035392 
  1896.0   99.727845948 
  1897.0   98.563962564 
  1898.0   98.17068499199999 
  1899.0   98.905891644 
  1900.0   98.178419196 
  1901.0   99.10605063599999 
  1902.0   99.69900627599999 
  1903.0   98.32994179199999 
  1904.0   98.20803149999999 
  1905.0   98.26178461199999 
  1906.0   97.094329776 
  1907.0   98.468881524 
  1908.0   97.83933624 
  1909.0   99.493028892 
  1910.0   98.54971617599999 
  1911.0   99.333425196 
  1912.0   97.82761273199999 
  1913.0   98.806671504 
  1914.0   98.07539108399999 
  1915.0   99.21320996399999 
  1916.0   98.546972544 
  1917.0   99.116772876 
  1918.0   98.594371152 
  1919.0   100.82115964799999 
  1920.0   99.870104844 
  1921.0   100.894733136 
  1922.0   101.16678632399999 
  1923.0   101.81735035199999 
  1924.0   99.32585655599999 
  1925.0   100.94020016399999 
  1926.0   101.48041184399999 
  1927.0   102.22418840399999 
  1928.0   100.786154688 
  1929.0   101.741435316 
  1930.0   99.66966202799999 
  1931.0   99.49779082799999 
  1932.0   101.084146236 
  1933.0   102.536647092 
  1934.0   102.2840595 
  1935.0   98.711771796 
  1936.0   98.59862062799999 
  1937.0   101.443845852 
  1938.0   102.73959701999999 
  1939.0   101.615953572 
  1940.0   102.185162604 
  1941.0   102.23949913199999 
  1942.0   102.20033142 
  1943.0   101.706272676 
  1944.0   101.86187129999999 
  1945.0   103.265112924 
  1946.0   103.430921328 
  1947.0   103.60092402 
  1948.0   102.97856105999999 
  1949.0   101.63942424 
  1950.0   101.98363968 
  1951.0   101.006031564 
  1952.0   101.49860811599999 
  1953.0   102.17842966799999 
  1954.0   101.80502766 
  1955.0   101.74832593199999 
  1956.0   102.083663988 
  1957.0   101.90546982 
  1958.0   102.23942817599999 
  1959.0   103.189599972 
  1960.0   104.53736977199999 
  1961.0   103.12914545999999 
  1962.0   102.24129668399999 
  1963.0   100.83412094399999 
  1964.0   101.01334791599999 
  1965.0   101.94406988399999 
  1966.0   102.23593556399999 
  1967.0   101.438122068 
  1968.0   100.386593568 
  1969.0   104.39109791999999 
  1970.0   104.16504787199999 
  1971.0   104.103205776 
  1972.0   104.56672978799999 
  1973.0   103.80010539599999 
  1974.0   105.46148494799999 
  1975.0   104.95505620799999 
  1976.0   103.992490764 
  1977.0   107.18866436399999 
  1978.0   105.887189412 
  1979.0   106.69468445999999 
  1980.0   107.34904069199999 
  1981.0   102.332262276 
  1982.0   104.677003296 
  1983.0   108.28642463999999 
  1984.0   106.55032841999999 
  1985.0   105.460743852 
  1986.0   109.002142044 
  1987.0   111.20391460799999 
  1988.0   109.074383136 
  1989.0   109.295710668 
  1990.0   108.26320625999999 
  1991.0   109.59300053999999 
  1992.0   109.22972947199999 
  1993.0   109.90838419199999 
  1994.0   111.86250454799999 
  1995.0   110.74620898799999 
  1996.0   110.18530969199999 
  1997.0   112.903736544 
  1998.0   111.67149887999999 
  1999.0   112.671379296 
  2000.0   111.98226250799999 
  2001.0   113.105779812 
  2002.0   114.239664576 
  2003.0   113.919834348 
  2004.0   113.46044943599999 
  2005.0   114.32709025199999 
  2006.0   113.78134400399999 
  2007.0   114.593238324 
  2008.0   114.50996751599999 
  2009.0   117.56993713199999 
  2010.0   116.77538761199999 
  2011.0   114.67889009999999 
  2012.0   113.43991161599999 
  2013.0   117.04409009999999 
  2014.0   118.40181739199998 
