  1850.0   2348.42235076608 
  1851.0   2348.551736655872 
  1852.0   2347.879842709504 
  1853.0   2347.174931202048 
  1854.0   2346.296073519104 
  1855.0   2347.34860894208 
  1856.0   2348.078484946944 
  1857.0   2347.2844528680957 
  1858.0   2347.199358828544 
  1859.0   2346.33660727296 
  1860.0   2346.818180481024 
  1861.0   2346.837507833856 
  1862.0   2345.463386734592 
  1863.0   2345.873287675904 
  1864.0   2345.442448769024 
  1865.0   2345.841880727552 
  1866.0   2346.809858981888 
  1867.0   2346.228696219648 
  1868.0   2345.363797180416 
  1869.0   2346.560482443264 
  1870.0   2348.694007447552 
  1871.0   2349.54709532672 
  1872.0   2348.858289946624 
  1873.0   2346.63054409728 
  1874.0   2346.437807439872 
  1875.0   2347.024607346688 
  1876.0   2347.8172972482557 
  1877.0   2347.203116924928 
  1878.0   2345.426879512576 
  1879.0   2344.633921175552 
  1880.0   2345.855034064896 
  1881.0   2345.727795658752 
  1882.0   2345.793562345472 
  1883.0   2344.568154488832 
  1884.0   2345.825774600192 
  1885.0   2346.757514067968 
  1886.0   2348.2800799744 
  1887.0   2348.854263414784 
  1888.0   2348.03446153216 
  1889.0   2347.02245986304 
  1890.0   2348.239277785088 
  1891.0   2347.569262886912 
  1892.0   2345.317089411072 
  1893.0   2344.666133430272 
  1894.0   2345.952476135424 
  1895.0   2346.373114494976 
  1896.0   2346.457940099072 
  1897.0   2345.639748829184 
  1898.0   2346.24265486336 
  1899.0   2347.012259315712 
  1900.0   2347.112922611712 
  1901.0   2347.2466034688 
  1902.0   2347.585905885184 
  1903.0   2346.959914401792 
  1904.0   2347.0184333312 
  1905.0   2347.4326292398077 
  1906.0   2348.330008969216 
  1907.0   2347.796359282688 
  1908.0   2346.841802801152 
  1909.0   2345.699341500416 
  1910.0   2344.958996512768 
  1911.0   2344.961680867328 
  1912.0   2344.141878984704 
  1913.0   2343.20933421056 
  1914.0   2341.565435478016 
  1915.0   2340.403646824448 
  1916.0   2338.658547924992 
  1917.0   2338.804845248512 
  1918.0   2338.8169248440317 
  1919.0   2337.320934047744 
  1920.0   2336.512674889728 
  1921.0   2336.781378781184 
  1922.0   2337.114775617536 
  1923.0   2336.210148130816 
  1924.0   2334.561149124608 
  1925.0   2333.350773653504 
  1926.0   2333.26380056576 
  1927.0   2333.88254429184 
  1928.0   2334.10131918848 
  1929.0   2333.36580603904 
  1930.0   2331.503669280768 
  1931.0   2330.23047991296 
  1932.0   2331.136986447872 
  1933.0   2331.6013797867517 
  1934.0   2331.738013433856 
  1935.0   2332.244819574784 
  1936.0   2331.160340332544 
  1937.0   2330.499452239872 
  1938.0   2331.84646135808 
  1939.0   2332.0136966471678 
  1940.0   2330.859692621824 
  1941.0   2331.14987134976 
  1942.0   2330.0957253140477 
  1943.0   2328.670064607232 
  1944.0   2327.363857678336 
  1945.0   2327.196353953792 
  1946.0   2327.8118764544 
  1947.0   2327.918713765888 
  1948.0   2326.720954761216 
  1949.0   2325.681035804672 
  1950.0   2326.317764706304 
  1951.0   2327.404122996736 
  1952.0   2327.5971280896 
  1953.0   2327.313123377152 
  1954.0   2325.265497718784 
  1955.0   2323.266190442496 
  1956.0   2322.503296876544 
  1957.0   2321.579342036992 
  1958.0   2319.867260698624 
  1959.0   2319.404746407936 
  1960.0   2318.82063085568 
  1961.0   2318.543337029632 
  1962.0   2317.683269828608 
  1963.0   2316.57248391168 
  1964.0   2318.409387737088 
  1965.0   2319.485813915648 
  1966.0   2318.414488010752 
  1967.0   2317.791717752832 
  1968.0   2318.565080301568 
  1969.0   2317.731051339776 
  1970.0   2316.514233417728 
  1971.0   2315.0195847987197 
  1972.0   2314.288366616576 
  1973.0   2314.864697540608 
  1974.0   2315.778988703744 
  1975.0   2316.828034465792 
  1976.0   2316.113996152832 
  1977.0   2316.224054689792 
  1978.0   2315.639402266624 
  1979.0   2314.3138679848958 
  1980.0   2314.329168805888 
  1981.0   2314.675182108672 
  1982.0   2314.391177396224 
  1983.0   2313.658885472256 
  1984.0   2312.41173434368 
  1985.0   2312.882570133504 
  1986.0   2313.8341738250238 
  1987.0   2313.206840164352 
  1988.0   2315.127764287488 
  1989.0   2316.263246266368 
  1990.0   2315.884215402496 
  1991.0   2316.29062668288 
  1992.0   2318.66359611392 
  1993.0   2320.417553383424 
  1994.0   2320.734307221504 
  1995.0   2320.9681145036798 
  1996.0   2321.133739180032 
  1997.0   2322.32774008832 
  1998.0   2321.636787224576 
  1999.0   2321.8295238819837 
  2000.0   2323.208476819456 
  2001.0   2324.394424664064 
  2002.0   2324.191487459328 
  2003.0   2325.66707716096 
  2004.0   2327.1407878144 
  2005.0   2328.080580345856 
  2006.0   2329.069228130304 
  2007.0   2330.318526742528 
  2008.0   2331.268251385856 
  2009.0   2332.208580788224 
  2010.0   2332.5113759825917 
  2011.0   2333.523377651712 
  2012.0   2335.5226849279998 
  2013.0   2337.679026946048 
  2014.0   2339.081333768192 
