  1850.0   37.48946463 
  1851.0   37.775906117999995 
  1852.0   37.942069302 
  1853.0   36.916967969999995 
  1854.0   37.448203715999995 
  1855.0   36.549920465999996 
  1856.0   37.201296545999995 
  1857.0   37.22846481 
  1858.0   37.008852047999994 
  1859.0   37.142631701999996 
  1860.0   37.427614649999995 
  1861.0   36.908543916 
  1862.0   38.196111492 
  1863.0   37.208258117999996 
  1864.0   37.01605014 
  1865.0   36.554934689999996 
  1866.0   37.014587657999996 
  1867.0   37.157457564 
  1868.0   36.669926772 
  1869.0   37.296487962 
  1870.0   36.681859206 
  1871.0   36.975222845999994 
  1872.0   37.26873234 
  1873.0   37.2446073 
  1874.0   37.231366122 
  1875.0   36.35460225 
  1876.0   36.919632762 
  1877.0   37.603893006 
  1878.0   37.574119079999996 
  1879.0   37.256689529999996 
  1880.0   37.094921676 
  1881.0   37.975130856 
  1882.0   36.829412207999994 
  1883.0   37.997044433999996 
  1884.0   36.414717749999994 
  1885.0   36.727235568 
  1886.0   36.93088323 
  1887.0   36.502269569999996 
  1888.0   37.270947744 
  1889.0   36.755034552 
  1890.0   37.14771294 
  1891.0   37.614615246 
  1892.0   36.816123726 
  1893.0   37.660421285999995 
  1894.0   37.562746409999995 
  1895.0   37.662187302 
  1896.0   37.811451131999995 
  1897.0   37.615896396 
  1898.0   37.87617483 
  1899.0   37.789151237999995 
  1900.0   37.023882893999996 
  1901.0   38.660971841999995 
  1902.0   38.30149692 
  1903.0   37.472624405999994 
  1904.0   38.46688353 
  1905.0   37.4511681 
  1906.0   37.625711976 
  1907.0   37.635898104 
  1908.0   37.473602021999994 
  1909.0   38.21254569 
  1910.0   37.140108821999995 
  1911.0   38.290017815999995 
  1912.0   37.614410262 
  1913.0   37.432108529999994 
  1914.0   37.210915025999995 
  1915.0   37.661970491999995 
  1916.0   37.423302101999994 
  1917.0   38.230805034 
  1918.0   37.923821784 
  1919.0   38.012449769999996 
  1920.0   38.260101977999994 
  1921.0   38.392158978 
  1922.0   38.215194714 
  1923.0   38.743604045999994 
  1924.0   38.314753866 
  1925.0   38.338484705999996 
  1926.0   38.320769358 
  1927.0   38.689417313999996 
  1928.0   38.198748689999995 
  1929.0   38.24585559 
  1930.0   38.498190894 
  1931.0   38.132097353999995 
  1932.0   39.279956508 
  1933.0   38.020116959999996 
  1934.0   38.302285319999996 
  1935.0   38.372977205999995 
  1936.0   38.541052259999994 
  1937.0   38.676459959999995 
  1938.0   39.445299756 
  1939.0   38.619218178 
  1940.0   38.554143642 
  1941.0   39.052578006 
  1942.0   39.074984334 
  1943.0   38.692791666 
  1944.0   39.314547557999994 
  1945.0   39.427895826 
  1946.0   39.228308424 
  1947.0   38.851610904 
  1948.0   38.443247297999996 
  1949.0   38.940491177999995 
  1950.0   39.753654821999994 
  1951.0   39.325017509999995 
  1952.0   38.612713877999994 
  1953.0   38.394642438 
  1954.0   39.503755674 
  1955.0   39.072895073999995 
  1956.0   39.279684509999996 
  1957.0   39.690752327999995 
  1958.0   39.11289849 
  1959.0   39.083570009999995 
  1960.0   39.229723602 
  1961.0   38.925842706 
  1962.0   39.50508807 
  1963.0   40.433693184 
  1964.0   40.558134239999994 
  1965.0   40.123548449999994 
  1966.0   39.745755054 
  1967.0   39.636206873999996 
  1968.0   39.321611622 
  1969.0   40.183632413999995 
  1970.0   40.200106031999994 
  1971.0   40.299684893999995 
  1972.0   39.919069025999995 
  1973.0   40.463778528 
  1974.0   40.288757669999995 
  1975.0   40.183017461999995 
  1976.0   41.234293674 
  1977.0   40.722823115999994 
  1978.0   41.196324329999996 
  1979.0   40.861218852 
  1980.0   40.741125821999994 
  1981.0   40.863233214 
  1982.0   40.399113959999994 
  1983.0   40.824010314 
  1984.0   41.08104054 
  1985.0   41.454198143999996 
  1986.0   42.056784089999994 
  1987.0   41.114590901999996 
  1988.0   42.247821294 
  1989.0   41.382449802 
  1990.0   41.72689782 
  1991.0   42.198979914 
  1992.0   42.189696504 
  1993.0   42.213029201999994 
  1994.0   41.677279866 
  1995.0   42.001067862 
  1996.0   42.466562874 
  1997.0   42.440395878 
  1998.0   42.133542713999994 
  1999.0   43.160993477999995 
  2000.0   43.464527477999994 
  2001.0   43.033316039999995 
  2002.0   43.042721652 
  2003.0   43.826600178 
  2004.0   43.209629873999994 
  2005.0   43.794898614 
  2006.0   43.292076804 
  2007.0   44.932126194 
  2008.0   44.563864554 
  2009.0   44.178415793999996 
  2010.0   43.706877696 
  2011.0   43.863733818 
  2012.0   44.204906034 
  2013.0   43.843030434 
  2014.0   44.433356759999995 
