  1850.0   1763.994205421568 
  1851.0   1764.077688848384 
  1852.0   1763.54779725824 
  1853.0   1763.022200635392 
  1854.0   1762.1042855936 
  1855.0   1762.644780384256 
  1856.0   1763.0901148057599 
  1857.0   1762.326684368896 
  1858.0   1762.310041370624 
  1859.0   1761.79759808512 
  1860.0   1761.745118953472 
  1861.0   1762.0656308879359 
  1862.0   1761.1384548229119 
  1863.0   1761.378570338304 
  1864.0   1761.010008457216 
  1865.0   1761.189457559552 
  1866.0   1761.753037799424 
  1867.0   1761.366624960512 
  1868.0   1760.716071632896 
  1869.0   1761.204087291904 
  1870.0   1762.589214244864 
  1871.0   1763.678256889856 
  1872.0   1763.574238150656 
  1873.0   1761.793303117824 
  1874.0   1761.620699119616 
  1875.0   1762.101735456768 
  1876.0   1762.494724964352 
  1877.0   1762.297156468736 
  1878.0   1761.0568504442879 
  1879.0   1760.834451668992 
  1880.0   1761.415614431232 
  1881.0   1761.308642902016 
  1882.0   1762.017312505856 
  1883.0   1760.976319807488 
  1884.0   1761.885108043776 
  1885.0   1762.601293840384 
  1886.0   1763.648192118784 
  1887.0   1763.795563184128 
  1888.0   1763.171719184384 
  1889.0   1762.103748722688 
  1890.0   1762.652430794752 
  1891.0   1762.607333638144 
  1892.0   1760.7319093248 
  1893.0   1760.089543278592 
  1894.0   1761.174022520832 
  1895.0   1761.854506401792 
  1896.0   1761.898127163392 
  1897.0   1761.189054906368 
  1898.0   1761.37347006464 
  1899.0   1761.77947869184 
  1900.0   1761.766459572224 
  1901.0   1762.116230971392 
  1902.0   1762.74920177664 
  1903.0   1762.216491614208 
  1904.0   1762.401712078848 
  1905.0   1762.569886892032 
  1906.0   1763.3546579476479 
  1907.0   1763.21762164736 
  1908.0   1762.585187713024 
  1909.0   1761.7653858304 
  1910.0   1761.22717274112 
  1911.0   1761.3052874588159 
  1912.0   1760.947194560512 
  1913.0   1760.752981508096 
  1914.0   1759.969686847488 
  1915.0   1759.511333306368 
  1916.0   1758.426585628672 
  1917.0   1758.759714029568 
  1918.0   1759.1208939356159 
  1919.0   1758.299347222528 
  1920.0   1757.714829017088 
  1921.0   1758.249686663168 
  1922.0   1758.872725356544 
  1923.0   1758.79716077568 
  1924.0   1757.755094335488 
  1925.0   1756.82214690816 
  1926.0   1756.81677819904 
  1927.0   1757.210170359808 
  1928.0   1757.808915644416 
  1929.0   1757.50128861184 
  1930.0   1756.288228786176 
  1931.0   1755.365616123904 
  1932.0   1755.953758208 
  1933.0   1756.410232700928 
  1934.0   1756.744032190464 
  1935.0   1757.259159830528 
  1936.0   1756.563643564032 
  1937.0   1756.297892462592 
  1938.0   1757.331637403648 
  1939.0   1757.891459547136 
  1940.0   1757.317141889024 
  1941.0   1757.717110718464 
  1942.0   1757.2676155473919 
  1943.0   1756.445263527936 
  1944.0   1755.741291544576 
  1945.0   1755.487754256384 
  1946.0   1756.1450184704 
  1947.0   1756.46445666304 
  1948.0   1756.0702591959039 
  1949.0   1755.635527974912 
  1950.0   1756.285141778432 
  1951.0   1757.5553783562239 
  1952.0   1757.920450576384 
  1953.0   1758.374106497024 
  1954.0   1757.292848480256 
  1955.0   1756.16917766144 
  1956.0   1756.19266576384 
  1957.0   1756.23628652544 
  1958.0   1755.69673125888 
  1959.0   1755.86852995072 
  1960.0   1756.156158541824 
  1961.0   1756.613035687936 
  1962.0   1756.635718483968 
  1963.0   1756.229709856768 
  1964.0   1757.8352223191039 
  1965.0   1759.206793281536 
  1966.0   1758.659050733568 
  1967.0   1758.496915718144 
  1968.0   1759.67964233728 
  1969.0   1759.717357518848 
  1970.0   1759.556698898432 
  1971.0   1759.275646976 
  1972.0   1759.316314947584 
  1973.0   1759.915597103104 
  1974.0   1760.605878878208 
  1975.0   1761.942821666816 
  1976.0   1761.882960560128 
  1977.0   1762.107104165888 
  1978.0   1762.350843559936 
  1979.0   1761.869136134144 
  1980.0   1761.983355420672 
  1981.0   1762.27138666496 
  1982.0   1762.586261454848 
  1983.0   1762.778192805888 
  1984.0   1762.233537265664 
  1985.0   1762.62303711232 
  1986.0   1763.643628716032 
  1987.0   1763.219366477824 
  1988.0   1764.309617082368 
  1989.0   1765.16512088064 
  1990.0   1765.092106436608 
  1991.0   1765.2311560028159 
  1992.0   1767.168454688768 
  1993.0   1768.497881284608 
  1994.0   1768.65947942912 
  1995.0   1768.907916443648 
  1996.0   1769.0708567654399 
  1997.0   1769.766373031936 
  1998.0   1769.34331875328 
  1999.0   1769.177022988288 
  2000.0   1769.7713390878719 
  2001.0   1770.578658721792 
  2002.0   1770.148088250368 
  2003.0   1770.641472618496 
  2004.0   1771.757358809088 
  2005.0   1772.504414683136 
  2006.0   1773.248651984896 
  2007.0   1774.18857873408 
  2008.0   1774.78987415552 
  2009.0   1775.652759928832 
  2010.0   1775.915424022528 
  2011.0   1776.4098821324799 
  2012.0   1777.5971721543679 
  2013.0   1778.9935733964799 
  2014.0   1780.115230949376 
