  1850.0   286.6275634765625 
  1851.0   286.6099853515625 
  1852.0   286.6169738769531 
  1853.0   286.966796875 
  1854.0   286.8299560546875 
  1855.0   286.68548583984375 
  1856.0   286.6212463378906 
  1857.0   286.70037841796875 
  1858.0   286.6881408691406 
  1859.0   286.7386169433594 
  1860.0   286.74493408203125 
  1861.0   286.8414611816406 
  1862.0   286.64453125 
  1863.0   286.6749572753906 
  1864.0   286.88739013671875 
  1865.0   286.8361511230469 
  1866.0   286.6806335449219 
  1867.0   286.7278747558594 
  1868.0   286.6423034667969 
  1869.0   286.6571044921875 
  1870.0   286.82623291015625 
  1871.0   286.75439453125 
  1872.0   286.7121887207031 
  1873.0   286.6964111328125 
  1874.0   286.5836486816406 
  1875.0   286.5098571777344 
  1876.0   286.5287170410156 
  1877.0   286.60302734375 
  1878.0   286.6551818847656 
  1879.0   286.7466125488281 
  1880.0   286.65545654296875 
  1881.0   286.6068420410156 
  1882.0   286.5874328613281 
  1883.0   286.66552734375 
  1884.0   286.368408203125 
  1885.0   286.4170227050781 
  1886.0   286.5446472167969 
  1887.0   286.5255432128906 
  1888.0   286.6506042480469 
  1889.0   286.8428039550781 
  1890.0   286.8170166015625 
  1891.0   286.5782165527344 
  1892.0   286.52520751953125 
  1893.0   286.7198181152344 
  1894.0   286.6164855957031 
  1895.0   286.6701354980469 
  1896.0   286.7377014160156 
  1897.0   286.8397216796875 
  1898.0   286.6614990234375 
  1899.0   286.5972595214844 
  1900.0   286.6018371582031 
  1901.0   286.7323303222656 
  1902.0   286.7264404296875 
  1903.0   286.4435729980469 
  1904.0   286.6451416015625 
  1905.0   286.7969665527344 
  1906.0   286.6850891113281 
  1907.0   286.6431579589844 
  1908.0   286.5907897949219 
  1909.0   286.5293273925781 
  1910.0   286.6819152832031 
  1911.0   286.7470397949219 
  1912.0   286.67889404296875 
  1913.0   286.7661437988281 
  1914.0   286.8489685058594 
  1915.0   286.7743225097656 
  1916.0   286.6401062011719 
  1917.0   286.5292663574219 
  1918.0   286.5096130371094 
  1919.0   286.61773681640625 
  1920.0   286.8141174316406 
  1921.0   286.85498046875 
  1922.0   286.84149169921875 
  1923.0   286.8664245605469 
  1924.0   286.8462219238281 
  1925.0   286.7058410644531 
  1926.0   286.858154296875 
  1927.0   286.9341735839844 
  1928.0   287.0569763183594 
  1929.0   287.00384521484375 
  1930.0   286.8373107910156 
  1931.0   286.84344482421875 
  1932.0   286.7683410644531 
  1933.0   286.825439453125 
  1934.0   286.89581298828125 
  1935.0   286.9448547363281 
  1936.0   286.875732421875 
  1937.0   286.8603210449219 
  1938.0   286.9198303222656 
  1939.0   286.8201904296875 
  1940.0   287.0057067871094 
  1941.0   287.0082702636719 
  1942.0   287.1349792480469 
  1943.0   287.1803283691406 
  1944.0   286.9368896484375 
  1945.0   286.9864807128906 
  1946.0   287.1439208984375 
  1947.0   287.0892639160156 
  1948.0   286.8753662109375 
  1949.0   286.8823547363281 
  1950.0   286.9521484375 
  1951.0   287.1395263671875 
  1952.0   287.1969299316406 
  1953.0   287.0325012207031 
  1954.0   286.9635314941406 
  1955.0   286.8558044433594 
  1956.0   286.8262939453125 
  1957.0   286.8572998046875 
  1958.0   286.8432922363281 
  1959.0   286.9319763183594 
  1960.0   287.1201477050781 
  1961.0   287.1907653808594 
  1962.0   286.9332580566406 
  1963.0   286.7529602050781 
  1964.0   286.6996154785156 
  1965.0   286.8102722167969 
  1966.0   286.91497802734375 
  1967.0   286.9913024902344 
  1968.0   287.0238952636719 
  1969.0   286.9365539550781 
  1970.0   286.8396911621094 
  1971.0   286.8471984863281 
  1972.0   286.8812255859375 
  1973.0   287.0328674316406 
  1974.0   287.0379333496094 
  1975.0   286.8281555175781 
  1976.0   286.741455078125 
  1977.0   286.8851623535156 
  1978.0   286.9203796386719 
  1979.0   287.05804443359375 
  1980.0   287.2425231933594 
  1981.0   287.1761779785156 
  1982.0   287.1091003417969 
  1983.0   286.9992980957031 
  1984.0   287.2518005371094 
  1985.0   287.3141784667969 
  1986.0   287.2633972167969 
  1987.0   287.1493835449219 
  1988.0   287.1213073730469 
  1989.0   287.2677307128906 
  1990.0   287.4112243652344 
  1991.0   287.3655700683594 
  1992.0   287.1365661621094 
  1993.0   287.2658386230469 
  1994.0   287.2445983886719 
  1995.0   287.1262512207031 
  1996.0   287.424560546875 
  1997.0   287.5570983886719 
  1998.0   287.52691650390625 
  1999.0   287.5123596191406 
  2000.0   287.4774475097656 
  2001.0   287.5 
  2002.0   287.5354309082031 
  2003.0   287.679931640625 
  2004.0   287.6251220703125 
  2005.0   287.5094299316406 
  2006.0   287.5234375 
  2007.0   287.6112365722656 
  2008.0   287.7518005371094 
  2009.0   287.6147766113281 
  2010.0   287.6330261230469 
  2011.0   287.7074890136719 
  2012.0   287.6548767089844 
  2013.0   287.56903076171875 
  2014.0   287.6315612792969 
