  1850.0   62.067054113999994 
  1851.0   60.624081071999996 
  1852.0   59.90069647799999 
  1853.0   57.97207691999999 
  1854.0   59.945978231999995 
  1855.0   63.080684225999995 
  1856.0   61.57528961399999 
  1857.0   61.851430656 
  1858.0   62.485773353999996 
  1859.0   63.302181264 
  1860.0   59.79626501399999 
  1861.0   58.34775346199999 
  1862.0   60.072086754 
  1863.0   62.53602597 
  1864.0   60.013879182 
  1865.0   60.799291145999995 
  1866.0   63.37232126999999 
  1867.0   63.185025024 
  1868.0   61.268503464 
  1869.0   61.621868285999994 
  1870.0   60.531822504 
  1871.0   62.36484856199999 
  1872.0   62.371841669999995 
  1873.0   59.03683082999999 
  1874.0   59.836027967999996 
  1875.0   61.635436649999995 
  1876.0   61.101268055999995 
  1877.0   60.387241769999996 
  1878.0   60.03065239199999 
  1879.0   58.544348885999995 
  1880.0   61.705797407999995 
  1881.0   63.762792137999995 
  1882.0   62.978389326 
  1883.0   60.97176941399999 
  1884.0   59.985429767999996 
  1885.0   63.199212282 
  1886.0   62.046784349999996 
  1887.0   61.106656769999994 
  1888.0   61.25243587199999 
  1889.0   59.316681294 
  1890.0   57.857628833999996 
  1891.0   61.027635438 
  1892.0   61.941623615999994 
  1893.0   61.122755897999994 
  1894.0   62.706860424 
  1895.0   63.543380418 
  1896.0   60.72738906599999 
  1897.0   60.833610197999995 
  1898.0   61.37162618399999 
  1899.0   63.984573 
  1900.0   63.472459896 
  1901.0   62.024795874 
  1902.0   61.41153893399999 
  1903.0   61.463738897999995 
  1904.0   60.807324941999994 
  1905.0   61.83747597599999 
  1906.0   63.610362882 
  1907.0   63.12028161599999 
  1908.0   63.726592751999995 
  1909.0   63.722063393999996 
  1910.0   62.016084054 
  1911.0   61.589457161999995 
  1912.0   61.205332913999996 
  1913.0   59.895189503999994 
  1914.0   60.985377197999995 
  1915.0   63.256118994 
  1916.0   63.351917478 
  1917.0   63.449722439999995 
  1918.0   64.79636877 
  1919.0   63.732174623999995 
  1920.0   62.34939592199999 
  1921.0   63.121815053999995 
  1922.0   63.68327805599999 
  1923.0   63.73957375799999 
  1924.0   62.752366871999996 
  1925.0   64.391257314 
  1926.0   62.814126185999996 
  1927.0   63.09785951999999 
  1928.0   62.078572638 
  1929.0   61.981977869999994 
  1930.0   64.87896549599999 
  1931.0   64.211490288 
  1932.0   65.201669442 
  1933.0   63.663288173999995 
  1934.0   61.431643134 
  1935.0   62.601991397999996 
  1936.0   63.765157337999995 
  1937.0   63.99727806599999 
  1938.0   64.758628062 
  1939.0   65.80683345599999 
  1940.0   64.314344952 
  1941.0   63.48263419799999 
  1942.0   62.40523829399999 
  1943.0   63.567556704 
  1944.0   64.88236744199999 
  1945.0   63.673836965999996 
  1946.0   62.42779836 
  1947.0   63.180834678 
  1948.0   67.02645672 
  1949.0   67.352349744 
  1950.0   64.383609834 
  1951.0   62.60013077399999 
  1952.0   63.583699194 
  1953.0   63.96087369599999 
  1954.0   63.689258069999994 
  1955.0   64.663054272 
  1956.0   65.43609229799999 
  1957.0   64.50483815999999 
  1958.0   64.400891562 
  1959.0   64.28317161599999 
  1960.0   63.45552506399999 
  1961.0   63.625381901999994 
  1962.0   65.35050359399999 
  1963.0   66.769099308 
  1964.0   64.95028021799999 
  1965.0   63.124085646 
  1966.0   64.70865532799999 
  1967.0   63.821882718 
  1968.0   65.222435898 
  1969.0   64.96847649 
  1970.0   65.00040668999999 
  1971.0   66.50479609199999 
  1972.0   65.44593547199999 
  1973.0   64.929300894 
  1974.0   65.366985096 
  1975.0   65.22753684599999 
  1976.0   67.20400439999999 
  1977.0   65.935520046 
  1978.0   67.63160102399999 
  1979.0   67.54329234 
  1980.0   67.126244508 
  1981.0   69.47535326399999 
  1982.0   68.57499258 
  1983.0   68.600789028 
  1984.0   67.24515887999999 
  1985.0   65.892788766 
  1986.0   68.60480986799999 
  1987.0   67.72095827999999 
  1988.0   68.31898333199999 
  1989.0   70.288784964 
  1990.0   68.850569916 
  1991.0   67.894910856 
  1992.0   68.94703854 
  1993.0   67.77100591199999 
  1994.0   71.58975534 
  1995.0   72.64720472399999 
  1996.0   71.43270606 
  1997.0   69.568762896 
  1998.0   69.869442888 
  1999.0   73.73176718399999 
  2000.0   72.00923932799999 
  2001.0   72.987210108 
  2002.0   70.68669044399999 
  2003.0   69.198522372 
  2004.0   71.537255784 
  2005.0   74.081351628 
  2006.0   75.410799012 
  2007.0   72.18062171999999 
  2008.0   72.534408336 
  2009.0   73.88348687999999 
  2010.0   75.354388992 
  2011.0   72.684101844 
  2012.0   74.19550406399999 
  2013.0   75.009140748 
  2014.0   73.66453243199999 
