  1850.0   0.0 
  1851.0   0.0660360192 
  1852.0   0.125776658432 
  1853.0   0.17912219238399998 
  1854.0   0.22648250368 
  1855.0   0.267586879488 
  1856.0   0.302997078016 
  1857.0   0.33261823590399997 
  1858.0   0.35669229568 
  1859.0   0.375218929664 
  1860.0   0.38403571712 
  1861.0   0.363496996864 
  1862.0   0.344769921024 
  1863.0   0.328157560832 
  1864.0   0.313457311744 
  1865.0   0.30073683968 
  1866.0   0.290245640192 
  1867.0   0.281731334144 
  1868.0   0.275283509248 
  1869.0   0.270871740416 
  1870.0   0.27133059072 
  1871.0   0.33451458559999997 
  1872.0   0.391098892288 
  1873.0   0.44151252582399997 
  1874.0   0.487021641728 
  1875.0   0.525280346112 
  1876.0   0.556585648128 
  1877.0   0.583445315584 
  1878.0   0.604228878336 
  1879.0   0.618972250112 
  1880.0   0.624525115392 
  1881.0   0.615431929856 
  1882.0   0.606849138688 
  1883.0   0.5981523804159999 
  1884.0   0.590075592704 
  1885.0   0.58257211392 
  1886.0   0.575476989952 
  1887.0   0.5688573296639999 
  1888.0   0.56332288 
  1889.0   0.558705803264 
  1890.0   0.555973738496 
  1891.0   0.578273476608 
  1892.0   0.598046343168 
  1893.0   0.615283949568 
  1894.0   0.63011192832 
  1895.0   0.641534066688 
  1896.0   0.650545135616 
  1897.0   0.656446324736 
  1898.0   0.66036269056 
  1899.0   0.662530818048 
  1900.0   0.660806434816 
  1901.0   0.651390681088 
  1902.0   0.642769616896 
  1903.0   0.634998685696 
  1904.0   0.627224215552 
  1905.0   0.620219662336 
  1906.0   0.613960777728 
  1907.0   0.60829466624 
  1908.0   0.60386639872 
  1909.0   0.599747198976 
  1910.0   0.596662222848 
  1911.0   0.585676816384 
  1912.0   0.576438468608 
  1913.0   0.5686600007679999 
  1914.0   0.5614758133759999 
  1915.0   0.554647027712 
  1916.0   0.5481504768 
  1917.0   0.542536368128 
  1918.0   0.53863104512 
  1919.0   0.53722415104 
  1920.0   0.538410614784 
  1921.0   0.555794563072 
  1922.0   0.570792804352 
  1923.0   0.582728876032 
  1924.0   0.5931768872959999 
  1925.0   0.600272601088 
  1926.0   0.605144154112 
  1927.0   0.608744701952 
  1928.0   0.6107938816 
  1929.0   0.6118707036159999 
  1930.0   0.6126928527359999 
  1931.0   0.632721440768 
  1932.0   0.6521649233919999 
  1933.0   0.670871126016 
  1934.0   0.68667342848 
  1935.0   0.70049431552 
  1936.0   0.711737606144 
  1937.0   0.7212353454079999 
  1938.0   0.729494847488 
  1939.0   0.7361081507839999 
  1940.0   0.740508565504 
  1941.0   0.7385618186239999 
  1942.0   0.735188549632 
  1943.0   0.732066545664 
  1944.0   0.730841808896 
  1945.0   0.730737475584 
  1946.0   0.732638609408 
  1947.0   0.73729048576 
  1948.0   0.742728466432 
  1949.0   0.748379635712 
  1950.0   0.7578147225599999 
  1951.0   0.80967532544 
  1952.0   0.859712454656 
  1953.0   0.901260509184 
  1954.0   0.934819397632 
  1955.0   0.961738702848 
  1956.0   0.983355359232 
  1957.0   0.999887798272 
  1958.0   1.00944871424 
  1959.0   1.01226283008 
  1960.0   1.007117074432 
  1961.0   0.9555623936 
  1962.0   0.905822797824 
  1963.0   0.859144650752 
  1964.0   0.815529263104 
  1965.0   0.776027570176 
  1966.0   0.739923001344 
  1967.0   0.708918509568 
  1968.0   0.68225171456 
  1969.0   0.6609446502399999 
  1970.0   0.652271091712 
  1971.0   0.65246232576 
  1972.0   0.65497923584 
  1973.0   0.65657176064 
  1974.0   0.657988583424 
  1975.0   0.658687983616 
  1976.0   0.658577620992 
  1977.0   0.657348755456 
  1978.0   0.655064367104 
  1979.0   0.6513754767359999 
  1980.0   0.646731071488 
  1981.0   0.694337732608 
  1982.0   0.735442436096 
  1983.0   0.771318874112 
  1984.0   0.8008874721279999 
  1985.0   0.8240731914239999 
  1986.0   0.842887790592 
  1987.0   0.855606034432 
  1988.0   0.863153750016 
  1989.0   0.865232289792 
  1990.0   0.860330590208 
  1991.0   0.811420418048 
  1992.0   0.765749297152 
  1993.0   0.722757091328 
  1994.0   0.683161812992 
  1995.0   0.64687538176 
  1996.0   0.614616989696 
  1997.0   0.58659766272 
  1998.0   0.562307858432 
  1999.0   0.543177211904 
  2000.0   0.535764533248 
  2001.0   0.58356563968 
  2002.0   0.566013853696 
  2003.0   0.584883503104 
  2004.0   0.674674900992 
  2005.0   0.691812892672 
  2006.0   0.676901552128 
  2007.0   0.686101168128 
  2008.0   0.689545084928 
  2009.0   0.690795577344 
  2010.0   0.806849544192 
  2011.0   0.84169424896 
  2012.0   0.84298661888 
  2013.0   0.846470250496 
  2014.0   0.873989210112 
