  1850.0   59.283844433999995 
  1851.0   60.424568568 
  1852.0   61.010724257999996 
  1853.0   58.54966270199999 
  1854.0   60.51929088599999 
  1855.0   59.906483333999994 
  1856.0   61.020945864 
  1857.0   58.867273583999996 
  1858.0   60.526035648 
  1859.0   60.90460956 
  1860.0   60.485858783999994 
  1861.0   61.045812 
  1862.0   62.736705306 
  1863.0   61.233100361999995 
  1864.0   60.862288248 
  1865.0   62.408766383999996 
  1866.0   61.50843329399999 
  1867.0   60.628101912 
  1868.0   61.75264807799999 
  1869.0   63.30483423 
  1870.0   62.381704553999995 
  1871.0   61.50859097399999 
  1872.0   63.186716141999995 
  1873.0   62.407410336 
  1874.0   63.47460828599999 
  1875.0   63.64349144999999 
  1876.0   61.14608465399999 
  1877.0   63.18945977399999 
  1878.0   61.778393279999996 
  1879.0   62.342639334 
  1880.0   62.568105966 
  1881.0   62.94401508599999 
  1882.0   63.79643316599999 
  1883.0   61.163094384 
  1884.0   62.143528913999994 
  1885.0   62.691171264 
  1886.0   63.847722528 
  1887.0   63.12004115399999 
  1888.0   61.445546568 
  1889.0   63.777251394 
  1890.0   63.101868534 
  1891.0   63.47488422599999 
  1892.0   64.31345800199999 
  1893.0   63.636443154 
  1894.0   63.964930014 
  1895.0   63.62925688799999 
  1896.0   65.14071823799999 
  1897.0   63.608364288 
  1898.0   64.77758908199999 
  1899.0   64.46258386199999 
  1900.0   63.60798585599999 
  1901.0   65.075312574 
  1902.0   63.746078057999995 
  1903.0   62.42953678199999 
  1904.0   64.10391704999999 
  1905.0   64.779599502 
  1906.0   64.57500970199999 
  1907.0   64.594207242 
  1908.0   64.13575658399999 
  1909.0   64.54869291 
  1910.0   63.28745395199999 
  1911.0   63.740354274 
  1912.0   62.47164522599999 
  1913.0   66.7831959 
  1914.0   65.82205351799999 
  1915.0   66.081082338 
  1916.0   64.831933494 
  1917.0   65.51804647799999 
  1918.0   65.23292950199999 
  1919.0   66.817341504 
  1920.0   66.910538268 
  1921.0   66.338309664 
  1922.0   66.77669948399999 
  1923.0   65.08643689799999 
  1924.0   63.927725417999994 
  1925.0   66.650689512 
  1926.0   68.35737841199999 
  1927.0   68.07960932399999 
  1928.0   66.051020646 
  1929.0   66.1520817 
  1930.0   66.320208 
  1931.0   67.596367428 
  1932.0   66.958630668 
  1933.0   66.947159448 
  1934.0   67.554432432 
  1935.0   67.62451330799999 
  1936.0   69.742912572 
  1937.0   68.780126376 
  1938.0   68.392548936 
  1939.0   67.056628788 
  1940.0   66.34672977599999 
  1941.0   68.141861388 
  1942.0   67.855293756 
  1943.0   67.7064123 
  1944.0   66.900446748 
  1945.0   68.22349232399999 
  1946.0   66.305441268 
  1947.0   67.49456921999999 
  1948.0   67.461330276 
  1949.0   66.831595776 
  1950.0   69.30327708 
  1951.0   67.350512772 
  1952.0   68.711835168 
  1953.0   70.722941076 
  1954.0   70.130639808 
  1955.0   68.92087942799999 
  1956.0   68.51475882 
  1957.0   67.908581712 
  1958.0   71.33030078399999 
  1959.0   70.15416566399999 
  1960.0   67.99711114799999 
  1961.0   69.009613848 
  1962.0   72.56441484 
  1963.0   71.908710444 
  1964.0   69.182123652 
  1965.0   67.700436228 
  1966.0   69.53594968799999 
  1967.0   70.106002308 
  1968.0   71.699989428 
  1969.0   72.042549228 
  1970.0   70.82317825199999 
  1971.0   71.816388804 
  1972.0   71.50679989199999 
  1973.0   70.110015264 
  1974.0   70.204836132 
  1975.0   71.972949276 
  1976.0   71.58817065599999 
  1977.0   70.825433076 
  1978.0   73.36365534 
  1979.0   74.502199548 
  1980.0   73.43764668 
  1981.0   73.772109612 
  1982.0   71.32997754 
  1983.0   72.87131530799999 
  1984.0   75.678886548 
  1985.0   76.63251942 
  1986.0   75.01462012799999 
  1987.0   74.814831684 
  1988.0   74.75887105199999 
  1989.0   75.54456683999999 
  1990.0   76.74936818399999 
  1991.0   73.727155044 
  1992.0   75.17197688399999 
  1993.0   76.28605703999999 
  1994.0   76.33103526 
  1995.0   76.82157774 
  1996.0   74.985961788 
  1997.0   76.369414572 
  1998.0   78.26685685199999 
  1999.0   78.807580992 
  2000.0   77.640662268 
  2001.0   78.14723292 
  2002.0   77.736705156 
  2003.0   79.56289972799999 
  2004.0   79.060649508 
  2005.0   79.210319364 
  2006.0   80.59880213999999 
  2007.0   78.71925653999999 
  2008.0   79.90441883999999 
  2009.0   80.73398120399999 
  2010.0   77.171241024 
  2011.0   80.90875371599999 
  2012.0   82.993575024 
  2013.0   82.31872039199999 
  2014.0   82.49792371199999 
