  1850.0   1480.272155508736 
  1851.0   1480.088948310016 
  1852.0   1479.923726286848 
  1853.0   1479.775684132864 
  1854.0   1479.929900302336 
  1855.0   1479.8775553884159 
  1856.0   1480.012578422784 
  1857.0   1479.984124264448 
  1858.0   1480.001169915904 
  1859.0   1480.127066144768 
  1860.0   1480.182498066432 
  1861.0   1480.0451933306879 
  1862.0   1480.021973663744 
  1863.0   1479.996874948608 
  1864.0   1479.967347048448 
  1865.0   1479.8091043471359 
  1866.0   1479.9187602309119 
  1867.0   1479.8461484400639 
  1868.0   1479.813936185344 
  1869.0   1479.920505061376 
  1870.0   1479.788837470208 
  1871.0   1479.725352484864 
  1872.0   1479.606704013312 
  1873.0   1479.6699205631999 
  1874.0   1479.714346631168 
  1875.0   1479.97459480576 
  1876.0   1480.204643991552 
  1877.0   1480.29336190976 
  1878.0   1480.239943254016 
  1879.0   1480.409057591296 
  1880.0   1480.709302648832 
  1881.0   1480.8545262305279 
  1882.0   1480.973577355264 
  1883.0   1481.16779040768 
  1884.0   1481.2956999024639 
  1885.0   1481.590442033152 
  1886.0   1481.777675763712 
  1887.0   1482.30528565248 
  1888.0   1482.572915802112 
  1889.0   1482.77773205504 
  1890.0   1483.425735245824 
  1891.0   1483.752421195776 
  1892.0   1484.045284278272 
  1893.0   1484.664296439808 
  1894.0   1484.889111134208 
  1895.0   1485.108557119488 
  1896.0   1485.539664461824 
  1897.0   1486.055865843712 
  1898.0   1486.476369985536 
  1899.0   1486.784533889024 
  1900.0   1487.310667382784 
  1901.0   1487.642856259584 
  1902.0   1487.871697485824 
  1903.0   1488.520505982976 
  1904.0   1488.8371256033279 
  1905.0   1489.128109637632 
  1906.0   1489.799600930816 
  1907.0   1490.2885561139199 
  1908.0   1490.783551094784 
  1909.0   1491.106076295168 
  1910.0   1491.624290942976 
  1911.0   1492.210017107968 
  1912.0   1492.650385473536 
  1913.0   1493.2579891281919 
  1914.0   1493.863579516928 
  1915.0   1494.462324801536 
  1916.0   1495.137976844288 
  1917.0   1495.7192738242559 
  1918.0   1496.164071374848 
  1919.0   1496.83569688576 
  1920.0   1497.6024827658239 
  1921.0   1498.1966646476799 
  1922.0   1498.721724399616 
  1923.0   1499.236046733312 
  1924.0   1499.918812315648 
  1925.0   1500.7604916879359 
  1926.0   1501.517748109312 
  1927.0   1502.496463781888 
  1928.0   1503.092390494208 
  1929.0   1503.63315372032 
  1930.0   1504.2399520686079 
  1931.0   1505.187931881472 
  1932.0   1505.7517805568 
  1933.0   1506.4969573826559 
  1934.0   1507.215022227456 
  1935.0   1508.036568940544 
  1936.0   1508.845096534016 
  1937.0   1509.594970980352 
  1938.0   1510.031044378624 
  1939.0   1510.690456076288 
  1940.0   1511.460865835008 
  1941.0   1512.19624476672 
  1942.0   1512.7916346081279 
  1943.0   1513.439637798912 
  1944.0   1514.089251602432 
  1945.0   1514.656589938688 
  1946.0   1515.414249013248 
  1947.0   1516.376724340736 
  1948.0   1517.32000653312 
  1949.0   1517.994987487232 
  1950.0   1518.557225549824 
  1951.0   1519.265895153664 
  1952.0   1520.084489076736 
  1953.0   1521.141587902464 
  1954.0   1522.03373314048 
  1955.0   1522.792600174592 
  1956.0   1523.671994728448 
  1957.0   1524.713926950912 
  1958.0   1525.670496698368 
  1959.0   1526.6337773322239 
  1960.0   1527.467403640832 
  1961.0   1528.3953850122239 
  1962.0   1529.22847444992 
  1963.0   1530.003044958208 
  1964.0   1530.9259260559359 
  1965.0   1531.94302799872 
  1966.0   1533.1383710842879 
  1967.0   1533.871199879168 
  1968.0   1534.740528103424 
  1969.0   1535.666630426624 
  1970.0   1536.37959499776 
  1971.0   1537.261539688448 
  1972.0   1538.3543404298239 
  1973.0   1539.180450545664 
  1974.0   1540.1956734402559 
  1975.0   1541.229149945856 
  1976.0   1542.286651424768 
  1977.0   1543.396363599872 
  1978.0   1544.4294374522879 
  1979.0   1545.520359145472 
  1980.0   1546.770194628608 
  1981.0   1547.711195119616 
  1982.0   1548.620654444544 
  1983.0   1549.72553478144 
  1984.0   1550.991476391936 
  1985.0   1552.0958198579199 
  1986.0   1553.1131902361599 
  1987.0   1554.272294535168 
  1988.0   1555.4024078049279 
  1989.0   1556.507959230464 
  1990.0   1557.431779852288 
  1991.0   1558.401502937088 
  1992.0   1559.310962262016 
  1993.0   1560.266458267648 
  1994.0   1561.487973810176 
  1995.0   1562.692175265792 
  1996.0   1563.906443051008 
  1997.0   1565.009175904256 
  1998.0   1566.171635646464 
  1999.0   1567.135990022144 
  2000.0   1568.067461054464 
  2001.0   1569.366420226048 
  2002.0   1570.33198256128 
  2003.0   1571.277814890496 
  2004.0   1572.397056524288 
  2005.0   1573.2431650816 
  2006.0   1574.290868666368 
  2007.0   1575.330250752 
  2008.0   1576.173943390208 
  2009.0   1577.195071864832 
  2010.0   1578.228279934976 
  2011.0   1579.3460451737599 
  2012.0   1580.3634155519999 
  2013.0   1581.300792164352 
  2014.0   1582.32769200128 
