  1850.0   2.8640142758376896 
  1851.0   2.849351812619716 
  1852.0   2.8502737171947956 
  1853.0   2.8476664214394987 
  1854.0   2.8750695870257914 
  1855.0   2.894053340423852 
  1856.0   2.8527445974759758 
  1857.0   2.841847075615078 
  1858.0   2.8490280616097152 
  1859.0   2.8402716969139874 
  1860.0   2.860246819909662 
  1861.0   2.847776119597256 
  1862.0   2.841875364538282 
  1863.0   2.855243452358991 
  1864.0   2.8590065077878535 
  1865.0   2.861699613276869 
  1866.0   2.861411066260189 
  1867.0   2.893260307610035 
  1868.0   2.8521052678115666 
  1869.0   2.8429575730115175 
  1870.0   2.854569547343999 
  1871.0   2.850430877879262 
  1872.0   2.85272573819384 
  1873.0   2.846478286664933 
  1874.0   2.878855902235955 
  1875.0   2.891068544704467 
  1876.0   2.8439423418603837 
  1877.0   2.8717063483782113 
  1878.0   2.883079438470304 
  1879.0   2.8385712183080614 
  1880.0   2.8399077127687633 
  1881.0   2.878617960959673 
  1882.0   2.884428820107132 
  1883.0   2.8349272906780243 
  1884.0   2.8172806603834033 
  1885.0   2.8096693684346974 
  1886.0   2.8255954035557806 
  1887.0   2.85075242863968 
  1888.0   2.8458923916332424 
  1889.0   2.8575122239999473 
  1890.0   2.835035731550306 
  1891.0   2.834133629221469 
  1892.0   2.846150763798505 
  1893.0   2.8375138412229717 
  1894.0   2.854467078577727 
  1895.0   2.8417948982678354 
  1896.0   2.844113018363714 
  1897.0   2.867217839229852 
  1898.0   2.8538484941236675 
  1899.0   2.85553828580305 
  1900.0   2.868731925264001 
  1901.0   2.8633699170313776 
  1902.0   2.8377627837471664 
  1903.0   2.848603099118918 
  1904.0   2.8554282733239233 
  1905.0   2.8331042267382145 
  1906.0   2.8390703606419265 
  1907.0   2.8231983887962997 
  1908.0   2.834700036328286 
  1909.0   2.83398024039343 
  1910.0   2.831392746884376 
  1911.0   2.856190816964954 
  1912.0   2.8550963499583304 
  1913.0   2.8592353337444365 
  1914.0   2.8601839556358755 
  1915.0   2.8600431396625936 
  1916.0   2.8455598396249115 
  1917.0   2.8468083241023123 
  1918.0   2.843837672844529 
  1919.0   2.858163183555007 
  1920.0   2.854915300849825 
  1921.0   2.8574361582286656 
  1922.0   2.8596690972335637 
  1923.0   2.816604555118829 
  1924.0   2.823650068603456 
  1925.0   2.819945162627846 
  1926.0   2.824242564383894 
  1927.0   2.8391253668814898 
  1928.0   2.828919980674982 
  1929.0   2.8473778744228184 
  1930.0   2.8520458610728383 
  1931.0   2.8714058571495116 
  1932.0   2.8243814944289625 
  1933.0   2.834069507662207 
  1934.0   2.864316967315972 
  1935.0   2.854906499851495 
  1936.0   2.8293754323385656 
  1937.0   2.835203893482685 
  1938.0   2.851496112998575 
  1939.0   2.8599501005373895 
  1940.0   2.867909974884242 
  1941.0   2.8557212208397686 
  1942.0   2.8612620779313147 
  1943.0   2.865751530043781 
  1944.0   2.8440473251976073 
  1945.0   2.8506989940069616 
  1946.0   2.83966128481552 
  1947.0   2.848715626168996 
  1948.0   2.864568738732487 
  1949.0   2.849837124813348 
  1950.0   2.8527269954793155 
  1951.0   2.870530157815665 
  1952.0   2.8702469542622566 
  1953.0   2.849958452861756 
  1954.0   2.8589276131242514 
  1955.0   2.8433303581550717 
  1956.0   2.8551903320476413 
  1957.0   2.8266898705624044 
  1958.0   2.830569539219141 
  1959.0   2.847572125028819 
  1960.0   2.8576178359799087 
  1961.0   2.8684710385277867 
  1962.0   2.87340902723372 
  1963.0   2.8567584813572466 
  1964.0   2.8264789609238505 
  1965.0   2.8272367897443473 
  1966.0   2.8262309613637626 
  1967.0   2.8033430222421885 
  1968.0   2.8145265765488148 
  1969.0   2.8125941287726164 
  1970.0   2.8214608202688396 
  1971.0   2.8153466410003603 
  1972.0   2.8302489314228296 
  1973.0   2.8362773009575903 
  1974.0   2.836768899578601 
  1975.0   2.861558797303587 
  1976.0   2.834537217859179 
  1977.0   2.8456717380322516 
  1978.0   2.8415846172720194 
  1979.0   2.857213618699461 
  1980.0   2.8438977082259953 
  1981.0   2.84192314138636 
  1982.0   2.8270305949263275 
  1983.0   2.814362815115601 
  1984.0   2.8302398161031306 
  1985.0   2.830000303220004 
  1986.0   2.834036818239838 
  1987.0   2.8272792231291533 
  1988.0   2.8082442353479564 
  1989.0   2.8327066102065146 
  1990.0   2.869899943470955 
  1991.0   2.8819802566431463 
  1992.0   2.8249240131117404 
  1993.0   2.8250865172594786 
  1994.0   2.862922952044755 
  1995.0   2.846852329093963 
  1996.0   2.84975414397195 
  1997.0   2.8702670708298683 
  1998.0   2.8203534660860896 
  1999.0   2.8139029629528522 
  2000.0   2.7946526650339365 
  2001.0   2.8234787634573877 
  2002.0   2.8379268595017493 
  2003.0   2.849814807996154 
  2004.0   2.8741065063513815 
  2005.0   2.893614862114191 
  2006.0   2.8714856947772205 
  2007.0   2.841408282984048 
  2008.0   2.821627724915743 
  2009.0   2.847291750367731 
  2010.0   2.851524401921779 
  2011.0   2.847958740312606 
  2012.0   2.8467426309362054 
  2013.0   2.8510029427707195 
  2014.0   2.8745748451910913 
