  1850.0   36.318938976 
  1851.0   36.728347211999996 
  1852.0   36.901432547999995 
  1853.0   36.561742523999996 
  1854.0   36.533348298 
  1855.0   37.421882982 
  1856.0   37.612226394 
  1857.0   36.888751133999996 
  1858.0   36.715381973999996 
  1859.0   37.349322588 
  1860.0   37.677151134 
  1861.0   36.783073998 
  1862.0   37.230364853999994 
  1863.0   36.16440075 
  1864.0   36.07862283 
  1865.0   37.92300579 
  1866.0   37.114872137999996 
  1867.0   36.789191982 
  1868.0   36.888581628 
  1869.0   36.110308626 
  1870.0   37.323892746 
  1871.0   36.565601742 
  1872.0   36.617722865999994 
  1873.0   36.425400569999994 
  1874.0   36.993561029999995 
  1875.0   37.198753956 
  1876.0   37.498929372 
  1877.0   36.352512989999994 
  1878.0   37.517973174 
  1879.0   36.301038354 
  1880.0   36.560185434 
  1881.0   36.296899253999996 
  1882.0   37.494719315999994 
  1883.0   37.61669268 
  1884.0   37.186167149999996 
  1885.0   37.415536362 
  1886.0   37.158541614 
  1887.0   37.57043331 
  1888.0   37.511665973999996 
  1889.0   37.387059353999994 
  1890.0   37.290109806 
  1891.0   37.084447782 
  1892.0   36.896327658 
  1893.0   38.160566478 
  1894.0   37.481336225999996 
  1895.0   37.733781906 
  1896.0   38.485103454 
  1897.0   37.76883417 
  1898.0   38.416516595999994 
  1899.0   37.949318639999994 
  1900.0   37.94973255 
  1901.0   38.096753381999996 
  1902.0   38.234037474 
  1903.0   36.709327062 
  1904.0   37.152865133999995 
  1905.0   37.486831374 
  1906.0   37.745639442 
  1907.0   38.904374573999995 
  1908.0   37.679145786 
  1909.0   37.728696725999995 
  1910.0   38.892083418 
  1911.0   38.391134058 
  1912.0   37.407104423999996 
  1913.0   37.426045734 
  1914.0   38.050892153999996 
  1915.0   38.492640558 
  1916.0   38.2563216 
  1917.0   38.557044954 
  1918.0   38.657782764 
  1919.0   38.089799694 
  1920.0   37.669148873999994 
  1921.0   38.291235893999996 
  1922.0   38.140399206 
  1923.0   38.973935106 
  1924.0   38.214895121999994 
  1925.0   39.498426089999995 
  1926.0   38.26280619 
  1927.0   37.928985804 
  1928.0   39.121046604 
  1929.0   38.785641534 
  1930.0   38.93448357 
  1931.0   39.069907038 
  1932.0   38.952049122 
  1933.0   39.092589305999994 
  1934.0   39.119623542 
  1935.0   38.397646242 
  1936.0   38.145259691999996 
  1937.0   38.343940434 
  1938.0   38.270910942 
  1939.0   38.52431847 
  1940.0   38.277754253999994 
  1941.0   39.281434757999996 
  1942.0   39.217649255999994 
  1943.0   38.582486622 
  1944.0   38.590023726 
  1945.0   39.441775608 
  1946.0   39.706027578 
  1947.0   38.737482119999996 
  1948.0   39.333169565999995 
  1949.0   38.703647933999996 
  1950.0   38.414825478 
  1951.0   39.097717847999995 
  1952.0   39.391381079999995 
  1953.0   40.018486266 
  1954.0   38.799087695999994 
  1955.0   38.74974174 
  1956.0   40.006021661999995 
  1957.0   40.345120386 
  1958.0   38.768414994 
  1959.0   38.807562995999994 
  1960.0   39.93441129 
  1961.0   39.336839567999995 
  1962.0   39.592068299999994 
  1963.0   39.687184818 
  1964.0   39.862004633999994 
  1965.0   39.419026325999994 
  1966.0   39.985791318 
  1967.0   39.643365546 
  1968.0   40.301494272 
  1969.0   39.956364287999996 
  1970.0   40.644822762 
  1971.0   40.613960844 
  1972.0   40.639213295999994 
  1973.0   41.040122579999995 
  1974.0   40.934729268 
  1975.0   42.48199580399999 
  1976.0   41.946155802 
  1977.0   41.473636146 
  1978.0   41.593626684 
  1979.0   43.012214514 
  1980.0   42.62618628 
  1981.0   42.479279766 
  1982.0   42.251128632 
  1983.0   42.798897126 
  1984.0   43.386286661999996 
  1985.0   43.79106699 
  1986.0   43.057153314 
  1987.0   44.246064456 
  1988.0   43.974657756 
  1989.0   44.316953442 
  1990.0   42.87668067 
  1991.0   42.572515949999996 
  1992.0   43.489062485999995 
  1993.0   44.853853842 
  1994.0   44.30175309 
  1995.0   43.80878233799999 
  1996.0   44.025947118 
  1997.0   44.011211921999994 
  1998.0   44.612398457999994 
  1999.0   45.443852981999996 
  2000.0   44.595124614 
  2001.0   45.476031528 
  2002.0   46.701887094 
  2003.0   45.823041845999995 
  2004.0   45.01951244999999 
  2005.0   46.124305254 
  2006.0   46.624860414 
  2007.0   47.190151097999994 
  2008.0   45.444416688 
  2009.0   45.59405895 
  2010.0   46.64775555 
  2011.0   46.31169216599999 
  2012.0   46.944012617999995 
  2013.0   47.847649104 
  2014.0   47.833643177999996 
