  1850.0   121.42688453999999 
  1851.0   120.78460659599999 
  1852.0   123.02177832 
  1853.0   119.73062617199999 
  1854.0   120.509494416 
  1855.0   122.27712663599999 
  1856.0   123.47371285199999 
  1857.0   121.73786103599998 
  1858.0   122.07254472 
  1859.0   122.859304848 
  1860.0   121.92534255599999 
  1861.0   122.48497252799999 
  1862.0   123.67981637999999 
  1863.0   121.93776773999998 
  1864.0   121.671186048 
  1865.0   122.05941786 
  1866.0   123.22541415599999 
  1867.0   125.22334589999998 
  1868.0   123.12689569199999 
  1869.0   121.73540122799999 
  1870.0   121.87032800399999 
  1871.0   123.88399621199999 
  1872.0   121.733792892 
  1873.0   122.99190584399999 
  1874.0   122.629722768 
  1875.0   122.31361378799998 
  1876.0   121.414632804 
  1877.0   124.611247908 
  1878.0   123.82880821199998 
  1879.0   123.562959732 
  1880.0   124.40736766799999 
  1881.0   124.68489235199999 
  1882.0   122.441232096 
  1883.0   123.63590249999999 
  1884.0   121.37568584399999 
  1885.0   122.23223513999999 
  1886.0   122.92005106799999 
  1887.0   121.22558236799999 
  1888.0   122.10136073999999 
  1889.0   123.63505891199999 
  1890.0   123.78297063599999 
  1891.0   123.64290349199999 
  1892.0   123.244036164 
  1893.0   120.793215924 
  1894.0   122.02180329599999 
  1895.0   124.15685356799999 
  1896.0   125.38897297199999 
  1897.0   122.55346871999998 
  1898.0   120.55437014399999 
  1899.0   121.46881953599998 
  1900.0   122.76542217599999 
  1901.0   121.648283028 
  1902.0   123.18104300399999 
  1903.0   119.84688363599999 
  1904.0   119.88795139199999 
  1905.0   121.40852270399999 
  1906.0   122.65573996799999 
  1907.0   121.504557708 
  1908.0   121.181203332 
  1909.0   121.76112672 
  1910.0   119.52581561999999 
  1911.0   120.45351013199999 
  1912.0   121.33468904399999 
  1913.0   120.938249988 
  1914.0   120.362181876 
  1915.0   119.97755305199999 
  1916.0   120.65056282799999 
  1917.0   122.73126080399999 
  1918.0   122.773369248 
  1919.0   121.67210059199999 
  1920.0   121.46334015599999 
  1921.0   122.998701852 
  1922.0   124.34054288399999 
  1923.0   120.633974892 
  1924.0   123.16223966399998 
  1925.0   123.12584711999999 
  1926.0   124.092417636 
  1927.0   123.45158246399998 
  1928.0   121.549070772 
  1929.0   122.963807268 
  1930.0   122.50044881999999 
  1931.0   123.58062777599999 
  1932.0   124.09278029999999 
  1933.0   122.183109936 
  1934.0   123.50961658799999 
  1935.0   125.46771048 
  1936.0   123.09055833599999 
  1937.0   124.97492894399998 
  1938.0   124.108130448 
  1939.0   123.003116892 
  1940.0   121.53205709999999 
  1941.0   123.67495195199999 
  1942.0   122.47648934399999 
  1943.0   121.621453776 
  1944.0   123.04407427199999 
  1945.0   124.32822019199999 
  1946.0   123.99984370799999 
  1947.0   121.99742596799999 
  1948.0   122.402986812 
  1949.0   124.44789931199999 
  1950.0   123.5247381 
  1951.0   122.88175847999999 
  1952.0   123.657449472 
  1953.0   125.07345529199999 
  1954.0   123.91333257599999 
  1955.0   121.523526612 
  1956.0   122.97812461199999 
  1957.0   123.08550469199999 
  1958.0   122.857262892 
  1959.0   122.54472536399999 
  1960.0   121.59281908799998 
  1961.0   123.22721170799998 
  1962.0   123.64054617599999 
  1963.0   123.58410461999999 
  1964.0   121.77474238799999 
  1965.0   120.58399033199998 
  1966.0   123.050310516 
  1967.0   123.302235852 
  1968.0   123.09927015599999 
  1969.0   124.42308048 
  1970.0   121.84050283199998 
  1971.0   124.547087916 
  1972.0   125.86414953599999 
  1973.0   123.61812407999999 
  1974.0   123.21853930799999 
  1975.0   122.64896761199999 
  1976.0   124.33239082799999 
  1977.0   126.52996910399999 
  1978.0   125.64252241199999 
  1979.0   125.470138752 
  1980.0   123.94404863999999 
  1981.0   124.99217125199999 
  1982.0   126.09810723599999 
  1983.0   122.82971619599999 
  1984.0   125.445532788 
  1985.0   126.26054917199998 
  1986.0   126.63385657199998 
  1987.0   126.19626303599999 
  1988.0   126.76468366799999 
  1989.0   128.591477424 
  1990.0   128.23471854 
  1991.0   127.932714036 
  1992.0   126.950131116 
  1993.0   128.05350479999998 
  1994.0   129.06625190399998 
  1995.0   128.978006292 
  1996.0   127.80873025199999 
  1997.0   127.19297408399999 
  1998.0   131.11785791999998 
  1999.0   131.59203321599998 
  2000.0   131.00584204799998 
  2001.0   131.14093438799998 
  2002.0   132.414886296 
  2003.0   129.091535892 
  2004.0   129.76366266 
  2005.0   132.499781208 
  2006.0   131.77701550799998 
  2007.0   131.475034656 
  2008.0   133.716203568 
  2009.0   133.919579232 
  2010.0   132.39687923999998 
  2011.0   131.53174426799998 
  2012.0   132.473858616 
  2013.0   134.572926312 
  2014.0   135.31504723199998 
