  1850.0   34.816721615999995 
  1851.0   35.883304614 
  1852.0   35.247743838 
  1853.0   35.441473427999995 
  1854.0   36.958012073999996 
  1855.0   35.578635317999996 
  1856.0   35.491643262 
  1857.0   36.655597602 
  1858.0   36.152996544 
  1859.0   35.800463484 
  1860.0   36.414623141999996 
  1861.0   35.854267842 
  1862.0   35.881885493999995 
  1863.0   35.92732887 
  1864.0   36.278927675999995 
  1865.0   36.249185286 
  1866.0   36.365900022 
  1867.0   36.307053845999995 
  1868.0   36.353127942 
  1869.0   36.114506856 
  1870.0   36.350313354 
  1871.0   36.21347865 
  1872.0   36.418746473999995 
  1873.0   37.095879581999995 
  1874.0   36.41668875 
  1875.0   36.131603309999996 
  1876.0   36.813750641999995 
  1877.0   36.448335125999996 
  1878.0   36.132111828 
  1879.0   35.97402186 
  1880.0   36.288270215999994 
  1881.0   36.275983002 
  1882.0   36.964658285999995 
  1883.0   35.585817641999995 
  1884.0   35.42101839 
  1885.0   36.144146754 
  1886.0   36.840891312 
  1887.0   36.542935242 
  1888.0   36.186389225999996 
  1889.0   36.986315634 
  1890.0   36.995468958 
  1891.0   35.413820298 
  1892.0   36.393963119999995 
  1893.0   36.653851296 
  1894.0   36.538662114 
  1895.0   36.803288574 
  1896.0   36.410752097999996 
  1897.0   36.452734398 
  1898.0   37.225082574 
  1899.0   37.0697796 
  1900.0   37.326872898 
  1901.0   37.318330583999995 
  1902.0   37.149360695999995 
  1903.0   36.505908035999994 
  1904.0   36.931210416 
  1905.0   36.795010374 
  1906.0   37.470763782 
  1907.0   37.114056143999996 
  1908.0   37.269733607999996 
  1909.0   36.88767891 
  1910.0   37.267703477999994 
  1911.0   37.270928034 
  1912.0   36.991318031999995 
  1913.0   36.716706486 
  1914.0   37.132500762 
  1915.0   37.401585624 
  1916.0   37.491877134 
  1917.0   37.429167797999995 
  1918.0   37.266867774 
  1919.0   37.561607171999995 
  1920.0   37.192147164 
  1921.0   37.59280416 
  1922.0   37.453336199999995 
  1923.0   37.296330282 
  1924.0   37.265456537999995 
  1925.0   37.893188501999994 
  1926.0   37.966533354 
  1927.0   38.052804024 
  1928.0   38.039539194 
  1929.0   37.475868672 
  1930.0   38.058011406 
  1931.0   37.550459196 
  1932.0   37.702600686 
  1933.0   37.724005745999996 
  1934.0   37.570543686 
  1935.0   37.831685418 
  1936.0   37.863903384 
  1937.0   38.322586619999996 
  1938.0   38.095791534 
  1939.0   37.565419086 
  1940.0   37.806377778 
  1941.0   38.221265394 
  1942.0   38.033539469999994 
  1943.0   37.596111498 
  1944.0   38.017499472 
  1945.0   38.087726202 
  1946.0   38.134557162 
  1947.0   37.580611553999994 
  1948.0   38.765568869999996 
  1949.0   38.689618356 
  1950.0   36.904988231999994 
  1951.0   38.401489692 
  1952.0   38.468251404 
  1953.0   38.445470586 
  1954.0   37.976660351999996 
  1955.0   38.049567642 
  1956.0   38.576936286 
  1957.0   39.233137373999995 
  1958.0   37.901411513999996 
  1959.0   38.713451688 
  1960.0   39.056590961999994 
  1961.0   39.127535136 
  1962.0   38.72307411 
  1963.0   38.255568677999996 
  1964.0   38.467585205999995 
  1965.0   38.66694003 
  1966.0   39.151297512 
  1967.0   38.325558887999996 
  1968.0   39.372313626 
  1969.0   39.515628977999995 
  1970.0   38.347886376 
  1971.0   39.530789909999996 
  1972.0   39.527368253999995 
  1973.0   38.89884789 
  1974.0   39.478203629999996 
  1975.0   39.083822297999994 
  1976.0   39.954338099999994 
  1977.0   40.277846214 
  1978.0   39.355666559999996 
  1979.0   40.077632034 
  1980.0   39.286456865999995 
  1981.0   40.048685928 
  1982.0   39.602498831999995 
  1983.0   40.231125629999994 
  1984.0   39.98672163 
  1985.0   40.243361598 
  1986.0   39.877831764 
  1987.0   40.464823157999994 
  1988.0   40.920025607999996 
  1989.0   40.818590064 
  1990.0   40.357991016 
  1991.0   40.984023977999996 
  1992.0   39.961603206 
  1993.0   39.862284515999995 
  1994.0   39.99898125 
  1995.0   41.396451786 
  1996.0   41.39062551 
  1997.0   41.039231687999994 
  1998.0   41.700884562 
  1999.0   41.614172388 
  2000.0   40.70142594 
  2001.0   41.833603818 
  2002.0   42.07665177 
  2003.0   42.358867434 
  2004.0   41.670030528 
  2005.0   41.78963475 
  2006.0   42.713064018 
  2007.0   43.005962501999996 
  2008.0   43.145138753999994 
  2009.0   42.657225587999996 
  2010.0   43.362204983999995 
  2011.0   42.822324431999995 
  2012.0   42.970784093999995 
  2013.0   43.207205544 
  2014.0   42.522113538 
