  1850.0   39.707738406 
  1851.0   41.135120838 
  1852.0   40.14166194 
  1853.0   40.563530838 
  1854.0   40.433850864 
  1855.0   39.994424298 
  1856.0   40.480252146 
  1857.0   40.847394257999994 
  1858.0   40.50237465 
  1859.0   40.419040769999995 
  1860.0   40.498779545999994 
  1861.0   41.813369531999996 
  1862.0   40.335702948 
  1863.0   40.384623168 
  1864.0   40.813607376 
  1865.0   40.81128159599999 
  1866.0   41.127426054 
  1867.0   40.50290287799999 
  1868.0   40.846128875999995 
  1869.0   40.767935363999996 
  1870.0   40.208908517999994 
  1871.0   40.520799558 
  1872.0   40.56136668 
  1873.0   40.651173324 
  1874.0   40.30629957 
  1875.0   40.924547082 
  1876.0   40.887681498 
  1877.0   40.530284009999995 
  1878.0   40.779323802 
  1879.0   41.122723248 
  1880.0   40.546225457999995 
  1881.0   40.525608798 
  1882.0   41.312294028 
  1883.0   40.580083296 
  1884.0   39.758542901999995 
  1885.0   41.183611379999995 
  1886.0   40.100570532 
  1887.0   40.83888348 
  1888.0   40.950725903999995 
  1889.0   40.142513412 
  1890.0   40.465757411999995 
  1891.0   41.395312548 
  1892.0   40.572703872 
  1893.0   40.541431986 
  1894.0   39.435030846 
  1895.0   40.944615803999994 
  1896.0   40.989590082 
  1897.0   40.575498749999994 
  1898.0   41.165206182 
  1899.0   40.478872446 
  1900.0   40.164371802 
  1901.0   40.936219343999994 
  1902.0   39.804293754 
  1903.0   40.378863906 
  1904.0   40.311767124 
  1905.0   40.550333022 
  1906.0   40.24046817 
  1907.0   40.703085521999995 
  1908.0   40.567571388 
  1909.0   39.998748672 
  1910.0   40.762073609999995 
  1911.0   40.500175014 
  1912.0   39.630447612 
  1913.0   39.784776912 
  1914.0   40.60884806999999 
  1915.0   40.638409128 
  1916.0   40.236037362 
  1917.0   40.376285837999994 
  1918.0   40.443059375999994 
  1919.0   40.73195673 
  1920.0   41.089689287999995 
  1921.0   40.385730869999996 
  1922.0   40.813288074 
  1923.0   40.844098746 
  1924.0   40.293681228 
  1925.0   40.828780134 
  1926.0   41.251768559999995 
  1927.0   40.475206385999996 
  1928.0   41.224328297999996 
  1929.0   40.349460527999994 
  1930.0   40.599383327999995 
  1931.0   41.372586917999996 
  1932.0   40.143818214 
  1933.0   41.288330609999996 
  1934.0   41.535292968 
  1935.0   40.406047938 
  1936.0   41.240557511999995 
  1937.0   40.969548954 
  1938.0   40.74774444 
  1939.0   40.416596729999995 
  1940.0   41.312834081999995 
  1941.0   40.500360287999996 
  1942.0   40.40739215999999 
  1943.0   41.535620154 
  1944.0   40.666673268 
  1945.0   40.706081442 
  1946.0   40.611516804 
  1947.0   40.69600174799999 
  1948.0   41.138629218 
  1949.0   40.75117398 
  1950.0   40.504400837999995 
  1951.0   40.974996798 
  1952.0   41.582025378 
  1953.0   40.934953961999994 
  1954.0   40.880250827999994 
  1955.0   41.238145008 
  1956.0   40.280747526 
  1957.0   40.824345384 
  1958.0   40.287638142 
  1959.0   40.771132326 
  1960.0   41.061023064 
  1961.0   40.36211829 
  1962.0   40.59784200599999 
  1963.0   39.802929821999996 
  1964.0   40.972304412 
  1965.0   40.633856118 
  1966.0   40.303603241999994 
  1967.0   40.256393849999995 
  1968.0   41.229705186 
  1969.0   40.887015299999995 
  1970.0   40.94720964 
  1971.0   40.995148302 
  1972.0   40.473247212 
  1973.0   41.336162838 
  1974.0   41.524539192 
  1975.0   40.587379938 
  1976.0   40.943417436 
  1977.0   40.45321791 
  1978.0   40.940638326 
  1979.0   41.505727967999995 
  1980.0   41.635628694 
  1981.0   40.986538974 
  1982.0   40.477189212 
  1983.0   41.444973864 
  1984.0   41.633957286 
  1985.0   40.974500105999994 
  1986.0   41.615745245999996 
  1987.0   42.055625142 
  1988.0   41.823662094 
  1989.0   41.539739544 
  1990.0   41.460761573999996 
  1991.0   42.427099512 
  1992.0   40.85100513 
  1993.0   41.67109881 
  1994.0   42.515987669999994 
  1995.0   41.969358414 
  1996.0   42.139096992 
  1997.0   42.169935257999995 
  1998.0   41.692555115999994 
  1999.0   42.504689897999995 
  2000.0   42.881083884 
  2001.0   42.529792554 
  2002.0   42.023139119999996 
  2003.0   42.037054379999994 
  2004.0   42.649928945999996 
  2005.0   42.232727376 
  2006.0   43.028061353999995 
  2007.0   43.118435645999995 
  2008.0   42.200643438 
  2009.0   42.47739549 
  2010.0   42.939354527999996 
  2011.0   43.19669223 
  2012.0   42.901432488 
  2013.0   42.565254786 
  2014.0   43.059944249999994 
