  2015.0   1.7473768779570553 
  2016.0   1.7489477925569408 
  2017.0   1.7514227308300154 
  2018.0   1.7535090796612072 
  2019.0   1.7543458468268953 
  2020.0   1.7620725474593821 
  2021.0   1.763034123378896 
  2022.0   1.7573694987053836 
  2023.0   1.7503737361917713 
  2024.0   1.7500083675358067 
  2025.0   1.7488991307467208 
  2026.0   1.7439318887040227 
  2027.0   1.7445700990734885 
  2028.0   1.7438070559439929 
  2029.0   1.7416253420345906 
  2030.0   1.7348691341338545 
  2031.0   1.7321133753776543 
  2032.0   1.7259672289043946 
  2033.0   1.7202184575276807 
  2034.0   1.7168807819152785 
  2035.0   1.7144762532495832 
  2036.0   1.7093331409543882 
  2037.0   1.7070781173584584 
  2038.0   1.700150470725803 
  2039.0   1.6969753047430631 
  2040.0   1.6899617496312331 
  2041.0   1.6823008590463508 
  2042.0   1.679305085708347 
  2043.0   1.6749669293968772 
  2044.0   1.6698506047500568 
  2045.0   1.6629192296822934 
  2046.0   1.6560825828618266 
  2047.0   1.6528652423224872 
  2048.0   1.647239197092334 
  2049.0   1.6409347694438192 
  2050.0   1.639079548890356 
  2051.0   1.6316705017582769 
  2052.0   1.6259218677346448 
  2053.0   1.6211660366575733 
  2054.0   1.6141023808444022 
  2055.0   1.6053226674006558 
  2056.0   1.5949880106459233 
  2057.0   1.591296736180512 
  2058.0   1.58762885090648 
  2059.0   1.5835976189731256 
  2060.0   1.5782470376584672 
  2061.0   1.5710998579479807 
  2062.0   1.56261255411095 
  2063.0   1.5545127209278267 
  2064.0   1.547513383905695 
  2065.0   1.538849759028165 
  2066.0   1.5311721077830893 
  2067.0   1.5259822454127394 
  2068.0   1.5192214622157623 
  2069.0   1.514462537419043 
  2070.0   1.5078622528751162 
  2071.0   1.5006956246611034 
  2072.0   1.4938800663551433 
  2073.0   1.4870063523043462 
  2074.0   1.481133136529173 
  2075.0   1.4748190253982867 
  2076.0   1.4657795947336927 
  2077.0   1.4573864764538444 
  2078.0   1.4497476356886265 
  2079.0   1.4429623560516052 
  2080.0   1.4354318683017373 
  2081.0   1.4288237554779113 
  2082.0   1.4224855888660082 
  2083.0   1.4156340286686808 
  2084.0   1.4091037014783379 
  2085.0   1.40294681197314 
  2086.0   1.395081712978057 
  2087.0   1.3934973707170684 
  2088.0   1.3916130685379406 
  2089.0   1.3873870722865695 
  2090.0   1.3818750216783542 
  2091.0   1.3734773121112605 
  2092.0   1.3673308285286343 
  2093.0   1.36115009173174 
  2094.0   1.3543205588073355 
  2095.0   1.3507547798636226 
  2096.0   1.344748992927442 
  2097.0   1.3392915423627871 
  2098.0   1.3362529711116085 
  2099.0   1.3349157786561536 
  2100.0   1.332500289107212 
