  2015.0   2.2588397945434203e-10 
  2016.0   2.437142074339702e-10 
  2017.0   2.1596886211209314e-10 
  2018.0   2.514586404866272e-10 
  2019.0   2.539102379160991e-10 
  2020.0   1.7495729242434055e-10 
  2021.0   2.1371514615425563e-10 
  2022.0   2.431622697997979e-10 
  2023.0   3.2769933210460585e-10 
  2024.0   6.487847575443121e-10 
  2025.0   1.8121645566784673e-10 
  2026.0   2.617145318743445e-10 
  2027.0   3.0551693225047066e-10 
  2028.0   2.1477956387883225e-10 
  2029.0   3.0588403939111063e-10 
  2030.0   1.3702562179568076e-10 
  2031.0   1.6121154271619265e-10 
  2032.0   2.155352986674646e-10 
  2033.0   1.5767106023296107e-10 
  2034.0   2.133984721768185e-10 
  2035.0   1.9663908686674126e-10 
  2036.0   2.918251482365762e-10 
  2037.0   4.056015227047872e-10 
  2038.0   2.783203642714918e-10 
  2039.0   3.62954901222793e-10 
  2040.0   2.2412534656639806e-10 
  2041.0   2.30116674365817e-10 
  2042.0   2.8868108732598877e-10 
  2043.0   1.6855315728716933e-10 
  2044.0   3.989581466013294e-10 
  2045.0   2.024586560124447e-10 
  2046.0   2.668137104041005e-10 
  2047.0   3.6595319645570576e-10 
  2048.0   3.7186869856289164e-10 
  2049.0   1.7590251481495785e-10 
  2050.0   3.1374284638646167e-10 
  2051.0   1.8831414076764484e-10 
  2052.0   1.9201624676823083e-10 
  2053.0   2.4439255799085e-10 
  2054.0   2.267273152118623e-10 
  2055.0   5.18129341390673e-10 
  2056.0   2.008517190626469e-10 
  2057.0   3.03638939842416e-10 
  2058.0   2.0990850293704563e-10 
  2059.0   2.5223065700551164e-10 
  2060.0   3.7327489339457037e-10 
  2061.0   4.588679342468855e-10 
  2062.0   3.7394892819301705e-10 
  2063.0   2.321365314110707e-10 
  2064.0   4.930122591803439e-10 
  2065.0   3.8100284364885226e-10 
  2066.0   3.0941440443035793e-10 
  2067.0   2.739995228293355e-10 
  2068.0   2.446744956935236e-10 
  2069.0   2.9759014726899186e-10 
  2070.0   3.2745512796390205e-10 
  2071.0   4.499758196315254e-10 
  2072.0   3.934334751711546e-10 
  2073.0   3.5527461335778477e-10 
  2074.0   3.6466959632020243e-10 
  2075.0   5.879398277042193e-10 
  2076.0   6.094891762167888e-10 
  2077.0   2.979294741553856e-10 
  2078.0   4.697397982612642e-10 
  2079.0   3.414075031219869e-10 
  2080.0   2.93825639406572e-10 
  2081.0   2.907538170869571e-10 
  2082.0   4.924165509286595e-10 
  2083.0   3.4953976872984905e-10 
  2084.0   4.822628305076034e-10 
  2085.0   3.4888528053031354e-10 
  2086.0   4.2358501190006213e-10 
  2087.0   2.574951324048647e-10 
  2088.0   3.321983827640845e-10 
  2089.0   3.037932249760015e-10 
  2090.0   3.3683640318549496e-10 
  2091.0   4.1476429947250077e-10 
  2092.0   5.405481515639932e-10 
  2093.0   2.965452404977569e-10 
  2094.0   3.4071689945858783e-10 
  2095.0   4.07808065730531e-10 
  2096.0   5.068747660573884e-10 
  2097.0   2.8530431441118604e-10 
  2098.0   3.4640437733774214e-10 
  2099.0   6.721355062237874e-10 
  2100.0   4.874685662206566e-10 
