  2015.0   2.3566478896953065 
  2016.0   2.399097889713921 
  2017.0   2.4198825011412586 
  2018.0   2.4027373922369075 
  2019.0   2.372221344029866 
  2020.0   2.31774493989817 
  2021.0   2.375881074590258 
  2022.0   2.4039991181741214 
  2023.0   2.4777573320685673 
  2024.0   2.4193416819019546 
  2025.0   2.539708975808173 
  2026.0   2.52467303376288 
  2027.0   2.4976077559433576 
  2028.0   2.5234646854302083 
  2029.0   2.54091371822536 
  2030.0   2.5472343387841034 
  2031.0   2.5279456422166926 
  2032.0   2.5747471028165467 
  2033.0   2.575277889931888 
  2034.0   2.503641245304929 
  2035.0   2.5318674233844636 
  2036.0   2.6308210555399043 
  2037.0   2.6328343682110456 
  2038.0   2.6385294594606905 
  2039.0   2.5973455022428467 
  2040.0   2.70825812501814 
  2041.0   2.773794345092946 
  2042.0   2.7144531812893513 
  2043.0   2.672401770814653 
  2044.0   2.71940221621304 
  2045.0   2.600382404287785 
  2046.0   2.751903425452138 
  2047.0   2.7919903007184765 
  2048.0   2.764079942238334 
  2049.0   2.7813813816678947 
  2050.0   2.7796789579384353 
  2051.0   2.808845932727655 
  2052.0   2.8201673535606604 
  2053.0   2.8569881679231477 
  2054.0   2.918261337218843 
  2055.0   2.877645577651021 
  2056.0   2.9057633145899273 
  2057.0   2.9356206228384982 
  2058.0   2.865011801177617 
  2059.0   2.948923135287331 
  2060.0   2.9655474668093778 
  2061.0   2.9069622762442453 
  2062.0   2.92620703304949 
  2063.0   3.046979704203441 
  2064.0   3.020659929065676 
  2065.0   3.0520807381711648 
  2066.0   3.075346827803827 
  2067.0   3.0679151262921653 
  2068.0   3.0637683935087123 
  2069.0   3.1603693054502586 
  2070.0   3.088851737953538 
  2071.0   3.152496908772281 
  2072.0   3.124763236529883 
  2073.0   3.217294580949064 
  2074.0   3.1812608741024935 
  2075.0   3.126288705959226 
  2076.0   3.241382943460915 
  2077.0   3.3422000102392326 
  2078.0   3.3608755392672567 
  2079.0   3.2576931014598465 
  2080.0   3.3251171004420077 
  2081.0   3.334559144061421 
  2082.0   3.3124228349956675 
  2083.0   3.3323857630408074 
  2084.0   3.315900113909104 
  2085.0   3.3474740279887896 
  2086.0   3.3706124258367876 
  2087.0   3.2510393448118338 
  2088.0   3.443971217115346 
  2089.0   3.3490216434573488 
  2090.0   3.471721290989216 
  2091.0   3.5859017521940357 
  2092.0   3.38564995737467 
  2093.0   3.5830776731095972 
  2094.0   3.482388696691121 
  2095.0   3.53869298715772 
  2096.0   3.58280268121909 
  2097.0   3.6666285152800935 
  2098.0   3.5479124992467024 
  2099.0   3.626323295545118 
  2100.0   3.5616758999302927 
