  2015.0   8.407847517393483 
  2016.0   8.163913489492517 
  2017.0   8.660141344236605 
  2018.0   8.903550617191511 
  2019.0   8.684966245517371 
  2020.0   8.842090825882842 
  2021.0   8.802248779989469 
  2022.0   8.83449772837686 
  2023.0   9.113631059559742 
  2024.0   9.21005630809294 
  2025.0   9.06024691475787 
  2026.0   9.185841989232781 
  2027.0   9.158536895655821 
  2028.0   9.582357488314717 
  2029.0   9.01589074556326 
  2030.0   9.408337948952854 
  2031.0   9.38828002076541 
  2032.0   9.261064426243902 
  2033.0   8.935730906340059 
  2034.0   9.696216247302624 
  2035.0   9.70077788995069 
  2036.0   9.980312608889072 
  2037.0   10.01855084052194 
  2038.0   9.86211315276523 
  2039.0   9.99750294530358 
  2040.0   10.06806429968443 
  2041.0   9.973533854943684 
  2042.0   9.822839508129457 
  2043.0   9.791950864166486 
  2044.0   10.139814854360408 
  2045.0   10.153669506047947 
  2046.0   10.26779660590365 
  2047.0   10.42021192146896 
  2048.0   10.225386842091957 
  2049.0   9.621589054138958 
  2050.0   10.637443092510543 
  2051.0   10.115689697781562 
  2052.0   10.116721629644777 
  2053.0   10.773422156605154 
  2054.0   10.297771214020855 
  2055.0   10.908072028800541 
  2056.0   10.463164626576559 
  2057.0   10.77401724776478 
  2058.0   10.685142486617618 
  2059.0   10.298099670036112 
  2060.0   10.686922193254969 
  2061.0   10.676783863626953 
  2062.0   10.680289314235985 
  2063.0   10.557522518767993 
  2064.0   10.735081273153611 
  2065.0   10.605701136912105 
  2066.0   11.001558154208753 
  2067.0   11.159619958788536 
  2068.0   10.55769599974107 
  2069.0   10.924296105516879 
  2070.0   11.28028005378403 
  2071.0   11.358225778481101 
  2072.0   10.784174013179918 
  2073.0   11.358663426763327 
  2074.0   11.778180115046284 
  2075.0   11.220740364092773 
  2076.0   11.384588597781022 
  2077.0   10.927564669437116 
  2078.0   11.085770869376685 
  2079.0   11.225629137848486 
  2080.0   11.437544874039698 
  2081.0   11.89343251026124 
  2082.0   11.284803885606296 
  2083.0   12.026231077794241 
  2084.0   11.908798879397564 
  2085.0   11.315131894971564 
  2086.0   12.290092504962802 
  2087.0   11.470209413565799 
  2088.0   11.996477442936683 
  2089.0   12.031573614085504 
  2090.0   11.736773939707954 
  2091.0   12.186767044819517 
  2092.0   11.671112109177745 
  2093.0   11.975094313792205 
  2094.0   12.616751383056522 
  2095.0   12.369459279097832 
  2096.0   12.582005141890196 
  2097.0   11.566416312503899 
  2098.0   12.207513011043492 
  2099.0   12.125655225988726 
  2100.0   12.03447499788539 
