  2015.0   110.71564620735217 
  2016.0   110.74292641119328 
  2017.0   110.75389284757024 
  2018.0   110.74131199800122 
  2019.0   110.77185827874378 
  2020.0   110.8161267533729 
  2021.0   110.83609702487938 
  2022.0   110.88881091798002 
  2023.0   110.95435914336215 
  2024.0   111.0463964196441 
  2025.0   111.09310524732082 
  2026.0   111.16458795280728 
  2027.0   111.24495174414739 
  2028.0   111.3385628918381 
  2029.0   111.36105059313235 
  2030.0   111.32697687220886 
  2031.0   111.32738208337473 
  2032.0   111.40974025532515 
  2033.0   111.48203662650472 
  2034.0   111.46704634652387 
  2035.0   111.4445099331054 
  2036.0   111.48519267450877 
  2037.0   111.58367440639613 
  2038.0   111.64338739529596 
  2039.0   111.67182997809354 
  2040.0   111.66129228267454 
  2041.0   111.67848972698012 
  2042.0   111.72015410396095 
  2043.0   111.77137447503344 
  2044.0   111.78485036834957 
  2045.0   111.81580312137328 
  2046.0   111.8700296566024 
  2047.0   111.90815609200159 
  2048.0   111.94802063936663 
  2049.0   112.00977567655373 
  2050.0   112.05571363429158 
  2051.0   112.13095400062674 
  2052.0   112.21033589872121 
  2053.0   112.20271219771122 
  2054.0   112.20945662562937 
  2055.0   112.26424577730337 
  2056.0   112.32414991509074 
  2057.0   112.32803544193092 
  2058.0   112.36471747354938 
  2059.0   112.4041356961765 
  2060.0   112.44040226549988 
  2061.0   112.5198270259528 
  2062.0   112.56075422946718 
  2063.0   112.55846180901106 
  2064.0   112.53747759956887 
  2065.0   112.54555679987256 
  2066.0   112.60615041057488 
  2067.0   112.62918153621422 
  2068.0   112.66817971999214 
  2069.0   112.71783881331017 
  2070.0   112.75971565056875 
  2071.0   112.82319832693068 
  2072.0   112.86483721934374 
  2073.0   112.86295352993814 
  2074.0   112.80208682382066 
  2075.0   112.81826518787783 
  2076.0   112.87509312697398 
  2077.0   112.87384937155865 
  2078.0   112.90087523225021 
  2079.0   112.88273307312343 
  2080.0   112.88119247325929 
  2081.0   112.96113641621551 
  2082.0   112.99685474965737 
  2083.0   113.04091792360545 
  2084.0   113.08316684208499 
  2085.0   113.13828949037529 
  2086.0   113.18098224395341 
  2087.0   113.18202609569887 
  2088.0   113.14566737314158 
  2089.0   113.14260000830247 
  2090.0   113.17367231043339 
  2091.0   113.2318604086031 
  2092.0   113.24700588767845 
  2093.0   113.30346663094608 
  2094.0   113.33158521763147 
  2095.0   113.34456282577804 
  2096.0   113.35531197736681 
  2097.0   113.35654001755988 
  2098.0   113.41078827125104 
  2099.0   113.45471011185104 
  2100.0   113.49780819124477 
