  2015.0   6.225560476082372 
  2016.0   6.0540791514099 
  2017.0   6.044684449027136 
  2018.0   6.062027202082251 
  2019.0   6.00627285599559 
  2020.0   6.138237181077346 
  2021.0   6.268214075748501 
  2022.0   6.095225630523744 
  2023.0   5.916731996001474 
  2024.0   6.091143376389752 
  2025.0   6.1326959339485585 
  2026.0   6.327581314375697 
  2027.0   6.261051128410521 
  2028.0   6.27827431822075 
  2029.0   6.367263203339606 
  2030.0   6.353477068269644 
  2031.0   6.585936993284243 
  2032.0   6.4210075338220545 
  2033.0   6.6892178844452115 
  2034.0   6.456750021164481 
  2035.0   6.529872910011307 
  2036.0   6.752507528692865 
  2037.0   6.822750538711136 
  2038.0   6.727418494182602 
  2039.0   6.577732876542281 
  2040.0   6.829990100902425 
  2041.0   6.874176211397547 
  2042.0   6.8037836163960765 
  2043.0   6.955662442749665 
  2044.0   6.689707263225102 
  2045.0   6.591219104226017 
  2046.0   6.691457867799137 
  2047.0   6.7700795554192545 
  2048.0   6.85475640384846 
  2049.0   6.931895932927777 
  2050.0   7.03405832760018 
  2051.0   7.031946068556279 
  2052.0   6.947096388491872 
  2053.0   7.148911421795823 
  2054.0   6.949258358199217 
  2055.0   7.007669579200121 
  2056.0   7.102479456460209 
  2057.0   7.101370431323472 
  2058.0   6.80307276454779 
  2059.0   7.1141100644503785 
  2060.0   7.335558624272318 
  2061.0   7.333637430442107 
  2062.0   7.151675095113725 
  2063.0   6.906394821866967 
  2064.0   7.193914299774157 
  2065.0   7.064345963337287 
  2066.0   7.149596085714045 
  2067.0   7.088897731205064 
  2068.0   7.203426186105024 
  2069.0   7.376770876583482 
  2070.0   7.26577679193876 
  2071.0   7.399634408555638 
  2072.0   7.527205477838426 
  2073.0   7.4498589088107 
  2074.0   7.438320643899707 
  2075.0   7.527106437892077 
  2076.0   7.407804517898777 
  2077.0   7.360956640156961 
  2078.0   7.727593175747687 
  2079.0   7.409486460462331 
  2080.0   7.6724443304075445 
  2081.0   7.683907829569414 
  2082.0   7.536896590160622 
  2083.0   7.679208248580527 
  2084.0   7.626318575697334 
  2085.0   7.582867130124069 
  2086.0   7.580613964960844 
  2087.0   7.725585274956424 
  2088.0   7.815091540171453 
  2089.0   7.7806456976811225 
  2090.0   7.926573580347519 
  2091.0   7.756942608071632 
  2092.0   7.6684586498090495 
  2093.0   7.683334400660087 
  2094.0   7.935527233976914 
  2095.0   7.820990236820613 
  2096.0   7.848399139588714 
  2097.0   7.926771806817547 
  2098.0   8.177235670228727 
  2099.0   8.105397566869032 
  2100.0   8.046927234621338 
