  2015.0   5.20184663396371 
  2016.0   5.116552136772865 
  2017.0   5.0521470206266805 
  2018.0   5.134198290543296 
  2019.0   5.226309189820971 
  2020.0   5.185391210799531 
  2021.0   4.978632493404789 
  2022.0   5.389736529248545 
  2023.0   5.31709793517949 
  2024.0   5.450508142499685 
  2025.0   5.493148840889368 
  2026.0   5.2728571299266145 
  2027.0   5.245375713231444 
  2028.0   5.56870844923683 
  2029.0   5.552768028274366 
  2030.0   5.505103574016576 
  2031.0   5.148395689019358 
  2032.0   5.693174738601341 
  2033.0   5.552797421178843 
  2034.0   5.507469066254417 
  2035.0   5.800575876953704 
  2036.0   5.736740107834178 
  2037.0   5.486098339049825 
  2038.0   5.69517684567467 
  2039.0   5.673198698748407 
  2040.0   5.638357350374502 
  2041.0   5.178231379848278 
  2042.0   5.604571095172196 
  2043.0   5.85099502394592 
  2044.0   6.003637858776782 
  2045.0   5.46835954184381 
  2046.0   6.288158364460022 
  2047.0   5.802107642535836 
  2048.0   5.936345950636981 
  2049.0   5.718389456651767 
  2050.0   5.753502012952691 
  2051.0   5.784032139205053 
  2052.0   5.7908096690758635 
  2053.0   6.13871491958243 
  2054.0   6.11353418680972 
  2055.0   5.895386517248696 
  2056.0   5.876209740507569 
  2057.0   6.082151362891823 
  2058.0   6.014415717952098 
  2059.0   6.138776981755963 
  2060.0   5.863947526768396 
  2061.0   5.898765893242006 
  2062.0   6.300123003832726 
  2063.0   6.306679250369335 
  2064.0   6.295202406598245 
  2065.0   6.174704330481265 
  2066.0   6.349658780085892 
  2067.0   6.382476381659676 
  2068.0   6.255491194129456 
  2069.0   6.125829445161927 
  2070.0   6.344459257116456 
  2071.0   6.354180089500355 
  2072.0   6.541558659899889 
  2073.0   6.415051545891341 
  2074.0   6.803618436394192 
  2075.0   6.425539745576285 
  2076.0   6.603658318979291 
  2077.0   6.561771015647241 
  2078.0   6.308139917168149 
  2079.0   6.4266128923634245 
  2080.0   7.004046700435627 
  2081.0   6.651083701895345 
  2082.0   6.756218226932122 
  2083.0   6.706933422837617 
  2084.0   7.125721006172328 
  2085.0   7.135685576286 
  2086.0   7.063246893534949 
  2087.0   6.638876089261161 
  2088.0   6.723702645937601 
  2089.0   7.121313111202231 
  2090.0   7.091763041348194 
  2091.0   6.856162685592039 
  2092.0   7.011770595353435 
  2093.0   7.1676760137272275 
  2094.0   7.129394609229146 
  2095.0   7.201131176787873 
  2096.0   6.997405764267609 
  2097.0   7.030605017370519 
  2098.0   7.140766753126591 
  2099.0   7.468473547296312 
  2100.0   7.0969068258743935 
