  2015.0   2.0812529170005587 
  2016.0   2.0251745251957995 
  2017.0   2.0423611868054365 
  2018.0   2.1513635289477593 
  2019.0   2.289014222679994 
  2020.0   2.31434658813967 
  2021.0   2.0143747779772827 
  2022.0   1.9472077452203405 
  2023.0   2.073927785886322 
  2024.0   2.141646309607126 
  2025.0   2.3384172552070814 
  2026.0   2.0003002369326794 
  2027.0   2.057340030882516 
  2028.0   2.1003941176001635 
  2029.0   2.0824440585325004 
  2030.0   2.0484231746461523 
  2031.0   2.0551584141642674 
  2032.0   2.0734015727325974 
  2033.0   2.1387164476817917 
  2034.0   2.018636164759348 
  2035.0   2.179151649742459 
  2036.0   2.186403134791663 
  2037.0   2.359661784661669 
  2038.0   2.128849918893338 
  2039.0   2.105124065828433 
  2040.0   1.9957663266648924 
  2041.0   1.9775292591102227 
  2042.0   2.291426598804592 
  2043.0   2.1397809268638928 
  2044.0   2.1362780267710533 
  2045.0   2.149491140199941 
  2046.0   2.195543472142016 
  2047.0   2.5408721430012435 
  2048.0   2.295786758796327 
  2049.0   2.145709876203687 
  2050.0   2.0680949029200852 
  2051.0   2.1031210615994893 
  2052.0   2.051523204723468 
  2053.0   2.013807027073362 
  2054.0   1.9782811663171416 
  2055.0   2.236272736935487 
  2056.0   2.21233347137537 
  2057.0   2.40421268709114 
  2058.0   2.2349966030995265 
  2059.0   2.106611132793557 
  2060.0   2.30647472857601 
  2061.0   2.175145041955206 
  2062.0   2.113601113276924 
  2063.0   2.0899881738978903 
  2064.0   2.16828962913622 
  2065.0   2.356362204261051 
  2066.0   2.215509077683117 
  2067.0   2.201851195055386 
  2068.0   2.0918895912114923 
  2069.0   2.0409662934854054 
  2070.0   2.1240025779345872 
  2071.0   2.221515471631784 
  2072.0   2.2896549365830667 
  2073.0   2.232168339864334 
  2074.0   2.1121633512558122 
  2075.0   2.431604388420952 
  2076.0   2.340029750955985 
  2077.0   2.3825307336644386 
  2078.0   2.3945984840088377 
  2079.0   2.2430687192533965 
  2080.0   2.4514672526780097 
  2081.0   2.0203397145572026 
  2082.0   2.244171941489658 
  2083.0   2.1286910790077544 
  2084.0   2.1612307581277745 
  2085.0   2.269759960465671 
  2086.0   2.328246248462515 
  2087.0   2.2547665564934647 
  2088.0   2.313330120764822 
  2089.0   2.2424629528693534 
  2090.0   2.275551051572835 
  2091.0   2.5316287697473605 
  2092.0   2.259833388921337 
  2093.0   2.395743856448256 
  2094.0   2.4451347620592867 
  2095.0   2.434040880524006 
  2096.0   2.2712216529161147 
  2097.0   2.175008370232765 
  2098.0   2.386629745561595 
  2099.0   2.5843542378783435 
  2100.0   2.197668159601342 
