  2015.0   0.30188030898508544 
  2016.0   0.05216211286381278 
  2017.0   0.2614614116285592 
  2018.0   -0.07619711620613707 
  2019.0   0.035211206603728326 
  2020.0   0.1879106302587101 
  2021.0   0.49401448272320153 
  2022.0   0.23591663267388002 
  2023.0   0.20543446027309234 
  2024.0   0.3966987200744624 
  2025.0   0.20499765237270404 
  2026.0   0.3165365003931238 
  2027.0   0.1990384879126269 
  2028.0   0.1704030784063942 
  2029.0   0.012802992384429134 
  2030.0   0.4467564953450888 
  2031.0   0.21187879316449418 
  2032.0   0.43221830891861146 
  2033.0   0.45354454332252137 
  2034.0   0.18379060571482378 
  2035.0   0.13543664108664086 
  2036.0   0.5466074263912613 
  2037.0   0.4172216975896418 
  2038.0   0.45371240167856686 
  2039.0   0.5820042309305579 
  2040.0   0.3389698917367656 
  2041.0   0.3449968477540281 
  2042.0   0.35988845346074844 
  2043.0   0.31740452508843137 
  2044.0   0.26685982315681844 
  2045.0   0.30184352035054746 
  2046.0   0.07005971470858861 
  2047.0   0.5195980281021502 
  2048.0   0.526552672330972 
  2049.0   0.5476333026736317 
  2050.0   0.32636582755618565 
  2051.0   0.5598864438194813 
  2052.0   0.39393904076289366 
  2053.0   0.512506746519124 
  2054.0   0.29265821636906225 
  2055.0   0.5686003415135832 
  2056.0   0.4925500757228741 
  2057.0   0.529223311370192 
  2058.0   0.4557800496155882 
  2059.0   0.47289085146067894 
  2060.0   0.49169220707915956 
  2061.0   0.3818658268296044 
  2062.0   0.7018271887558696 
  2063.0   0.6150423268443719 
  2064.0   0.2598716356395484 
  2065.0   0.5253338799816359 
  2066.0   0.48322053245000046 
  2067.0   0.646576384852086 
  2068.0   0.6253890187156738 
  2069.0   0.35658560128228967 
  2070.0   0.5077667772991791 
  2071.0   0.6315282858003282 
  2072.0   0.36312966267665003 
  2073.0   0.2816026004583068 
  2074.0   0.613446652430157 
  2075.0   0.2615755579370835 
  2076.0   0.2646973014077744 
  2077.0   0.7612094011764383 
  2078.0   0.361724135916604 
  2079.0   0.5605510743530828 
  2080.0   0.5577317975319456 
  2081.0   0.4954847804638469 
  2082.0   0.43605589699231906 
  2083.0   0.7248897566926051 
  2084.0   0.3529825047278637 
  2085.0   0.6772631657119724 
  2086.0   -0.16084753579356983 
  2087.0   0.6119187290826857 
  2088.0   0.5743521459256253 
  2089.0   0.2751916958052553 
  2090.0   0.32110412893744034 
  2091.0   0.0629182098365107 
  2092.0   0.653298989109529 
  2093.0   0.3836670122131961 
  2094.0   0.15241286628693887 
  2095.0   0.24861604116730462 
  2096.0   0.6833493548896987 
  2097.0   0.3950852596419334 
  2098.0   0.6163839382466212 
  2099.0   0.3398539851607131 
  2100.0   0.46432390945140556 
