  2015.0   10.023681261308374 
  2016.0   9.963033543298021 
  2017.0   10.78206608006978 
  2018.0   10.694850440935808 
  2019.0   10.125615699011506 
  2020.0   9.680433436856973 
  2021.0   10.30391164736608 
  2022.0   10.64094547165739 
  2023.0   11.324078243772256 
  2024.0   10.663465649974562 
  2025.0   10.6071042490731 
  2026.0   10.595013560469285 
  2027.0   11.411527342923709 
  2028.0   11.448362261381519 
  2029.0   11.019096461549132 
  2030.0   11.308385005256449 
  2031.0   11.19704937488077 
  2032.0   11.04356808156491 
  2033.0   10.867837327361928 
  2034.0   11.470131130240553 
  2035.0   11.897240839967704 
  2036.0   11.167579140822818 
  2037.0   11.476280576014119 
  2038.0   11.4061435522845 
  2039.0   12.324241730843497 
  2040.0   11.646397346203422 
  2041.0   12.027696296172707 
  2042.0   11.989694870409842 
  2043.0   11.161123354492796 
  2044.0   12.391846394598403 
  2045.0   13.014948495891725 
  2046.0   12.10500539247135 
  2047.0   12.275694217064807 
  2048.0   12.179764887025973 
  2049.0   11.976976356988144 
  2050.0   12.973689693566396 
  2051.0   12.469904295431515 
  2052.0   12.483561514588366 
  2053.0   12.467560505954541 
  2054.0   13.116491297097022 
  2055.0   13.110245618922832 
  2056.0   12.770648413299712 
  2057.0   13.302363672315721 
  2058.0   12.933268000221359 
  2059.0   11.938495710520629 
  2060.0   12.24112695676495 
  2061.0   13.061314875616768 
  2062.0   13.485173266049166 
  2063.0   12.811862234345561 
  2064.0   12.797368662125935 
  2065.0   13.54981839800614 
  2066.0   13.181402484806766 
  2067.0   12.939098275671759 
  2068.0   12.11697438873497 
  2069.0   13.898983789516562 
  2070.0   14.13893743672185 
  2071.0   14.096377549873775 
  2072.0   13.213259570173825 
  2073.0   13.82705930359711 
  2074.0   13.124744924612035 
  2075.0   13.24901578046335 
  2076.0   13.997629857338152 
  2077.0   14.1835858411485 
  2078.0   13.486752698553836 
  2079.0   13.344895274428513 
  2080.0   13.046856662183744 
  2081.0   13.911289312505652 
  2082.0   14.614742329308239 
  2083.0   14.465401885645145 
  2084.0   13.589505128395208 
  2085.0   13.978424725839357 
  2086.0   14.409063261753237 
  2087.0   14.976705579871386 
  2088.0   14.75507245623883 
  2089.0   13.986012776469249 
  2090.0   14.628026694338423 
  2091.0   14.555010686169185 
  2092.0   14.505379520916657 
  2093.0   15.10773619232516 
  2094.0   15.121906491260342 
  2095.0   14.525693475952835 
  2096.0   14.260637426564998 
  2097.0   15.100976595244635 
  2098.0   14.345237490402903 
  2099.0   15.388717747411121 
  2100.0   15.455449576628157 
