  2015.0   32.81223354581022 
  2016.0   31.93151125349939 
  2017.0   32.78293012238254 
  2018.0   33.30150124077494 
  2019.0   32.994024929704146 
  2020.0   32.019979900215915 
  2021.0   32.23522829673859 
  2022.0   32.81816153429755 
  2023.0   34.03224111343429 
  2024.0   34.33980077042424 
  2025.0   33.51397957755943 
  2026.0   33.780628792281234 
  2027.0   34.38852229943275 
  2028.0   34.91254893984028 
  2029.0   34.81224035370907 
  2030.0   34.93198283177485 
  2031.0   35.361610049392226 
  2032.0   35.231905269865734 
  2033.0   35.160605196359576 
  2034.0   35.38407956854048 
  2035.0   36.593871115068396 
  2036.0   36.57896523375548 
  2037.0   36.295123097650254 
  2038.0   36.78231433653726 
  2039.0   37.45350908356707 
  2040.0   38.16081605183561 
  2041.0   37.99620133972802 
  2042.0   38.19230466745921 
  2043.0   37.49865907162316 
  2044.0   38.20522383746887 
  2045.0   40.018517991589555 
  2046.0   40.278938048030014 
  2047.0   39.792982946414355 
  2048.0   40.026363575577385 
  2049.0   40.21177867895561 
  2050.0   41.09238031911911 
  2051.0   41.48632988348589 
  2052.0   41.522480701258054 
  2053.0   41.69083902243127 
  2054.0   42.40948359820167 
  2055.0   43.26970201617277 
  2056.0   43.33108785358734 
  2057.0   43.53825688516422 
  2058.0   44.392339333780285 
  2059.0   43.807342645222576 
  2060.0   43.19223326317226 
  2061.0   44.07930075377702 
  2062.0   45.5922166724765 
  2063.0   45.897749940172496 
  2064.0   45.64784556428029 
  2065.0   46.14073127997137 
  2066.0   46.82977516896102 
  2067.0   46.77874727113748 
  2068.0   46.19324352519798 
  2069.0   46.82972269528233 
  2070.0   48.825875936338704 
  2071.0   49.596179314772705 
  2072.0   48.923010417552014 
  2073.0   49.18685210363799 
  2074.0   49.21064332858931 
  2075.0   48.87459361322195 
  2076.0   49.92653737445181 
  2077.0   51.12040673562273 
  2078.0   50.94615344640485 
  2079.0   50.55530421411586 
  2080.0   50.13908094339715 
  2081.0   50.63262261712294 
  2082.0   52.12915876146845 
  2083.0   52.57252775586152 
  2084.0   52.19221264141462 
  2085.0   52.08117091748576 
  2086.0   52.467472050821684 
  2087.0   53.985683466666295 
  2088.0   54.76085361124319 
  2089.0   53.965196363774275 
  2090.0   54.25056737930073 
  2091.0   54.971993969211866 
  2092.0   55.9331910102368 
  2093.0   56.18764492721055 
  2094.0   56.66016033595012 
  2095.0   56.634915362060056 
  2096.0   55.937573274826704 
  2097.0   56.778594260843114 
  2098.0   57.17013300513692 
  2099.0   58.061695428113666 
  2100.0   58.76769932995896 
