  2015.0   2.4167240764291735 
  2016.0   2.352990765751906 
  2017.0   2.525320237688656 
  2018.0   2.825488967828822 
  2019.0   2.86446862301444 
  2020.0   2.7412436211644113 
  2021.0   2.7658882473282964 
  2022.0   2.7184567619586795 
  2023.0   2.675044388896114 
  2024.0   2.785084615081109 
  2025.0   2.8816328739647545 
  2026.0   2.8074307747825276 
  2027.0   2.726102240839327 
  2028.0   2.631974640316531 
  2029.0   2.7588670723134685 
  2030.0   2.8688850360836518 
  2031.0   2.8921194292910646 
  2032.0   2.9311903682770333 
  2033.0   2.952623720490419 
  2034.0   2.879461694723965 
  2035.0   2.8622980919048477 
  2036.0   3.0837242336294963 
  2037.0   3.1724038220681963 
  2038.0   3.065500382853586 
  2039.0   2.8152666715427066 
  2040.0   2.889833499341921 
  2041.0   3.094081833091387 
  2042.0   3.0531124959915275 
  2043.0   2.9256141412008723 
  2044.0   2.9353625738035927 
  2045.0   3.0207245989964346 
  2046.0   3.2470830222461653 
  2047.0   3.202533830912765 
  2048.0   3.1606403164445473 
  2049.0   3.224366299400988 
  2050.0   3.2843516091547715 
  2051.0   3.130712473983008 
  2052.0   3.0187220902199035 
  2053.0   3.137553171603214 
  2054.0   3.1532083643463418 
  2055.0   2.992685110783422 
  2056.0   3.1832883497558364 
  2057.0   3.197739091240245 
  2058.0   3.1253422958875907 
  2059.0   3.354776415784486 
  2060.0   3.4709190886598833 
  2061.0   3.243461818662879 
  2062.0   3.196566218715955 
  2063.0   3.3917560296862574 
  2064.0   3.4164541789972596 
  2065.0   3.3715598061136762 
  2066.0   3.3673969786895754 
  2067.0   3.353026286703646 
  2068.0   3.336155722121333 
  2069.0   3.316806748758074 
  2070.0   3.2046896362921893 
  2071.0   3.2812200384651393 
  2072.0   3.2786107912602955 
  2073.0   3.2992260989740876 
  2074.0   3.434340669696962 
  2075.0   3.4022852657157325 
  2076.0   3.4055709491034154 
  2077.0   3.470763167177018 
  2078.0   3.2980485105347954 
  2079.0   3.386487161450346 
  2080.0   3.481899327580062 
  2081.0   3.5099523391305953 
  2082.0   3.5530468437028566 
  2083.0   3.589056684698223 
  2084.0   3.576298301992283 
  2085.0   3.5529268032667347 
  2086.0   3.3726811913408716 
  2087.0   3.105001589354668 
  2088.0   3.2645400787907 
  2089.0   3.6842178120568536 
  2090.0   3.5349518571495127 
  2091.0   3.4342036170612285 
  2092.0   3.430348801731444 
  2093.0   3.5587622834581993 
  2094.0   3.7601354166207814 
  2095.0   3.6418076702921054 
  2096.0   3.3369509307777485 
  2097.0   3.39055335976217 
  2098.0   3.6714075441302008 
  2099.0   3.84486070537491 
  2100.0   3.7998176059356896 
