  2015.0   4.874679275086106e-11 
  2016.0   4.5134140844026264e-11 
  2017.0   4.326221360720531e-11 
  2018.0   4.158604094800669e-11 
  2019.0   4.0604004849868715e-11 
  2020.0   4.1196750238784355e-11 
  2021.0   4.142175568943312e-11 
  2022.0   4.0830636561485064e-11 
  2023.0   4.0060104774329565e-11 
  2024.0   3.944411082496457e-11 
  2025.0   3.825249061180738e-11 
  2026.0   3.73553896212837e-11 
  2027.0   3.7185611981966955e-11 
  2028.0   3.692515586151888e-11 
  2029.0   3.6445586340183415e-11 
  2030.0   3.51157423796633e-11 
  2031.0   3.4327949847368606e-11 
  2032.0   3.401067074123858e-11 
  2033.0   3.361825843744472e-11 
  2034.0   3.3320285452160954e-11 
  2035.0   3.297862607092147e-11 
  2036.0   3.269465555566802e-11 
  2037.0   3.272311654568081e-11 
  2038.0   3.259316822046973e-11 
  2039.0   3.25994165081123e-11 
  2040.0   3.050831595410222e-11 
  2041.0   2.932962850249498e-11 
  2042.0   2.9030586916542444e-11 
  2043.0   2.862314390388245e-11 
  2044.0   2.8106962307536402e-11 
  2045.0   2.774852850643338e-11 
  2046.0   2.7575262550817656e-11 
  2047.0   2.745399308305399e-11 
  2048.0   2.716788902508358e-11 
  2049.0   2.710482007797515e-11 
  2050.0   2.6881735859127283e-11 
  2051.0   2.6194477026206172e-11 
  2052.0   2.604805505302692e-11 
  2053.0   2.5942993858002838e-11 
  2054.0   2.5719356651765592e-11 
  2055.0   2.4689477067619323e-11 
  2056.0   2.3743117382826102e-11 
  2057.0   2.3446330468541457e-11 
  2058.0   2.330666727948362e-11 
  2059.0   2.3342883147216543e-11 
  2060.0   2.2799608886498556e-11 
  2061.0   2.2304681793361492e-11 
  2062.0   2.197525451935529e-11 
  2063.0   2.172884680290236e-11 
  2064.0   2.15514820824048e-11 
  2065.0   2.173794743614134e-11 
  2066.0   2.1539242876013022e-11 
  2067.0   2.1115094605617864e-11 
  2068.0   2.085478677587255e-11 
  2069.0   2.0646678643566927e-11 
  2070.0   2.0333658169635926e-11 
  2071.0   1.9918514764147976e-11 
  2072.0   1.9633450531781264e-11 
  2073.0   1.947231178230023e-11 
  2074.0   1.9352503444127837e-11 
  2075.0   1.9380790069421898e-11 
  2076.0   1.940015514130044e-11 
  2077.0   1.9367191112036047e-11 
  2078.0   1.9632193253674787e-11 
  2079.0   1.9444033730600834e-11 
  2080.0   1.9172172699458155e-11 
  2081.0   1.9184230825270602e-11 
  2082.0   1.92725809059511e-11 
  2083.0   1.9161235892100035e-11 
  2084.0   1.924686277165821e-11 
  2085.0   1.91139735582269e-11 
  2086.0   1.9046424114993125e-11 
  2087.0   1.9229546974501665e-11 
  2088.0   1.9270671927756535e-11 
  2089.0   1.9286799220346907e-11 
  2090.0   2.0080795997457487e-11 
  2091.0   2.0385407724810412e-11 
  2092.0   2.0376209016727315e-11 
  2093.0   2.039397857558907e-11 
  2094.0   2.056168491890432e-11 
  2095.0   2.5326922349537483e-11 
  2096.0   2.8749600390036267e-11 
  2097.0   2.987746723710852e-11 
  2098.0   3.0499448428453355e-11 
  2099.0   3.067155902553813e-11 
  2100.0   1.7532579196498886e-11 
