  2015.0   6.239678145569943 
  2016.0   6.182930335889533 
  2017.0   5.953412343559686 
  2018.0   5.962121901364598 
  2019.0   6.0032345314868385 
  2020.0   6.283159707099982 
  2021.0   6.8375929150562165 
  2022.0   6.3695754974779675 
  2023.0   6.366666342487819 
  2024.0   6.490356541338713 
  2025.0   6.460462300499443 
  2026.0   6.590809797484715 
  2027.0   6.535548670657814 
  2028.0   6.55230882711866 
  2029.0   6.572210074573943 
  2030.0   6.604713230653019 
  2031.0   6.289059407088937 
  2032.0   6.627265476413768 
  2033.0   6.775329864019739 
  2034.0   6.865995096302302 
  2035.0   6.996231635304655 
  2036.0   7.000478534298849 
  2037.0   6.559501026052063 
  2038.0   6.732808761864064 
  2039.0   6.924030387179444 
  2040.0   6.810119229405362 
  2041.0   6.331994504489528 
  2042.0   6.748051964422906 
  2043.0   7.330718968457889 
  2044.0   6.914460097542928 
  2045.0   6.819387761538215 
  2046.0   6.661081350493143 
  2047.0   7.11274621447858 
  2048.0   7.250064711765755 
  2049.0   7.142001452906965 
  2050.0   7.449269134737495 
  2051.0   7.463621538469726 
  2052.0   7.079864683671033 
  2053.0   7.571967383567568 
  2054.0   7.433013202675867 
  2055.0   7.689221379750899 
  2056.0   7.456550561323785 
  2057.0   7.5192189724406555 
  2058.0   7.165393440721845 
  2059.0   7.34113024773239 
  2060.0   7.223575888162369 
  2061.0   7.547645949041404 
  2062.0   8.092725503274663 
  2063.0   7.644440697205462 
  2064.0   7.23994823968154 
  2065.0   7.8867001626125175 
  2066.0   7.628142708624121 
  2067.0   7.9150786434409754 
  2068.0   7.703178485859472 
  2069.0   7.772145755672132 
  2070.0   8.015510817367161 
  2071.0   7.910136324050779 
  2072.0   7.799376819927697 
  2073.0   8.32662686312334 
  2074.0   7.85531983325494 
  2075.0   8.105397268950494 
  2076.0   8.416069355552645 
  2077.0   7.872714820285872 
  2078.0   7.814639678255392 
  2079.0   8.395423360223596 
  2080.0   8.352909967379324 
  2081.0   8.579551976153393 
  2082.0   8.293208627209934 
  2083.0   8.239620717058724 
  2084.0   8.135446498366598 
  2085.0   8.766806278254704 
  2086.0   8.193637171082209 
  2087.0   8.327119656332577 
  2088.0   8.26584379244705 
  2089.0   8.403381925722817 
  2090.0   8.516962933875035 
  2091.0   8.338736482318145 
  2092.0   8.476750269703981 
  2093.0   8.051389751528108 
  2094.0   8.623178972057827 
  2095.0   8.913603899981531 
  2096.0   8.69440405788409 
  2097.0   8.583973479373979 
  2098.0   8.955246490246102 
  2099.0   9.065275292511652 
  2100.0   9.00392059515144 
