  2015.0   2.18084145672921 
  2016.0   2.1252756258442322 
  2017.0   2.205044296256276 
  2018.0   2.1288704777085887 
  2019.0   2.058290462004536 
  2020.0   2.0044262708808285 
  2021.0   2.2305973522215274 
  2022.0   2.1582227311798605 
  2023.0   2.285373656458883 
  2024.0   2.155401769757697 
  2025.0   2.0388524352883803 
  2026.0   2.0852134655079553 
  2027.0   2.1741447311697497 
  2028.0   2.1488755795397134 
  2029.0   2.100802992832333 
  2030.0   2.1860813395520085 
  2031.0   2.1591574596878984 
  2032.0   2.105273943003533 
  2033.0   2.2604502314949086 
  2034.0   2.0508260620400836 
  2035.0   2.01041545919312 
  2036.0   2.1478658468097835 
  2037.0   2.205149926041939 
  2038.0   2.1052432063359072 
  2039.0   2.210505707186722 
  2040.0   2.07280773478487 
  2041.0   2.211398746661013 
  2042.0   2.0931537273485468 
  2043.0   2.164077764893347 
  2044.0   2.063207541801198 
  2045.0   2.1302926856112925 
  2046.0   2.2501879729097887 
  2047.0   2.2561717765326215 
  2048.0   2.195627802664837 
  2049.0   2.0147890100049577 
  2050.0   2.0734939474634024 
  2051.0   2.026541212280182 
  2052.0   2.279662633698536 
  2053.0   2.2064963467754573 
  2054.0   2.137913758572611 
  2055.0   2.0928108010673925 
  2056.0   2.194857384047308 
  2057.0   2.316975092557467 
  2058.0   2.2026266770783023 
  2059.0   2.1029924895481362 
  2060.0   2.223513884508348 
  2061.0   2.183120385167509 
  2062.0   2.0959584311117334 
  2063.0   2.207817872069513 
  2064.0   2.1421158122427197 
  2065.0   2.0738075662035333 
  2066.0   2.2015795417733592 
  2067.0   2.1656514272650136 
  2068.0   2.2110571452214915 
  2069.0   2.2811298191658684 
  2070.0   2.2470079657881605 
  2071.0   2.090347176261582 
  2072.0   2.3326749654836982 
  2073.0   2.098167803672193 
  2074.0   2.1879602461245424 
  2075.0   2.15758841428708 
  2076.0   2.327867785576293 
  2077.0   2.519233469765306 
  2078.0   2.441531323647608 
  2079.0   2.380778781040934 
  2080.0   2.2616084539036123 
  2081.0   2.3026096452937383 
  2082.0   2.3956039000321154 
  2083.0   2.267257198909676 
  2084.0   2.3223324431336128 
  2085.0   2.226288314825474 
  2086.0   2.4499501547647484 
  2087.0   2.3923552240053825 
  2088.0   2.3858289319639505 
  2089.0   2.486512171365043 
  2090.0   2.3855255527111696 
  2091.0   2.5188584725093306 
  2092.0   2.282502192893602 
  2093.0   2.2652973283284936 
  2094.0   2.427374995180412 
  2095.0   2.5065497775843584 
  2096.0   2.2734974210729995 
  2097.0   2.333889805056447 
  2098.0   2.4596132739568355 
  2099.0   2.326878724346817 
  2100.0   2.4078319048273107 
