  2015.0   6.018359955999948 
  2016.0   6.27363826418545 
  2017.0   6.203061808647785 
  2018.0   5.920119266132446 
  2019.0   6.344086528429682 
  2020.0   6.100661703568549 
  2021.0   6.48944401900747 
  2022.0   6.503061246024379 
  2023.0   6.255377360603728 
  2024.0   6.203681018186979 
  2025.0   6.469142381709265 
  2026.0   6.514156374541734 
  2027.0   6.354190764995482 
  2028.0   6.195167306207409 
  2029.0   6.4618217717602695 
  2030.0   6.435914915158253 
  2031.0   6.516052325979109 
  2032.0   6.397578423289223 
  2033.0   6.6010953401872285 
  2034.0   6.659669193188939 
  2035.0   6.733479068332492 
  2036.0   6.757860985843352 
  2037.0   6.63844107282062 
  2038.0   6.71872366520587 
  2039.0   6.705769081497676 
  2040.0   6.625978163546046 
  2041.0   6.759023279709838 
  2042.0   6.711408849215605 
  2043.0   7.003147771424268 
  2044.0   6.602719348403201 
  2045.0   7.150514997851754 
  2046.0   6.948005262115591 
  2047.0   6.80465014654623 
  2048.0   7.1525798341497175 
  2049.0   7.071489390549934 
  2050.0   6.874181294000244 
  2051.0   6.888304392614239 
  2052.0   7.122245929067737 
  2053.0   7.1678387942746795 
  2054.0   7.111971550876443 
  2055.0   7.167805142375306 
  2056.0   7.19313918447592 
  2057.0   7.218152566286963 
  2058.0   7.426160337205866 
  2059.0   7.144130693679328 
  2060.0   7.329737118902269 
  2061.0   7.247030439428362 
  2062.0   7.222034418708792 
  2063.0   7.257176971355237 
  2064.0   7.45443004940181 
  2065.0   7.413912160920535 
  2066.0   7.376063954367426 
  2067.0   7.406045914288217 
  2068.0   7.381348072140682 
  2069.0   7.4163676818788495 
  2070.0   7.322106873294025 
  2071.0   7.587103592802249 
  2072.0   7.525469731258698 
  2073.0   7.655376643272216 
  2074.0   7.699044046688963 
  2075.0   7.540951897865895 
  2076.0   7.711766799463545 
  2077.0   7.830103736835457 
  2078.0   7.651446337029666 
  2079.0   7.533379928100744 
  2080.0   7.563683896754147 
  2081.0   7.785328006822814 
  2082.0   7.790800433850947 
  2083.0   7.735673888277174 
  2084.0   7.75747819383216 
  2085.0   7.8735088233533235 
  2086.0   7.872537380731091 
  2087.0   7.897104527325573 
  2088.0   7.925844866810658 
  2089.0   8.10720639067896 
  2090.0   7.656689171897032 
  2091.0   7.862362015876879 
  2092.0   8.068316052061657 
  2093.0   8.342427434017619 
  2094.0   8.088713258310468 
  2095.0   7.962957523160055 
  2096.0   8.020730739085755 
  2097.0   8.097879382190474 
  2098.0   8.023261313510755 
  2099.0   8.310451476888636 
  2100.0   8.140127519428619 
