  2015.0   4.0242667604980715 
  2016.0   3.950536637969794 
  2017.0   4.094821989216492 
  2018.0   4.124528694325934 
  2019.0   4.110761618901164 
  2020.0   4.1190984223713825 
  2021.0   4.185346356808972 
  2022.0   4.1010617966478256 
  2023.0   4.225078794706227 
  2024.0   4.289248029946772 
  2025.0   4.252569825856508 
  2026.0   4.191138511438077 
  2027.0   4.212614303452647 
  2028.0   4.518094079356441 
  2029.0   4.363197081951897 
  2030.0   4.277067104658352 
  2031.0   4.402264546303427 
  2032.0   4.465748758877063 
  2033.0   4.405592149281408 
  2034.0   4.4483988824497125 
  2035.0   4.560194487816322 
  2036.0   4.646457080521504 
  2037.0   4.669870190530493 
  2038.0   4.4896814311582744 
  2039.0   4.646650879019605 
  2040.0   4.795351909270436 
  2041.0   4.749256274850371 
  2042.0   4.796523506457173 
  2043.0   4.76540497437385 
  2044.0   4.748563894406848 
  2045.0   4.729876120078617 
  2046.0   4.9094018565429 
  2047.0   4.875582660289847 
  2048.0   4.810965091379914 
  2049.0   4.831723844327164 
  2050.0   5.134969100440128 
  2051.0   4.894713996799296 
  2052.0   4.877435546747315 
  2053.0   5.047630972621173 
  2054.0   4.955367522215671 
  2055.0   5.211552519689111 
  2056.0   5.027031553061912 
  2057.0   5.106654107522973 
  2058.0   5.200428189952042 
  2059.0   5.2801827189122665 
  2060.0   5.25377452749764 
  2061.0   5.22834375804336 
  2062.0   5.2522047597957355 
  2063.0   5.276634377456459 
  2064.0   5.27592816976931 
  2065.0   5.225135970376465 
  2066.0   5.401669517803129 
  2067.0   5.535808905527375 
  2068.0   5.379895337342307 
  2069.0   5.414104904865574 
  2070.0   5.4872965936964535 
  2071.0   5.674120169959321 
  2072.0   5.51499946121537 
  2073.0   5.518594013841785 
  2074.0   5.678747483760343 
  2075.0   5.699565503216489 
  2076.0   5.828860703001615 
  2077.0   5.588431710294523 
  2078.0   5.48635706157089 
  2079.0   5.6056645324333925 
  2080.0   5.7369606027391145 
  2081.0   5.966074172438389 
  2082.0   5.593910064523692 
  2083.0   5.819303544213778 
  2084.0   5.860220117604724 
  2085.0   5.987948448816976 
  2086.0   6.04901126352867 
  2087.0   5.847878066749181 
  2088.0   6.0061145545481915 
  2089.0   6.136977604299992 
  2090.0   6.044242141046702 
  2091.0   5.933260982735517 
  2092.0   5.942210418380961 
  2093.0   6.292629566758201 
  2094.0   6.081487482160177 
  2095.0   6.086897217286139 
  2096.0   6.234842449195594 
  2097.0   6.299358967450535 
  2098.0   6.12191586359478 
  2099.0   6.139965060397262 
  2100.0   6.2568022842382724 
