  2015.0   15.24992179018202 
  2016.0   15.35491780130696 
  2017.0   15.407960855762855 
  2018.0   15.474638990242482 
  2019.0   15.55630182980679 
  2020.0   15.586712520607778 
  2021.0   15.683586630698379 
  2022.0   15.823271332622758 
  2023.0   16.07382475975142 
  2024.0   16.227134678245434 
  2025.0   16.338086639276455 
  2026.0   16.442519359817375 
  2027.0   16.57048140818981 
  2028.0   16.700185353175478 
  2029.0   16.916088984854976 
  2030.0   16.981875282494414 
  2031.0   17.1312731086225 
  2032.0   17.320633822768343 
  2033.0   17.515117008546085 
  2034.0   17.677465220096288 
  2035.0   17.808684797700934 
  2036.0   17.97407049086516 
  2037.0   18.191953965317985 
  2038.0   18.38531223660428 
  2039.0   18.58454356170835 
  2040.0   18.773451754198817 
  2041.0   18.991883886249386 
  2042.0   19.194072996654004 
  2043.0   19.41035962636619 
  2044.0   19.57414946702857 
  2045.0   19.736355344926153 
  2046.0   19.931869468040805 
  2047.0   20.176468396377334 
  2048.0   20.40391523740218 
  2049.0   20.525967382351435 
  2050.0   20.775251065478066 
  2051.0   20.957890434866275 
  2052.0   21.182584632712096 
  2053.0   21.44254970424933 
  2054.0   21.695949133653116 
  2055.0   21.9199450660749 
  2056.0   22.14430040601346 
  2057.0   22.406941449276605 
  2058.0   22.665706855610097 
  2059.0   22.94989572059767 
  2060.0   23.1551750237768 
  2061.0   23.379129037139645 
  2062.0   23.625090650716704 
  2063.0   23.788953451824373 
  2064.0   24.022290050191167 
  2065.0   24.24966812980006 
  2066.0   24.559496171661916 
  2067.0   24.81374265876562 
  2068.0   24.996245918809045 
  2069.0   25.263212085362227 
  2070.0   25.557549622811415 
  2071.0   25.762087641226955 
  2072.0   26.02755018719899 
  2073.0   26.30510195582895 
  2074.0   26.484632788183237 
  2075.0   26.67877555492605 
  2076.0   26.937239307851783 
  2077.0   27.256610710949595 
  2078.0   27.579235760701142 
  2079.0   27.81398088108426 
  2080.0   28.152259208972378 
  2081.0   28.397818503924025 
  2082.0   28.625260788060487 
  2083.0   28.83582913101267 
  2084.0   29.061295901613597 
  2085.0   29.25954273932704 
  2086.0   29.53508696534602 
  2087.0   29.732540699284097 
  2088.0   30.07116662408683 
  2089.0   30.286192637878113 
  2090.0   30.55790805329137 
  2091.0   30.870018411939643 
  2092.0   31.113915601877565 
  2093.0   31.231434456370625 
  2094.0   31.528526630817453 
  2095.0   31.75634802356261 
  2096.0   32.02249368300002 
  2097.0   32.23632412525964 
  2098.0   32.444993553311136 
  2099.0   32.62556431553607 
  2100.0   32.783107759529045 
