  2015.0   1.4166934052268186e-12 
  2016.0   2.0315318494874564e-12 
  2017.0   2.3703083090320074e-12 
  2018.0   2.3341506784343264e-12 
  2019.0   2.2808329741994917e-12 
  2020.0   2.321550215556125e-12 
  2021.0   2.4729807291516234e-12 
  2022.0   2.566573127701317e-12 
  2023.0   2.4437873763544983e-12 
  2024.0   2.4150487087162743e-12 
  2025.0   2.321995848383143e-12 
  2026.0   2.4659422755256187e-12 
  2027.0   2.5234089602125684e-12 
  2028.0   2.4932768679871416e-12 
  2029.0   2.400318788893923e-12 
  2030.0   2.5796225605351146e-12 
  2031.0   2.6951398928899405e-12 
  2032.0   2.53246302310769e-12 
  2033.0   2.6630047588788644e-12 
  2034.0   2.7096030388594203e-12 
  2035.0   2.7395856418182055e-12 
  2036.0   2.989770806906402e-12 
  2037.0   2.970767377515904e-12 
  2038.0   2.8100953687617226e-12 
  2039.0   2.7858748633787345e-12 
  2040.0   2.79316521686227e-12 
  2041.0   2.3800435920177326e-12 
  2042.0   2.3330022515294424e-12 
  2043.0   2.5473068565156255e-12 
  2044.0   2.6911886367401797e-12 
  2045.0   2.581621789340439e-12 
  2046.0   2.4806622753404387e-12 
  2047.0   2.5118388525445983e-12 
  2048.0   2.538274568571435e-12 
  2049.0   2.5340464987437167e-12 
  2050.0   2.44596127157571e-12 
  2051.0   2.243741576866297e-12 
  2052.0   1.9653114367387267e-12 
  2053.0   1.726226190101516e-12 
  2054.0   1.7600545993497128e-12 
  2055.0   1.8255583285267015e-12 
  2056.0   1.7054285440868783e-12 
  2057.0   1.6832497357582355e-12 
  2058.0   1.5776219299367775e-12 
  2059.0   1.448972965079772e-12 
  2060.0   1.3598108550298996e-12 
  2061.0   1.2727007490933655e-12 
  2062.0   1.3097760559657345e-12 
  2063.0   1.3884938329855136e-12 
  2064.0   1.2378042040782519e-12 
  2065.0   1.220595346706998e-12 
  2066.0   1.310240392971259e-12 
  2067.0   1.3789449705692545e-12 
  2068.0   1.4223905642312586e-12 
  2069.0   1.3797398482290189e-12 
  2070.0   1.4198644246128333e-12 
  2071.0   1.4169186068146941e-12 
  2072.0   1.3716124657799537e-12 
  2073.0   1.3806252043812374e-12 
  2074.0   1.4392057449366557e-12 
  2075.0   1.4538145700471842e-12 
  2076.0   1.380006754329025e-12 
  2077.0   1.3513569341114896e-12 
  2078.0   1.203266979429245e-12 
  2079.0   1.2301500221359432e-12 
  2080.0   1.297345666188706e-12 
  2081.0   1.1057419605050841e-12 
  2082.0   9.802507292576945e-13 
  2083.0   9.51664251557731e-13 
  2084.0   8.806305040416131e-13 
  2085.0   9.283584184456456e-13 
  2086.0   8.910083664495109e-13 
  2087.0   9.045514032663332e-13 
  2088.0   8.705722302334695e-13 
  2089.0   8.630718339946412e-13 
  2090.0   9.147817561888644e-13 
  2091.0   1.0187871194055224e-12 
  2092.0   1.0077606695318863e-12 
  2093.0   9.338723030416068e-13 
  2094.0   9.137198684518105e-13 
  2095.0   9.8077873684943e-13 
  2096.0   1.206425340682307e-12 
  2097.0   1.2852998308695063e-12 
  2098.0   1.300292309531108e-12 
  2099.0   1.3120470330480208e-12 
  2100.0   1.265437284443417e-12 
