  2015.0   1.6840442320086273 
  2016.0   1.5568097908015492 
  2017.0   1.6301199521721834 
  2018.0   1.7162355485702636 
  2019.0   1.6867908826044697 
  2020.0   1.638774665839941 
  2021.0   1.6638993900877037 
  2022.0   1.656864102872518 
  2023.0   1.7253087241919018 
  2024.0   1.6493635816143903 
  2025.0   1.7226810577171296 
  2026.0   1.719109750380309 
  2027.0   1.756286490391054 
  2028.0   1.6848063603403107 
  2029.0   1.7986556876552349 
  2030.0   1.7100537283556068 
  2031.0   1.7391696837879582 
  2032.0   1.8057352428003894 
  2033.0   1.790735230046361 
  2034.0   1.763656259756202 
  2035.0   1.6947744360359536 
  2036.0   1.7709751332826618 
  2037.0   1.7660336802063317 
  2038.0   1.76034009491282 
  2039.0   1.7653246692960842 
  2040.0   1.78541482399088 
  2041.0   1.7962849524621955 
  2042.0   1.8786009296003408 
  2043.0   1.8192944006460412 
  2044.0   1.8866310138560065 
  2045.0   1.8915411201255083 
  2046.0   1.8951936825643643 
  2047.0   1.8628564546876436 
  2048.0   1.8627074728931379 
  2049.0   1.9087607185051914 
  2050.0   1.9098778276022303 
  2051.0   2.006273757462331 
  2052.0   1.9735297735085031 
  2053.0   1.9041552794804655 
  2054.0   2.040501262507347 
  2055.0   2.0319249615781474 
  2056.0   2.017875772419701 
  2057.0   2.057194111482777 
  2058.0   2.071273788566602 
  2059.0   1.949193869029054 
  2060.0   2.094740743079409 
  2061.0   2.1353518515586756 
  2062.0   2.010461869737779 
  2063.0   2.19140001746464 
  2064.0   2.046049764702076 
  2065.0   2.0695305319497175 
  2066.0   2.121441236983624 
  2067.0   2.100358256372741 
  2068.0   2.103912906591245 
  2069.0   2.1981041249304045 
  2070.0   2.076089482742985 
  2071.0   2.1258384229049585 
  2072.0   2.1722421421700617 
  2073.0   2.1942960025491933 
  2074.0   2.1774969848745966 
  2075.0   2.29418551667654 
  2076.0   2.3069153913157585 
  2077.0   2.30875991200118 
  2078.0   2.2848344020038454 
  2079.0   2.335504680907666 
  2080.0   2.3148903931668405 
  2081.0   2.2833187727223976 
  2082.0   2.2700759193676636 
  2083.0   2.3387542808769233 
  2084.0   2.2911517853173615 
  2085.0   2.357979818715595 
  2086.0   2.2905777403083696 
  2087.0   2.4102062020670654 
  2088.0   2.3587691194583265 
  2089.0   2.3646172330622215 
  2090.0   2.3862909744347296 
  2091.0   2.358884120164768 
  2092.0   2.4221840617640367 
  2093.0   2.3468536287611492 
  2094.0   2.3654710743756078 
  2095.0   2.4011293396227034 
  2096.0   2.389801852845614 
  2097.0   2.4160391972906026 
  2098.0   2.3909083431817324 
  2099.0   2.421496000131848 
  2100.0   2.363755530429751 
