  2015.0   33.11179670865904 
  2016.0   33.151234821421525 
  2017.0   33.16421138580076 
  2018.0   33.19530211803082 
  2019.0   33.39590143915383 
  2020.0   33.63359886792357 
  2021.0   33.61475302308882 
  2022.0   33.780838420930145 
  2023.0   34.118046722829384 
  2024.0   34.36816210235673 
  2025.0   34.760630172913444 
  2026.0   34.8970245953526 
  2027.0   34.875640384854684 
  2028.0   35.15045263650616 
  2029.0   35.4942388455526 
  2030.0   35.81328062605202 
  2031.0   35.71967891372304 
  2032.0   35.78809737535023 
  2033.0   36.30171950210034 
  2034.0   36.632711922903475 
  2035.0   36.88616017701577 
  2036.0   37.324503850933915 
  2037.0   37.58296945058412 
  2038.0   37.73287745420514 
  2039.0   38.077813439151896 
  2040.0   38.26959193762275 
  2041.0   38.27457544226788 
  2042.0   38.41511530069855 
  2043.0   38.953300827627416 
  2044.0   39.5595426558365 
  2045.0   39.815831026627116 
  2046.0   40.12183294939005 
  2047.0   40.56970475354735 
  2048.0   40.72075268810853 
  2049.0   40.82496555167116 
  2050.0   40.8985828805371 
  2051.0   41.17179762215217 
  2052.0   41.45426873827328 
  2053.0   42.00797707035982 
  2054.0   42.499070954329035 
  2055.0   42.79531276194368 
  2056.0   43.004394339528325 
  2057.0   43.434652979019795 
  2058.0   43.898269637923846 
  2059.0   44.21211864827243 
  2060.0   44.370127753815886 
  2061.0   44.46454561690194 
  2062.0   44.814029494350734 
  2063.0   45.48664280673588 
  2064.0   45.9648820790919 
  2065.0   46.26957595272345 
  2066.0   46.735508919659914 
  2067.0   47.11923029337527 
  2068.0   47.320387147643864 
  2069.0   47.53732237617776 
  2070.0   47.728453885074174 
  2071.0   48.24119390088206 
  2072.0   48.85497973481987 
  2073.0   49.29435541730203 
  2074.0   49.819334778965576 
  2075.0   50.28938428789813 
  2076.0   50.47379726577113 
  2077.0   50.785411090195986 
  2078.0   50.91299927068781 
  2079.0   50.95134480682867 
  2080.0   51.73291755782222 
  2081.0   52.3221857149011 
  2082.0   52.647375989905775 
  2083.0   52.856713276604516 
  2084.0   53.4852037873913 
  2085.0   54.11323841301076 
  2086.0   54.622163918049225 
  2087.0   54.73880669112556 
  2088.0   54.79554652722156 
  2089.0   55.21383053638905 
  2090.0   55.758894050839324 
  2091.0   56.07098708997136 
  2092.0   56.3701180566698 
  2093.0   56.8079416145266 
  2094.0   57.318583100508675 
  2095.0   57.643490666068615 
  2096.0   57.77222272760119 
  2097.0   57.995028134805374 
  2098.0   58.31999288054143 
  2099.0   59.00900286455012 
  2100.0   59.273282584936126 
