  2015.0   278.1268569670668 
  2016.0   277.9164595220456 
  2017.0   278.2997925362822 
  2018.0   277.06790000110095 
  2019.0   277.2046221455404 
  2020.0   277.73474234241064 
  2021.0   277.46054477013024 
  2022.0   277.5148021514778 
  2023.0   278.0220486069594 
  2024.0   278.1864220909621 
  2025.0   278.1464635267059 
  2026.0   277.8729108589995 
  2027.0   278.7130430134788 
  2028.0   277.75045036844153 
  2029.0   278.6387008220972 
  2030.0   278.344563910731 
  2031.0   278.289204450498 
  2032.0   278.61980233915654 
  2033.0   278.050531987201 
  2034.0   278.6674137840049 
  2035.0   278.3241026334702 
  2036.0   277.8824009469099 
  2037.0   278.315414832424 
  2038.0   278.02929652194035 
  2039.0   278.93815867532595 
  2040.0   278.39257436464965 
  2041.0   278.73447628995433 
  2042.0   278.369222795629 
  2043.0   278.9850577631675 
  2044.0   279.40554319893846 
  2045.0   279.52263277221033 
  2046.0   278.8586848147782 
  2047.0   279.61629641968705 
  2048.0   278.9655494508289 
  2049.0   279.75703171041704 
  2050.0   279.0767536879469 
  2051.0   278.5755547512479 
  2052.0   279.15523302951414 
  2053.0   279.1656723225269 
  2054.0   279.2745862875133 
  2055.0   279.47805234484395 
  2056.0   278.8833082580043 
  2057.0   279.32700881352804 
  2058.0   279.4636574359611 
  2059.0   279.3811671302843 
  2060.0   279.2112544291878 
  2061.0   280.5165313240702 
  2062.0   279.9327050083763 
  2063.0   279.018735715276 
  2064.0   280.129104891164 
  2065.0   279.27986606181537 
  2066.0   280.01195133162355 
  2067.0   280.84110868893373 
  2068.0   280.00543260851373 
  2069.0   280.38084280234455 
  2070.0   279.58475411970124 
  2071.0   279.8457449412001 
  2072.0   280.45323777270823 
  2073.0   280.61088080604077 
  2074.0   280.5198044315915 
  2075.0   280.78129201965805 
  2076.0   281.3903153370554 
  2077.0   280.3173957142732 
  2078.0   280.78870152704616 
  2079.0   280.3053187197439 
  2080.0   281.4596007129749 
  2081.0   281.41238867005455 
  2082.0   281.14004961531253 
  2083.0   281.4502465718687 
  2084.0   281.5293572419446 
  2085.0   281.16950020954687 
  2086.0   281.65653881543926 
  2087.0   281.951015931568 
  2088.0   282.11778495190276 
  2089.0   282.24169462842855 
  2090.0   282.5241515712351 
  2091.0   281.0703196563641 
  2092.0   281.2919308800561 
  2093.0   281.6865137676043 
  2094.0   281.6950767488183 
  2095.0   281.5259626587647 
  2096.0   282.03721857942014 
  2097.0   282.9061208280962 
  2098.0   282.7488215945243 
  2099.0   282.74556237153837 
  2100.0   283.12183718775555 
