  2015.0   2.1098127612346008e-10 
  2016.0   1.3615122424915184e-10 
  2017.0   6.83228944681872e-11 
  2018.0   1.1767970099450197e-10 
  2019.0   1.1662276287857444e-10 
  2020.0   1.1417244403861315e-10 
  2021.0   7.718537267345316e-11 
  2022.0   1.410995555043047e-10 
  2023.0   1.555879254028029e-10 
  2024.0   1.7635768783278964e-10 
  2025.0   1.683728987627642e-10 
  2026.0   1.8449523207886528e-10 
  2027.0   1.680519532040732e-10 
  2028.0   2.2440145010393743e-10 
  2029.0   1.5142426327592958e-10 
  2030.0   1.9432926386232117e-10 
  2031.0   9.825472946413924e-11 
  2032.0   1.1436827245731699e-10 
  2033.0   1.4163997400320513e-10 
  2034.0   1.4636941949892737e-10 
  2035.0   1.1461874640458554e-10 
  2036.0   1.5163231221426768e-10 
  2037.0   1.1621894247869142e-10 
  2038.0   2.0485622851157703e-10 
  2039.0   1.4995438939499803e-10 
  2040.0   1.1578084377817685e-10 
  2041.0   1.3446323180209975e-10 
  2042.0   1.5004476134917238e-10 
  2043.0   1.3178479706559794e-10 
  2044.0   2.1225449727757738e-10 
  2045.0   1.197468389397436e-10 
  2046.0   1.4851963381453892e-10 
  2047.0   1.5252641796444292e-10 
  2048.0   1.3106272630094505e-10 
  2049.0   7.631363549716055e-11 
  2050.0   1.9017590068392084e-10 
  2051.0   1.7526166573970915e-10 
  2052.0   1.6484432285704173e-10 
  2053.0   1.5394421496907104e-10 
  2054.0   2.8567451435861517e-10 
  2055.0   1.1291989528251792e-10 
  2056.0   1.9090083189216933e-10 
  2057.0   1.4383705710395356e-10 
  2058.0   1.4369485163346715e-10 
  2059.0   1.1072440173701115e-10 
  2060.0   1.9990869290764198e-10 
  2061.0   1.7808238668098506e-10 
  2062.0   1.1650667994471638e-10 
  2063.0   1.5583131669275374e-10 
  2064.0   1.8712984615914573e-10 
  2065.0   1.5165478755338343e-10 
  2066.0   1.6941343773081353e-10 
  2067.0   2.1853187696698728e-10 
  2068.0   1.4604433418615387e-10 
  2069.0   2.5926764932549056e-10 
  2070.0   1.5432637979376025e-10 
  2071.0   1.7264987741455947e-10 
  2072.0   2.3172443642669968e-10 
  2073.0   1.4210785969746742e-10 
  2074.0   1.683891726679791e-10 
  2075.0   1.7371468985457955e-10 
  2076.0   1.8513677872908558e-10 
  2077.0   2.4062792673867283e-10 
  2078.0   1.8454487748574577e-10 
  2079.0   2.142541058613645e-10 
  2080.0   1.9505609222963422e-10 
  2081.0   1.7732333635809473e-10 
  2082.0   2.1627367509598645e-10 
  2083.0   2.0613035957334382e-10 
  2084.0   9.829444541838486e-11 
  2085.0   2.4190037179065924e-10 
  2086.0   4.08893389008481e-10 
  2087.0   2.0679721706558525e-10 
  2088.0   2.154076040295528e-10 
  2089.0   2.2420394601949528e-10 
  2090.0   2.5771806556286785e-10 
  2091.0   3.0143759202045876e-10 
  2092.0   1.9425135411390248e-10 
  2093.0   1.7881771541324903e-10 
  2094.0   2.496842897715992e-10 
  2095.0   3.4435124818257417e-10 
  2096.0   2.7993162554199204e-10 
  2097.0   2.765828970005154e-10 
  2098.0   1.741540826677363e-10 
  2099.0   1.7096487724933978e-10 
  2100.0   3.0483928555430063e-10 
