  2015.0   30.44815250620147 
  2016.0   30.48934749387188 
  2017.0   30.577875637179027 
  2018.0   30.815883916884165 
  2019.0   30.979349297925637 
  2020.0   31.27373639095022 
  2021.0   31.615000999847172 
  2022.0   31.64941068923454 
  2023.0   31.736302339217247 
  2024.0   31.744664255359115 
  2025.0   32.00287269065793 
  2026.0   32.176712304561434 
  2027.0   32.27170518593656 
  2028.0   32.22705621417953 
  2029.0   32.42754439367476 
  2030.0   32.93392679091568 
  2031.0   33.104336874802385 
  2032.0   32.96558670013915 
  2033.0   33.209345603708094 
  2034.0   33.79495619475869 
  2035.0   34.25312788243498 
  2036.0   34.46724447483202 
  2037.0   34.49113327786759 
  2038.0   34.76343547617812 
  2039.0   35.08509909731507 
  2040.0   35.621718288138254 
  2041.0   36.005213632312 
  2042.0   36.14711441154858 
  2043.0   36.37740536072717 
  2044.0   36.90970016919541 
  2045.0   37.25789365115606 
  2046.0   37.49291986277573 
  2047.0   37.83658284414866 
  2048.0   38.34040019631808 
  2049.0   38.68571702441227 
  2050.0   39.03767136151948 
  2051.0   39.24887714587272 
  2052.0   39.42846902644677 
  2053.0   40.04487816526261 
  2054.0   40.46121996458926 
  2055.0   40.69776683067452 
  2056.0   40.85238704035295 
  2057.0   41.33413891452071 
  2058.0   41.61695772564592 
  2059.0   42.07378813768832 
  2060.0   42.363017800303744 
  2061.0   42.55572744220198 
  2062.0   42.96459622323118 
  2063.0   43.404129572998265 
  2064.0   43.83783548673811 
  2065.0   44.142213955298715 
  2066.0   44.40698486825898 
  2067.0   44.82159319255333 
  2068.0   45.222452599332 
  2069.0   45.65999540917406 
  2070.0   46.023768240694686 
  2071.0   46.05634403393708 
  2072.0   46.063085462213216 
  2073.0   46.46674507671246 
  2074.0   47.1595827540141 
  2075.0   47.286375484477546 
  2076.0   47.471074976910174 
  2077.0   47.85600966296662 
  2078.0   48.15568496288467 
  2079.0   48.547920223507134 
  2080.0   48.65841788189188 
  2081.0   48.6929597279109 
  2082.0   48.99136863295563 
  2083.0   49.16417134330814 
  2084.0   49.32024057987664 
  2085.0   49.375569385845154 
  2086.0   49.41442199983427 
  2087.0   49.685259323876345 
  2088.0   50.07931919653989 
  2089.0   50.40478204517868 
  2090.0   50.69302125554796 
  2091.0   50.949681886362676 
  2092.0   51.26932760694414 
  2093.0   51.42341976972397 
  2094.0   51.660856214778356 
  2095.0   52.144071908860994 
  2096.0   52.66190758888355 
  2097.0   53.05953411165794 
  2098.0   53.156576151663515 
  2099.0   53.45197226390024 
  2100.0   53.74687418742501 
