  2015.0   0.45451729661395157 
  2016.0   0.3872074449270339 
  2017.0   0.5466297351477022 
  2018.0   0.6708101127928665 
  2019.0   0.5167190943575246 
  2020.0   0.6201478775181825 
  2021.0   0.5241537720422919 
  2022.0   0.6369537919378098 
  2023.0   0.6560602646493643 
  2024.0   0.6601435523510464 
  2025.0   0.6071018022074623 
  2026.0   0.740386343595282 
  2027.0   0.6975353735078315 
  2028.0   0.6002443607964342 
  2029.0   0.4272068418840224 
  2030.0   0.8028478613439762 
  2031.0   0.6417497953051402 
  2032.0   0.4781213247894825 
  2033.0   0.34114884900899495 
  2034.0   0.8268873999454998 
  2035.0   0.6771601554768399 
  2036.0   0.7472050606874766 
  2037.0   0.7552819368309228 
  2038.0   0.8390258220775414 
  2039.0   0.7508449547820469 
  2040.0   0.6226371847411247 
  2041.0   0.6163931262889554 
  2042.0   0.4650562181112276 
  2043.0   0.49165356856867015 
  2044.0   0.7392796045824568 
  2045.0   0.7608934352533836 
  2046.0   0.6312408923418741 
  2047.0   0.7664201374844928 
  2048.0   0.7356461659756282 
  2049.0   0.32755411436261894 
  2050.0   0.6346646394605537 
  2051.0   0.573662588691006 
  2052.0   0.5986648795345058 
  2053.0   0.8294111132996559 
  2054.0   0.6098192683566006 
  2055.0   0.7151355397433479 
  2056.0   0.6429156131698456 
  2057.0   0.7481260693544216 
  2058.0   0.5886572045418647 
  2059.0   0.23449666591418367 
  2060.0   0.5391986284180377 
  2061.0   0.5658038668198931 
  2062.0   0.5302868947423598 
  2063.0   0.41463348192502686 
  2064.0   0.5322047520010548 
  2065.0   0.5154929421116231 
  2066.0   0.5633217992659242 
  2067.0   0.49691303897484945 
  2068.0   0.3005257635154385 
  2069.0   0.49058148723558354 
  2070.0   0.663940587987483 
  2071.0   0.4753186913847243 
  2072.0   0.2954251703452988 
  2073.0   0.660250639703687 
  2074.0   0.754119957760287 
  2075.0   0.3607093520686854 
  2076.0   0.3127760971576662 
  2077.0   0.29217693651515214 
  2078.0   0.5324163699973975 
  2079.0   0.4896388896487572 
  2080.0   0.46387373502321966 
  2081.0   0.46486372751819405 
  2082.0   0.5188232180329184 
  2083.0   0.74426889972987 
  2084.0   0.5993197784673965 
  2085.0   0.048128448244485325 
  2086.0   0.6447466498340034 
  2087.0   0.30489464082538836 
  2088.0   0.4876563794011293 
  2089.0   0.358752373817409 
  2090.0   0.2854303562094164 
  2091.0   0.699645100238826 
  2092.0   0.3344573758520416 
  2093.0   0.12208381699410209 
  2094.0   0.794676604165653 
  2095.0   0.6259894270058887 
  2096.0   0.5724331391837721 
  2097.0   -0.1772546788450412 
  2098.0   0.48273871033923477 
  2099.0   0.4090501660627846 
  2100.0   0.19466003985158312 
