  2015.0   2.3544609540630668 
  2016.0   2.533666199881357 
  2017.0   2.5553982585324615 
  2018.0   2.6214751346679184 
  2019.0   2.5574207434061647 
  2020.0   2.435321800832135 
  2021.0   2.2875713403036704 
  2022.0   2.5769050992986786 
  2023.0   2.8368026499145795 
  2024.0   2.4771810944854873 
  2025.0   2.347651332748817 
  2026.0   2.4893935519013786 
  2027.0   2.7911534375043727 
  2028.0   2.746387206595214 
  2029.0   2.7700340047317655 
  2030.0   2.5124405580544855 
  2031.0   2.619898287120763 
  2032.0   2.4555949395275474 
  2033.0   2.491832377990902 
  2034.0   2.746067890834949 
  2035.0   2.6427690597594173 
  2036.0   2.634904794161902 
  2037.0   2.5599560600816713 
  2038.0   2.5240828229966867 
  2039.0   2.812049596849934 
  2040.0   2.7143449103897286 
  2041.0   2.6632092405659504 
  2042.0   2.5684513775577655 
  2043.0   2.442439955122541 
  2044.0   2.7810536300435422 
  2045.0   2.7912417031647867 
  2046.0   2.872682701560037 
  2047.0   2.697525284280355 
  2048.0   2.4306348991313174 
  2049.0   2.798660684808935 
  2050.0   2.646634469867988 
  2051.0   2.6274850308973265 
  2052.0   2.6020979478802393 
  2053.0   2.4938735956762224 
  2054.0   2.885223861227234 
  2055.0   2.8154483674184503 
  2056.0   2.717250808284554 
  2057.0   2.6946535979955333 
  2058.0   2.7253024037627664 
  2059.0   2.5017556850271694 
  2060.0   2.550184868882535 
  2061.0   2.7263208275695483 
  2062.0   2.652002414420106 
  2063.0   2.811780073366834 
  2064.0   2.789429001242371 
  2065.0   2.8561344773115827 
  2066.0   2.682894355832382 
  2067.0   2.6311141944973575 
  2068.0   2.4540418025867687 
  2069.0   3.0723540728399787 
  2070.0   3.1125725456640345 
  2071.0   2.9878300458276414 
  2072.0   2.8708904821744166 
  2073.0   2.7664833056441522 
  2074.0   2.625176721436146 
  2075.0   2.695057538215762 
  2076.0   3.03764626621996 
  2077.0   2.8051099726781965 
  2078.0   2.827626682137364 
  2079.0   2.643572271007968 
  2080.0   2.3876347682342525 
  2081.0   2.834362887774368 
  2082.0   2.9921227188630546 
  2083.0   2.841660417903821 
  2084.0   2.5920154931256887 
  2085.0   2.642054287497584 
  2086.0   3.0520171695451683 
  2087.0   2.958578914332021 
  2088.0   3.057399150286884 
  2089.0   2.877406413837348 
  2090.0   2.746848527946304 
  2091.0   2.8750370894818684 
  2092.0   3.017669930740113 
  2093.0   3.217956567823744 
  2094.0   2.8258919551199275 
  2095.0   2.8588001793733735 
  2096.0   2.8047454245983716 
  2097.0   2.8528945761559203 
  2098.0   2.9397667885809695 
  2099.0   2.995408696244601 
  2100.0   2.9431354739342073 
