  2015.0   2.4306199459212047e-09 
  2016.0   3.0359972945509082e-09 
  2017.0   2.6043252890734967e-09 
  2018.0   2.8593811435452177e-09 
  2019.0   3.1984207370263765e-09 
  2020.0   2.8116216611636775e-09 
  2021.0   3.0924953972543642e-09 
  2022.0   2.6766361236478178e-09 
  2023.0   3.2431855157530014e-09 
  2024.0   3.273089285432488e-09 
  2025.0   2.7600656696941875e-09 
  2026.0   3.1955626791490586e-09 
  2027.0   3.602601820411544e-09 
  2028.0   3.021829505814396e-09 
  2029.0   3.845748762727254e-09 
  2030.0   3.537971158150615e-09 
  2031.0   3.2772002945264726e-09 
  2032.0   3.795441526109592e-09 
  2033.0   3.766915564162436e-09 
  2034.0   3.980202730475681e-09 
  2035.0   3.4971487356264565e-09 
  2036.0   3.3931094287938547e-09 
  2037.0   3.812496357425137e-09 
  2038.0   4.236369373949182e-09 
  2039.0   4.0254986606258875e-09 
  2040.0   3.2741409397763027e-09 
  2041.0   4.644664050140122e-09 
  2042.0   4.346003901428995e-09 
  2043.0   3.551953400817986e-09 
  2044.0   4.0936045074199604e-09 
  2045.0   4.375893865006176e-09 
  2046.0   4.175110896083226e-09 
  2047.0   4.091455388249262e-09 
  2048.0   4.334418764958511e-09 
  2049.0   4.310373078367933e-09 
  2050.0   3.5415462325574017e-09 
  2051.0   5.083809644512515e-09 
  2052.0   4.812660590052218e-09 
  2053.0   4.6355024238941976e-09 
  2054.0   4.602477784582564e-09 
  2055.0   4.8819135489790664e-09 
  2056.0   5.419460117821546e-09 
  2057.0   4.35307393685012e-09 
  2058.0   4.994271277441141e-09 
  2059.0   4.771167739175007e-09 
  2060.0   5.20245294156797e-09 
  2061.0   4.5179272070301115e-09 
  2062.0   5.755619014786843e-09 
  2063.0   4.888298912174582e-09 
  2064.0   4.903092696789641e-09 
  2065.0   5.263082267482549e-09 
  2066.0   5.58125446526378e-09 
  2067.0   5.175652077594624e-09 
  2068.0   4.988484548421612e-09 
  2069.0   5.198730569945117e-09 
  2070.0   5.947330478959273e-09 
  2071.0   5.3280409195203354e-09 
  2072.0   5.843066947549503e-09 
  2073.0   4.7553554742256595e-09 
  2074.0   5.964809495875782e-09 
  2075.0   6.190215188020168e-09 
  2076.0   4.462218204815557e-09 
  2077.0   6.827221746663249e-09 
  2078.0   5.907355894002898e-09 
  2079.0   5.984053589643356e-09 
  2080.0   5.599912254617097e-09 
  2081.0   6.43888205774148e-09 
  2082.0   4.971447518691197e-09 
  2083.0   6.981586671183761e-09 
  2084.0   5.758513392682187e-09 
  2085.0   6.107400871337373e-09 
  2086.0   6.610755598490174e-09 
  2087.0   6.012499073590208e-09 
  2088.0   5.559782559530264e-09 
  2089.0   5.6749433768290734e-09 
  2090.0   6.453617231439926e-09 
  2091.0   7.36107930673051e-09 
  2092.0   5.7934895313080805e-09 
  2093.0   6.198049666002716e-09 
  2094.0   6.843904820124276e-09 
  2095.0   5.8171571090049145e-09 
  2096.0   6.5563767141058095e-09 
  2097.0   5.73292788652791e-09 
  2098.0   7.0955162012972615e-09 
  2099.0   7.52437529377702e-09 
  2100.0   6.472394920604235e-09 
