  2015.0   4.779766531004847e-10 
  2016.0   4.649211356632418e-10 
  2017.0   4.628895238136355e-10 
  2018.0   4.6061404363241687e-10 
  2019.0   4.575321585588331e-10 
  2020.0   4.5427710722039113e-10 
  2021.0   4.458223923167828e-10 
  2022.0   4.420184631216323e-10 
  2023.0   4.379625832789879e-10 
  2024.0   4.3510039417636983e-10 
  2025.0   4.3260199917264485e-10 
  2026.0   4.3980501874038834e-10 
  2027.0   4.3939892474394383e-10 
  2028.0   4.3802920963509985e-10 
  2029.0   4.3695176749112693e-10 
  2030.0   4.362525640967598e-10 
  2031.0   4.450831407908958e-10 
  2032.0   4.434329952615213e-10 
  2033.0   4.41568102889954e-10 
  2034.0   4.399501217073636e-10 
  2035.0   4.4134183067305844e-10 
  2036.0   4.3476207494050555e-10 
  2037.0   4.3375341120477286e-10 
  2038.0   4.3217803457995234e-10 
  2039.0   4.2938816804213687e-10 
  2040.0   4.277651525701913e-10 
  2041.0   4.323238621327385e-10 
  2042.0   4.3217731010363876e-10 
  2043.0   4.3009555422614244e-10 
  2044.0   4.2755597121933325e-10 
  2045.0   4.2650297212425045e-10 
  2046.0   4.211227480180808e-10 
  2047.0   4.1978006195072756e-10 
  2048.0   4.1858982116507864e-10 
  2049.0   4.161330257626774e-10 
  2050.0   4.172169474047785e-10 
  2051.0   4.0810976992970253e-10 
  2052.0   4.061948952972397e-10 
  2053.0   4.0681727031358984e-10 
  2054.0   4.0553968219847407e-10 
  2055.0   4.047419294428197e-10 
  2056.0   3.9871901888161994e-10 
  2057.0   3.973118834187096e-10 
  2058.0   3.9649549696519204e-10 
  2059.0   3.979245630760434e-10 
  2060.0   3.9875190450275914e-10 
  2061.0   3.9756192784329275e-10 
  2062.0   3.9617142293736536e-10 
  2063.0   3.974662061235066e-10 
  2064.0   3.9630522339014975e-10 
  2065.0   3.9491401246201444e-10 
  2066.0   3.9530304464546686e-10 
  2067.0   3.934381982994111e-10 
  2068.0   3.9189585153474774e-10 
  2069.0   3.902879515282563e-10 
  2070.0   3.8892250639354723e-10 
  2071.0   3.889884291194752e-10 
  2072.0   3.880791892268308e-10 
  2073.0   3.863988014266812e-10 
  2074.0   3.850106241928815e-10 
  2075.0   3.8334771699658805e-10 
  2076.0   3.9478433171983217e-10 
  2077.0   3.954311939461392e-10 
  2078.0   3.9403801577967554e-10 
  2079.0   3.9432098998792125e-10 
  2080.0   3.945209312778006e-10 
  2081.0   4.0829418169268823e-10 
  2082.0   4.069976349119043e-10 
  2083.0   4.0715362056712917e-10 
  2084.0   4.0454354184459517e-10 
  2085.0   4.0203159858597026e-10 
  2086.0   4.001158799931558e-10 
  2087.0   3.99104860024069e-10 
  2088.0   3.9759737515753576e-10 
  2089.0   3.9569332731942135e-10 
  2090.0   3.956081356538838e-10 
  2091.0   3.8173706385129555e-10 
  2092.0   3.8496085858620935e-10 
  2093.0   3.872323756157755e-10 
  2094.0   3.889342375633126e-10 
  2095.0   3.8899747331346276e-10 
  2096.0   3.8993864358768574e-10 
  2097.0   3.912736970068849e-10 
  2098.0   3.924093651003141e-10 
  2099.0   3.923207652305624e-10 
  2100.0   3.9295729663200765e-10 
