  2015.0   296.57053944597027 
  2016.0   297.08337264781073 
  2017.0   296.2597679668577 
  2018.0   295.9290940632768 
  2019.0   296.4683408908464 
  2020.0   297.24381107175924 
  2021.0   296.74045795185583 
  2022.0   296.8016434685573 
  2023.0   296.6336043005744 
  2024.0   296.84148623084116 
  2025.0   297.23103718966996 
  2026.0   297.1760862541195 
  2027.0   296.92344268952326 
  2028.0   296.7351979501669 
  2029.0   296.5856454561342 
  2030.0   297.48615994809404 
  2031.0   296.9655863687185 
  2032.0   297.1309874122899 
  2033.0   297.2808282567804 
  2034.0   296.69528710050037 
  2035.0   297.04817281500783 
  2036.0   297.0455478037446 
  2037.0   297.62354422372397 
  2038.0   297.30113847626365 
  2039.0   297.5849499003519 
  2040.0   297.35965843171994 
  2041.0   297.77607411914255 
  2042.0   296.8547733562921 
  2043.0   297.3147918144275 
  2044.0   297.66317710386375 
  2045.0   297.8609173513286 
  2046.0   297.60785585012644 
  2047.0   297.3886230170794 
  2048.0   297.7371161081529 
  2049.0   297.94594264205836 
  2050.0   298.1714004664353 
  2051.0   297.29241560058165 
  2052.0   298.2558024738461 
  2053.0   298.47916043452557 
  2054.0   298.6077026748429 
  2055.0   298.0892029534244 
  2056.0   298.28207721549205 
  2057.0   298.13278607416356 
  2058.0   298.63486534606983 
  2059.0   298.81138341017316 
  2060.0   298.3781624234787 
  2061.0   298.08324164259426 
  2062.0   299.1525221553566 
  2063.0   299.32345091592026 
  2064.0   298.86080417493037 
  2065.0   297.94890515658915 
  2066.0   299.42896639116697 
  2067.0   299.67311006431294 
  2068.0   298.672340727545 
  2069.0   298.86229216632563 
  2070.0   299.32446996306874 
  2071.0   299.9255255929816 
  2072.0   299.3017776774072 
  2073.0   299.54881103394666 
  2074.0   298.742373610511 
  2075.0   299.1760118026548 
  2076.0   299.43941947507676 
  2077.0   299.822700397677 
  2078.0   299.4783312677563 
  2079.0   300.10746128170274 
  2080.0   299.7811192994409 
  2081.0   299.87516861571726 
  2082.0   299.7544520551082 
  2083.0   299.9539507729675 
  2084.0   299.59000354912484 
  2085.0   299.5118893173623 
  2086.0   300.07563015946863 
  2087.0   300.23705900701054 
  2088.0   299.8567173279909 
  2089.0   299.77749393560083 
  2090.0   299.7583009099376 
  2091.0   300.67889755929383 
  2092.0   301.0063344460523 
  2093.0   300.02304055903164 
  2094.0   300.4370984018108 
  2095.0   300.49835327553393 
  2096.0   300.8713818118554 
  2097.0   300.4486838779786 
  2098.0   300.8847774039378 
  2099.0   300.5582682818017 
  2100.0   301.0535153812703 
