  2015.0   14.020149830323648 
  2016.0   14.075982922830711 
  2017.0   14.115635834480823 
  2018.0   14.152286125250722 
  2019.0   14.189858409454446 
  2020.0   14.215870077989072 
  2021.0   14.26625788315034 
  2022.0   14.312231752615599 
  2023.0   14.361263610011804 
  2024.0   14.396236754528054 
  2025.0   14.431717240221019 
  2026.0   14.477196828921672 
  2027.0   14.522907271571826 
  2028.0   14.573483891997562 
  2029.0   14.602560487439662 
  2030.0   14.626374336671976 
  2031.0   14.67624734688836 
  2032.0   14.738036526889184 
  2033.0   14.79040547878266 
  2034.0   14.828711088430781 
  2035.0   14.877156015161004 
  2036.0   14.937834208510932 
  2037.0   15.007044790189608 
  2038.0   15.06934589671412 
  2039.0   15.127603424625004 
  2040.0   15.180785001354176 
  2041.0   15.23691949258535 
  2042.0   15.280049110649786 
  2043.0   15.32006935519497 
  2044.0   15.356216667705459 
  2045.0   15.38393637579255 
  2046.0   15.43855549214655 
  2047.0   15.473472680160977 
  2048.0   15.505195845785225 
  2049.0   15.542474598691028 
  2050.0   15.57748248312946 
  2051.0   15.623157486450507 
  2052.0   15.680639974301231 
  2053.0   15.682134839500323 
  2054.0   15.696060057797414 
  2055.0   15.743962458143258 
  2056.0   15.81998546752418 
  2057.0   15.855641092317695 
  2058.0   15.89998191405248 
  2059.0   15.974305014203106 
  2060.0   16.025993422028073 
  2061.0   16.077708877159424 
  2062.0   16.11693317535658 
  2063.0   16.146839023403576 
  2064.0   16.189669249620536 
  2065.0   16.224803026301487 
  2066.0   16.26355600580622 
  2067.0   16.322162821854896 
  2068.0   16.363432586271927 
  2069.0   16.400666783142338 
  2070.0   16.442468705206384 
  2071.0   16.47201325674913 
  2072.0   16.49379896604591 
  2073.0   16.539797780878818 
  2074.0   16.585315569692252 
  2075.0   16.63816829142633 
  2076.0   16.66629739330421 
  2077.0   16.693651692280127 
  2078.0   16.71647290481389 
  2079.0   16.711641937761144 
  2080.0   16.744843242106423 
  2081.0   16.800447118900003 
  2082.0   16.82552041211738 
  2083.0   16.869534521881977 
  2084.0   16.923841631339787 
  2085.0   16.97147442844167 
  2086.0   16.979502894630983 
  2087.0   17.016583204902414 
  2088.0   17.03858485639199 
  2089.0   17.05812722978409 
  2090.0   17.060706839270853 
  2091.0   17.100804127832117 
  2092.0   17.102275867741202 
  2093.0   17.118264928480933 
  2094.0   17.151773821467163 
  2095.0   17.19547981091553 
  2096.0   17.251965960059728 
  2097.0   17.258785972899872 
  2098.0   17.282260213533633 
  2099.0   17.279073672317214 
  2100.0   17.29195825956755 
