  2015.0   297.7038490764806 
  2016.0   297.5576068577038 
  2017.0   297.8990926310647 
  2018.0   297.57354542846014 
  2019.0   297.4565185662217 
  2020.0   297.30132916835936 
  2021.0   298.2175193718475 
  2022.0   297.7780173847849 
  2023.0   297.2964147844017 
  2024.0   296.7020531176456 
  2025.0   296.8305337771098 
  2026.0   297.47519041843634 
  2027.0   297.968169481712 
  2028.0   298.513924951921 
  2029.0   297.4410770148614 
  2030.0   297.2621687176194 
  2031.0   297.2839014614831 
  2032.0   297.6579139696626 
  2033.0   297.7848325654447 
  2034.0   298.75938573656316 
  2035.0   298.5530399012198 
  2036.0   298.1577460162947 
  2037.0   297.9548751424013 
  2038.0   298.2044032161184 
  2039.0   297.7165682818155 
  2040.0   297.750852400911 
  2041.0   297.6470395743621 
  2042.0   298.57758214828135 
  2043.0   299.15917323116014 
  2044.0   298.2300803961605 
  2045.0   297.73796565632483 
  2046.0   298.17612036517306 
  2047.0   297.94338929484667 
  2048.0   298.24926220114304 
  2049.0   299.5343671735828 
  2050.0   298.8914008604367 
  2051.0   298.4366042268424 
  2052.0   298.15146374493264 
  2053.0   298.44997854493573 
  2054.0   298.4985915360452 
  2055.0   298.43660804201926 
  2056.0   298.1760217995025 
  2057.0   298.7923461480659 
  2058.0   298.89405714016846 
  2059.0   298.7190801656478 
  2060.0   298.4265767105402 
  2061.0   299.01617495848177 
  2062.0   299.2752051193909 
  2063.0   298.5742190950609 
  2064.0   298.16121727259974 
  2065.0   299.01812208969665 
  2066.0   298.9106635735952 
  2067.0   299.2289817520317 
  2068.0   299.2676836589003 
  2069.0   299.14408413962667 
  2070.0   299.1652158709947 
  2071.0   299.6708037882795 
  2072.0   299.7559982707378 
  2073.0   299.5188358210516 
  2074.0   299.1896973515829 
  2075.0   299.9078311806449 
  2076.0   299.2911678908995 
  2077.0   298.44321744101575 
  2078.0   298.87270563651475 
  2079.0   299.1787264486915 
  2080.0   300.1094789920574 
  2081.0   299.4271927859184 
  2082.0   300.24778145002784 
  2083.0   300.2401262258097 
  2084.0   300.42972898371164 
  2085.0   299.9459827381 
  2086.0   299.9275202598738 
  2087.0   299.94262819623293 
  2088.0   300.43782263870423 
  2089.0   300.25053820927184 
  2090.0   300.33442129723306 
  2091.0   299.922465259095 
  2092.0   300.6861684499632 
  2093.0   300.93088572747126 
  2094.0   299.9045161192716 
  2095.0   299.5228511878827 
  2096.0   300.07126547221134 
  2097.0   300.40693489529895 
  2098.0   300.09662788549946 
  2099.0   300.71821918513143 
  2100.0   301.21191561790545 
