  2015.0   1.1428307611855899e-09 
  2016.0   -8.491927520683606e-10 
  2017.0   1.0004915791413294e-09 
  2018.0   -8.308588328689041e-10 
  2019.0   6.178332678330657e-10 
  2020.0   2.083478465708517e-10 
  2021.0   1.6193106896780322e-09 
  2022.0   3.349711797858297e-10 
  2023.0   -1.5054217746595222e-10 
  2024.0   -6.331362878233607e-10 
  2025.0   3.608150445753079e-10 
  2026.0   1.0262925895282818e-09 
  2027.0   -3.913819506258014e-10 
  2028.0   1.0900251641333615e-09 
  2029.0   -1.9433966935807817e-10 
  2030.0   7.244947302451576e-10 
  2031.0   -8.157586546603167e-11 
  2032.0   2.16240860146067e-09 
  2033.0   -2.481053163960403e-10 
  2034.0   2.8537489327728937e-10 
  2035.0   1.7042091573428577e-09 
  2036.0   1.5042782803181484e-09 
  2037.0   1.5033728159559258e-10 
  2038.0   1.553356535541576e-10 
  2039.0   3.0312231921320134e-10 
  2040.0   1.8482789968481325e-09 
  2041.0   -7.82813094059427e-10 
  2042.0   1.4588705491384424e-10 
  2043.0   1.4139182705070943e-09 
  2044.0   3.84213277958778e-10 
  2045.0   7.863723927780917e-10 
  2046.0   2.2258406160574825e-10 
  2047.0   -5.691755243739108e-10 
  2048.0   1.7197097388626562e-09 
  2049.0   6.520592160990189e-10 
  2050.0   -5.788560696213534e-10 
  2051.0   1.3267748480621486e-10 
  2052.0   6.059411261427011e-10 
  2053.0   7.416732463841863e-10 
  2054.0   -6.301804092994753e-11 
  2055.0   9.133597018885547e-10 
  2056.0   6.341947219501447e-10 
  2057.0   8.01537064343731e-10 
  2058.0   -1.3052913952469647e-10 
  2059.0   5.491828199425084e-10 
  2060.0   -8.547401897838916e-11 
  2061.0   4.016837849859959e-10 
  2062.0   6.209471268653497e-10 
  2063.0   7.380396482820617e-10 
  2064.0   1.1522677391442421e-10 
  2065.0   1.6321334789057284e-09 
  2066.0   -3.912650160055872e-11 
  2067.0   -2.804458990900439e-10 
  2068.0   9.700948704004552e-10 
  2069.0   1.9201252712105244e-10 
  2070.0   7.814633227187707e-10 
  2071.0   4.679307786087287e-10 
  2072.0   1.2470868951301087e-09 
  2073.0   8.207791418827027e-10 
  2074.0   9.13449848985596e-10 
  2075.0   -3.750261647597462e-11 
  2076.0   -3.9125091095858124e-11 
  2077.0   1.3747746293377687e-09 
  2078.0   -1.2150172219153216e-09 
  2079.0   8.829768954046665e-10 
  2080.0   -1.058160889830913e-09 
  2081.0   9.55577244493669e-10 
  2082.0   -5.383422546383351e-10 
  2083.0   2.679798957654299e-10 
  2084.0   -4.202458948144137e-10 
  2085.0   1.870322507463884e-10 
  2086.0   -6.160263702809386e-10 
  2087.0   3.3952367587226626e-10 
  2088.0   6.832295548659242e-10 
  2089.0   -1.4516616714354217e-10 
  2090.0   -9.214445556014892e-10 
  2091.0   1.3912112147481805e-09 
  2092.0   -2.5655490408754002e-09 
  2093.0   6.802162551024485e-10 
  2094.0   -1.1379824946081314e-10 
  2095.0   -1.324578885663268e-10 
  2096.0   -1.1136998944121118e-10 
  2097.0   -5.157763450086211e-10 
  2098.0   -7.517130286436511e-10 
  2099.0   -2.901540196644578e-10 
  2100.0   -5.945115140013474e-10 
