  2015.0   1.3230640246065963e-10 
  2016.0   1.3771735154806934e-10 
  2017.0   1.0828047967916257e-10 
  2018.0   1.938688194024707e-10 
  2019.0   1.364953193565969e-10 
  2020.0   1.495451081947823e-10 
  2021.0   8.998247514317846e-11 
  2022.0   1.2419310290647353e-10 
  2023.0   1.207162601292035e-10 
  2024.0   1.755343274879861e-10 
  2025.0   1.0639706699133485e-10 
  2026.0   1.2168724136903818e-10 
  2027.0   1.5920111068665859e-10 
  2028.0   1.1757875990308385e-10 
  2029.0   1.779416637849936e-10 
  2030.0   1.178935782434684e-10 
  2031.0   1.1527871453965365e-10 
  2032.0   1.0760310633890129e-10 
  2033.0   1.4495712251788743e-10 
  2034.0   1.5823924662546316e-10 
  2035.0   1.0134483373703019e-10 
  2036.0   1.4469061315477628e-10 
  2037.0   1.4670568484259313e-10 
  2038.0   1.2739219510911817e-10 
  2039.0   1.7256364933256714e-10 
  2040.0   1.2401867248900688e-10 
  2041.0   1.5217727035009696e-10 
  2042.0   1.4859376873105913e-10 
  2043.0   9.214543481056965e-11 
  2044.0   1.4683612238174804e-10 
  2045.0   1.244960156424792e-10 
  2046.0   1.3975327780382647e-10 
  2047.0   1.3816301372573117e-10 
  2048.0   1.1268154150178513e-10 
  2049.0   1.1929431092491105e-10 
  2050.0   1.450153041201946e-10 
  2051.0   1.435697568897619e-10 
  2052.0   1.1423293600328739e-10 
  2053.0   8.619626277484475e-11 
  2054.0   1.8585888934949825e-10 
  2055.0   9.638146908831375e-11 
  2056.0   1.425930482090339e-10 
  2057.0   1.163326530798956e-10 
  2058.0   1.6740251581313113e-10 
  2059.0   1.606220799100248e-10 
  2060.0   1.2148144928093207e-10 
  2061.0   1.590157982243965e-10 
  2062.0   1.2799387059790805e-10 
  2063.0   9.635737446769045e-11 
  2064.0   1.465186517881029e-10 
  2065.0   1.0295898478194591e-10 
  2066.0   1.7804198151986633e-10 
  2067.0   1.6503663966006977e-10 
  2068.0   9.521464987551367e-11 
  2069.0   9.940819025459059e-11 
  2070.0   1.1509355574059436e-10 
  2071.0   1.4877578005647968e-10 
  2072.0   1.0146401091563545e-10 
  2073.0   1.2875979626518424e-10 
  2074.0   1.0916867187268379e-10 
  2075.0   1.4529828859126286e-10 
  2076.0   1.9563374422381707e-10 
  2077.0   9.116578175703401e-11 
  2078.0   2.3440156623661406e-10 
  2079.0   9.220476490921385e-11 
  2080.0   2.0452924055393692e-10 
  2081.0   9.149501071445711e-11 
  2082.0   1.7801141195949e-10 
  2083.0   1.5499866878035238e-10 
  2084.0   1.2903419134823587e-10 
  2085.0   1.3833380239278812e-10 
  2086.0   1.9735356611455816e-10 
  2087.0   1.048543136061841e-10 
  2088.0   1.2591854075809943e-10 
  2089.0   1.3288273792547268e-10 
  2090.0   1.7904577197990006e-10 
  2091.0   1.2092715225246173e-10 
  2092.0   1.6773678861883994e-10 
  2093.0   9.623407811094525e-11 
  2094.0   1.3159609985903856e-10 
  2095.0   1.397742036394784e-10 
  2096.0   1.1612328104669296e-10 
  2097.0   2.3640209296285537e-10 
  2098.0   1.2613192927766398e-10 
  2099.0   1.307686120207609e-10 
  2100.0   1.818928842735963e-10 
