  2015.0   1.1509567739004736e-10 
  2016.0   4.381543576893372e-10 
  2017.0   3.568993993263526e-10 
  2018.0   3.4899882481083074e-10 
  2019.0   2.606121889536308e-10 
  2020.0   3.4052411474054395e-10 
  2021.0   4.25450155768433e-10 
  2022.0   3.3517943451888285e-10 
  2023.0   2.637936136087642e-10 
  2024.0   2.29358701076056e-10 
  2025.0   2.686692136656145e-10 
  2026.0   2.3683363259365256e-10 
  2027.0   2.1418194507949716e-10 
  2028.0   2.0663794227254493e-10 
  2029.0   1.7682260859265676e-10 
  2030.0   2.546845718980125e-10 
  2031.0   1.819027408869969e-10 
  2032.0   1.385585645091007e-10 
  2033.0   2.314775808150778e-10 
  2034.0   2.538977267776562e-10 
  2035.0   1.9516346847432686e-10 
  2036.0   1.8588964179723948e-10 
  2037.0   1.8770795562267386e-10 
  2038.0   1.626319778964321e-10 
  2039.0   1.5486731691011768e-10 
  2040.0   1.4517600320065066e-10 
  2041.0   1.8295755641079293e-10 
  2042.0   2.1056533923738497e-10 
  2043.0   2.341320467733044e-10 
  2044.0   1.4132224421288102e-10 
  2045.0   1.2538701019592092e-10 
  2046.0   1.5778096584400927e-10 
  2047.0   1.4418089570197793e-10 
  2048.0   1.487594235633374e-10 
  2049.0   2.392783985287983e-10 
  2050.0   1.5503115652588023e-10 
  2051.0   1.4197130252704044e-10 
  2052.0   1.500563506643608e-10 
  2053.0   2.2093477275805736e-10 
  2054.0   1.848812845030732e-10 
  2055.0   1.5328895296604106e-10 
  2056.0   9.014179497762839e-11 
  2057.0   1.455322273443496e-10 
  2058.0   1.1092940277782501e-10 
  2059.0   1.2661259068605013e-10 
  2060.0   1.2961097006867037e-10 
  2061.0   1.8664319450787185e-10 
  2062.0   1.5332381346859491e-10 
  2063.0   9.153825579424688e-11 
  2064.0   9.695293025336996e-11 
  2065.0   1.7458218388402005e-10 
  2066.0   1.221913310949388e-10 
  2067.0   1.3263805981213595e-10 
  2068.0   1.498908555888849e-10 
  2069.0   1.5953991269545378e-10 
  2070.0   1.0800981283947197e-10 
  2071.0   1.8932548567531866e-10 
  2072.0   1.1402323744803969e-10 
  2073.0   1.2211794088827146e-10 
  2074.0   1.3549509631326354e-10 
  2075.0   2.0850651195235384e-10 
  2076.0   9.68914458646789e-11 
  2077.0   1.0277899161750952e-10 
  2078.0   1.408447246951389e-10 
  2079.0   1.246000174119882e-10 
  2080.0   1.7143123351062568e-10 
  2081.0   1.1233452824029234e-10 
  2082.0   2.2242501667006664e-10 
  2083.0   1.720201859706208e-10 
  2084.0   1.3969673533692442e-10 
  2085.0   1.1372682258361574e-10 
  2086.0   1.7809201035608265e-10 
  2087.0   2.1767946072735944e-10 
  2088.0   1.4284753541664253e-10 
  2089.0   8.020077968894231e-11 
  2090.0   1.7024908111675353e-10 
  2091.0   1.1380977413775901e-10 
  2092.0   1.696321832768744e-10 
  2093.0   1.5201504086414557e-10 
  2094.0   1.191126397321892e-10 
  2095.0   9.281487441295679e-11 
  2096.0   9.198920968504447e-11 
  2097.0   1.4487828934765288e-10 
  2098.0   1.5923609748206465e-10 
  2099.0   1.581714946790996e-10 
  2100.0   1.7458720092606558e-10 
