  2015.0   3.852222554570387 
  2016.0   3.91580513032834 
  2017.0   3.746582995904142 
  2018.0   3.6296923935578644 
  2019.0   3.8271156077009674 
  2020.0   4.108722604965118 
  2021.0   3.7500943366440134 
  2022.0   3.3656634469872584 
  2023.0   3.347028337891644 
  2024.0   3.341280459344947 
  2025.0   3.820422925371773 
  2026.0   3.869902194918875 
  2027.0   3.3725209559180422 
  2028.0   3.346073016586314 
  2029.0   3.3209841397444144 
  2030.0   4.150891686263279 
  2031.0   3.8278831870095678 
  2032.0   3.2986982860385683 
  2033.0   3.819364462402897 
  2034.0   3.279035743848649 
  2035.0   3.590048215632141 
  2036.0   4.014664397058842 
  2037.0   3.9162069967141204 
  2038.0   3.854965321411859 
  2039.0   3.1632601307157526 
  2040.0   4.195448386005356 
  2041.0   3.8443828433807994 
  2042.0   3.5825705749869745 
  2043.0   3.7730538292061278 
  2044.0   3.5961392191430703 
  2045.0   3.8761324235931744 
  2046.0   3.3935372712050587 
  2047.0   3.288228634122314 
  2048.0   3.340724185180331 
  2049.0   3.3657635494027374 
  2050.0   3.781414148449518 
  2051.0   4.06817654519887 
  2052.0   4.0373080536822386 
  2053.0   4.272500843996853 
  2054.0   3.9791643049407113 
  2055.0   3.6207712328855006 
  2056.0   3.353838702664401 
  2057.0   3.7253713398642527 
  2058.0   3.9349611917934375 
  2059.0   3.8636364941160375 
  2060.0   4.071527256279429 
  2061.0   3.904672001809503 
  2062.0   3.9347450263699404 
  2063.0   3.5816758597582554 
  2064.0   3.660142989091841 
  2065.0   4.171524036041429 
  2066.0   4.2055881563898 
  2067.0   4.047906950837253 
  2068.0   2.883389290634728 
  2069.0   3.62571147931884 
  2070.0   3.6590878676609453 
  2071.0   3.723718500236653 
  2072.0   4.212330803571518 
  2073.0   3.8656339860712796 
  2074.0   3.862794265228151 
  2075.0   3.608280674246553 
  2076.0   4.284457377148645 
  2077.0   3.959487383322875 
  2078.0   4.047739494458696 
  2079.0   4.653637379030937 
  2080.0   4.0423553586822685 
  2081.0   3.5706838033960455 
  2082.0   3.811143160058599 
  2083.0   3.802342945487299 
  2084.0   4.527129536548216 
  2085.0   3.7291814012373683 
  2086.0   4.009013924670005 
  2087.0   4.1604853993094295 
  2088.0   3.8729925368118727 
  2089.0   3.9084142972753764 
  2090.0   3.9173889684433396 
  2091.0   4.24266188406372 
  2092.0   4.090105992108916 
  2093.0   4.442736430662103 
  2094.0   3.784360900362977 
  2095.0   4.749282930767988 
  2096.0   4.14332695475782 
  2097.0   3.9986745923903393 
  2098.0   4.187121189630137 
  2099.0   4.387586786315483 
  2100.0   4.250157757011319 
