  2015.0   1.4008187469721358 
  2016.0   1.548254030405703 
  2017.0   1.3921573286723523 
  2018.0   1.364323037259473 
  2019.0   1.4047998386519156 
  2020.0   1.4850698419537591 
  2021.0   1.37301804889157 
  2022.0   1.5349719453386772 
  2023.0   1.3225992643404385 
  2024.0   1.333006210116885 
  2025.0   1.6138572481638924 
  2026.0   1.5928693177097868 
  2027.0   1.5958488230493584 
  2028.0   1.4204934798112874 
  2029.0   1.4594707080881997 
  2030.0   1.4979821036040364 
  2031.0   1.7328246176205067 
  2032.0   1.5567649027222978 
  2033.0   1.5372778244009568 
  2034.0   1.7210700739586 
  2035.0   1.3792419259220268 
  2036.0   1.486269414401605 
  2037.0   1.7023192112542143 
  2038.0   1.690313890718659 
  2039.0   1.6319271548720078 
  2040.0   1.5220375472211491 
  2041.0   1.5197357384465522 
  2042.0   1.6107622343848929 
  2043.0   1.8001494359313064 
  2044.0   1.8543822574485584 
  2045.0   1.7266186626683673 
  2046.0   1.491380233436424 
  2047.0   1.989939210897536 
  2048.0   1.7450168367506476 
  2049.0   1.7774194569770878 
  2050.0   1.7925251887872227 
  2051.0   1.71644645354584 
  2052.0   1.884017987720728 
  2053.0   1.6992007278246362 
  2054.0   1.8634683942661092 
  2055.0   1.60747602910115 
  2056.0   1.8215725140361017 
  2057.0   1.9043296275617325 
  2058.0   1.9360193845755 
  2059.0   1.8367548927073134 
  2060.0   1.830169398947983 
  2061.0   1.9449274704267059 
  2062.0   1.771586076786323 
  2063.0   1.9102706293029792 
  2064.0   1.8607079312007992 
  2065.0   1.9054041064926839 
  2066.0   1.8261913451159335 
  2067.0   1.8800990002489717 
  2068.0   1.904779212459262 
  2069.0   1.9122192070724446 
  2070.0   1.7889295240957472 
  2071.0   2.138465069046959 
  2072.0   2.0227248132868056 
  2073.0   2.113146831824697 
  2074.0   2.1112254608874297 
  2075.0   2.1167326452687494 
  2076.0   1.9657530938760224 
  2077.0   2.1160667592277744 
  2078.0   1.8968669339178206 
  2079.0   2.338107544549434 
  2080.0   2.0175529990411136 
  2081.0   2.026981065268179 
  2082.0   1.9916023300908934 
  2083.0   2.125452328737735 
  2084.0   2.050469558378968 
  2085.0   2.3508772242127307 
  2086.0   2.0990004080767104 
  2087.0   1.9483456203693887 
  2088.0   2.1061769457689925 
  2089.0   2.360406863583536 
  2090.0   2.3262415832735686 
  2091.0   2.2024665715613687 
  2092.0   2.3039599611293666 
  2093.0   2.254296106806888 
  2094.0   2.0962570977737056 
  2095.0   2.2251757289267133 
  2096.0   2.3978605088476677 
  2097.0   2.238562262404926 
  2098.0   2.2164209700740183 
  2099.0   2.3963718838860335 
  2100.0   2.314269278734858 
