  2015.0   3.135857191026778 
  2016.0   2.679472164394983 
  2017.0   3.152721520501741 
  2018.0   2.841206670131556 
  2019.0   2.815129960424895 
  2020.0   2.7732012980672542 
  2021.0   2.9137480887300096 
  2022.0   2.991791682157952 
  2023.0   3.015417067338794 
  2024.0   2.850044471701315 
  2025.0   2.6372269676918423 
  2026.0   3.1319705372957407 
  2027.0   2.767497928058846 
  2028.0   2.868213358797883 
  2029.0   2.3958338174455664 
  2030.0   2.885426310645025 
  2031.0   2.897284071453538 
  2032.0   3.2323219647395898 
  2033.0   2.6781110502206813 
  2034.0   2.6859040138868497 
  2035.0   3.5833808544655614 
  2036.0   2.8946549076509447 
  2037.0   3.0470703498333016 
  2038.0   3.13954590039159 
  2039.0   3.116221354728778 
  2040.0   3.23502167942248 
  2041.0   2.781765035114909 
  2042.0   2.754622768894051 
  2043.0   2.8347721679816567 
  2044.0   3.0312788148321013 
  2045.0   3.0349796246848326 
  2046.0   2.661331333478768 
  2047.0   3.0572136069119034 
  2048.0   3.016153541561616 
  2049.0   2.812085426922764 
  2050.0   2.847198736198286 
  2051.0   2.688899404089513 
  2052.0   2.60036574052051 
  2053.0   2.795342556099187 
  2054.0   2.6409119091126803 
  2055.0   3.1487461886566317 
  2056.0   3.231205893438814 
  2057.0   2.937211998964941 
  2058.0   2.9171987940328745 
  2059.0   2.974936625157156 
  2060.0   3.1986212253959008 
  2061.0   2.931964075672041 
  2062.0   2.726959206529237 
  2063.0   2.9575700806602216 
  2064.0   3.1915735363268793 
  2065.0   2.726452026605352 
  2066.0   2.8423405892417897 
  2067.0   2.828400481840507 
  2068.0   3.053647826348695 
  2069.0   3.097715934456131 
  2070.0   3.2226574300805133 
  2071.0   2.833559143905194 
  2072.0   3.3333900226378343 
  2073.0   3.1278310752474576 
  2074.0   3.060995264106072 
  2075.0   3.641736798307812 
  2076.0   3.205175563493866 
  2077.0   3.2853110828674583 
  2078.0   2.9645261729119143 
  2079.0   3.21710849193744 
  2080.0   3.2391222230987684 
  2081.0   3.3889873490388105 
  2082.0   3.4636747896479454 
  2083.0   3.1727755884235562 
  2084.0   3.5248025168920982 
  2085.0   3.0317955062965907 
  2086.0   3.2051284219138454 
  2087.0   3.5761623539522454 
  2088.0   3.0938146268111684 
  2089.0   2.9116587635222 
  2090.0   3.4269596420653152 
  2091.0   3.3194260671473694 
  2092.0   3.8668679615220647 
  2093.0   3.3437340431301075 
  2094.0   3.2684352418850864 
  2095.0   3.168163050333771 
  2096.0   3.1539393052245037 
  2097.0   3.171061412468697 
  2098.0   2.8001548634485314 
  2099.0   3.287238402924059 
  2100.0   3.389037008574903 
