  2015.0   8.205824356154121e-11 
  2016.0   9.471401069865925e-11 
  2017.0   9.650387851719966e-11 
  2018.0   1.0644090965656617e-10 
  2019.0   8.701539743032498e-11 
  2020.0   8.680050592725968e-11 
  2021.0   8.544444147978281e-11 
  2022.0   9.621827861704813e-11 
  2023.0   9.94886584415613e-11 
  2024.0   9.90998339541102e-11 
  2025.0   8.406381261574086e-11 
  2026.0   7.911274737837631e-11 
  2027.0   8.53129237220957e-11 
  2028.0   9.54915781816256e-11 
  2029.0   8.452198149557765e-11 
  2030.0   8.996190170071196e-11 
  2031.0   8.298627143813304e-11 
  2032.0   8.373152662573011e-11 
  2033.0   9.987319044442425e-11 
  2034.0   9.415190911846832e-11 
  2035.0   8.76184887576207e-11 
  2036.0   8.464523544526252e-11 
  2037.0   9.233832117001065e-11 
  2038.0   9.352173869105889e-11 
  2039.0   8.119350012258531e-11 
  2040.0   8.924081729643676e-11 
  2041.0   1.0200979492252554e-10 
  2042.0   9.333397354637015e-11 
  2043.0   8.409171341718119e-11 
  2044.0   8.332916800072563e-11 
  2045.0   9.03406887281805e-11 
  2046.0   8.926894751786663e-11 
  2047.0   8.585966617072576e-11 
  2048.0   9.42637597177509e-11 
  2049.0   8.787055429107113e-11 
  2050.0   8.350017669861229e-11 
  2051.0   8.42272665195552e-11 
  2052.0   1.0461687364388533e-10 
  2053.0   8.275264325185565e-11 
  2054.0   1.0124729065588067e-10 
  2055.0   1.0553483986660996e-10 
  2056.0   9.21337660423216e-11 
  2057.0   8.847397359125948e-11 
  2058.0   1.0204419894082088e-10 
  2059.0   8.642563096181265e-11 
  2060.0   8.883999232131634e-11 
  2061.0   9.433586083457397e-11 
  2062.0   9.632936893847585e-11 
  2063.0   8.885813054966193e-11 
  2064.0   8.932193758997354e-11 
  2065.0   9.907952602484525e-11 
  2066.0   9.58458310261131e-11 
  2067.0   9.188200084131575e-11 
  2068.0   9.40391866544904e-11 
  2069.0   9.754739703659661e-11 
  2070.0   9.987169864833321e-11 
  2071.0   8.969979920160603e-11 
  2072.0   8.528971183303762e-11 
  2073.0   1.0677098912266628e-10 
  2074.0   1.0135016011625698e-10 
  2075.0   9.568787422618111e-11 
  2076.0   9.908162697435333e-11 
  2077.0   1.080962127378424e-10 
  2078.0   1.0999969094797673e-10 
  2079.0   1.0327637050639744e-10 
  2080.0   1.0653174614671222e-10 
  2081.0   1.0758544818287788e-10 
  2082.0   9.616453571036984e-11 
  2083.0   1.0270085663387967e-10 
  2084.0   1.0205430527224715e-10 
  2085.0   1.1319485315658662e-10 
  2086.0   1.0104672317149714e-10 
  2087.0   9.450590692250171e-11 
  2088.0   1.0554002401988725e-10 
  2089.0   1.0292776976594797e-10 
  2090.0   1.0762024787594034e-10 
  2091.0   1.1396403726925262e-10 
  2092.0   1.0771619451455154e-10 
  2093.0   9.540213626537897e-11 
  2094.0   1.1464047532582363e-10 
  2095.0   1.0857678708247174e-10 
  2096.0   1.0626808940572708e-10 
  2097.0   1.00534576956256e-10 
  2098.0   9.919239862490967e-11 
  2099.0   9.801812145227817e-11 
  2100.0   1.0187373628379869e-10 
