  2015.0   2.817675723533874 
  2016.0   2.7301583057614516 
  2017.0   2.901130619259716 
  2018.0   2.8794726336502974 
  2019.0   3.1107845829911556 
  2020.0   3.0894919073530676 
  2021.0   2.8419091422088405 
  2022.0   2.9249324413151045 
  2023.0   3.0714780460678037 
  2024.0   3.0025868067674977 
  2025.0   3.1342086130518076 
  2026.0   3.0885657425359936 
  2027.0   3.0579949296965547 
  2028.0   3.0269031682910956 
  2029.0   3.321990453972374 
  2030.0   3.285435533947051 
  2031.0   2.986891442132343 
  2032.0   3.1831871699385728 
  2033.0   3.223188961086626 
  2034.0   3.9259878338980556 
  2035.0   3.8357628348588757 
  2036.0   3.620248540040399 
  2037.0   3.698661188827374 
  2038.0   3.346962770458383 
  2039.0   3.4468136685880757 
  2040.0   3.0986369144199166 
  2041.0   3.2445758935463993 
  2042.0   3.0729630155256733 
  2043.0   3.118900697716538 
  2044.0   3.3999354374386663 
  2045.0   3.65627907272453 
  2046.0   3.345731605303084 
  2047.0   3.6593188787025293 
  2048.0   3.8057240599517255 
  2049.0   3.6728323499797235 
  2050.0   3.7431529542804762 
  2051.0   3.5052921733109486 
  2052.0   3.495394693758962 
  2053.0   4.005189771368812 
  2054.0   4.262047079826783 
  2055.0   3.8696625938095055 
  2056.0   3.6931144453455476 
  2057.0   3.9074690835108523 
  2058.0   3.515347376551683 
  2059.0   3.149808359692147 
  2060.0   3.6709219733414526 
  2061.0   3.53107280689293 
  2062.0   3.816107109775718 
  2063.0   3.797296438605193 
  2064.0   3.899033099000602 
  2065.0   4.09970897887746 
  2066.0   3.8901465833644826 
  2067.0   3.727764556779247 
  2068.0   3.9633764589599196 
  2069.0   3.8299348665977186 
  2070.0   3.78018736975996 
  2071.0   4.050137494184928 
  2072.0   4.085336207116506 
  2073.0   4.052500147568332 
  2074.0   3.9542046105794832 
  2075.0   3.8541676859416514 
  2076.0   3.9039439767767337 
  2077.0   4.096276317776382 
  2078.0   4.2039754462038355 
  2079.0   4.408313628997862 
  2080.0   4.163082980264402 
  2081.0   4.037282118078085 
  2082.0   4.378820124643512 
  2083.0   3.9516808201515676 
  2084.0   3.826026405150711 
  2085.0   3.7256675273030138 
  2086.0   4.34933045092299 
  2087.0   4.328160359031565 
  2088.0   4.177662524228539 
  2089.0   4.036938830048257 
  2090.0   4.285903069133394 
  2091.0   4.090120762230063 
  2092.0   4.440489903440309 
  2093.0   4.662132846156251 
  2094.0   4.0130557802014 
  2095.0   4.057342300362921 
  2096.0   3.961069634863141 
  2097.0   4.304855492301822 
  2098.0   4.1194203052688225 
  2099.0   4.435757907174247 
  2100.0   4.2863995495012555 
