  2015.0   2.8923748103379836e-10 
  2016.0   2.8941646674368204e-10 
  2017.0   2.9417042835393295e-10 
  2018.0   3.009277876807595e-10 
  2019.0   3.078449801109086e-10 
  2020.0   3.1483706098459583e-10 
  2021.0   3.2093455049096706e-10 
  2022.0   3.246244993839824e-10 
  2023.0   3.2209421486691515e-10 
  2024.0   3.1297073298720035e-10 
  2025.0   3.024836963746021e-10 
  2026.0   2.927096619952316e-10 
  2027.0   2.8262554318372814e-10 
  2028.0   2.7327436454991855e-10 
  2029.0   2.6569213710260677e-10 
  2030.0   2.5845014478940286e-10 
  2031.0   2.5147668998573815e-10 
  2032.0   2.4578269200737373e-10 
  2033.0   2.4187787162651183e-10 
  2034.0   2.3906558832418174e-10 
  2035.0   2.3646008267356486e-10 
  2036.0   2.338687973511142e-10 
  2037.0   2.313637081154771e-10 
  2038.0   2.2964685371087875e-10 
  2039.0   2.2921987785553707e-10 
  2040.0   2.2988134234301577e-10 
  2041.0   2.307403523529336e-10 
  2042.0   2.311532980976453e-10 
  2043.0   2.3125360113543726e-10 
  2044.0   2.313001783324169e-10 
  2045.0   2.328483980494447e-10 
  2046.0   2.351881091391211e-10 
  2047.0   2.367989752110445e-10 
  2048.0   2.3796908230725493e-10 
  2049.0   2.3884447638888004e-10 
  2050.0   2.3867065179091144e-10 
  2051.0   2.3705534299716325e-10 
  2052.0   2.36001825760269e-10 
  2053.0   2.350046880656753e-10 
  2054.0   2.329250297680939e-10 
  2055.0   2.3064132339273392e-10 
  2056.0   2.2964428514346252e-10 
  2057.0   2.305272511560522e-10 
  2058.0   2.323947492943759e-10 
  2059.0   2.3375775977690523e-10 
  2060.0   2.3309479272831143e-10 
  2061.0   2.3186695056494136e-10 
  2062.0   2.3204831783759641e-10 
  2063.0   2.330599503042457e-10 
  2064.0   2.338183173782055e-10 
  2065.0   2.3463555267357973e-10 
  2066.0   2.3650232016588963e-10 
  2067.0   2.386065964077133e-10 
  2068.0   2.3909144382462895e-10 
  2069.0   2.3844735180454364e-10 
  2070.0   2.384451122962763e-10 
  2071.0   2.4065242202184704e-10 
  2072.0   2.4407187800702093e-10 
  2073.0   2.4489986833284745e-10 
  2074.0   2.448657303361723e-10 
  2075.0   2.455693899994798e-10 
  2076.0   2.459944092263736e-10 
  2077.0   2.469500181633424e-10 
  2078.0   2.4688865647095617e-10 
  2079.0   2.472505225058114e-10 
  2080.0   2.5012189678260335e-10 
  2081.0   2.54015254177136e-10 
  2082.0   2.587104865603112e-10 
  2083.0   2.6290136918003286e-10 
  2084.0   2.656718263612115e-10 
  2085.0   2.669553478724346e-10 
  2086.0   2.691506043233012e-10 
  2087.0   2.7160990887013163e-10 
  2088.0   2.72722944914831e-10 
  2089.0   2.7376089604525117e-10 
  2090.0   2.754217698835948e-10 
  2091.0   2.773899707666538e-10 
  2092.0   2.7976550454118855e-10 
  2093.0   2.8266732427214986e-10 
  2094.0   2.8556218312106023e-10 
  2095.0   2.867730079680257e-10 
  2096.0   2.8773969937349045e-10 
  2097.0   2.9025228608825e-10 
  2098.0   2.9282557603996693e-10 
  2099.0   2.935391877316413e-10 
  2100.0   2.664197382891637e-10 
