  2015.0   0.5925826655098819 
  2016.0   0.5907462755666677 
  2017.0   0.5942070074967192 
  2018.0   0.5975259173593801 
  2019.0   0.5999634213065176 
  2020.0   0.6052905119254008 
  2021.0   0.603129442586509 
  2022.0   0.6023034921948113 
  2023.0   0.5989394003898048 
  2024.0   0.598211671050009 
  2025.0   0.6035369974905915 
  2026.0   0.605489001727988 
  2027.0   0.6031906833763587 
  2028.0   0.6011969335633311 
  2029.0   0.6011653243017157 
  2030.0   0.6038247481674003 
  2031.0   0.6059862907462805 
  2032.0   0.6120191611656968 
  2033.0   0.606679573421104 
  2034.0   0.6237469790419248 
  2035.0   0.6236328028627555 
  2036.0   0.6092682836995086 
  2037.0   0.60975973203025 
  2038.0   0.6075607274984097 
  2039.0   0.6119557728984159 
  2040.0   0.6070679419480242 
  2041.0   0.6050215575842193 
  2042.0   0.5968405017798559 
  2043.0   0.5911988138735222 
  2044.0   0.59557455768573 
  2045.0   0.6066486991350306 
  2046.0   0.5965515395727258 
  2047.0   0.5939530955565101 
  2048.0   0.5963150704176757 
  2049.0   0.5962462039839348 
  2050.0   0.5897362438674325 
  2051.0   0.5924141435360412 
  2052.0   0.5890128721242519 
  2053.0   0.5840107049504524 
  2054.0   0.5982032908952651 
  2055.0   0.5991229556316751 
  2056.0   0.5888211297778493 
  2057.0   0.5881435082985889 
  2058.0   0.587294803630497 
  2059.0   0.5814517407291425 
  2060.0   0.5899960314472545 
  2061.0   0.5871979653153977 
  2062.0   0.5940485271782974 
  2063.0   0.5879137265612036 
  2064.0   0.5833597901739138 
  2065.0   0.584250937726056 
  2066.0   0.5892922348601801 
  2067.0   0.5853264620019681 
  2068.0   0.5844922657278494 
  2069.0   0.5929514080843041 
  2070.0   0.5780667650346888 
  2071.0   0.5874705395090184 
  2072.0   0.5907059505465845 
  2073.0   0.579016205107523 
  2074.0   0.5905749753164298 
  2075.0   0.5823164931410061 
  2076.0   0.5791757366303285 
  2077.0   0.5807124368491501 
  2078.0   0.5787950790336329 
  2079.0   0.577383350998904 
  2080.0   0.5741458441475426 
  2081.0   0.5723041977914619 
  2082.0   0.5800782723024522 
  2083.0   0.5727280170031692 
  2084.0   0.5681098856323651 
  2085.0   0.5643230274008891 
  2086.0   0.5823363939913048 
  2087.0   0.588135406454695 
  2088.0   0.5722072065584806 
  2089.0   0.5607820962587089 
  2090.0   0.5752052207490176 
  2091.0   0.5736268362628753 
  2092.0   0.5757927791981862 
  2093.0   0.5931393992939209 
  2094.0   0.5778411479623745 
  2095.0   0.5847276667684952 
  2096.0   0.5856152001404825 
  2097.0   0.5841986882564651 
  2098.0   0.5880766093045915 
  2099.0   0.5834832919886563 
  2100.0   0.584033385220727 
