  2015.0   5.685137693193973e-10 
  2016.0   5.141292647890923e-10 
  2017.0   5.006374095755134e-10 
  2018.0   5.125510139498536e-10 
  2019.0   3.932645604436767e-10 
  2020.0   4.80419524405787e-10 
  2021.0   5.718969980067462e-10 
  2022.0   5.927324421885413e-10 
  2023.0   5.900038474606225e-10 
  2024.0   5.80547749080164e-10 
  2025.0   6.058381255645413e-10 
  2026.0   6.636278832128485e-10 
  2027.0   7.057706903368061e-10 
  2028.0   6.118138242346076e-10 
  2029.0   6.313071653555395e-10 
  2030.0   6.366617958155884e-10 
  2031.0   8.051273949787465e-10 
  2032.0   6.760131504024715e-10 
  2033.0   6.731597509339435e-10 
  2034.0   6.029924702111036e-10 
  2035.0   7.240909889343668e-10 
  2036.0   6.481269389851548e-10 
  2037.0   5.896645323461044e-10 
  2038.0   6.046488398017334e-10 
  2039.0   5.880251530961497e-10 
  2040.0   6.621537704434614e-10 
  2041.0   8.24535072831373e-10 
  2042.0   7.58801349702461e-10 
  2043.0   7.375583871529863e-10 
  2044.0   6.571921524419421e-10 
  2045.0   5.93166950512009e-10 
  2046.0   5.252767457656691e-10 
  2047.0   5.714769950677144e-10 
  2048.0   7.404638712694891e-10 
  2049.0   6.546133654679537e-10 
  2050.0   7.650578080450238e-10 
  2051.0   6.7046047010141e-10 
  2052.0   6.631390696701476e-10 
  2053.0   7.54218500213806e-10 
  2054.0   8.12049656287948e-10 
  2055.0   7.180364804200006e-10 
  2056.0   6.183870346930824e-10 
  2057.0   6.209329463575357e-10 
  2058.0   7.397097919334827e-10 
  2059.0   8.421114652443169e-10 
  2060.0   7.69085329996409e-10 
  2061.0   7.102779641660287e-10 
  2062.0   6.305145648775305e-10 
  2063.0   7.032365753159444e-10 
  2064.0   8.983706803149688e-10 
  2065.0   8.470553122622031e-10 
  2066.0   7.564354333377205e-10 
  2067.0   7.255991003149906e-10 
  2068.0   7.749055667575334e-10 
  2069.0   7.116594287329765e-10 
  2070.0   6.696669380106032e-10 
  2071.0   7.637155633754318e-10 
  2072.0   7.870105222790947e-10 
  2073.0   7.725994496077746e-10 
  2074.0   7.595361047619701e-10 
  2075.0   8.25160670742007e-10 
  2076.0   8.562593996495736e-10 
  2077.0   8.884806023487511e-10 
  2078.0   9.482236532318267e-10 
  2079.0   8.402362157741042e-10 
  2080.0   8.395404154578414e-10 
  2081.0   8.686308509137314e-10 
  2082.0   8.270966766813311e-10 
  2083.0   8.802170588710481e-10 
  2084.0   9.403773625433168e-10 
  2085.0   8.353931027370529e-10 
  2086.0   7.578456384187995e-10 
  2087.0   7.647599583875444e-10 
  2088.0   8.319957535779365e-10 
  2089.0   8.603612306769397e-10 
  2090.0   8.486114066064955e-10 
  2091.0   8.678620192716201e-10 
  2092.0   8.406356434461513e-10 
  2093.0   9.49745242970608e-10 
  2094.0   9.608781306490672e-10 
  2095.0   9.143482838171711e-10 
  2096.0   9.264396953131095e-10 
  2097.0   9.760337712035013e-10 
  2098.0   9.494970591515358e-10 
  2099.0   9.53969076221853e-10 
  2100.0   9.924452885270725e-10 
