  2015.0   1.6778066432478109e-09 
  2016.0   1.670728842131121e-09 
  2017.0   1.7386063518173333e-09 
  2018.0   1.8312305774785237e-09 
  2019.0   1.8616088226291649e-09 
  2020.0   1.9325346501735797e-09 
  2021.0   2.0133554013645787e-09 
  2022.0   2.0382982787527887e-09 
  2023.0   2.1531799848376878e-09 
  2024.0   2.1194017091776645e-09 
  2025.0   2.0231911362342963e-09 
  2026.0   1.9678796823327927e-09 
  2027.0   2.082938491970289e-09 
  2028.0   2.0600433123172736e-09 
  2029.0   2.008923863923373e-09 
  2030.0   2.1429448734666337e-09 
  2031.0   2.1485439506261572e-09 
  2032.0   2.1353391896812494e-09 
  2033.0   2.105331113197194e-09 
  2034.0   2.211048914804602e-09 
  2035.0   2.2891607404591493e-09 
  2036.0   2.2503791300713297e-09 
  2037.0   2.0612637631918734e-09 
  2038.0   1.9779471724576874e-09 
  2039.0   2.1242002642228618e-09 
  2040.0   2.14860575857536e-09 
  2041.0   2.2707587777846458e-09 
  2042.0   2.224956791180401e-09 
  2043.0   2.2313200965974957e-09 
  2044.0   2.2329934854819926e-09 
  2045.0   2.2507680177563383e-09 
  2046.0   2.389046484846692e-09 
  2047.0   2.1497515472783223e-09 
  2048.0   2.270348449746745e-09 
  2049.0   2.266106217359836e-09 
  2050.0   2.4217657694700733e-09 
  2051.0   2.470511796178661e-09 
  2052.0   2.3174941354373154e-09 
  2053.0   2.245684759353496e-09 
  2054.0   2.327615642884082e-09 
  2055.0   2.340272112216206e-09 
  2056.0   2.534030167792722e-09 
  2057.0   2.209583431309705e-09 
  2058.0   2.2114902015614774e-09 
  2059.0   2.403149203578537e-09 
  2060.0   2.347495496397588e-09 
  2061.0   2.306784439766569e-09 
  2062.0   2.3611811287953365e-09 
  2063.0   2.5238677947811012e-09 
  2064.0   2.4015935577914045e-09 
  2065.0   2.4128515721763558e-09 
  2066.0   2.391496295663519e-09 
  2067.0   2.4235498467806485e-09 
  2068.0   2.3634652739681274e-09 
  2069.0   2.3901377777071995e-09 
  2070.0   2.343003991950566e-09 
  2071.0   2.3671405268634463e-09 
  2072.0   2.567187617762424e-09 
  2073.0   2.393006484594375e-09 
  2074.0   2.453088473215472e-09 
  2075.0   2.6878102097377775e-09 
  2076.0   2.4297187484859495e-09 
  2077.0   2.510637980367424e-09 
  2078.0   2.8066242671859086e-09 
  2079.0   2.6247187973992007e-09 
  2080.0   2.6849915505966246e-09 
  2081.0   2.488366512597918e-09 
  2082.0   2.4855635251484815e-09 
  2083.0   2.4724512703102504e-09 
  2084.0   2.7349621872943736e-09 
  2085.0   2.8096909133708414e-09 
  2086.0   2.658167485302303e-09 
  2087.0   2.544242562385159e-09 
  2088.0   2.5789650147596346e-09 
  2089.0   2.6624648814919982e-09 
  2090.0   2.5767514000701166e-09 
  2091.0   2.597830673867681e-09 
  2092.0   2.5385979762130513e-09 
  2093.0   2.639214254602593e-09 
  2094.0   2.7664305983472403e-09 
  2095.0   2.6347095277367247e-09 
  2096.0   2.695605778880409e-09 
  2097.0   2.770228845192734e-09 
  2098.0   2.6051667938850762e-09 
  2099.0   2.5038334421228404e-09 
  2100.0   2.675885205667092e-09 
