  2015.0   6.044488196768979e-10 
  2016.0   6.705930366749477e-10 
  2017.0   7.267956160075418e-10 
  2018.0   7.977735613436532e-10 
  2019.0   8.92037951318236e-10 
  2020.0   1.0130758418958006e-09 
  2021.0   1.2024496204615046e-09 
  2022.0   1.1863938642135399e-09 
  2023.0   1.028632134765552e-09 
  2024.0   8.935055808050659e-10 
  2025.0   8.114556773489969e-10 
  2026.0   7.850327065041847e-10 
  2027.0   7.445330485133624e-10 
  2028.0   7.101736203876721e-10 
  2029.0   7.054425528594054e-10 
  2030.0   6.936482622937963e-10 
  2031.0   6.923778826547095e-10 
  2032.0   7.02108732052526e-10 
  2033.0   7.077333026474119e-10 
  2034.0   7.12869003547531e-10 
  2035.0   7.062581303036472e-10 
  2036.0   7.036537104208168e-10 
  2037.0   6.901906918523627e-10 
  2038.0   6.963218483504925e-10 
  2039.0   6.890879269542702e-10 
  2040.0   6.992677609609142e-10 
  2041.0   7.06863015240757e-10 
  2042.0   7.329066080905861e-10 
  2043.0   7.390703242822884e-10 
  2044.0   7.404743182767089e-10 
  2045.0   7.505900401319081e-10 
  2046.0   7.64899082878014e-10 
  2047.0   7.620469569604337e-10 
  2048.0   7.727430632623544e-10 
  2049.0   7.780378818130994e-10 
  2050.0   8.078070294880382e-10 
  2051.0   7.71031312227012e-10 
  2052.0   7.367971572476973e-10 
  2053.0   7.043564922939122e-10 
  2054.0   6.863171491036161e-10 
  2055.0   6.739872600425443e-10 
  2056.0   6.649788976061312e-10 
  2057.0   6.750853213889378e-10 
  2058.0   6.839698347320679e-10 
  2059.0   6.778086249853541e-10 
  2060.0   6.911217007771121e-10 
  2061.0   7.04261188771203e-10 
  2062.0   7.000225388652661e-10 
  2063.0   6.84348999986751e-10 
  2064.0   6.993184687360613e-10 
  2065.0   7.268363151986835e-10 
  2066.0   7.197606345747931e-10 
  2067.0   6.950982525599261e-10 
  2068.0   7.072156796760406e-10 
  2069.0   7.057600071383782e-10 
  2070.0   7.048463237549112e-10 
  2071.0   7.005305946779119e-10 
  2072.0   6.835880278257169e-10 
  2073.0   6.900125682609376e-10 
  2074.0   7.24611982675182e-10 
  2075.0   7.305425264486194e-10 
  2076.0   7.167695618375222e-10 
  2077.0   7.20014943884104e-10 
  2078.0   7.300656794731355e-10 
  2079.0   7.243238011497071e-10 
  2080.0   7.116148807105515e-10 
  2081.0   7.229697843595018e-10 
  2082.0   7.245760384528635e-10 
  2083.0   7.20064081191479e-10 
  2084.0   7.357719297376191e-10 
  2085.0   7.374923279647206e-10 
  2086.0   7.406289926405984e-10 
  2087.0   7.217747076047041e-10 
  2088.0   7.256575149855324e-10 
  2089.0   7.366388398685703e-10 
  2090.0   7.317559237129167e-10 
  2091.0   7.377451488020044e-10 
  2092.0   7.498746253305601e-10 
  2093.0   7.569757524660923e-10 
  2094.0   7.644908286949361e-10 
  2095.0   7.550440042024082e-10 
  2096.0   7.446119426755297e-10 
  2097.0   7.670492912476888e-10 
  2098.0   7.728953869495121e-10 
  2099.0   7.83018994692908e-10 
  2100.0   0.0 
