  2015.0   4.653988048862971 
  2016.0   4.782339898624099 
  2017.0   5.104613042356243 
  2018.0   5.078550088957924 
  2019.0   4.708789618770698 
  2020.0   4.414096341764595 
  2021.0   4.685363401396812 
  2022.0   4.609715054718815 
  2023.0   4.586235106369011 
  2024.0   4.852261214475866 
  2025.0   4.832588973605641 
  2026.0   5.200221015390257 
  2027.0   5.315862139844953 
  2028.0   5.7117698849454035 
  2029.0   5.205740400758426 
  2030.0   5.370932324332774 
  2031.0   5.549401778712494 
  2032.0   5.491710651633196 
  2033.0   4.987714802006571 
  2034.0   5.428587404792693 
  2035.0   5.691547497815148 
  2036.0   5.477993626621714 
  2037.0   5.539297518930432 
  2038.0   5.521451000503884 
  2039.0   5.438604328923116 
  2040.0   5.176342993244573 
  2041.0   5.634688187720704 
  2042.0   5.64758036176326 
  2043.0   5.844529353705255 
  2044.0   6.10856362164765 
  2045.0   5.93883543325307 
  2046.0   5.76960460965313 
  2047.0   5.398609296895617 
  2048.0   6.020383225949141 
  2049.0   5.61562478127192 
  2050.0   6.006554510820082 
  2051.0   5.809782098084853 
  2052.0   5.91538428504545 
  2053.0   6.059782120418336 
  2054.0   6.250405445230762 
  2055.0   5.938992634024447 
  2056.0   5.917286550839473 
  2057.0   6.092700695503872 
  2058.0   5.708895438778628 
  2059.0   6.047966453414414 
  2060.0   5.991760088090069 
  2061.0   5.782835794495682 
  2062.0   5.748799489272593 
  2063.0   5.737463859182769 
  2064.0   6.059094412397424 
  2065.0   6.352401780402695 
  2066.0   6.069202098440541 
  2067.0   6.147669509457759 
  2068.0   5.828204965293876 
  2069.0   6.202945808115296 
  2070.0   6.078482644774053 
  2071.0   6.0072141403353045 
  2072.0   6.044056978943347 
  2073.0   6.12498366307997 
  2074.0   6.463093463555268 
  2075.0   6.428397899320752 
  2076.0   6.515793221892777 
  2077.0   6.16251067736414 
  2078.0   6.120367518039809 
  2079.0   6.425767489868296 
  2080.0   6.261261494067416 
  2081.0   6.516780950752477 
  2082.0   6.622538356614952 
  2083.0   6.457573336262066 
  2084.0   6.564542206696132 
  2085.0   6.097141784835644 
  2086.0   6.324822521847851 
  2087.0   6.296805382339031 
  2088.0   6.269266349450204 
  2089.0   6.7249984668242915 
  2090.0   6.109336814788936 
  2091.0   6.495027121014181 
  2092.0   7.145997235525967 
  2093.0   7.199299959656713 
  2094.0   6.757001416655869 
  2095.0   6.827302840515703 
  2096.0   6.363269174311856 
  2097.0   6.385647131523811 
  2098.0   7.119469181674109 
  2099.0   7.217718209605003 
  2100.0   6.67498782516633 
