  2015.0   0.9691148339260378 
  2016.0   0.9934937502495126 
  2017.0   0.9999982369918906 
  2018.0   0.9518611769821259 
  2019.0   0.9443018989451492 
  2020.0   0.9464106657407884 
  2021.0   0.955608720344024 
  2022.0   0.9561699898631696 
  2023.0   0.929188685960195 
  2024.0   0.9503204318172723 
  2025.0   0.9189826485995652 
  2026.0   0.9400555091886219 
  2027.0   0.9458249319440287 
  2028.0   0.9598510711578356 
  2029.0   0.9473405082643972 
  2030.0   0.9489787038593851 
  2031.0   0.9498031314813018 
  2032.0   0.8803008996847895 
  2033.0   0.9022881310900792 
  2034.0   0.9833693330035201 
  2035.0   0.9816081286886855 
  2036.0   0.9761467130698145 
  2037.0   0.9537589374996518 
  2038.0   0.9588750980645488 
  2039.0   1.018206460786183 
  2040.0   1.0334791238104681 
  2041.0   0.9824411119248697 
  2042.0   1.0015587379207946 
  2043.0   0.995999986232728 
  2044.0   1.018761183335208 
  2045.0   1.0099565580439098 
  2046.0   0.9623432368283272 
  2047.0   1.0015425978831554 
  2048.0   1.0091410741388127 
  2049.0   1.0049007137390165 
  2050.0   0.9818933486604465 
  2051.0   0.9859980708050418 
  2052.0   1.0215982778545354 
  2053.0   0.9955650328294954 
  2054.0   1.0107504577188986 
  2055.0   1.0096875784836028 
  2056.0   1.042531879343768 
  2057.0   1.0417295633459047 
  2058.0   1.0235316057528017 
  2059.0   0.9878705883119048 
  2060.0   1.0102989705586674 
  2061.0   1.0297959312243286 
  2062.0   1.0220274812832328 
  2063.0   0.9547212711058598 
  2064.0   1.0074072305511073 
  2065.0   1.031390288159841 
  2066.0   1.0053457221580002 
  2067.0   0.9989502648206456 
  2068.0   1.0662496095038279 
  2069.0   1.063420861921114 
  2070.0   1.0697173090789633 
  2071.0   1.0403608561325803 
  2072.0   1.0537402114241183 
  2073.0   1.0976929281086532 
  2074.0   1.0884239328775125 
  2075.0   1.0310923352885992 
  2076.0   1.0170081993508786 
  2077.0   1.0843872623511641 
  2078.0   1.071590486057387 
  2079.0   1.091992892902084 
  2080.0   1.0791672159001369 
  2081.0   1.0767991606419431 
  2082.0   1.0522332003669725 
  2083.0   1.069283806750403 
  2084.0   1.0399474706655825 
  2085.0   1.0707869598063284 
  2086.0   1.0585962926667216 
  2087.0   1.0829834326490302 
  2088.0   1.0600023734928425 
  2089.0   1.0361445998109688 
  2090.0   1.0753740290360445 
  2091.0   1.1096006253982564 
  2092.0   1.080118833875933 
  2093.0   1.055770979543664 
  2094.0   1.1051321622680306 
  2095.0   1.1022948779375645 
  2096.0   1.062482563318474 
  2097.0   1.0228520258620968 
  2098.0   1.0855512329773098 
  2099.0   1.144881204862525 
  2100.0   1.1034304998033446 
