  2015.0   -2.8242012341138307e-09 
  2016.0   -3.1786160022175276e-09 
  2017.0   -3.0027250987150234e-09 
  2018.0   -3.2478351747069534e-09 
  2019.0   -3.410345892390627e-09 
  2020.0   -3.2239086864304493e-09 
  2021.0   -3.4038032725512145e-09 
  2022.0   -3.645990613681677e-09 
  2023.0   -3.481867594607659e-09 
  2024.0   -3.5590998509340066e-09 
  2025.0   -3.491481737680775e-09 
  2026.0   -3.884819580707834e-09 
  2027.0   -4.275660878129076e-09 
  2028.0   -3.2885381403962885e-09 
  2029.0   -2.957824401508568e-09 
  2030.0   -3.0533825386709534e-09 
  2031.0   -3.987273180313772e-09 
  2032.0   -3.625995441225191e-09 
  2033.0   -3.5711814239688723e-09 
  2034.0   -4.051592834089267e-09 
  2035.0   -3.0900653466981572e-09 
  2036.0   -3.8516678985139e-09 
  2037.0   -3.7752282593797755e-09 
  2038.0   -3.689173745694298e-09 
  2039.0   -3.723795681251724e-09 
  2040.0   -4.042163183064146e-09 
  2041.0   -3.705773287527327e-09 
  2042.0   -3.6234523397293536e-09 
  2043.0   -3.6782504814652473e-09 
  2044.0   -3.9287868521810005e-09 
  2045.0   -3.6343010922207056e-09 
  2046.0   -3.7785431761129656e-09 
  2047.0   -3.792149188905635e-09 
  2048.0   -3.541058802671142e-09 
  2049.0   -3.330618690270582e-09 
  2050.0   -3.704183418530076e-09 
  2051.0   -3.807681465875154e-09 
  2052.0   -3.32359265690802e-09 
  2053.0   -3.002884356640745e-09 
  2054.0   -4.16013444306237e-09 
  2055.0   -4.036808265557834e-09 
  2056.0   -4.6042457123781805e-09 
  2057.0   -4.4909452801641264e-09 
  2058.0   -3.854735587882306e-09 
  2059.0   -3.900672595178999e-09 
  2060.0   -4.2513144481698915e-09 
  2061.0   -4.50796208771691e-09 
  2062.0   -4.901135894123287e-09 
  2063.0   -4.272464811423677e-09 
  2064.0   -5.051620300680264e-09 
  2065.0   -4.774815445454332e-09 
  2066.0   -4.310824079747288e-09 
  2067.0   -4.334425050853631e-09 
  2068.0   -5.149936358831311e-09 
  2069.0   -4.516242613443849e-09 
  2070.0   -4.448720542035099e-09 
  2071.0   -5.161608542520503e-09 
  2072.0   -4.875061864265364e-09 
  2073.0   -4.973042891549724e-09 
  2074.0   -4.489246120444407e-09 
  2075.0   -4.662559491169953e-09 
  2076.0   -5.137423814486223e-09 
  2077.0   -5.2960507061947584e-09 
  2078.0   -4.393669484080879e-09 
  2079.0   -4.40680961408758e-09 
  2080.0   -4.6855317548681384e-09 
  2081.0   -5.475143249837468e-09 
  2082.0   -4.529622865836545e-09 
  2083.0   -5.451059905632484e-09 
  2084.0   -5.162238119173318e-09 
  2085.0   -4.668366127116315e-09 
  2086.0   -4.391722289047581e-09 
  2087.0   -4.765610323157592e-09 
  2088.0   -4.87420998246282e-09 
  2089.0   -4.4608614197936684e-09 
  2090.0   -4.422208222572995e-09 
  2091.0   -4.62397833647924e-09 
  2092.0   -4.953634555256809e-09 
  2093.0   -4.955763272944481e-09 
  2094.0   -5.457510957065897e-09 
  2095.0   -5.329192681474524e-09 
  2096.0   -5.895684868632036e-09 
  2097.0   -5.405728554107757e-09 
  2098.0   -4.828921062392632e-09 
  2099.0   -4.707174467179123e-09 
  2100.0   -5.513839563070065e-09 
