  2015.0   0.858133501662016 
  2016.0   0.8808392143261761 
  2017.0   0.8480810498316449 
  2018.0   0.9814140282775491 
  2019.0   0.8703006540439344 
  2020.0   0.8344181072862975 
  2021.0   0.9242706406702268 
  2022.0   0.9844999537711766 
  2023.0   0.9652110414717572 
  2024.0   0.9265369924435742 
  2025.0   1.0242298806867025 
  2026.0   0.8840032141232437 
  2027.0   0.934998779069572 
  2028.0   1.0318970997005954 
  2029.0   0.9782912278650313 
  2030.0   1.0289547101828005 
  2031.0   0.9436606118288587 
  2032.0   0.9423800347562135 
  2033.0   1.0013335629753146 
  2034.0   1.0338903899795557 
  2035.0   1.1411980940134667 
  2036.0   0.9760556011060877 
  2037.0   1.1732146889081922 
  2038.0   1.0018496941991164 
  2039.0   0.9886632179112813 
  2040.0   1.0654063542092926 
  2041.0   1.0635537151154248 
  2042.0   1.034458925379969 
  2043.0   0.957277687390284 
  2044.0   1.1403185979448098 
  2045.0   1.1197730138366593 
  2046.0   1.1059659075221786 
  2047.0   1.079971214004111 
  2048.0   1.0544503273969086 
  2049.0   0.9944961450374631 
  2050.0   1.0818044217006726 
  2051.0   1.0332561484857663 
  2052.0   1.0002085923808441 
  2053.0   0.981079595758777 
  2054.0   1.2389609011940044 
  2055.0   1.2795852697109957 
  2056.0   1.1803221871041734 
  2057.0   1.0310732631118205 
  2058.0   1.0984589672888714 
  2059.0   1.00230333445724 
  2060.0   1.0787510503389248 
  2061.0   1.0494065206142495 
  2062.0   1.0033134703640822 
  2063.0   1.2274983033630045 
  2064.0   1.1363120263696058 
  2065.0   1.1738929996647929 
  2066.0   1.0461010934132478 
  2067.0   1.1438888075104312 
  2068.0   1.1742508402261649 
  2069.0   1.3377832485286907 
  2070.0   1.410195767856842 
  2071.0   1.0887681361524943 
  2072.0   1.1279917397536876 
  2073.0   1.0243145890715217 
  2074.0   1.0593180790667833 
  2075.0   1.2406219544631085 
  2076.0   1.1643886355352964 
  2077.0   1.1561971578826165 
  2078.0   1.1368986580474143 
  2079.0   1.2706028843883321 
  2080.0   1.261124637026145 
  2081.0   1.2513991160567637 
  2082.0   1.226416612466543 
  2083.0   1.178536602248043 
  2084.0   1.2540642987929527 
  2085.0   1.1183523034907112 
  2086.0   1.0328416855703921 
  2087.0   1.0880950143238501 
  2088.0   1.0116352475254615 
  2089.0   1.310460128315746 
  2090.0   1.4825422541549198 
  2091.0   1.514017760268799 
  2092.0   1.3287112711037508 
  2093.0   1.2525547310821623 
  2094.0   1.2049031669569337 
  2095.0   1.2983584114415612 
  2096.0   1.213252816030936 
  2097.0   1.0271913691184524 
  2098.0   1.2396611250601983 
  2099.0   1.0852133865235873 
  2100.0   1.1516946209987262 
