  2015.0   4.161519571357284e-10 
  2016.0   3.660938177908465e-10 
  2017.0   3.7855475905351726e-10 
  2018.0   3.8587343374279334e-10 
  2019.0   3.9560695118929376e-10 
  2020.0   4.034352872964075e-10 
  2021.0   4.155065121565954e-10 
  2022.0   4.3299039689144894e-10 
  2023.0   4.1670762124853737e-10 
  2024.0   4.110600773036917e-10 
  2025.0   4.127995357328236e-10 
  2026.0   4.163125216270685e-10 
  2027.0   4.2273122521714936e-10 
  2028.0   4.2823986833837716e-10 
  2029.0   4.3620789926172144e-10 
  2030.0   4.3531980707348476e-10 
  2031.0   4.3790193944524937e-10 
  2032.0   4.3906417012390504e-10 
  2033.0   4.439459182320785e-10 
  2034.0   4.4571313758551716e-10 
  2035.0   4.458630089905084e-10 
  2036.0   4.408917501047943e-10 
  2037.0   4.390840369129163e-10 
  2038.0   4.4873850783782487e-10 
  2039.0   4.443197208661702e-10 
  2040.0   3.6450361543445093e-10 
  2041.0   3.448608777281011e-10 
  2042.0   3.427804786997884e-10 
  2043.0   3.397095644566717e-10 
  2044.0   3.3765409679125446e-10 
  2045.0   3.202866317060841e-10 
  2046.0   3.0615760940119197e-10 
  2047.0   3.019663008449074e-10 
  2048.0   3.0037958575879197e-10 
  2049.0   3.0106691740188076e-10 
  2050.0   3.0354548314070566e-10 
  2051.0   3.0449782299195693e-10 
  2052.0   2.8703404992495315e-10 
  2053.0   2.838930439545881e-10 
  2054.0   2.8374202822433826e-10 
  2055.0   2.841509480612281e-10 
  2056.0   2.8475977956588797e-10 
  2057.0   2.8473337045932396e-10 
  2058.0   2.8216636368658883e-10 
  2059.0   2.8268943674499447e-10 
  2060.0   2.811140485242436e-10 
  2061.0   2.817602703159339e-10 
  2062.0   2.826931692726791e-10 
  2063.0   2.833614733011841e-10 
  2064.0   2.834595214068926e-10 
  2065.0   2.8352584196908947e-10 
  2066.0   2.8471405938971176e-10 
  2067.0   2.8561205831971156e-10 
  2068.0   2.861190869428002e-10 
  2069.0   2.8610390624497336e-10 
  2070.0   2.859842403233418e-10 
  2071.0   2.871415185281794e-10 
  2072.0   2.8814980303570577e-10 
  2073.0   2.8881861544302276e-10 
  2074.0   2.8913919528246846e-10 
  2075.0   2.899155479643062e-10 
  2076.0   2.906880985312794e-10 
  2077.0   2.901726259981495e-10 
  2078.0   2.900911433254041e-10 
  2079.0   2.9029886157470183e-10 
  2080.0   2.906771408389612e-10 
  2081.0   2.9503782991499287e-10 
  2082.0   3.047251676802488e-10 
  2083.0   3.0451775955432315e-10 
  2084.0   3.043548295783227e-10 
  2085.0   3.030835147449058e-10 
  2086.0   3.043059944148667e-10 
  2087.0   3.042555063840265e-10 
  2088.0   3.045473121942491e-10 
  2089.0   3.0542723897722644e-10 
  2090.0   3.052814898786539e-10 
  2091.0   3.056560891727481e-10 
  2092.0   3.051229435892806e-10 
  2093.0   3.056016915669263e-10 
  2094.0   3.0483945787374643e-10 
  2095.0   3.0487137583284786e-10 
  2096.0   3.04303699385732e-10 
  2097.0   3.0439049562374687e-10 
  2098.0   3.0474526776477045e-10 
  2099.0   3.244398331158304e-10 
  2100.0   3.2605183578798107e-10 
