  2015.0   1.461489251909409 
  2016.0   1.4645355573699146 
  2017.0   1.736420176998317 
  2018.0   1.51371402157914 
  2019.0   1.598489085668277 
  2020.0   1.5770232157146762 
  2021.0   1.803787853491268 
  2022.0   1.5388042381809053 
  2023.0   1.606769377158517 
  2024.0   1.8636614791090327 
  2025.0   1.783871943691772 
  2026.0   1.5115336178979193 
  2027.0   1.5060512666059522 
  2028.0   1.4121510809943634 
  2029.0   1.520205121757337 
  2030.0   1.6008558386780674 
  2031.0   1.5865091669057112 
  2032.0   1.855052993969214 
  2033.0   1.8062611571460727 
  2034.0   1.610118281999607 
  2035.0   1.6800885891023132 
  2036.0   1.570929276411791 
  2037.0   1.5016599333388716 
  2038.0   1.561497192404622 
  2039.0   1.4605204568924735 
  2040.0   1.8568012268298046 
  2041.0   1.8042011690856337 
  2042.0   1.7921404251203585 
  2043.0   1.9595809052028286 
  2044.0   1.9658669103007351 
  2045.0   1.6822977002893402 
  2046.0   1.6556349167183848 
  2047.0   1.6130889824095385 
  2048.0   1.3519911308685133 
  2049.0   1.5599184162499586 
  2050.0   1.7228079885275114 
  2051.0   1.6362695906838862 
  2052.0   1.6079901100892924 
  2053.0   1.7404550119161357 
  2054.0   1.7690232207510586 
  2055.0   1.8848061292323945 
  2056.0   1.4869798121058655 
  2057.0   1.5140628068127862 
  2058.0   1.746974671518026 
  2059.0   1.7464836995634925 
  2060.0   1.6179587324369797 
  2061.0   1.76567605399939 
  2062.0   1.8283173235489274 
  2063.0   1.7510705139460345 
  2064.0   1.568848901685196 
  2065.0   1.6317265996885453 
  2066.0   1.5512821522123785 
  2067.0   1.717803131328956 
  2068.0   1.9648743606400647 
  2069.0   1.7172775292599651 
  2070.0   1.8906596306796273 
  2071.0   2.118449975999827 
  2072.0   1.7617578242291645 
  2073.0   2.040765201468115 
  2074.0   1.993700032437815 
  2075.0   2.025679933336909 
  2076.0   2.052095138470496 
  2077.0   2.04546054230847 
  2078.0   1.8963511424902626 
  2079.0   1.9845125721888937 
  2080.0   1.7465610966376461 
  2081.0   1.8056459628065895 
  2082.0   1.86355969000447 
  2083.0   2.089023081091626 
  2084.0   1.8206029189773714 
  2085.0   2.0817288254093684 
  2086.0   2.3642195489937827 
  2087.0   2.2137493145080485 
  2088.0   2.122731009062128 
  2089.0   1.8279965585626226 
  2090.0   1.9027398625910967 
  2091.0   2.0866572870054463 
  2092.0   1.9960244835987777 
  2093.0   1.9481548601570242 
  2094.0   2.2106920966254844 
  2095.0   2.402404777461365 
  2096.0   1.9425153106550583 
  2097.0   2.2001545270162004 
  2098.0   2.13831802897763 
  2099.0   2.0307810018882555 
  2100.0   1.8078732984931827 
