  2015.0   5.10850032434475e-10 
  2016.0   -5.840185549430009e-10 
  2017.0   -2.0221341953191638e-10 
  2018.0   5.905770892008199e-10 
  2019.0   -7.699224647458718e-10 
  2020.0   7.402390940253297e-10 
  2021.0   8.741255336906578e-10 
  2022.0   4.680439242228705e-10 
  2023.0   3.6429886405521347e-10 
  2024.0   1.7396073486298353e-10 
  2025.0   -9.790099442803479e-11 
  2026.0   1.140897482930651e-09 
  2027.0   3.243970104760651e-10 
  2028.0   6.172642907100793e-11 
  2029.0   2.542718559504551e-10 
  2030.0   -9.817094750433156e-11 
  2031.0   2.140842200347391e-09 
  2032.0   -1.6502045076620025e-12 
  2033.0   3.184100645878343e-10 
  2034.0   -7.087118323114342e-10 
  2035.0   1.5382036590800011e-09 
  2036.0   -6.890447181015877e-10 
  2037.0   -9.51626440365701e-11 
  2038.0   -4.071934298622363e-10 
  2039.0   -1.7999990027664341e-10 
  2040.0   1.253225064931119e-09 
  2041.0   2.207349101336835e-09 
  2042.0   1.5651694971336229e-09 
  2043.0   9.368611496311778e-11 
  2044.0   -3.075141596194726e-10 
  2045.0   -1.4080344613639172e-09 
  2046.0   -7.0270513537219e-10 
  2047.0   1.9569287770618216e-10 
  2048.0   1.6653925609389228e-09 
  2049.0   9.422718408004267e-10 
  2050.0   5.65193902440746e-10 
  2051.0   -2.991130535254285e-10 
  2052.0   3.869593981230607e-10 
  2053.0   4.185039840449916e-10 
  2054.0   2.157697888539216e-09 
  2055.0   3.538518123146114e-10 
  2056.0   -4.681886241267589e-10 
  2057.0   -1.5590424743405527e-10 
  2058.0   8.046359463171936e-10 
  2059.0   1.0253549945002032e-09 
  2060.0   -1.3606520495969606e-10 
  2061.0   -2.2487175077052455e-12 
  2062.0   -4.935857128400036e-10 
  2063.0   6.861619868999069e-10 
  2064.0   2.8634358772296456e-09 
  2065.0   8.031283032955509e-10 
  2066.0   1.4399139543588047e-10 
  2067.0   1.7985398070747592e-10 
  2068.0   1.7758739608892856e-09 
  2069.0   -1.3709872225257262e-09 
  2070.0   1.8919393366336438e-10 
  2071.0   8.093722835586164e-10 
  2072.0   8.826884303473917e-10 
  2073.0   7.962111425898638e-10 
  2074.0   9.772044358565334e-10 
  2075.0   2.2150766179116864e-10 
  2076.0   9.89292120074477e-10 
  2077.0   7.15042836329259e-10 
  2078.0   1.647772734538098e-09 
  2079.0   2.3371071244244706e-11 
  2080.0   5.73689303970368e-10 
  2081.0   7.888298939736719e-10 
  2082.0   1.199632200440323e-10 
  2083.0   1.0396072391965055e-09 
  2084.0   1.1717927138768518e-09 
  2085.0   4.066002690809582e-10 
  2086.0   -9.557863487966867e-10 
  2087.0   6.926906143905937e-10 
  2088.0   9.062816572553096e-10 
  2089.0   6.72604149313761e-10 
  2090.0   -5.019770548120737e-10 
  2091.0   1.990172290734229e-09 
  2092.0   -4.5550081620983306e-10 
  2093.0   1.7530237473231112e-09 
  2094.0   7.047795076938499e-10 
  2095.0   1.0845963279445186e-09 
  2096.0   7.554241501385635e-10 
  2097.0   8.683814243082114e-10 
  2098.0   -2.694219484676408e-10 
  2099.0   5.634782525254663e-10 
  2100.0   2.5149568860600007e-10 
