  2015.0   1.9777908131509798 
  2016.0   1.848734883546106 
  2017.0   2.049028460725362 
  2018.0   1.794014716511392 
  2019.0   1.520692163304078 
  2020.0   2.2633075157192284 
  2021.0   2.278097827449236 
  2022.0   1.942808980527879 
  2023.0   2.1625674420878918 
  2024.0   2.331608684203265 
  2025.0   2.0669271926799535 
  2026.0   2.384752489618916 
  2027.0   2.2796457014388074 
  2028.0   2.2609446170662775 
  2029.0   2.2555532367664806 
  2030.0   2.6851469714769873 
  2031.0   2.339553854379958 
  2032.0   2.410685943933608 
  2033.0   2.059730304726499 
  2034.0   2.4082934267859946 
  2035.0   2.3896916422420955 
  2036.0   1.9753473128192889 
  2037.0   2.1007313481746754 
  2038.0   2.0716810904135303 
  2039.0   1.9875542112432352 
  2040.0   2.606035709028721 
  2041.0   2.607329060030089 
  2042.0   2.096915571901081 
  2043.0   2.4923220120415324 
  2044.0   1.8399800194587805 
  2045.0   2.090725101603573 
  2046.0   1.6966177410135213 
  2047.0   2.3770140926585572 
  2048.0   2.117245788700274 
  2049.0   2.0653683352964602 
  2050.0   2.5794582223138613 
  2051.0   2.058110917581349 
  2052.0   2.314096250955841 
  2053.0   2.441835083299348 
  2054.0   2.4048028705588678 
  2055.0   1.9301718909670473 
  2056.0   2.03475098431915 
  2057.0   2.227251843304518 
  2058.0   2.5174620158000263 
  2059.0   2.2600406278956515 
  2060.0   2.3728418492625525 
  2061.0   1.9655947597054684 
  2062.0   2.121688790974984 
  2063.0   2.6900222554640782 
  2064.0   2.4626855304405426 
  2065.0   2.5617659160123285 
  2066.0   2.2205089607224955 
  2067.0   2.1173145799159623 
  2068.0   2.233115976338956 
  2069.0   2.011812077874747 
  2070.0   2.3149173795566798 
  2071.0   2.374393287183295 
  2072.0   2.383915388213842 
  2073.0   2.048274212950583 
  2074.0   2.223455730072536 
  2075.0   2.4081531743837625 
  2076.0   2.6400666434661124 
  2077.0   2.699190434238572 
  2078.0   2.3984755950107197 
  2079.0   2.237625909146723 
  2080.0   2.64770482141772 
  2081.0   2.4599300112299414 
  2082.0   2.3007810823111385 
  2083.0   2.774330234691227 
  2084.0   2.4682691147564535 
  2085.0   2.177986252456036 
  2086.0   2.1876789892069217 
  2087.0   2.2126218239330053 
  2088.0   2.6539003378249686 
  2089.0   2.428429790362 
  2090.0   2.6761828598843804 
  2091.0   2.095941916845049 
  2092.0   2.7445724463327803 
  2093.0   2.6654602681757296 
  2094.0   2.832533778375171 
  2095.0   2.5183287575341504 
  2096.0   2.5734750024272093 
  2097.0   2.6207740338808834 
  2098.0   2.8988236352903876 
  2099.0   2.635270368922831 
  2100.0   3.1405770397298958 
