  2015.0   3.6547846625592287e-13 
  2016.0   1.1943233593492412e-12 
  2017.0   1.5890437206041877e-12 
  2018.0   1.7822398900911534e-12 
  2019.0   1.8396785941685137e-12 
  2020.0   1.7359042352367588e-12 
  2021.0   1.4319407791480033e-12 
  2022.0   1.3886503337463377e-12 
  2023.0   1.2777608963496993e-12 
  2024.0   1.8525241589087787e-12 
  2025.0   2.3403651434079025e-12 
  2026.0   3.687330045212786e-12 
  2027.0   5.18919704966718e-12 
  2028.0   5.9098530606386466e-12 
  2029.0   6.709148255174644e-12 
  2030.0   1.1907730750512405e-11 
  2031.0   8.81888605849604e-12 
  2032.0   6.92899054608876e-12 
  2033.0   6.489816939432565e-12 
  2034.0   6.641046941096619e-12 
  2035.0   6.280028603030872e-12 
  2036.0   3.672712205350821e-12 
  2037.0   2.3219602485912247e-12 
  2038.0   1.7457782261599755e-12 
  2039.0   1.4514227285673233e-12 
  2040.0   1.2866315297312556e-12 
  2041.0   1.1931847548504975e-12 
  2042.0   1.1849365534014655e-12 
  2043.0   1.1869856357969865e-12 
  2044.0   1.1219520591423413e-12 
  2045.0   1.0101320926547063e-12 
  2046.0   8.720567102145478e-13 
  2047.0   8.013043248949547e-13 
  2048.0   7.319308345486327e-13 
  2049.0   6.831701737582356e-13 
  2050.0   1.974986028878423e-12 
  2051.0   1.5774509803949918e-12 
  2052.0   9.31370556410311e-13 
  2053.0   6.668267852859493e-13 
  2054.0   5.477390188114047e-13 
  2055.0   4.844618569669966e-13 
  2056.0   4.2656084879952585e-13 
  2057.0   3.842188102564541e-13 
  2058.0   3.5128794231070203e-13 
  2059.0   3.2568647938094505e-13 
  2060.0   3.007168762722838e-13 
  2061.0   2.826678862211562e-13 
  2062.0   2.6504223410451495e-13 
  2063.0   2.477929025647154e-13 
  2064.0   2.3204706726710617e-13 
  2065.0   2.1876050888645668e-13 
  2066.0   2.0654556382446028e-13 
  2067.0   1.975634409865911e-13 
  2068.0   1.8890511543440447e-13 
  2069.0   1.7564166610699952e-13 
  2070.0   1.5848129005779975e-13 
  2071.0   1.4922977769890312e-13 
  2072.0   1.4045299684302986e-13 
  2073.0   1.3405582223133137e-13 
  2074.0   1.2987817831399538e-13 
  2075.0   1.462702353765132e-13 
  2076.0   1.9381080576130485e-13 
  2077.0   2.2965244763956534e-13 
  2078.0   2.2514020517774775e-13 
  2079.0   1.9649320508043456e-13 
  2080.0   1.7965557525739437e-13 
  2081.0   2.6493774251315475e-13 
  2082.0   3.809263104451422e-13 
  2083.0   3.8346168918585894e-13 
  2084.0   3.545897720543665e-13 
  2085.0   4.3931421642156234e-13 
  2086.0   2.781392856853134e-13 
  2087.0   1.772693106320211e-13 
  2088.0   1.450206826498413e-13 
  2089.0   1.2753274757982996e-13 
  2090.0   1.5825853459507001e-13 
  2091.0   2.8967664721821353e-13 
  2092.0   3.957074958374996e-13 
  2093.0   4.302682200631315e-13 
  2094.0   4.46083129020742e-13 
  2095.0   4.2650995481478195e-13 
  2096.0   3.3362112563796975e-13 
  2097.0   2.836495077096046e-13 
  2098.0   2.658640771502732e-13 
  2099.0   2.61553972177938e-13 
  2100.0   3.3621789870901654e-13 
