  1850.0   0.17063828621841287 
  1851.0   0.17323741872215837 
  1852.0   0.167287031620446 
  1853.0   0.16424401429087482 
  1854.0   0.1767146438971252 
  1855.0   0.18025151681660745 
  1856.0   0.1713910099367834 
  1857.0   0.1727028870961675 
  1858.0   0.17688607392094952 
  1859.0   0.16669219566185298 
  1860.0   0.16195678001015687 
  1861.0   0.16865971949059894 
  1862.0   0.15937678907156588 
  1863.0   0.17293259481924766 
  1864.0   0.17976818635477027 
  1865.0   0.16632008373485171 
  1866.0   0.17443848447469254 
  1867.0   0.17765047608287163 
  1868.0   0.1769654185848145 
  1869.0   0.17409835791511086 
  1870.0   0.16958217243689158 
  1871.0   0.16844126775349177 
  1872.0   0.18012278508046936 
  1873.0   0.1830817317325773 
  1874.0   0.17594248763184359 
  1875.0   0.17807843322590416 
  1876.0   0.1803033999460414 
  1877.0   0.17667553299650887 
  1878.0   0.1761348168070248 
  1879.0   0.16532789186238261 
  1880.0   0.16594906806049353 
  1881.0   0.18454325479578865 
  1882.0   0.18105329578571164 
  1883.0   0.1707320323363606 
  1884.0   0.16423274199720533 
  1885.0   0.16364036368403775 
  1886.0   0.18178939569510255 
  1887.0   0.1843713906615505 
  1888.0   0.18029035654767683 
  1889.0   0.19050723912332282 
  1890.0   0.1758269921018845 
  1891.0   0.18155269435773988 
  1892.0   0.18829541378400402 
  1893.0   0.19002982292978138 
  1894.0   0.1796508048805267 
  1895.0   0.18415194153835973 
  1896.0   0.1610238251410699 
  1897.0   0.15360534100657908 
  1898.0   0.1690218436014292 
  1899.0   0.17240603055624312 
  1900.0   0.17912132456372196 
  1901.0   0.17730991702763457 
  1902.0   0.1682780617944864 
  1903.0   0.15746850567486081 
  1904.0   0.1621208126202181 
  1905.0   0.16972596239717913 
  1906.0   0.17118539594951757 
  1907.0   0.1778743873526871 
  1908.0   0.17926274732539593 
  1909.0   0.16659327927687523 
  1910.0   0.1679706796283991 
  1911.0   0.18445236400289441 
  1912.0   0.18192485312519202 
  1913.0   0.18685819271094967 
  1914.0   0.1755112143989906 
  1915.0   0.17085671688920087 
  1916.0   0.1900181595783306 
  1917.0   0.18032081001910544 
  1918.0   0.18856069715074525 
  1919.0   0.18655810641608353 
  1920.0   0.1925279953900066 
  1921.0   0.20014069255635789 
  1922.0   0.18829935461690508 
  1923.0   0.18345376614317277 
  1924.0   0.17816872235172634 
  1925.0   0.18575505204901255 
  1926.0   0.20146187188825473 
  1927.0   0.18961416710608203 
  1928.0   0.19445717269109197 
  1929.0   0.19231691431629974 
  1930.0   0.19505763341846333 
  1931.0   0.18621895363552787 
  1932.0   0.1807371911113157 
  1933.0   0.18875394413693317 
  1934.0   0.2054520633412882 
  1935.0   0.20126189406837783 
  1936.0   0.1918905181256861 
  1937.0   0.19465515511241405 
  1938.0   0.1965771159091459 
  1939.0   0.2157906718684676 
  1940.0   0.19912123238375012 
  1941.0   0.19512266505510248 
  1942.0   0.20208474784298733 
  1943.0   0.20196545063328186 
  1944.0   0.2070706380410916 
  1945.0   0.21810402237572596 
  1946.0   0.20688425352144119 
  1947.0   0.21331883300514362 
  1948.0   0.20599499059750614 
  1949.0   0.1918860562366317 
  1950.0   0.17867397346150507 
  1951.0   0.18628284463457642 
  1952.0   0.18857141761582044 
  1953.0   0.1900728050833936 
  1954.0   0.18793793400870423 
  1955.0   0.19367324087760418 
  1956.0   0.19724377043234964 
  1957.0   0.1961174208826984 
  1958.0   0.2021724525519817 
  1959.0   0.19727963435227996 
  1960.0   0.20828866980748603 
  1961.0   0.22326359037538035 
  1962.0   0.2362980873025251 
  1963.0   0.2229839225397681 
  1964.0   0.19318710786215565 
  1965.0   0.18878005911693466 
  1966.0   0.19340779728347443 
  1967.0   0.1957239401012475 
  1968.0   0.21821276953901864 
  1969.0   0.22903144695049826 
  1970.0   0.22048749966007694 
  1971.0   0.21001515228553433 
  1972.0   0.2126843238131835 
  1973.0   0.2181481418331602 
  1974.0   0.1965728249944327 
  1975.0   0.19642002441462053 
  1976.0   0.2159075858992906 
  1977.0   0.2021162206144785 
  1978.0   0.20027755067782785 
  1979.0   0.2140790513492967 
  1980.0   0.21325255121324696 
  1981.0   0.21103575186136328 
  1982.0   0.19763438978129197 
  1983.0   0.20263013886172723 
  1984.0   0.21724711936582655 
  1985.0   0.19977133596087923 
  1986.0   0.19532832120647475 
  1987.0   0.2125395213349097 
  1988.0   0.2025503492735101 
  1989.0   0.20707719796384033 
  1990.0   0.20424477098742974 
  1991.0   0.20134668080795523 
  1992.0   0.21379946429205984 
  1993.0   0.20574058706565004 
  1994.0   0.22408646989035025 
  1995.0   0.24109149479455355 
  1996.0   0.23694007100912423 
  1997.0   0.22948801929946414 
  1998.0   0.2248802528724441 
  1999.0   0.21899952441156542 
  2000.0   0.22008789378203433 
  2001.0   0.21218017935160013 
  2002.0   0.22449321033937386 
  2003.0   0.22617863389577814 
  2004.0   0.24255269703947285 
  2005.0   0.25737888158806366 
  2006.0   0.2577941330802991 
  2007.0   0.24084566139077335 
  2008.0   0.22270323816470178 
  2009.0   0.24634545172165875 
  2010.0   0.2597400622873835 
  2011.0   0.24767632084869165 
  2012.0   0.25780997206571715 
  2013.0   0.25736227986555693 
  2014.0   0.23448755720577277 
