  1850.0   0.5885549041919993 
  1851.0   0.6044112271332072 
  1852.0   0.5913403074710593 
  1853.0   0.591714179453738 
  1854.0   0.5877975583717636 
  1855.0   0.6033835044671215 
  1856.0   0.6000494805429891 
  1857.0   0.6142462028167138 
  1858.0   0.6027351373756393 
  1859.0   0.6050552454317512 
  1860.0   0.606823947841532 
  1861.0   0.5970575658937364 
  1862.0   0.5937922857108265 
  1863.0   0.6075788418030272 
  1864.0   0.6062144411858743 
  1865.0   0.6265636824565273 
  1866.0   0.6137648993248561 
  1867.0   0.6038136632204121 
  1868.0   0.5968295936225458 
  1869.0   0.6027759189958353 
  1870.0   0.6069644909292112 
  1871.0   0.6063765929762472 
  1872.0   0.6208090744058821 
  1873.0   0.622749782446334 
  1874.0   0.6094548986306005 
  1875.0   0.6288196256026092 
  1876.0   0.6242287977297029 
  1877.0   0.6186631992890862 
  1878.0   0.6043159143733858 
  1879.0   0.6045502474971688 
  1880.0   0.6125656258606358 
  1881.0   0.6095656266310677 
  1882.0   0.6299640535261976 
  1883.0   0.6074606292618328 
  1884.0   0.5888892536480116 
  1885.0   0.5995929022275802 
  1886.0   0.6094797820627719 
  1887.0   0.6066044712067037 
  1888.0   0.5995770566893138 
  1889.0   0.6048910947542113 
  1890.0   0.5834837639687362 
  1891.0   0.592624801767946 
  1892.0   0.6016795370905471 
  1893.0   0.5965869807027896 
  1894.0   0.6045751469322388 
  1895.0   0.5923221322825634 
  1896.0   0.585357402766841 
  1897.0   0.599072874724468 
  1898.0   0.5989073674803772 
  1899.0   0.6133355674447585 
  1900.0   0.5780944273818807 
  1901.0   0.6041706244047675 
  1902.0   0.6219507662357702 
  1903.0   0.5542736823742592 
  1904.0   0.588798450278711 
  1905.0   0.5860062618870179 
  1906.0   0.596640874937484 
  1907.0   0.600603565001725 
  1908.0   0.5937748000401589 
  1909.0   0.5804536282093566 
  1910.0   0.6005400199853121 
  1911.0   0.5933989954281201 
  1912.0   0.580371016992805 
  1913.0   0.5813310409947429 
  1914.0   0.5673051543427852 
  1915.0   0.6024359217879731 
  1916.0   0.6018871780852407 
  1917.0   0.6068205704360603 
  1918.0   0.5788044924319287 
  1919.0   0.5864768469431163 
  1920.0   0.5705145434538221 
  1921.0   0.5979384379160412 
  1922.0   0.5779640261484574 
  1923.0   0.5758736009260076 
  1924.0   0.5624860252515395 
  1925.0   0.5688440797778397 
  1926.0   0.5569061159118145 
  1927.0   0.5776332854809122 
  1928.0   0.5808681916452164 
  1929.0   0.5838757344147071 
  1930.0   0.5755243107101982 
  1931.0   0.5644399077332223 
  1932.0   0.5820126206882433 
  1933.0   0.5841327016359129 
  1934.0   0.5868727897888995 
  1935.0   0.5789506821160834 
  1936.0   0.5867725787826452 
  1937.0   0.5614435598341811 
  1938.0   0.5892284681732545 
  1939.0   0.5957187822211651 
  1940.0   0.5882401369574004 
  1941.0   0.5790174691889877 
  1942.0   0.5834831915312547 
  1943.0   0.5813082731311094 
  1944.0   0.6252471461734529 
  1945.0   0.604531146166027 
  1946.0   0.5758768937591762 
  1947.0   0.5904651043421227 
  1948.0   0.5784083772895572 
  1949.0   0.5765756019909797 
  1950.0   0.5939936711843565 
  1951.0   0.5828493279165806 
  1952.0   0.5929504404956248 
  1953.0   0.6004133828873324 
  1954.0   0.5766497472917684 
  1955.0   0.6068686766870813 
  1956.0   0.585082936287709 
  1957.0   0.5828957140634979 
  1958.0   0.5867010124812234 
  1959.0   0.5894514022258256 
  1960.0   0.6004519740836857 
  1961.0   0.6285666353999892 
  1962.0   0.587107457797007 
  1963.0   0.5783524772465708 
  1964.0   0.5680367209723538 
  1965.0   0.591735490718375 
  1966.0   0.5962866349878169 
  1967.0   0.5676671643844542 
  1968.0   0.5845279267912049 
  1969.0   0.5855638706888884 
  1970.0   0.5960257379427419 
  1971.0   0.5889203277163647 
  1972.0   0.5891038438156905 
  1973.0   0.6122953639252664 
  1974.0   0.6113425447993484 
  1975.0   0.5848833282253432 
  1976.0   0.6136798530132463 
  1977.0   0.5949322609541293 
  1978.0   0.6153730334166899 
  1979.0   0.6154099178285168 
  1980.0   0.6212896476028492 
  1981.0   0.6327253953983913 
  1982.0   0.628339012393347 
  1983.0   0.6022827397690039 
  1984.0   0.6328785148106103 
  1985.0   0.6396517627663376 
  1986.0   0.6647654419020561 
  1987.0   0.6443719476832441 
  1988.0   0.6470432068404008 
  1989.0   0.6485411887685975 
  1990.0   0.6659328735239417 
  1991.0   0.6981041981060219 
  1992.0   0.6376793850314816 
  1993.0   0.6505148423241125 
  1994.0   0.6650303474428471 
  1995.0   0.6858514195121603 
  1996.0   0.6907233866253123 
  1997.0   0.7165208697827472 
  1998.0   0.69763586525936 
  1999.0   0.686528804860933 
  2000.0   0.703634150119464 
  2001.0   0.7120605951209363 
  2002.0   0.7155185036365516 
  2003.0   0.7336681466163604 
  2004.0   0.7215850885985006 
  2005.0   0.7091384140358442 
  2006.0   0.7024488291680073 
  2007.0   0.7181534098554224 
  2008.0   0.7331551071785556 
  2009.0   0.7218634741639096 
  2010.0   0.7439207581913567 
  2011.0   0.7348033268814783 
  2012.0   0.7198625821646382 
  2013.0   0.7128562373351538 
  2014.0   0.7009282317904653 
