  1850.0   20.53526145002517 
  1851.0   20.511003576122462 
  1852.0   20.57536502428298 
  1853.0   20.571129293761626 
  1854.0   20.52480902894442 
  1855.0   20.533045986242357 
  1856.0   20.54233204289412 
  1857.0   20.584242847611378 
  1858.0   20.592288565014076 
  1859.0   20.600127374946467 
  1860.0   20.64835807856836 
  1861.0   20.70217808389043 
  1862.0   20.740431865191727 
  1863.0   20.724353226396204 
  1864.0   20.7202974088295 
  1865.0   20.765563619116065 
  1866.0   20.824273817017016 
  1867.0   20.83434360207232 
  1868.0   20.780557204844428 
  1869.0   20.739898369291186 
  1870.0   20.6957296444344 
  1871.0   20.734114354657 
  1872.0   20.85334322374252 
  1873.0   20.902168286106953 
  1874.0   20.871075590462592 
  1875.0   20.865800389240952 
  1876.0   20.88920038919046 
  1877.0   20.93107376366464 
  1878.0   20.963865173771048 
  1879.0   20.99415160068939 
  1880.0   21.03251823734945 
  1881.0   21.055896608181687 
  1882.0   21.06934243805083 
  1883.0   21.047203616447067 
  1884.0   20.998019314424493 
  1885.0   20.951133281158405 
  1886.0   20.90433491451424 
  1887.0   20.843608182704227 
  1888.0   20.811345505392662 
  1889.0   20.782913484835092 
  1890.0   20.683179499392374 
  1891.0   20.616487539137587 
  1892.0   20.65177368295275 
  1893.0   20.707530748351434 
  1894.0   20.73497150171895 
  1895.0   20.70331644952842 
  1896.0   20.605717993223106 
  1897.0   20.5495593613876 
  1898.0   20.557703295852694 
  1899.0   20.550006053723475 
  1900.0   20.469768061305743 
  1901.0   20.43550786032196 
  1902.0   20.46329830267236 
  1903.0   20.510021057786563 
  1904.0   20.568916078916395 
  1905.0   20.532138436797997 
  1906.0   20.456395851881258 
  1907.0   20.438145991874833 
  1908.0   20.50242338669913 
  1909.0   20.531592417292742 
  1910.0   20.518435514227242 
  1911.0   20.471724523288938 
  1912.0   20.43670214869458 
  1913.0   20.37222852767062 
  1914.0   20.26847398225713 
  1915.0   20.239728870484853 
  1916.0   20.218265203247707 
  1917.0   20.251332555967515 
  1918.0   20.245087158252478 
  1919.0   20.116535951039086 
  1920.0   19.980218424688257 
  1921.0   19.93310664559053 
  1922.0   19.921089843114917 
  1923.0   19.876674021010757 
  1924.0   19.809371781321836 
  1925.0   19.7837385189709 
  1926.0   19.728329369568204 
  1927.0   19.745021673300034 
  1928.0   19.780904861524345 
  1929.0   19.798696548120056 
  1930.0   19.839591513313835 
  1931.0   19.830744437608516 
  1932.0   19.795948041566344 
  1933.0   19.809100883249304 
  1934.0   19.78795768839998 
  1935.0   19.796545015568874 
  1936.0   19.929202453645637 
  1937.0   19.98317967829414 
  1938.0   20.03547693080951 
  1939.0   20.063754013680878 
  1940.0   20.166993737095627 
  1941.0   20.301543917441784 
  1942.0   20.343573404857782 
  1943.0   20.276578631153523 
  1944.0   20.22377141227475 
  1945.0   20.17091556563008 
  1946.0   20.147474790207127 
  1947.0   20.126150077766475 
  1948.0   20.06144613465886 
  1949.0   20.01213805810182 
  1950.0   20.042780877201945 
  1951.0   20.143338162736587 
  1952.0   20.18480383100439 
  1953.0   20.236149734476946 
  1954.0   20.285010992928743 
  1955.0   20.287089542345313 
  1956.0   20.30762374472984 
  1957.0   20.369229363107923 
  1958.0   20.37252933368042 
  1959.0   20.363254171613434 
  1960.0   20.394112922586267 
  1961.0   20.466908183296507 
  1962.0   20.471446896179554 
  1963.0   20.45680647273418 
  1964.0   20.483712989912895 
  1965.0   20.53890313548837 
  1966.0   20.551426059971877 
  1967.0   20.541953780942592 
  1968.0   20.575455000095882 
  1969.0   20.665484549967267 
  1970.0   20.69409536771507 
  1971.0   20.710892187167904 
  1972.0   20.68642437875081 
  1973.0   20.639400418474608 
  1974.0   20.706367703075298 
  1975.0   20.832032765324946 
  1976.0   20.941894909211552 
  1977.0   21.062297818638648 
  1978.0   21.176785117201895 
  1979.0   21.290796800235118 
  1980.0   21.412741598549573 
  1981.0   21.576388986145865 
  1982.0   21.71290160417517 
  1983.0   21.755372913951284 
  1984.0   21.734429860551 
  1985.0   21.800461742112528 
  1986.0   21.988928101628268 
  1987.0   22.010300027914305 
  1988.0   22.038083612244577 
  1989.0   22.125260488954915 
  1990.0   22.14795159195589 
  1991.0   22.276485866626984 
  1992.0   22.44326674736446 
  1993.0   22.605158277389837 
  1994.0   22.69709248098773 
  1995.0   22.79075154205647 
  1996.0   23.0137362671135 
  1997.0   23.19500534189589 
  1998.0   23.25069864021519 
  1999.0   23.234220676636472 
  2000.0   23.159115916764367 
  2001.0   23.051395916924843 
  2002.0   22.966239561584946 
  2003.0   22.961732737550903 
  2004.0   22.959571161893187 
  2005.0   23.07803268279766 
  2006.0   23.16911191200104 
  2007.0   23.19529235819596 
  2008.0   23.201717428555735 
  2009.0   23.27847925077295 
  2010.0   23.315516213844617 
  2011.0   23.316970298789162 
  2012.0   23.25546029797886 
  2013.0   23.149336831482078 
  2014.0   23.06730574880626 
