  1850.0   1.267674315390127 
  1851.0   1.192873543230063 
  1852.0   1.2305714059361796 
  1853.0   1.2838738796882194 
  1854.0   1.2483867309079275 
  1855.0   1.1815000002057785 
  1856.0   1.1437484656464876 
  1857.0   1.2030345628645913 
  1858.0   1.2207188730659553 
  1859.0   1.2292359904979309 
  1860.0   1.2281828681659785 
  1861.0   1.2117915237112227 
  1862.0   1.287435733208039 
  1863.0   1.3236551070279223 
  1864.0   1.1884646046199925 
  1865.0   1.1507573702903353 
  1866.0   1.2895646940353411 
  1867.0   1.2668926774633773 
  1868.0   1.2349481202563826 
  1869.0   1.251764314129499 
  1870.0   1.2466449558099721 
  1871.0   1.1823036601447838 
  1872.0   1.2194257460646267 
  1873.0   1.3194780630150034 
  1874.0   1.2560154936467751 
  1875.0   1.2144446721191855 
  1876.0   1.3017503736947187 
  1877.0   1.2047675476472128 
  1878.0   1.3033456468732914 
  1879.0   1.2647213756327904 
  1880.0   1.29426112249692 
  1881.0   1.3085080905714184 
  1882.0   1.2854074634141162 
  1883.0   1.339071022766871 
  1884.0   1.359140513530845 
  1885.0   1.2913124160499803 
  1886.0   1.2992817119525255 
  1887.0   1.2761815187621053 
  1888.0   1.3758596796264455 
  1889.0   1.3136618705402006 
  1890.0   1.3674611100193108 
  1891.0   1.2384213875566803 
  1892.0   1.3329188466056865 
  1893.0   1.3087765390026427 
  1894.0   1.323297349433214 
  1895.0   1.4190939392052966 
  1896.0   1.345221838787295 
  1897.0   1.3513278099885908 
  1898.0   1.3219289982096893 
  1899.0   1.2820051340564744 
  1900.0   1.342118588854732 
  1901.0   1.3184822804527112 
  1902.0   1.3869612320750162 
  1903.0   1.365677099876338 
  1904.0   1.3457084048072425 
  1905.0   1.3692131570520636 
  1906.0   1.360357040201764 
  1907.0   1.3577129455422474 
  1908.0   1.3005978684086419 
  1909.0   1.4004403763657989 
  1910.0   1.3718470075222744 
  1911.0   1.4372926156477872 
  1912.0   1.385809050306078 
  1913.0   1.3003790555156471 
  1914.0   1.3777637137315644 
  1915.0   1.438650255421681 
  1916.0   1.4190429669744058 
  1917.0   1.5197015936762255 
  1918.0   1.4455009267279995 
  1919.0   1.3884449013250895 
  1920.0   1.4079352109329106 
  1921.0   1.3567130968506138 
  1922.0   1.4267636503172945 
  1923.0   1.461207682034654 
  1924.0   1.5705934088017564 
  1925.0   1.5181813772966724 
  1926.0   1.457083248482409 
  1927.0   1.3588171197566765 
  1928.0   1.459528953889458 
  1929.0   1.4263106746302419 
  1930.0   1.4611003463425314 
  1931.0   1.4947302202981194 
  1932.0   1.453117947081217 
  1933.0   1.4732829233297937 
  1934.0   1.5173704739667957 
  1935.0   1.5180719091878 
  1936.0   1.4531133445123325 
  1937.0   1.4852138342322345 
  1938.0   1.5739047039936842 
  1939.0   1.532521614360562 
  1940.0   1.6528571904283034 
  1941.0   1.5763070905836087 
  1942.0   1.527824975473071 
  1943.0   1.6466740515801632 
  1944.0   1.5426429159717507 
  1945.0   1.4572368252955097 
  1946.0   1.5902380434104744 
  1947.0   1.5585279321849188 
  1948.0   1.6623049316877834 
  1949.0   1.7427231247763868 
  1950.0   1.619819614060504 
  1951.0   1.6349727503470008 
  1952.0   1.6755199347523266 
  1953.0   1.5954412596198468 
  1954.0   1.6072173921976776 
  1955.0   1.7682639025789488 
  1956.0   1.7820807117635833 
  1957.0   1.7637965194371195 
  1958.0   1.6247823089845224 
  1959.0   1.7039976296252983 
  1960.0   1.7358396951075399 
  1961.0   1.7752588299633303 
  1962.0   1.7672045011234736 
  1963.0   1.71335064019678 
  1964.0   1.7327238787019597 
  1965.0   1.8471742717160469 
  1966.0   1.8904038813755917 
  1967.0   1.736282326190192 
  1968.0   1.8756126870564098 
  1969.0   1.9143982841118652 
  1970.0   1.725731792633616 
  1971.0   1.720313663154112 
  1972.0   1.6879006269672334 
  1973.0   1.9360400406440594 
  1974.0   1.7824907718152911 
  1975.0   1.7626888195090131 
  1976.0   1.8573838428923934 
  1977.0   1.844798211210841 
  1978.0   1.8656400191332083 
  1979.0   1.6844147135989787 
  1980.0   1.743711579704519 
  1981.0   1.780954746982661 
  1982.0   1.8629809748439368 
  1983.0   1.782280744020834 
  1984.0   1.793624229665114 
  1985.0   1.8198762500648635 
  1986.0   1.74238924796832 
  1987.0   1.9051113925156278 
  1988.0   1.8931701148275477 
  1989.0   1.9341719023338926 
  1990.0   1.8834154692602552 
  1991.0   1.8076383014752302 
  1992.0   1.8201476611598166 
  1993.0   1.7463446348473706 
  1994.0   1.817511026359728 
  1995.0   1.9009873660737062 
  1996.0   1.7929292452612557 
  1997.0   1.8968762079240769 
  1998.0   1.834359420391961 
  1999.0   1.8379262146513744 
  2000.0   1.8949344231910705 
  2001.0   1.9968160119761076 
  2002.0   1.9460033057770998 
  2003.0   1.9288998919577995 
  2004.0   1.9169761102894403 
  2005.0   1.9059946139817834 
  2006.0   1.8702937446339818 
  2007.0   1.9550896707371452 
  2008.0   1.8447700695321467 
  2009.0   1.9932314344999997 
  2010.0   2.1422251652316118 
  2011.0   1.9540330202514882 
  2012.0   1.9464748855447187 
  2013.0   1.999939231550184 
  2014.0   2.064705073511661 
