  1850.0   288.5330930937657 
  1851.0   288.47677475317863 
  1852.0   288.1102948868148 
  1853.0   288.80580044318174 
  1854.0   289.3051310950884 
  1855.0   288.7703757469176 
  1856.0   289.04374086790955 
  1857.0   288.38668273326107 
  1858.0   288.94738780000245 
  1859.0   288.4717724435469 
  1860.0   288.3962824031124 
  1861.0   287.9377000340183 
  1862.0   288.36946134300365 
  1863.0   288.62168366107505 
  1864.0   289.1954959025318 
  1865.0   289.4011577187193 
  1866.0   288.86309294144473 
  1867.0   289.0980967308164 
  1868.0   288.61868976676124 
  1869.0   288.4392753473565 
  1870.0   288.3465506419536 
  1871.0   288.6638044095666 
  1872.0   288.72395540911646 
  1873.0   288.29137464666616 
  1874.0   288.5058843418611 
  1875.0   288.7305063634058 
  1876.0   288.4884369611148 
  1877.0   288.2826635635683 
  1878.0   288.6357429961996 
  1879.0   288.88137039818713 
  1880.0   288.15640127218813 
  1881.0   288.84506680067193 
  1882.0   288.73267637990995 
  1883.0   289.2362693183084 
  1884.0   287.912558792611 
  1885.0   288.42843494217635 
  1886.0   288.3734177663031 
  1887.0   288.0803959160855 
  1888.0   288.44018517092815 
  1889.0   289.2556501020194 
  1890.0   288.434321824574 
  1891.0   288.2705755285593 
  1892.0   288.3940664277858 
  1893.0   288.8419489611296 
  1894.0   288.4441340764472 
  1895.0   289.2058879788147 
  1896.0   288.4713328999212 
  1897.0   288.33251725476214 
  1898.0   288.7078415241416 
  1899.0   288.5913679637177 
  1900.0   287.98923814917185 
  1901.0   288.5860437764344 
  1902.0   288.42382200834044 
  1903.0   287.6784338022636 
  1904.0   288.3623961391751 
  1905.0   289.4098294331368 
  1906.0   288.85488270965595 
  1907.0   288.8142141886814 
  1908.0   288.53584040018984 
  1909.0   288.09683131848226 
  1910.0   289.0007050232631 
  1911.0   288.7223782542761 
  1912.0   288.37572128724173 
  1913.0   288.9388646676247 
  1914.0   288.6869356976855 
  1915.0   288.7354783693091 
  1916.0   288.70141200186566 
  1917.0   288.9862922775329 
  1918.0   288.51783601899797 
  1919.0   288.24335775560985 
  1920.0   288.7243025026103 
  1921.0   288.5213994797265 
  1922.0   288.9100962284434 
  1923.0   289.28252828153063 
  1924.0   288.5984105890991 
  1925.0   288.4793690525637 
  1926.0   288.6624396157883 
  1927.0   288.92899446177216 
  1928.0   289.5209424135909 
  1929.0   289.67461438931133 
  1930.0   288.40908113222184 
  1931.0   289.40633625073247 
  1932.0   288.6502782030903 
  1933.0   288.7925225779271 
  1934.0   288.39785284875165 
  1935.0   288.7044264633443 
  1936.0   288.3862257446124 
  1937.0   289.3611323279642 
  1938.0   288.6112352861267 
  1939.0   288.7084050624072 
  1940.0   288.8306474073706 
  1941.0   288.96945984756405 
  1942.0   288.75874197827545 
  1943.0   289.18036028080746 
  1944.0   289.0332251153877 
  1945.0   288.5435763604501 
  1946.0   289.1575493264138 
  1947.0   288.99923417104253 
  1948.0   289.42824237366017 
  1949.0   289.1468532691697 
  1950.0   288.9157620469993 
  1951.0   288.82638917489123 
  1952.0   289.1186581622469 
  1953.0   289.4764018310831 
  1954.0   289.3814471499258 
  1955.0   288.703171917735 
  1956.0   288.44026058685307 
  1957.0   288.7675849160639 
  1958.0   289.266966665816 
  1959.0   289.1892952762175 
  1960.0   289.6098277661764 
  1961.0   289.9123181916605 
  1962.0   289.55195844530016 
  1963.0   288.57723013549696 
  1964.0   289.0342925284949 
  1965.0   289.1732240980377 
  1966.0   288.9072795731926 
  1967.0   288.9363884934123 
  1968.0   289.1200184070351 
  1969.0   289.35010603819643 
  1970.0   289.29859574485863 
  1971.0   288.5985386444591 
  1972.0   289.0168963620586 
  1973.0   288.6207181829962 
  1974.0   289.249276241175 
  1975.0   289.2434914331147 
  1976.0   289.2576170888309 
  1977.0   288.5193057952201 
  1978.0   288.7331963482252 
  1979.0   289.66746550486573 
  1980.0   289.4273303456711 
  1981.0   288.87488571666296 
  1982.0   288.48073696216915 
  1983.0   288.4482626193807 
  1984.0   289.3553221181817 
  1985.0   289.29778018451765 
  1986.0   289.4648204302025 
  1987.0   289.4451488236458 
  1988.0   289.3458922643722 
  1989.0   289.61998178638396 
  1990.0   290.32426198005203 
  1991.0   288.95663895339095 
  1992.0   288.85041678974426 
  1993.0   289.7628044017017 
  1994.0   289.40461070607705 
  1995.0   289.8022356443713 
  1996.0   289.87543792517596 
  1997.0   289.7047405241833 
  1998.0   290.2353922304049 
  1999.0   290.0146479015596 
  2000.0   289.96241633836377 
  2001.0   290.0496899651044 
  2002.0   289.85200460194807 
  2003.0   289.6071407202786 
  2004.0   289.9127335572552 
  2005.0   290.27091164818347 
  2006.0   289.7123412688577 
  2007.0   290.1838175073064 
  2008.0   289.9122812186628 
  2009.0   290.38529735175734 
  2010.0   290.18620091733436 
  2011.0   290.291838297224 
  2012.0   289.9787800665792 
  2013.0   290.02277870847314 
  2014.0   290.21122929108134 
