  1850.0   0.47660912929771887 
  1851.0   0.45378366800707093 
  1852.0   0.41511030290816264 
  1853.0   0.4128725319067262 
  1854.0   0.5149320343008033 
  1855.0   0.45535881586963894 
  1856.0   0.41871468410582985 
  1857.0   0.4408289041803991 
  1858.0   0.4549597352652673 
  1859.0   0.4173936550736738 
  1860.0   0.4210138838513391 
  1861.0   0.45197624099634265 
  1862.0   0.39357324718193126 
  1863.0   0.4946605406510967 
  1864.0   0.4667348442124617 
  1865.0   0.3915511720734804 
  1866.0   0.4824053529524848 
  1867.0   0.484506081188769 
  1868.0   0.4677049172651633 
  1869.0   0.47537185989022035 
  1870.0   0.43099220455125126 
  1871.0   0.391602983846921 
  1872.0   0.5024156399631206 
  1873.0   0.5131807659962845 
  1874.0   0.4499430778101194 
  1875.0   0.48114989445542145 
  1876.0   0.48777323283251584 
  1877.0   0.4541386667525013 
  1878.0   0.45991868631957294 
  1879.0   0.4159814722263161 
  1880.0   0.4472550469588062 
  1881.0   0.5340480208723216 
  1882.0   0.4499063361427284 
  1883.0   0.4183234457460702 
  1884.0   0.45953989558068903 
  1885.0   0.449740120870756 
  1886.0   0.52945324847617 
  1887.0   0.49383652398806366 
  1888.0   0.46442975371682005 
  1889.0   0.5323100352590692 
  1890.0   0.4414244285520867 
  1891.0   0.5132479079650258 
  1892.0   0.5100419998080484 
  1893.0   0.5172034007477059 
  1894.0   0.43865257724864226 
  1895.0   0.5185364444689937 
  1896.0   0.35874695693869263 
  1897.0   0.3974843707212857 
  1898.0   0.49482533782222154 
  1899.0   0.44855091454305024 
  1900.0   0.5082274931077679 
  1901.0   0.480607135927496 
  1902.0   0.4219444740390075 
  1903.0   0.4158847575314411 
  1904.0   0.44369933647954346 
  1905.0   0.47768863856393906 
  1906.0   0.4916780524922808 
  1907.0   0.4788080856431164 
  1908.0   0.46787521484784944 
  1909.0   0.42911180084526496 
  1910.0   0.485553329997505 
  1911.0   0.5463102469796046 
  1912.0   0.49941510160199276 
  1913.0   0.5322868519764412 
  1914.0   0.45400769571925365 
  1915.0   0.46537537145551583 
  1916.0   0.5578589918888883 
  1917.0   0.4430840432449113 
  1918.0   0.5459565311411413 
  1919.0   0.5062614285183034 
  1920.0   0.5664880988240195 
  1921.0   0.5790234997507563 
  1922.0   0.49398934032786923 
  1923.0   0.5075440798097496 
  1924.0   0.478039108835007 
  1925.0   0.5567107338233569 
  1926.0   0.5908619392088572 
  1927.0   0.5041239040141755 
  1928.0   0.5462589713545632 
  1929.0   0.5454671874315133 
  1930.0   0.552374269123135 
  1931.0   0.48564135414475107 
  1932.0   0.5123083398065887 
  1933.0   0.5574565992215459 
  1934.0   0.632118207916174 
  1935.0   0.5619641376248588 
  1936.0   0.5249571923880832 
  1937.0   0.591282756447498 
  1938.0   0.5821720284866566 
  1939.0   0.6718867726855914 
  1940.0   0.5172108170472697 
  1941.0   0.5923411609367736 
  1942.0   0.5970085483490555 
  1943.0   0.582608750969187 
  1944.0   0.6122432107261837 
  1945.0   0.6638298548194649 
  1946.0   0.5567498485852701 
  1947.0   0.6439906946476307 
  1948.0   0.5661090586641166 
  1949.0   0.5475588545897212 
  1950.0   0.4946162750915257 
  1951.0   0.5528006171468223 
  1952.0   0.5105283365742115 
  1953.0   0.555700573431229 
  1954.0   0.5746496887566566 
  1955.0   0.5843023718864915 
  1956.0   0.5677133506255292 
  1957.0   0.5789169097785319 
  1958.0   0.6296218480445838 
  1959.0   0.5622594047865433 
  1960.0   0.6682282790423417 
  1961.0   0.7068693541371277 
  1962.0   0.7543319784020908 
  1963.0   0.6205174093523544 
  1964.0   0.5360057874115053 
  1965.0   0.5729114707915836 
  1966.0   0.5717312689909098 
  1967.0   0.5921202576545018 
  1968.0   0.7042685158604057 
  1969.0   0.747147646457982 
  1970.0   0.6174560821214273 
  1971.0   0.6244384300246835 
  1972.0   0.6534019244963553 
  1973.0   0.6734240493891138 
  1974.0   0.5530214461375409 
  1975.0   0.600451406151634 
  1976.0   0.7337383833259479 
  1977.0   0.5590186774666632 
  1978.0   0.6384790080963514 
  1979.0   0.6760101354464704 
  1980.0   0.6616122925239968 
  1981.0   0.6287348886417355 
  1982.0   0.5801336140353728 
  1983.0   0.6440853863330768 
  1984.0   0.6817928121378106 
  1985.0   0.576368767742138 
  1986.0   0.6014819102201691 
  1987.0   0.7083995872063421 
  1988.0   0.5471496871877731 
  1989.0   0.6666195553993818 
  1990.0   0.6269879605192296 
  1991.0   0.6341468124331933 
  1992.0   0.6975734134788211 
  1993.0   0.5815749508145752 
  1994.0   0.7312780191310356 
  1995.0   0.8032791926693774 
  1996.0   0.7362344931257078 
  1997.0   0.6895204371843454 
  1998.0   0.6776191203399548 
  1999.0   0.6867567869903518 
  2000.0   0.6831748378995144 
  2001.0   0.6112013571932091 
  2002.0   0.7195401511699363 
  2003.0   0.6875639534790653 
  2004.0   0.8119195916058349 
  2005.0   0.8450162713981867 
  2006.0   0.8302234576821865 
  2007.0   0.7342021128051164 
  2008.0   0.654272200676358 
  2009.0   0.8282753949013052 
  2010.0   0.8454529167274821 
  2011.0   0.7553073926260955 
  2012.0   0.8338349616811446 
  2013.0   0.7954615292690892 
  2014.0   0.6711563365516608 
