  1850.0   1.0687730661407719e-10 
  1851.0   1.1617978907708113e-10 
  1852.0   6.859581334495928e-11 
  1853.0   5.070260220378814e-11 
  1854.0   1.2368230673150046e-10 
  1855.0   1.0031446426006413e-10 
  1856.0   6.614495039774671e-11 
  1857.0   5.8069931298413385e-11 
  1858.0   5.8030499930339925e-11 
  1859.0   5.987373125183221e-11 
  1860.0   8.551663273823868e-11 
  1861.0   1.2331160414529857e-10 
  1862.0   7.946726184677638e-11 
  1863.0   8.455948403147986e-11 
  1864.0   8.777500964015156e-11 
  1865.0   6.034667573208196e-11 
  1866.0   1.1239628733020771e-10 
  1867.0   6.687927427655747e-11 
  1868.0   6.787700536056155e-11 
  1869.0   6.408475757588445e-11 
  1870.0   7.846951675908614e-11 
  1871.0   5.6827331400219154e-11 
  1872.0   8.57411665580985e-11 
  1873.0   7.750006084907754e-11 
  1874.0   5.472040133472882e-11 
  1875.0   8.630984436800149e-11 
  1876.0   1.0624918484147658e-10 
  1877.0   8.265571394064992e-11 
  1878.0   4.0456163319714015e-11 
  1879.0   6.59064407055275e-11 
  1880.0   5.592967774378613e-11 
  1881.0   7.896034813554941e-11 
  1882.0   1.0974366912566252e-10 
  1883.0   5.555727340956065e-11 
  1884.0   9.000610433683449e-11 
  1885.0   6.94910040953475e-11 
  1886.0   7.987351077901117e-11 
  1887.0   5.836206144708096e-11 
  1888.0   4.9529079565422346e-11 
  1889.0   8.734920911741913e-11 
  1890.0   4.7482886286757306e-11 
  1891.0   9.494025031923175e-11 
  1892.0   1.1049899470892644e-10 
  1893.0   8.248492790003938e-11 
  1894.0   1.032928238473835e-10 
  1895.0   1.1172204422224859e-10 
  1896.0   9.492892618863782e-11 
  1897.0   7.059020175036638e-11 
  1898.0   7.905269417980406e-11 
  1899.0   1.0609844365185866e-10 
  1900.0   9.564074576508605e-11 
  1901.0   8.156109743715515e-11 
  1902.0   9.908915794245219e-11 
  1903.0   4.596816913315046e-11 
  1904.0   6.553971884111281e-11 
  1905.0   7.443844817050476e-11 
  1906.0   1.2403119574426616e-10 
  1907.0   7.541186642952954e-11 
  1908.0   5.6680639780712054e-11 
  1909.0   7.91068322463883e-11 
  1910.0   4.824528442898084e-11 
  1911.0   8.257360278105915e-11 
  1912.0   7.862906036455375e-11 
  1913.0   8.123348589877197e-11 
  1914.0   6.805089527624717e-11 
  1915.0   9.847365882418837e-11 
  1916.0   6.090663045018446e-11 
  1917.0   5.6687199342478544e-11 
  1918.0   6.866632360337491e-11 
  1919.0   6.574320610312807e-11 
  1920.0   5.458851223195415e-11 
  1921.0   1.0189311318684578e-10 
  1922.0   8.243625670366233e-11 
  1923.0   6.81411264868912e-11 
  1924.0   6.244837882003688e-11 
  1925.0   1.0705329897086952e-10 
  1926.0   7.708500723743157e-11 
  1927.0   4.803784868502858e-11 
  1928.0   8.033579362826974e-11 
  1929.0   4.231342987667927e-11 
  1930.0   7.163603310086613e-11 
  1931.0   7.818234117041373e-11 
  1932.0   6.977502302492733e-11 
  1933.0   1.1732135803673518e-10 
  1934.0   8.529187740125246e-11 
  1935.0   6.449882483263141e-11 
  1936.0   6.183944805087647e-11 
  1937.0   8.510266857861938e-11 
  1938.0   4.75510846191969e-11 
  1939.0   5.196917136145165e-11 
  1940.0   7.220702749271781e-11 
  1941.0   1.0522816468847467e-10 
  1942.0   8.787794161808098e-11 
  1943.0   5.0475480066270264e-11 
  1944.0   9.748676851239032e-11 
  1945.0   1.0730993766388546e-10 
  1946.0   4.6555591822943993e-11 
  1947.0   7.244239173507056e-11 
  1948.0   8.47419786545623e-11 
  1949.0   5.656701301754836e-11 
  1950.0   4.3656108712765265e-11 
  1951.0   8.624767263431628e-11 
  1952.0   6.055892956296252e-11 
  1953.0   7.009927100555583e-11 
  1954.0   5.782504199237801e-11 
  1955.0   6.02749648629627e-11 
  1956.0   8.199119210078243e-11 
  1957.0   6.331939313114813e-11 
  1958.0   3.453057098591691e-11 
  1959.0   2.8221140200810336e-11 
  1960.0   4.8984472602319264e-11 
  1961.0   5.358877400409797e-11 
  1962.0   4.120397758079466e-11 
  1963.0   5.4505385042323497e-11 
  1964.0   7.445796483038949e-11 
  1965.0   4.887037253187158e-11 
  1966.0   6.383593041941711e-11 
  1967.0   4.355120223160455e-11 
  1968.0   3.928545591932089e-11 
  1969.0   5.0837306055464565e-11 
  1970.0   6.59284077722271e-11 
  1971.0   5.4429878721387974e-11 
  1972.0   5.409101791803806e-11 
  1973.0   4.8897996032545014e-11 
  1974.0   7.709277857153666e-11 
  1975.0   5.066585282161508e-11 
  1976.0   4.314449123698467e-11 
  1977.0   5.858811211125111e-11 
  1978.0   3.5844826847209657e-11 
  1979.0   4.627493200717133e-11 
  1980.0   8.254441336864202e-11 
  1981.0   5.335512987200562e-11 
  1982.0   4.900600453397796e-11 
  1983.0   5.215508590830826e-11 
  1984.0   5.54045375661044e-11 
  1985.0   3.5550621596007696e-11 
  1986.0   6.167936116722385e-11 
  1987.0   5.3905992416183806e-11 
  1988.0   7.086048549142362e-11 
  1989.0   5.570763715607961e-11 
  1990.0   4.7109762682181684e-11 
  1991.0   4.904234442054084e-11 
  1992.0   8.76247628148841e-11 
  1993.0   4.8824633456816973e-11 
  1994.0   5.0675949222344165e-11 
  1995.0   4.189709295007811e-11 
  1996.0   6.767421735534563e-11 
  1997.0   5.17980348280618e-11 
  1998.0   4.917650432678358e-11 
  1999.0   4.065779242965748e-11 
  2000.0   5.3901030527902385e-11 
  2001.0   5.731208535946697e-11 
  2002.0   6.069767665564596e-11 
  2003.0   7.0622659786107e-11 
  2004.0   5.36108139770236e-11 
  2005.0   5.1879222738143566e-11 
  2006.0   9.220664006889884e-11 
  2007.0   6.818191936150954e-11 
  2008.0   7.489907264009036e-11 
  2009.0   7.012283386493854e-11 
  2010.0   5.776660284592967e-11 
  2011.0   5.967760270735106e-11 
  2012.0   3.785464108456495e-11 
  2013.0   6.898480384893821e-11 
  2014.0   8.719560094262598e-11 
