  1850.0   1.4125553171206058 
  1851.0   1.4321864747923785 
  1852.0   1.43527403803171 
  1853.0   1.4316011179859613 
  1854.0   1.4350206851529113 
  1855.0   1.4506079949470925 
  1856.0   1.4540936557320978 
  1857.0   1.454011279135984 
  1858.0   1.4485530105640598 
  1859.0   1.4570180326477098 
  1860.0   1.4489722641660217 
  1861.0   1.450056408168339 
  1862.0   1.454071513795117 
  1863.0   1.448759433376642 
  1864.0   1.4672884122368952 
  1865.0   1.4757063563473707 
  1866.0   1.4602827388718937 
  1867.0   1.4800119998117156 
  1868.0   1.4911810572403712 
  1869.0   1.4911313928613465 
  1870.0   1.4898283388619156 
  1871.0   1.4872066553170251 
  1872.0   1.4700491555283266 
  1873.0   1.4826221449388746 
  1874.0   1.5015818406543384 
  1875.0   1.4922182206288432 
  1876.0   1.4963509450621022 
  1877.0   1.4957638413017071 
  1878.0   1.4927023776487705 
  1879.0   1.4988438737123613 
  1880.0   1.4853625469007958 
  1881.0   1.48355035173535 
  1882.0   1.5096159376479454 
  1883.0   1.507170145055394 
  1884.0   1.4992574036100232 
  1885.0   1.5021717189819697 
  1886.0   1.4948328287355224 
  1887.0   1.5164647424366016 
  1888.0   1.5236267060035138 
  1889.0   1.5252743609197048 
  1890.0   1.5393530950006402 
  1891.0   1.533965076679908 
  1892.0   1.5527035714487436 
  1893.0   1.560563411834686 
  1894.0   1.5741062927360188 
  1895.0   1.5593222325931426 
  1896.0   1.5711559052343578 
  1897.0   1.5453175878414058 
  1898.0   1.531473984954234 
  1899.0   1.5381944251579198 
  1900.0   1.525367359677054 
  1901.0   1.5395071828863245 
  1902.0   1.545102918863609 
  1903.0   1.5354321870356509 
  1904.0   1.5258107349006902 
  1905.0   1.5240467505988784 
  1906.0   1.530776000627231 
  1907.0   1.541124920236044 
  1908.0   1.545653525956996 
  1909.0   1.5492397058081635 
  1910.0   1.5376967559140313 
  1911.0   1.5383815286039935 
  1912.0   1.5522006961914943 
  1913.0   1.562536611828919 
  1914.0   1.578010483296994 
  1915.0   1.5748057218118696 
  1916.0   1.5697224297134669 
  1917.0   1.5950082302997133 
  1918.0   1.58696334142408 
  1919.0   1.609187987385592 
  1920.0   1.6196317514772203 
  1921.0   1.6314258165468352 
  1922.0   1.6455294835724448 
  1923.0   1.6387507427148984 
  1924.0   1.644351414110496 
  1925.0   1.639996431991263 
  1926.0   1.6474607263639587 
  1927.0   1.6713321282136493 
  1928.0   1.6619778614865517 
  1929.0   1.664941146453714 
  1930.0   1.671557444110982 
  1931.0   1.6784789102928537 
  1932.0   1.665525553005296 
  1933.0   1.6677086714762803 
  1934.0   1.6782201877544565 
  1935.0   1.7059460714539405 
  1936.0   1.7037704783107188 
  1937.0   1.6947529353010111 
  1938.0   1.6973038249122243 
  1939.0   1.7086600286518485 
  1940.0   1.7334268873689014 
  1941.0   1.7164390352456338 
  1942.0   1.7258073024208014 
  1943.0   1.7365305690681618 
  1944.0   1.7448977687784408 
  1945.0   1.7676130971963426 
  1946.0   1.8000606859597026 
  1947.0   1.7891262308197329 
  1948.0   1.8042725107708193 
  1949.0   1.7900785469117844 
  1950.0   1.7817577092568389 
  1951.0   1.7638622518439853 
  1952.0   1.7640569775877992 
  1953.0   1.7494016556303367 
  1954.0   1.756225758847244 
  1955.0   1.7561781052303316 
  1956.0   1.762671486889025 
  1957.0   1.756720508619807 
  1958.0   1.7606648785278007 
  1959.0   1.7648903631526864 
  1960.0   1.7558574612458389 
  1961.0   1.781111251490786 
  1962.0   1.8109314822292615 
  1963.0   1.8358923211476696 
  1964.0   1.8275635562427195 
  1965.0   1.8210506617412532 
  1966.0   1.8238214244511763 
  1967.0   1.8128964114618675 
  1968.0   1.821910204659422 
  1969.0   1.8425567644274392 
  1970.0   1.8855916247929092 
  1971.0   1.8759606948111265 
  1972.0   1.8729446055568564 
  1973.0   1.8788312399450893 
  1974.0   1.8775315081568231 
  1975.0   1.8575072230729661 
  1976.0   1.8623359510382838 
  1977.0   1.8901505718656744 
  1978.0   1.8639531319263967 
  1979.0   1.872514161270206 
  1980.0   1.8807055680087486 
  1981.0   1.8862485545503063 
  1982.0   1.8890422391358825 
  1983.0   1.8867349042113355 
  1984.0   1.8971039390690863 
  1985.0   1.9154048302191484 
  1986.0   1.9011099369833075 
  1987.0   1.8892872212401461 
  1988.0   1.902092978160065 
  1989.0   1.8816847945903576 
  1990.0   1.8914745876006933 
  1991.0   1.892482947428068 
  1992.0   1.8951919594097493 
  1993.0   1.9103820470795896 
  1994.0   1.8950808993947486 
  1995.0   1.9194883526743505 
  1996.0   1.9547022690717837 
  1997.0   1.964656955690287 
  1998.0   1.9682283007353945 
  1999.0   1.976320232683121 
  2000.0   1.9755999611004256 
  2001.0   1.9791790797596698 
  2002.0   1.9624303725668124 
  2003.0   1.9727284388917323 
  2004.0   1.9844300265919956 
  2005.0   2.010327709075691 
  2006.0   2.0276745510736673 
  2007.0   2.050858294508545 
  2008.0   2.0557502467974804 
  2009.0   2.035029801899302 
  2010.0   2.0599426932976685 
  2011.0   2.0932896779315167 
  2012.0   2.0929130979457 
  2013.0   2.11566271779864 
  2014.0   2.1144450754826183 
