  1850.0   0.8557694164583004 
  1851.0   0.8555117654355824 
  1852.0   0.9970865913349427 
  1853.0   0.9120719135225298 
  1854.0   0.8114990315168866 
  1855.0   0.91584212737826 
  1856.0   0.97147735625172 
  1857.0   0.9665258908034234 
  1858.0   0.7992752062161436 
  1859.0   0.7821220064652951 
  1860.0   0.6368033535608074 
  1861.0   0.7640397656867647 
  1862.0   0.9345407139223442 
  1863.0   0.9695033133219476 
  1864.0   1.0241113259160979 
  1865.0   0.8806751433014945 
  1866.0   0.8567540585636454 
  1867.0   0.8177153720356548 
  1868.0   0.7714118577450377 
  1869.0   0.8555581191891216 
  1870.0   0.6660731660238998 
  1871.0   0.7678921997103964 
  1872.0   0.8985431403025661 
  1873.0   0.9269956910583861 
  1874.0   0.7297166081947714 
  1875.0   0.714045752584016 
  1876.0   0.698543069585323 
  1877.0   0.8223218583444918 
  1878.0   0.9448424333112526 
  1879.0   0.8406602635478417 
  1880.0   0.8328707461468622 
  1881.0   0.707155467722253 
  1882.0   0.8117782585545649 
  1883.0   1.0034111658648828 
  1884.0   0.8465513833524632 
  1885.0   0.8469144747706187 
  1886.0   0.9438769637351724 
  1887.0   0.986572684551021 
  1888.0   0.9441386220807876 
  1889.0   0.9988861552614281 
  1890.0   0.8089875764078545 
  1891.0   1.0312468266266615 
  1892.0   1.0038766001442851 
  1893.0   0.7154377224103752 
  1894.0   0.8326369979354732 
  1895.0   0.8832172049449115 
  1896.0   0.6892701199712503 
  1897.0   0.9424231803887555 
  1898.0   0.8747278389289748 
  1899.0   0.933147084694365 
  1900.0   0.9317387414948364 
  1901.0   0.9020397112638843 
  1902.0   0.7819856903144482 
  1903.0   0.9722875162869612 
  1904.0   0.7328106946833047 
  1905.0   0.8882731755892658 
  1906.0   0.6599299251383383 
  1907.0   0.8563878131604916 
  1908.0   0.94528775313349 
  1909.0   0.9146101934644137 
  1910.0   0.8099680512010283 
  1911.0   0.8317173732171437 
  1912.0   0.9252133897674701 
  1913.0   0.960713451568496 
  1914.0   0.83365864678871 
  1915.0   0.9234577842853839 
  1916.0   0.8581511686821627 
  1917.0   0.7128094428436748 
  1918.0   0.897450788007303 
  1919.0   0.9069885832256844 
  1920.0   0.838673871736544 
  1921.0   0.9849552216917892 
  1922.0   0.8056672135673337 
  1923.0   0.8270271653149947 
  1924.0   0.9631970765313568 
  1925.0   1.0246930509094554 
  1926.0   0.9002816001573674 
  1927.0   0.7753456225387767 
  1928.0   0.9940752454819038 
  1929.0   0.7547658495830609 
  1930.0   1.0439076677030084 
  1931.0   0.8578007839364796 
  1932.0   0.7670958203014375 
  1933.0   0.8647364001322575 
  1934.0   0.79307009246881 
  1935.0   0.6704996508916992 
  1936.0   0.9180397577099603 
  1937.0   0.6669987645231964 
  1938.0   0.6204621316295467 
  1939.0   0.7489900009417556 
  1940.0   0.876147560648831 
  1941.0   0.9933846231468512 
  1942.0   0.8337804751314225 
  1943.0   0.8864483002104885 
  1944.0   1.0709861819101247 
  1945.0   0.9419441337831072 
  1946.0   0.8882841347059804 
  1947.0   0.966625566745346 
  1948.0   0.8343548536521864 
  1949.0   0.8837631054786755 
  1950.0   0.819239591487018 
  1951.0   0.7499047965440986 
  1952.0   0.9237587323889387 
  1953.0   0.9765926432265009 
  1954.0   1.1210692898951973 
  1955.0   1.0427917078320261 
  1956.0   0.712326225393359 
  1957.0   0.8328600856511758 
  1958.0   0.9003845046140269 
  1959.0   0.870882556272642 
  1960.0   0.945394576153461 
  1961.0   0.8059349479926211 
  1962.0   1.0591555344479149 
  1963.0   1.0586067471577998 
  1964.0   0.8141121696723879 
  1965.0   0.9483818073249891 
  1966.0   1.0088457446109316 
  1967.0   0.7327063963666116 
  1968.0   0.8862862752209366 
  1969.0   0.9878592878963507 
  1970.0   0.9703305696586968 
  1971.0   1.0253939068913982 
  1972.0   0.966632489970656 
  1973.0   0.9263028814855213 
  1974.0   1.006586849828386 
  1975.0   0.8806390102134126 
  1976.0   0.9241401184288293 
  1977.0   0.8437480945433288 
  1978.0   1.030760337219191 
  1979.0   0.8422368065501172 
  1980.0   0.9777371859540082 
  1981.0   1.022011120067345 
  1982.0   1.04612894305135 
  1983.0   1.0804040359989686 
  1984.0   1.1413561296470562 
  1985.0   0.9497168383254937 
  1986.0   0.9565623512336697 
  1987.0   1.1266753223632622 
  1988.0   0.9522558916248438 
  1989.0   0.9883911293562553 
  1990.0   1.0698742213060737 
  1991.0   0.9053838364855158 
  1992.0   0.7777314129471975 
  1993.0   0.7793743704469471 
  1994.0   1.1232855193411868 
  1995.0   1.0989622687886365 
  1996.0   0.8601557722377583 
  1997.0   0.8846668748923391 
  1998.0   1.0995888826417934 
  1999.0   0.985068800665139 
  2000.0   0.8106871551784484 
  2001.0   0.9541200955050709 
  2002.0   1.078487984575996 
  2003.0   0.9797515498194901 
  2004.0   1.0644713191925559 
  2005.0   0.9631098114935394 
  2006.0   1.136487987187012 
  2007.0   1.0156516637134423 
  2008.0   1.0076755136553817 
  2009.0   0.9089547489502916 
  2010.0   0.8662078720577914 
  2011.0   1.046732218821789 
  2012.0   1.0046932467609417 
  2013.0   1.239950966882773 
  2014.0   0.9835858703383046 
