  1850.0   1.8772346655031636e-12 
  1851.0   1.6392662139562928e-12 
  1852.0   1.6005687685068598e-12 
  1853.0   1.5096127625488948e-12 
  1854.0   1.446490003145801e-12 
  1855.0   1.3931070572553708e-12 
  1856.0   1.3503163139750997e-12 
  1857.0   1.3205685417944282e-12 
  1858.0   1.2929406609009443e-12 
  1859.0   1.2634866790888582e-12 
  1860.0   1.238032701846142e-12 
  1861.0   1.3131916240102167e-12 
  1862.0   1.4478330146915323e-12 
  1863.0   1.4282473271333945e-12 
  1864.0   1.4087425975252963e-12 
  1865.0   1.3923856979388352e-12 
  1866.0   1.3773200507773911e-12 
  1867.0   1.3661098587743337e-12 
  1868.0   1.3495780444758805e-12 
  1869.0   1.333728195305004e-12 
  1870.0   1.319933693001184e-12 
  1871.0   1.1835317186518855e-12 
  1872.0   1.2505627064474959e-12 
  1873.0   1.2480592895945502e-12 
  1874.0   1.2466203858418173e-12 
  1875.0   1.247846783445305e-12 
  1876.0   1.247403782100587e-12 
  1877.0   1.2464685938843787e-12 
  1878.0   1.2440549956969192e-12 
  1879.0   1.2381264987406004e-12 
  1880.0   1.2336862192612384e-12 
  1881.0   1.2004480547745924e-12 
  1882.0   1.248265276744679e-12 
  1883.0   1.2437110471484757e-12 
  1884.0   1.236063660235611e-12 
  1885.0   1.2302242646126338e-12 
  1886.0   1.2244005079681396e-12 
  1887.0   1.2134773680198852e-12 
  1888.0   1.207297693483291e-12 
  1889.0   1.2031524687184005e-12 
  1890.0   1.1963015301198269e-12 
  1891.0   1.2084237712626942e-12 
  1892.0   1.1981617203145974e-12 
  1893.0   1.1874903573461573e-12 
  1894.0   1.1776282348810905e-12 
  1895.0   1.1698336737674605e-12 
  1896.0   1.1639877030305465e-12 
  1897.0   1.1535212269560186e-12 
  1898.0   1.1489987890020971e-12 
  1899.0   1.1482082517138405e-12 
  1900.0   1.147628785689085e-12 
  1901.0   1.0724186235397185e-12 
  1902.0   5.864297553676668e-13 
  1903.0   5.845433504104072e-13 
  1904.0   5.827249723457881e-13 
  1905.0   5.856992015728092e-13 
  1906.0   5.832512500532898e-13 
  1907.0   5.805402697172035e-13 
  1908.0   5.802468081950171e-13 
  1909.0   5.7456160988118e-13 
  1910.0   5.657242656273343e-13 
  1911.0   5.814222859620097e-13 
  1912.0   6.57537352697887e-13 
  1913.0   6.406252996138074e-13 
  1914.0   6.175126224180918e-13 
  1915.0   5.954021538668288e-13 
  1916.0   5.68112380287463e-13 
  1917.0   5.505662066825804e-13 
  1918.0   5.383485012871966e-13 
  1919.0   5.266446302827717e-13 
  1920.0   5.136243800387546e-13 
  1921.0   4.571256234720288e-13 
  1922.0   4.897551291093979e-13 
  1923.0   4.894570411204639e-13 
  1924.0   3.8322592221109493e-13 
  1925.0   3.817337728854823e-13 
  1926.0   3.4683162860068987e-13 
  1927.0   3.4708982721941564e-13 
  1928.0   3.4776644677274506e-13 
  1929.0   3.481113180162923e-13 
  1930.0   3.25545912185268e-13 
  1931.0   3.2290095644076935e-13 
  1932.0   3.212156626608055e-13 
  1933.0   3.1873790461051784e-13 
  1934.0   3.173173056272527e-13 
  1935.0   2.712902807291479e-13 
  1936.0   2.6885176838393004e-13 
  1937.0   2.6782241251804514e-13 
  1938.0   2.6823687302048827e-13 
  1939.0   2.6360014785663836e-13 
  1940.0   2.607141564023326e-13 
  1941.0   2.2883162701942523e-13 
  1942.0   2.288263206295437e-13 
  1943.0   2.298677873152461e-13 
  1944.0   2.3254065865810826e-13 
  1945.0   2.347530453565288e-13 
  1946.0   2.2780279671758224e-13 
  1947.0   2.337023496456548e-13 
  1948.0   2.4179622550958237e-13 
  1949.0   2.5320204256689856e-13 
  1950.0   3.095051300157916e-13 
  1951.0   3.1171138463173824e-13 
  1952.0   3.3724244590500743e-13 
  1953.0   3.27236260900902e-13 
  1954.0   3.1861258521461096e-13 
  1955.0   3.121310293789984e-13 
  1956.0   3.051090137340904e-13 
  1957.0   2.9816138551791597e-13 
  1958.0   2.8940175661292546e-13 
  1959.0   2.889577100739465e-13 
  1960.0   2.8288633403142144e-13 
  1961.0   2.8922457924171147e-13 
  1962.0   2.9555678150802337e-13 
  1963.0   3.008815219966766e-13 
  1964.0   3.0729400668186117e-13 
  1965.0   3.1781503060160875e-13 
  1966.0   3.2321451520026116e-13 
  1967.0   3.2538944612218357e-13 
  1968.0   3.2983036442402905e-13 
  1969.0   3.283131957027712e-13 
  1970.0   3.5316499862629705e-13 
  1971.0   3.57963402966846e-13 
  1972.0   3.612579086641801e-13 
  1973.0   3.6921894370584536e-13 
  1974.0   3.563451374335176e-13 
  1975.0   3.680391932919532e-13 
  1976.0   3.7146812604249406e-13 
  1977.0   4.29705650401302e-13 
  1978.0   4.401836714994132e-13 
  1979.0   4.430235836889168e-13 
  1980.0   4.752930666078151e-13 
  1981.0   4.73479015503059e-13 
  1982.0   4.569149627419248e-13 
  1983.0   4.554688240023056e-13 
  1984.0   4.469663935705709e-13 
  1985.0   4.377759719019993e-13 
  1986.0   4.125674332770556e-13 
  1987.0   4.227845679928404e-13 
  1988.0   4.192933633645334e-13 
  1989.0   3.6409843311072753e-13 
  1990.0   3.581296326708814e-13 
  1991.0   3.6325916583048106e-13 
  1992.0   3.672468510513289e-13 
  1993.0   3.8305810395534333e-13 
  1994.0   4.0376028584720625e-13 
  1995.0   3.855194302549724e-13 
  1996.0   4.0462034448267376e-13 
  1997.0   4.3847464229281977e-13 
  1998.0   4.4542632087601315e-13 
  1999.0   4.4639631151998993e-13 
  2000.0   4.379121520573932e-13 
  2001.0   2.6362870192419564e-13 
  2002.0   1.2745993727445318e-12 
  2003.0   4.432261282199495e-13 
  2004.0   1.2667561141409924e-12 
  2005.0   6.166884620876585e-13 
  2006.0   4.258617751746761e-13 
  2007.0   4.600715811924283e-13 
  2008.0   4.820288782392761e-13 
  2009.0   5.113139219849604e-13 
  2010.0   1.0770662054532902e-12 
  2011.0   5.845591613334444e-13 
  2012.0   2.4076768719140354e-12 
  2013.0   6.272599257819695e-13 
  2014.0   6.274706680852357e-13 
