  1850.0   -9.439487746493708e-11 
  1851.0   4.3611896394033825e-11 
  1852.0   -1.7530784433648418e-10 
  1853.0   -7.15601102889533e-11 
  1854.0   2.9637215783739325e-11 
  1855.0   2.2231644089081975e-11 
  1856.0   1.3022377884852998e-10 
  1857.0   -1.6080429834952252e-10 
  1858.0   -1.0068869757940528e-10 
  1859.0   -5.548917661287087e-11 
  1860.0   -1.382737691195617e-10 
  1861.0   1.2808624667395777e-10 
  1862.0   -1.336917383385588e-10 
  1863.0   -1.913936096052672e-10 
  1864.0   1.4844792435874214e-10 
  1865.0   2.0011409337580692e-10 
  1866.0   -1.4442219806757046e-10 
  1867.0   -1.165535838114918e-10 
  1868.0   -1.3924847698038479e-10 
  1869.0   1.6584303428825543e-10 
  1870.0   -3.9139360684758566e-11 
  1871.0   -1.786517749896691e-11 
  1872.0   -6.323495520013461e-12 
  1873.0   -1.866836085134039e-10 
  1874.0   2.0729372409588318e-10 
  1875.0   1.435950493138995e-10 
  1876.0   -6.807960789685998e-11 
  1877.0   2.1516278435841383e-10 
  1878.0   -1.8841461510401083e-10 
  1879.0   1.1841259090535985e-10 
  1880.0   -1.1400017429057347e-10 
  1881.0   1.348664341021618e-10 
  1882.0   -6.631572890876394e-11 
  1883.0   -1.7621587601706092e-10 
  1884.0   -1.3944014899617172e-10 
  1885.0   1.718175225431627e-10 
  1886.0   -1.1734873624928645e-11 
  1887.0   1.0576742499607186e-10 
  1888.0   -1.8390421331762588e-10 
  1889.0   -1.0747220704816496e-10 
  1890.0   -1.51043843529917e-10 
  1891.0   1.9238169351134584e-10 
  1892.0   -1.0939542181975023e-10 
  1893.0   1.4156659101410727e-10 
  1894.0   -2.6761833879364263e-11 
  1895.0   -1.949081301679608e-10 
  1896.0   -5.855742446322789e-11 
  1897.0   -4.360398017730703e-13 
  1898.0   -3.053742727830214e-11 
  1899.0   1.0100400256127507e-10 
  1900.0   -9.871068590128347e-11 
  1901.0   2.1627701359899925e-10 
  1902.0   7.301273322505919e-12 
  1903.0   -1.0831031309524897e-10 
  1904.0   5.977341180271991e-11 
  1905.0   3.738582860748082e-11 
  1906.0   -3.007389611680441e-11 
  1907.0   -9.751264562300473e-11 
  1908.0   2.066553591998473e-10 
  1909.0   -6.78574277885469e-11 
  1910.0   4.5230956911939313e-11 
  1911.0   -1.5216871415466033e-10 
  1912.0   -4.715703348764413e-11 
  1913.0   2.71111288705248e-10 
  1914.0   -1.174849850931182e-10 
  1915.0   -5.684579074463323e-11 
  1916.0   -6.001538598667919e-11 
  1917.0   -3.154947208547768e-10 
  1918.0   1.1258711202832186e-10 
  1919.0   5.92714814527358e-11 
  1920.0   1.0557591101073671e-10 
  1921.0   2.8496668948977224e-10 
  1922.0   8.005289606487076e-11 
  1923.0   -9.074022139372976e-11 
  1924.0   -3.5512185784202193e-10 
  1925.0   -1.4758519178760646e-10 
  1926.0   1.8468379802414797e-10 
  1927.0   2.499988576816917e-10 
  1928.0   -7.994535639608219e-11 
  1929.0   6.172539174398618e-11 
  1930.0   8.114777974889602e-12 
  1931.0   -2.0016185650762401e-10 
  1932.0   -7.394238470131927e-12 
  1933.0   -1.5263714343396282e-11 
  1934.0   -2.727226739380136e-11 
  1935.0   3.625095064555818e-12 
  1936.0   2.2460894340406512e-10 
  1937.0   1.3959720772675392e-10 
  1938.0   -2.553373550371583e-10 
  1939.0   -2.4216928022396957e-11 
  1940.0   -1.614042572897506e-10 
  1941.0   1.8420376329409924e-12 
  1942.0   1.8850708578254453e-11 
  1943.0   -3.8979021712094184e-10 
  1944.0   1.3380976175368705e-10 
  1945.0   3.380930609364145e-10 
  1946.0   -6.761576861440698e-11 
  1947.0   6.354989978626417e-11 
  1948.0   -7.622716078912435e-11 
  1949.0   -3.2397207739372277e-10 
  1950.0   -3.5245309085390295e-11 
  1951.0   -2.2016394718633885e-10 
  1952.0   1.4831169515034355e-10 
  1953.0   1.7559040973079715e-10 
  1954.0   2.208650821734202e-10 
  1955.0   -1.802659997257263e-10 
  1956.0   -2.7326635359402454e-10 
  1957.0   -3.2350441094127484e-10 
  1958.0   1.9722290938010935e-10 
  1959.0   1.118327291834958e-10 
  1960.0   3.692330869187475e-11 
  1961.0   -2.663590301121311e-10 
  1962.0   -2.5528821012967927e-10 
  1963.0   1.473211097671129e-10 
  1964.0   -1.7513731609068761e-10 
  1965.0   -4.688079823483707e-10 
  1966.0   -3.128410489261457e-10 
  1967.0   1.3166279448973485e-10 
  1968.0   -3.411645681680735e-10 
  1969.0   -2.9781508028001084e-10 
  1970.0   6.657136687296812e-11 
  1971.0   -4.6642200312684027e-11 
  1972.0   2.010261311415925e-10 
  1973.0   -6.225815657864303e-10 
  1974.0   2.5850229195628418e-11 
  1975.0   5.38884710705567e-11 
  1976.0   -2.793031549256992e-10 
  1977.0   -2.0868794205168069e-10 
  1978.0   -1.766846827089733e-10 
  1979.0   2.223015982235425e-10 
  1980.0   6.407407584293136e-11 
  1981.0   -3.515322285153361e-10 
  1982.0   -2.7079897078131665e-10 
  1983.0   -8.147833857921531e-11 
  1984.0   -8.79664195671104e-11 
  1985.0   3.4715268930089415e-11 
  1986.0   2.9018672718116495e-10 
  1987.0   -2.0822122076020668e-10 
  1988.0   -4.985268971657956e-10 
  1989.0   -2.2644408902388448e-10 
  1990.0   7.137836517632708e-11 
  1991.0   -4.503993048640797e-12 
  1992.0   -1.6528126534809218e-10 
  1993.0   2.2033511988808364e-10 
  1994.0   -1.8962461519624334e-11 
  1995.0   -1.5279261796536643e-10 
  1996.0   1.578738675379977e-10 
  1997.0   -2.535644453569746e-10 
  1998.0   -4.312072459831825e-12 
  1999.0   1.735399174030698e-11 
  2000.0   -1.7495783921456645e-10 
  2001.0   -2.5708812920193473e-10 
  2002.0   -2.6495598977701093e-10 
  2003.0   -6.449226798909036e-11 
  2004.0   -1.1934933772313378e-10 
  2005.0   -3.899071428176682e-11 
  2006.0   4.426302330834701e-11 
  2007.0   -2.0123966602995999e-10 
  2008.0   1.7823712447073361e-10 
  2009.0   -2.2210271258557243e-10 
  2010.0   -5.092124209388978e-10 
  2011.0   -1.2374011089626586e-10 
  2012.0   -1.769318244952158e-10 
  2013.0   -4.1945234883727606e-10 
  2014.0   -2.8768436997520186e-10 
