  1850.0   0.657142433260673 
  1851.0   0.6761298776074374 
  1852.0   0.6785622374100749 
  1853.0   0.5539929665281861 
  1854.0   0.6960870689147374 
  1855.0   0.60373578476243 
  1856.0   0.6424305056871873 
  1857.0   0.6397551405849181 
  1858.0   0.5770120928557367 
  1859.0   0.6996243163057444 
  1860.0   0.6565490102595734 
  1861.0   0.5928095618616167 
  1862.0   0.6327109510257442 
  1863.0   0.5502656879564782 
  1864.0   0.5926255295168554 
  1865.0   0.6117604621687719 
  1866.0   0.7290596416302929 
  1867.0   0.7109765012829737 
  1868.0   0.7016688646956376 
  1869.0   0.6325298709644751 
  1870.0   0.7066679567692983 
  1871.0   0.6673734514906438 
  1872.0   0.6154150728129765 
  1873.0   0.646130022260861 
  1874.0   0.6024747326841435 
  1875.0   0.5691891642371285 
  1876.0   0.6155963754915055 
  1877.0   0.6579542707915786 
  1878.0   0.7042408773069411 
  1879.0   0.6684558740630574 
  1880.0   0.7259613910340207 
  1881.0   0.716630285581622 
  1882.0   0.7325179077716358 
  1883.0   0.655242822733218 
  1884.0   0.6104795394334913 
  1885.0   0.7091553639036161 
  1886.0   0.6200720730236116 
  1887.0   0.6588847894752841 
  1888.0   0.6730705986962676 
  1889.0   0.6396199597618594 
  1890.0   0.7241277034462118 
  1891.0   0.7329374902055118 
  1892.0   0.6638305323555033 
  1893.0   0.7355351991583344 
  1894.0   0.723934771416735 
  1895.0   0.6303793555521174 
  1896.0   0.7220591510864949 
  1897.0   0.7392441012780381 
  1898.0   0.8046787473704163 
  1899.0   0.6857467088043133 
  1900.0   0.753877728483556 
  1901.0   0.7596506317533106 
  1902.0   0.7091523597385295 
  1903.0   0.7089968684229669 
  1904.0   0.6930375311929066 
  1905.0   0.7017376412997972 
  1906.0   0.7464733562354324 
  1907.0   0.7107406929535239 
  1908.0   0.7127109623616408 
  1909.0   0.7568136866519718 
  1910.0   0.6803798174602088 
  1911.0   0.7949890536633301 
  1912.0   0.6785735410385313 
  1913.0   0.6598800157587784 
  1914.0   0.7547787253973066 
  1915.0   0.7136144021723456 
  1916.0   0.6949132003306698 
  1917.0   0.700381459346096 
  1918.0   0.6854917192776278 
  1919.0   0.6939729748336495 
  1920.0   0.6872136344141098 
  1921.0   0.7365732276550164 
  1922.0   0.7270796966980065 
  1923.0   0.7892944787497927 
  1924.0   0.7283349624348924 
  1925.0   0.7464325689496357 
  1926.0   0.7816241418695433 
  1927.0   0.8018783533048494 
  1928.0   0.7880168399902993 
  1929.0   0.7526515266263326 
  1930.0   0.8032064754017392 
  1931.0   0.8780077735504236 
  1932.0   0.8427780473163449 
  1933.0   0.6725825555188292 
  1934.0   0.7715700161271056 
  1935.0   0.8197090054307169 
  1936.0   0.7836772231512217 
  1937.0   0.8173807618969583 
  1938.0   0.8266426552658236 
  1939.0   0.8114172273640199 
  1940.0   0.8353512349844194 
  1941.0   0.8948400825351629 
  1942.0   0.7921272587621461 
  1943.0   0.818096911537279 
  1944.0   0.8957110777483919 
  1945.0   0.9170028927303056 
  1946.0   0.8449475316559748 
  1947.0   0.8241069372780394 
  1948.0   0.8849132817181515 
  1949.0   0.8193125192277513 
  1950.0   0.7903606169716866 
  1951.0   0.8430354358443364 
  1952.0   0.8666009825848157 
  1953.0   0.806655339285933 
  1954.0   0.8440612297891961 
  1955.0   0.9052545437990358 
  1956.0   0.7851108142765469 
  1957.0   0.8549984382432884 
  1958.0   0.8536587320533018 
  1959.0   0.8014367423211902 
  1960.0   0.9028063094594144 
  1961.0   0.9597329787146048 
  1962.0   0.882302885971619 
  1963.0   0.9638158172350618 
  1964.0   1.0507913811141962 
  1965.0   0.8834731092316436 
  1966.0   0.8732954798950981 
  1967.0   0.8583903611197958 
  1968.0   0.806222171393426 
  1969.0   0.9729968064816972 
  1970.0   1.031792983635416 
  1971.0   1.048724409288355 
  1972.0   0.8008708106329216 
  1973.0   0.9355095926517514 
  1974.0   1.0069657877487905 
  1975.0   0.9077294853458373 
  1976.0   0.9642898980037748 
  1977.0   1.0334038590755845 
  1978.0   1.0504182171635916 
  1979.0   0.8853024927387474 
  1980.0   0.9988255718454717 
  1981.0   1.0048391433160375 
  1982.0   0.9218428803881545 
  1983.0   1.0140898874856372 
  1984.0   1.0607348766262867 
  1985.0   1.0244381780700553 
  1986.0   0.962147088403425 
  1987.0   1.051502233390609 
  1988.0   1.006908934913529 
  1989.0   1.0405096978800517 
  1990.0   1.0055146880796202 
  1991.0   1.107872045838893 
  1992.0   1.1078099463897257 
  1993.0   0.9032493902176151 
  1994.0   1.006897781542845 
  1995.0   0.9566104324992507 
  1996.0   1.0355766977864285 
  1997.0   1.0848316047005693 
  1998.0   1.180610289984241 
  1999.0   1.2050291005901286 
  2000.0   1.2494641740513723 
  2001.0   1.0205678599420318 
  2002.0   0.9369931871782005 
  2003.0   1.1895748688852839 
  2004.0   1.22401702512291 
  2005.0   1.053952900299909 
  2006.0   1.1626896439411547 
  2007.0   1.1796024689955653 
  2008.0   1.2417747457495463 
  2009.0   1.2613724986834076 
  2010.0   1.1096321372129694 
  2011.0   1.2314253955166323 
  2012.0   1.0733764162109471 
  2013.0   0.9948979401730432 
  2014.0   1.0120301745969837 
