  1850.0   8.585787358500848e-11 
  1851.0   8.757538003972349e-11 
  1852.0   8.9876001724235e-11 
  1853.0   9.058639975140441e-11 
  1854.0   9.053091609096105e-11 
  1855.0   9.16069908860539e-11 
  1856.0   9.26126089511551e-11 
  1857.0   9.416281518537603e-11 
  1858.0   9.518758457383018e-11 
  1859.0   9.554410986199556e-11 
  1860.0   9.58169054504762e-11 
  1861.0   9.635654069212917e-11 
  1862.0   9.667857954399611e-11 
  1863.0   9.613641280337673e-11 
  1864.0   9.580758048917403e-11 
  1865.0   9.70155587864198e-11 
  1866.0   9.864796686944078e-11 
  1867.0   9.890184526797852e-11 
  1868.0   9.867318034617224e-11 
  1869.0   9.782855603187934e-11 
  1870.0   9.99596638995971e-11 
  1871.0   1.0216136362014805e-10 
  1872.0   1.0433894862244881e-10 
  1873.0   1.0543582484003591e-10 
  1874.0   1.0615606019850251e-10 
  1875.0   1.0634756798012089e-10 
  1876.0   1.0744645813251431e-10 
  1877.0   1.0860661506655266e-10 
  1878.0   1.0973368692156364e-10 
  1879.0   1.1044981183309457e-10 
  1880.0   1.1139159044747598e-10 
  1881.0   1.1198046059255409e-10 
  1882.0   1.1184139668196344e-10 
  1883.0   1.1171853742522829e-10 
  1884.0   1.1096911375736208e-10 
  1885.0   1.0985751520803338e-10 
  1886.0   1.1007125926116998e-10 
  1887.0   1.1042071214426872e-10 
  1888.0   1.1150384196994911e-10 
  1889.0   1.1169604560196365e-10 
  1890.0   1.1013754087673657e-10 
  1891.0   1.0968130480656293e-10 
  1892.0   1.1093292771481295e-10 
  1893.0   1.1236352028022501e-10 
  1894.0   1.1335700961067094e-10 
  1895.0   1.1322746414387537e-10 
  1896.0   1.1248839582281965e-10 
  1897.0   1.1167053889736204e-10 
  1898.0   1.1324804500671137e-10 
  1899.0   1.1499823762905851e-10 
  1900.0   1.205290829816179e-10 
  1901.0   1.212043244088277e-10 
  1902.0   1.234742906814139e-10 
  1903.0   1.2584153850624772e-10 
  1904.0   1.2670064723915265e-10 
  1905.0   1.25690163518073e-10 
  1906.0   1.247944632683102e-10 
  1907.0   1.2611643317539817e-10 
  1908.0   1.282272641820016e-10 
  1909.0   1.296791341854959e-10 
  1910.0   1.2915789234722516e-10 
  1911.0   1.2852104063633856e-10 
  1912.0   1.2792614536478345e-10 
  1913.0   1.2657989773271431e-10 
  1914.0   1.2446484084691154e-10 
  1915.0   1.2477857610013555e-10 
  1916.0   1.264246195961743e-10 
  1917.0   1.2797246613617762e-10 
  1918.0   1.2866083195961832e-10 
  1919.0   1.2659597409210894e-10 
  1920.0   1.293243448508761e-10 
  1921.0   1.3143543809356052e-10 
  1922.0   1.351461850490083e-10 
  1923.0   1.3704070021041215e-10 
  1924.0   1.3736466735660215e-10 
  1925.0   1.3774919204682449e-10 
  1926.0   1.3776832070052077e-10 
  1927.0   1.3877377824300284e-10 
  1928.0   1.4023106982808855e-10 
  1929.0   1.4216833829930356e-10 
  1930.0   1.6375841325315898e-10 
  1931.0   1.6977155147235712e-10 
  1932.0   1.736183746889562e-10 
  1933.0   1.785586937866731e-10 
  1934.0   1.8188854726064213e-10 
  1935.0   1.8602873526478664e-10 
  1936.0   1.9339060956772068e-10 
  1937.0   1.9864497904150902e-10 
  1938.0   2.0338649508099606e-10 
  1939.0   2.078921524514072e-10 
  1940.0   1.912668713199066e-10 
  1941.0   1.9134832429740535e-10 
  1942.0   1.899084518823339e-10 
  1943.0   1.8489918982390494e-10 
  1944.0   1.8276521080560169e-10 
  1945.0   1.8313741894891006e-10 
  1946.0   1.8342261049758144e-10 
  1947.0   1.8329446416292567e-10 
  1948.0   1.8034317062381074e-10 
  1949.0   1.7893704867390573e-10 
  1950.0   2.0926673830548076e-10 
  1951.0   2.181326916817112e-10 
  1952.0   2.2431981204413446e-10 
  1953.0   2.3075826316149484e-10 
  1954.0   2.364802201328366e-10 
  1955.0   2.396057998473794e-10 
  1956.0   2.456219185590973e-10 
  1957.0   2.5255005944072776e-10 
  1958.0   2.5515743308787133e-10 
  1959.0   2.575729240871032e-10 
  1960.0   2.245561517432332e-10 
  1961.0   2.2151110920501752e-10 
  1962.0   2.2235787727729548e-10 
  1963.0   2.2344710599704364e-10 
  1964.0   2.258853526259114e-10 
  1965.0   2.2725874729894538e-10 
  1966.0   2.2933131763729334e-10 
  1967.0   2.2991744167693453e-10 
  1968.0   2.3180315217420413e-10 
  1969.0   2.348212351335903e-10 
  1970.0   2.3117521291342885e-10 
  1971.0   2.3105729307321493e-10 
  1972.0   2.2970672699633678e-10 
  1973.0   2.2848056606499003e-10 
  1974.0   2.3433041461526087e-10 
  1975.0   2.4021829581911434e-10 
  1976.0   2.422687968986121e-10 
  1977.0   2.4704728940593963e-10 
  1978.0   2.5561545662316024e-10 
  1979.0   2.6362084051319023e-10 
  1980.0   2.72539471630092e-10 
  1981.0   2.7808868277163277e-10 
  1982.0   2.831483110576289e-10 
  1983.0   2.8382877269210665e-10 
  1984.0   2.808228569027858e-10 
  1985.0   2.8297846924750433e-10 
  1986.0   2.906001891162483e-10 
  1987.0   2.928053272214533e-10 
  1988.0   2.922022303172491e-10 
  1989.0   2.946008053679557e-10 
  1990.0   2.9622376802577897e-10 
  1991.0   3.022071958005881e-10 
  1992.0   3.070571488204399e-10 
  1993.0   3.0849022350683224e-10 
  1994.0   3.0818934031111576e-10 
  1995.0   3.08434947424235e-10 
  1996.0   3.1134802676597426e-10 
  1997.0   3.098635832698544e-10 
  1998.0   3.064629430378645e-10 
  1999.0   3.0171872954560787e-10 
  2000.0   3.226630591112273e-10 
  2001.0   3.2150832578706245e-10 
  2002.0   2.904225790230405e-10 
  2003.0   3.18338272626938e-10 
  2004.0   3.220736014417702e-10 
  2005.0   2.93928722936562e-10 
  2006.0   2.8110589550069464e-10 
  2007.0   2.7962073266016106e-10 
  2008.0   2.8440943914530766e-10 
  2009.0   2.8589356446260003e-10 
  2010.0   2.852410649968126e-10 
  2011.0   2.8932528127025007e-10 
  2012.0   2.8233442593340514e-10 
  2013.0   2.6527226990481057e-10 
  2014.0   2.604595414224674e-10 
