  1850.0   289.476639543871 
  1851.0   289.035758307546 
  1852.0   289.39721496342406 
  1853.0   289.0874197297131 
  1854.0   288.8342404807703 
  1855.0   289.4145309094055 
  1856.0   289.5467466724761 
  1857.0   289.1303426763468 
  1858.0   288.78074857764824 
  1859.0   289.64833927914464 
  1860.0   289.4063459821925 
  1861.0   288.9320929214824 
  1862.0   288.99177230527107 
  1863.0   289.0611957336979 
  1864.0   288.80130117620587 
  1865.0   288.96894711782727 
  1866.0   289.0207630214405 
  1867.0   289.86560578092315 
  1868.0   289.4605634414509 
  1869.0   288.9777184259905 
  1870.0   289.61709079977925 
  1871.0   289.5243109437356 
  1872.0   289.0902368941897 
  1873.0   289.07839661743753 
  1874.0   289.56225216781223 
  1875.0   289.3866863421378 
  1876.0   289.7242596280394 
  1877.0   288.9481090347835 
  1878.0   289.5203722691916 
  1879.0   289.31442337823444 
  1880.0   289.25695321619514 
  1881.0   289.3422782568667 
  1882.0   289.9312360983079 
  1883.0   289.7483320450804 
  1884.0   288.6431745206151 
  1885.0   288.826958134224 
  1886.0   289.2033068806448 
  1887.0   288.4712925181621 
  1888.0   288.94012590499636 
  1889.0   288.9213415260083 
  1890.0   289.2034675030067 
  1891.0   289.1051707939362 
  1892.0   288.96325540501454 
  1893.0   289.2786301670683 
  1894.0   288.9791677265102 
  1895.0   289.3715315918028 
  1896.0   289.0591945483024 
  1897.0   289.437767823143 
  1898.0   289.51035039899176 
  1899.0   288.69509704378686 
  1900.0   289.66540363487826 
  1901.0   289.41608177272354 
  1902.0   288.70768529250995 
  1903.0   288.59544533455374 
  1904.0   288.8403507626588 
  1905.0   288.7723157383487 
  1906.0   289.5425478203551 
  1907.0   289.1661986154288 
  1908.0   288.81558168457553 
  1909.0   289.0432003870957 
  1910.0   288.940431958361 
  1911.0   288.9244340676437 
  1912.0   288.9235314359013 
  1913.0   288.8349580958035 
  1914.0   289.1974412920381 
  1915.0   288.8372403331346 
  1916.0   289.66227499299873 
  1917.0   289.53219243797804 
  1918.0   289.1104600500427 
  1919.0   289.02732770831346 
  1920.0   288.89774646439844 
  1921.0   289.96173949988867 
  1922.0   289.070990997201 
  1923.0   289.43544012651193 
  1924.0   289.5853628645287 
  1925.0   289.2994893119872 
  1926.0   289.13389479154125 
  1927.0   288.93765162791004 
  1928.0   289.28418514304315 
  1929.0   289.4178557998768 
  1930.0   289.1156591400939 
  1931.0   289.9569149557124 
  1932.0   289.4407315761095 
  1933.0   290.26702249425824 
  1934.0   289.24549674945035 
  1935.0   289.4580275170492 
  1936.0   289.83568247139215 
  1937.0   289.76771048186447 
  1938.0   289.79019080682605 
  1939.0   289.5543521544378 
  1940.0   289.3747835123558 
  1941.0   289.56983673119055 
  1942.0   289.99566561974876 
  1943.0   289.8810113991086 
  1944.0   289.76842952383123 
  1945.0   289.3939833033941 
  1946.0   289.7244183588632 
  1947.0   288.3023354054804 
  1948.0   288.9895666586118 
  1949.0   289.6237907855735 
  1950.0   289.0921060927355 
  1951.0   289.9691516127402 
  1952.0   289.28304237621313 
  1953.0   289.47577326392326 
  1954.0   289.0173704676651 
  1955.0   289.75309783345966 
  1956.0   289.34202410702585 
  1957.0   289.3592658292604 
  1958.0   289.13273164153094 
  1959.0   288.8472257015574 
  1960.0   289.2294199078887 
  1961.0   289.4543657255803 
  1962.0   289.6044762348137 
  1963.0   289.76694847368225 
  1964.0   289.4582464507017 
  1965.0   288.61899125805775 
  1966.0   288.95112559343477 
  1967.0   289.2614065291336 
  1968.0   289.1804065311198 
  1969.0   289.56494735612915 
  1970.0   289.16323402674345 
  1971.0   288.35818831290595 
  1972.0   289.15359328437074 
  1973.0   289.2017604449258 
  1974.0   288.8876447712991 
  1975.0   289.3625909119415 
  1976.0   289.3675654769457 
  1977.0   289.6197934515116 
  1978.0   289.62283070143565 
  1979.0   288.7873486960641 
  1980.0   288.8791376752521 
  1981.0   289.05092882483706 
  1982.0   289.18148705428155 
  1983.0   289.20339964738497 
  1984.0   289.62635921315433 
  1985.0   288.5484998239754 
  1986.0   288.9184733358869 
  1987.0   289.25653281246264 
  1988.0   289.6156648372473 
  1989.0   289.58169682852144 
  1990.0   289.7406277503994 
  1991.0   289.356612317907 
  1992.0   289.64520480590846 
  1993.0   289.90113232252617 
  1994.0   290.1544217659881 
  1995.0   289.8126016854877 
  1996.0   289.9091861234336 
  1997.0   289.745610431395 
  1998.0   289.6493423047227 
  1999.0   290.1192890298337 
  2000.0   290.3517333050609 
  2001.0   290.5591668552503 
  2002.0   290.62083787203875 
  2003.0   290.34089274045414 
  2004.0   290.60568986173814 
  2005.0   289.92644516544806 
  2006.0   290.34644454835546 
  2007.0   291.12436314282627 
  2008.0   290.64175114507765 
  2009.0   290.816455239021 
  2010.0   290.48836631142717 
  2011.0   291.0140603480446 
  2012.0   290.64877310880934 
  2013.0   290.3805220026934 
  2014.0   290.7658571842659 
