  1850.0   0.5636888809530631 
  1851.0   0.5086362962565282 
  1852.0   0.6442407559952383 
  1853.0   0.5064305805880372 
  1854.0   0.4533758294963962 
  1855.0   0.5574823545116029 
  1856.0   0.5727241188544624 
  1857.0   0.5440841568063819 
  1858.0   0.561688953871243 
  1859.0   0.5654600699422891 
  1860.0   0.5383859997649213 
  1861.0   0.5240677702274013 
  1862.0   0.6003173918394158 
  1863.0   0.48688932934613915 
  1864.0   0.4889049211905558 
  1865.0   0.5854134072080155 
  1866.0   0.49522137677347733 
  1867.0   0.45847436863630586 
  1868.0   0.5941046095757159 
  1869.0   0.5625675828554081 
  1870.0   0.4621857195839253 
  1871.0   0.5252787027621213 
  1872.0   0.6602269030449499 
  1873.0   0.5219774046345261 
  1874.0   0.493700361832931 
  1875.0   0.5170898653513607 
  1876.0   0.4935175678285718 
  1877.0   0.4923077688541181 
  1878.0   0.6906435027757389 
  1879.0   0.5014149376261191 
  1880.0   0.5848915202174222 
  1881.0   0.7258799366122749 
  1882.0   0.5565875526734704 
  1883.0   0.48190424949855276 
  1884.0   0.4690708683625201 
  1885.0   0.4457139917334658 
  1886.0   0.5943958812571081 
  1887.0   0.552082940620751 
  1888.0   0.452702107664209 
  1889.0   0.5218373428374768 
  1890.0   0.48139429892997376 
  1891.0   0.554952140025166 
  1892.0   0.5241169343506361 
  1893.0   0.5332642321211256 
  1894.0   0.4548056943741198 
  1895.0   0.6232646870715511 
  1896.0   0.7356511590271941 
  1897.0   0.4857285054594454 
  1898.0   0.43185446334460426 
  1899.0   0.5412392548052298 
  1900.0   0.4733489032523702 
  1901.0   0.5710012740375944 
  1902.0   0.5784513385682105 
  1903.0   0.5170284842603852 
  1904.0   0.4880277002322977 
  1905.0   0.5134574016713954 
  1906.0   0.560121186146595 
  1907.0   0.6363493560276644 
  1908.0   0.47422595406556056 
  1909.0   0.5844640505612636 
  1910.0   0.5946593919885091 
  1911.0   0.4721441289056558 
  1912.0   0.6445110230517607 
  1913.0   0.6750945863678023 
  1914.0   0.4208713800265763 
  1915.0   0.5094067750028127 
  1916.0   0.557272482923445 
  1917.0   0.5894657656247182 
  1918.0   0.6061554854937485 
  1919.0   0.6380361870853959 
  1920.0   0.5318366494998935 
  1921.0   0.5265743046874711 
  1922.0   0.5574633977714182 
  1923.0   0.4404638841029491 
  1924.0   0.5018172688089645 
  1925.0   0.654718612614748 
  1926.0   0.6392479378583924 
  1927.0   0.4969109351721691 
  1928.0   0.4887708064406341 
  1929.0   0.6436788476826139 
  1930.0   0.5719022145329201 
  1931.0   0.44286503558934026 
  1932.0   0.5665358724161965 
  1933.0   0.546169344882011 
  1934.0   0.5225377258049676 
  1935.0   0.5624332426160847 
  1936.0   0.48012651182195387 
  1937.0   0.5797889685848818 
  1938.0   0.6267083397664958 
  1939.0   0.4985376656175855 
  1940.0   0.6583561531709136 
  1941.0   0.47620355902606826 
  1942.0   0.7191005602239333 
  1943.0   0.6577201386415596 
  1944.0   0.48681863195421193 
  1945.0   0.6142908162181797 
  1946.0   0.5272650222849603 
  1947.0   0.48717665581577574 
  1948.0   0.5202268844290051 
  1949.0   0.732657947355361 
  1950.0   0.6761962127663514 
  1951.0   0.5394230163342923 
  1952.0   0.5730916515008402 
  1953.0   0.6311662082421929 
  1954.0   0.59649311973058 
  1955.0   0.5098119436330605 
  1956.0   0.6471366324014874 
  1957.0   0.5550545120375342 
  1958.0   0.5305934317151525 
  1959.0   0.5825848307561969 
  1960.0   0.5350193541023572 
  1961.0   0.642324753808105 
  1962.0   0.56564314085595 
  1963.0   0.5397792540529908 
  1964.0   0.6560260780268033 
  1965.0   0.6061610666231796 
  1966.0   0.5526554575257351 
  1967.0   0.5268468832940434 
  1968.0   0.49522985689281457 
  1969.0   0.6237764120801403 
  1970.0   0.6092863144209953 
  1971.0   0.4214762448984908 
  1972.0   0.663334173612038 
  1973.0   0.6861034061305175 
  1974.0   0.6482368131657051 
  1975.0   0.5305326497186219 
  1976.0   0.6948883136324736 
  1977.0   0.5625322937838513 
  1978.0   0.5892676770850086 
  1979.0   0.48943339512646 
  1980.0   0.6625606957455653 
  1981.0   0.5993602226771485 
  1982.0   0.45543026886375154 
  1983.0   0.5806813511780987 
  1984.0   0.5678045554458301 
  1985.0   0.5652015084304378 
  1986.0   0.5032073851798605 
  1987.0   0.6364841670192912 
  1988.0   0.5869578626042087 
  1989.0   0.5620417157270658 
  1990.0   0.596782461067984 
  1991.0   0.618740420504968 
  1992.0   0.5086352168089231 
  1993.0   0.5823846693811133 
  1994.0   0.6190181971543273 
  1995.0   0.6645162255532895 
  1996.0   0.5738877196062443 
  1997.0   0.7200752913993119 
  1998.0   0.6351991221272812 
  1999.0   0.5152939027957221 
  2000.0   0.5403891184153133 
  2001.0   0.6640575780451579 
  2002.0   0.6605565191305511 
  2003.0   0.7125562874288246 
  2004.0   0.6676978663959522 
  2005.0   0.4967910755282866 
  2006.0   0.6537106755492372 
  2007.0   0.7641800765310937 
  2008.0   0.48326406853121495 
  2009.0   0.5533449209333782 
  2010.0   0.5424061301811283 
  2011.0   0.6403789590751165 
  2012.0   0.7293241549384393 
  2013.0   0.47727181503086624 
  2014.0   0.7014385197314513 
