  1850.0   -0.016539974969282355 
  1851.0   -0.10316509028093537 
  1852.0   -0.03625081812510318 
  1853.0   0.05922362126353538 
  1854.0   0.12292625428988328 
  1855.0   0.07099580378658642 
  1856.0   0.004376770778101507 
  1857.0   -0.11679217768635741 
  1858.0   -0.08335452622042196 
  1859.0   -0.10984182056260641 
  1860.0   -0.06714425715031225 
  1861.0   -0.06967482578208392 
  1862.0   -0.0017700300410833393 
  1863.0   0.06886549466639896 
  1864.0   0.05475652036502472 
  1865.0   0.05071671254603784 
  1866.0   0.056179774353514136 
  1867.0   0.09134278013239275 
  1868.0   0.06153197589651831 
  1869.0   -0.020307378979764833 
  1870.0   0.015745837483335603 
  1871.0   -0.06697787914347957 
  1872.0   -0.013563292544059505 
  1873.0   0.060774212740171155 
  1874.0   -0.052069566361018 
  1875.0   -0.07512817467828076 
  1876.0   -0.03837981842333336 
  1877.0   -0.014611439230846356 
  1878.0   -0.07819788138425827 
  1879.0   -0.10915345932227527 
  1880.0   -0.142636329424001 
  1881.0   -0.001679794176872395 
  1882.0   0.0708698471531817 
  1883.0   0.1317230584611418 
  1884.0   0.10139210234104094 
  1885.0   0.03747290575184472 
  1886.0   0.07658303232765712 
  1887.0   0.13045208391737495 
  1888.0   0.030517109734553564 
  1889.0   0.03399504647525728 
  1890.0   -0.014056448198713075 
  1891.0   0.07567954522704874 
  1892.0   -0.0126193418289374 
  1893.0   -0.03903214821095997 
  1894.0   -0.08492175543733374 
  1895.0   -0.08943629026242979 
  1896.0   -0.03980113824880617 
  1897.0   0.06501319185318072 
  1898.0   0.027622417488509944 
  1899.0   0.12402795956030277 
  1900.0   0.11446070862224263 
  1901.0   0.07368105307980931 
  1902.0   0.057686529743223476 
  1903.0   0.12830357377912768 
  1904.0   0.08941831292145899 
  1905.0   -0.037032943610807084 
  1906.0   -0.0010394886238877846 
  1907.0   0.03173828012090909 
  1908.0   -0.042984446666485154 
  1909.0   0.04905759165422165 
  1910.0   0.028921082584429682 
  1911.0   0.06290156018083747 
  1912.0   0.12636476172688862 
  1913.0   0.037671792162754236 
  1914.0   0.041194988563588546 
  1915.0   0.018271057543739144 
  1916.0   -0.025167517066659973 
  1917.0   -0.06862950931234302 
  1918.0   -0.007475312458814829 
  1919.0   0.004234816589863439 
  1920.0   0.01901399723398865 
  1921.0   -0.017817676702143195 
  1922.0   0.030460455590905246 
  1923.0   -0.07300614871216814 
  1924.0   0.020611024523516857 
  1925.0   0.06566203645083256 
  1926.0   -0.029545351038566984 
  1927.0   -0.03277559016902032 
  1928.0   0.01770958818748834 
  1929.0   -0.035746230657879505 
  1930.0   0.04362811824164523 
  1931.0   0.07188019303896027 
  1932.0   0.07697943860325214 
  1933.0   -0.04457349120379449 
  1934.0   0.013901487968337971 
  1935.0   0.005432779305200047 
  1936.0   0.007180498539861449 
  1937.0   -0.012229950703665638 
  1938.0   -0.011911660412720628 
  1939.0   0.015492076789429097 
  1940.0   0.05793820841661172 
  1941.0   -0.01916392804109431 
  1942.0   0.045257927152542565 
  1943.0   0.04275818705761534 
  1944.0   -0.04542752894155351 
  1945.0   0.008833808313506844 
  1946.0   0.04941301400068767 
  1947.0   0.01579392105594126 
  1948.0   -0.03701877228428281 
  1949.0   0.034577478456916416 
  1950.0   0.05842406301123963 
  1951.0   0.02406805932008415 
  1952.0   -0.024846352521366508 
  1953.0   -0.05372675254469841 
  1954.0   0.031021510212482752 
  1955.0   0.016784658394508604 
  1956.0   0.0008498245210899293 
  1957.0   -0.05162119596256221 
  1958.0   -0.050468405557514945 
  1959.0   0.023197540018318436 
  1960.0   -0.020623383324322973 
  1961.0   0.022056312016697478 
  1962.0   0.07534649892978862 
  1963.0   0.022039049752070886 
  1964.0   0.07992199128565947 
  1965.0   0.06049477568488453 
  1966.0   0.056412978916240204 
  1967.0   0.024646543223160948 
  1968.0   0.009963484531895614 
  1969.0   0.12005214840617463 
  1970.0   0.10470024932543448 
  1971.0   0.06706332330075772 
  1972.0   0.11893451018057379 
  1973.0   0.08090123625025332 
  1974.0   0.03719371184467955 
  1975.0   -0.007920012603303463 
  1976.0   -0.028414198888580735 
  1977.0   0.017262131295514446 
  1978.0   0.0009128837734286365 
  1979.0   -0.036649447475715156 
  1980.0   0.009094874712351096 
  1981.0   0.013208719414150194 
  1982.0   0.15570913035226647 
  1983.0   0.18272616524337296 
  1984.0   0.1200039975966622 
  1985.0   0.048438471450807576 
  1986.0   0.044007405169488846 
  1987.0   0.02650300115417263 
  1988.0   0.027384007324692185 
  1989.0   0.06391083082667484 
  1990.0   0.02374169875405529 
  1991.0   0.025826903943347582 
  1992.0   0.05932604110064668 
  1993.0   0.07651215311982712 
  1994.0   0.0019213755799593506 
  1995.0   0.04703639939996119 
  1996.0   0.05579255785012785 
  1997.0   -0.05713857116705399 
  1998.0   0.0439691644550876 
  1999.0   0.07869873756168551 
  2000.0   0.11154022915384317 
  2001.0   -0.00910837445537277 
  2002.0   0.029171643997230275 
  2003.0   -0.015687981100494113 
  2004.0   -0.06960600244120672 
  2005.0   0.04737539257151662 
  2006.0   0.11276458714802227 
  2007.0   -0.07659764687443447 
  2008.0   0.09196532434858214 
  2009.0   0.07562042399855701 
  2010.0   0.13633630773843253 
  2011.0   0.055021599470886334 
  2012.0   0.003950280430011643 
  2013.0   0.061113181990549374 
  2014.0   0.07943595710767111 
