  1850.0   1.244266481940063 
  1851.0   1.073323399207466 
  1852.0   1.2042658849067767 
  1853.0   1.1468454523927043 
  1854.0   1.1525051721769097 
  1855.0   1.1661494255720348 
  1856.0   1.0767413426477046 
  1857.0   1.0288025435340793 
  1858.0   1.2133218367804859 
  1859.0   1.2582724527662525 
  1860.0   1.2853568246794285 
  1861.0   1.098504805796892 
  1862.0   1.2119450638608615 
  1863.0   1.084819754779474 
  1864.0   1.1219393543194807 
  1865.0   1.3304592039182939 
  1866.0   1.227917020944824 
  1867.0   1.3089351495084864 
  1868.0   1.141842616854062 
  1869.0   1.2025768187117223 
  1870.0   1.185694495511547 
  1871.0   1.3586213564637724 
  1872.0   1.2620191394522065 
  1873.0   1.2440420723450787 
  1874.0   1.175688285914187 
  1875.0   1.4067547353972882 
  1876.0   1.3506242431178292 
  1877.0   1.3078022230713562 
  1878.0   1.20286290141366 
  1879.0   1.2846272100438754 
  1880.0   1.1890508184673223 
  1881.0   1.2464420008387491 
  1882.0   1.226454192421189 
  1883.0   1.2828389367370239 
  1884.0   1.3633739762199941 
  1885.0   1.3255724621395892 
  1886.0   1.3253512995462498 
  1887.0   1.2362514179944697 
  1888.0   1.2488787209114367 
  1889.0   1.2088354990347518 
  1890.0   1.4327337853948459 
  1891.0   1.3218835604657844 
  1892.0   1.1664190349908623 
  1893.0   1.1552902696369227 
  1894.0   1.0699041545853565 
  1895.0   1.2679171276540697 
  1896.0   1.2851691648883594 
  1897.0   1.3692012048619475 
  1898.0   1.2999820577260328 
  1899.0   1.1346046199620916 
  1900.0   1.1774385472211706 
  1901.0   1.313861760247675 
  1902.0   1.434189031104989 
  1903.0   1.4749368239780891 
  1904.0   1.321970841250247 
  1905.0   1.308920016266881 
  1906.0   1.4654059295923492 
  1907.0   1.359369176853887 
  1908.0   1.2687539340674638 
  1909.0   1.1271401864469257 
  1910.0   1.368437068773919 
  1911.0   1.2831560602155136 
  1912.0   1.3686102234091408 
  1913.0   1.2109668974915972 
  1914.0   1.2237203918398034 
  1915.0   1.3104076037570118 
  1916.0   1.2173540054575942 
  1917.0   1.2637034668070515 
  1918.0   1.1095674423121387 
  1919.0   1.3966717912714788 
  1920.0   1.269456775150191 
  1921.0   1.3905060082219614 
  1922.0   1.3539838743836456 
  1923.0   1.1644646459790875 
  1924.0   1.318651301002641 
  1925.0   1.3178999547398402 
  1926.0   1.103583030623406 
  1927.0   1.2299345483883373 
  1928.0   1.4766855683644968 
  1929.0   1.4246550688923758 
  1930.0   1.1732502975107761 
  1931.0   1.4386795099074667 
  1932.0   1.1689757265371552 
  1933.0   1.2380437956254202 
  1934.0   1.3488068975124374 
  1935.0   1.2010410750502627 
  1936.0   1.2054320665240346 
  1937.0   1.159704308820375 
  1938.0   1.332313126903393 
  1939.0   1.294071918509116 
  1940.0   1.4046338412796737 
  1941.0   1.3193114364968883 
  1942.0   1.3057940946511561 
  1943.0   1.2268877156483753 
  1944.0   1.3339552606992742 
  1945.0   1.4556723518421761 
  1946.0   1.3359919521774526 
  1947.0   1.4169825179383617 
  1948.0   1.3998488646672353 
  1949.0   1.3484707562372096 
  1950.0   1.3076382533838566 
  1951.0   1.3352524367023542 
  1952.0   1.2552064021581066 
  1953.0   1.170397752014011 
  1954.0   1.5128592165800523 
  1955.0   1.4594436687286831 
  1956.0   1.5646670264954265 
  1957.0   1.315868417095429 
  1958.0   1.3498785684773813 
  1959.0   1.4377417721689247 
  1960.0   1.3836209139822802 
  1961.0   1.368654573473593 
  1962.0   1.3576970578417034 
  1963.0   1.3471073986426054 
  1964.0   1.559831039334983 
  1965.0   1.4397661635830423 
  1966.0   1.2683443156292693 
  1967.0   1.513321770783809 
  1968.0   1.2422658646978892 
  1969.0   1.272561340394016 
  1970.0   1.452222187560632 
  1971.0   1.2780618656085336 
  1972.0   1.3905793511969946 
  1973.0   1.4765982644654516 
  1974.0   1.370110503560625 
  1975.0   1.2702067313661698 
  1976.0   1.3175777149205015 
  1977.0   1.2244416644786593 
  1978.0   1.418711569908736 
  1979.0   1.4168647219243473 
  1980.0   1.341879234303422 
  1981.0   1.3534009279008046 
  1982.0   1.3878332982786465 
  1983.0   1.813144035825352 
  1984.0   1.6553776684880026 
  1985.0   1.3450415844536978 
  1986.0   1.289541950624379 
  1987.0   1.40197050225551 
  1988.0   1.460503628833135 
  1989.0   1.577111010137978 
  1990.0   1.494398976592094 
  1991.0   1.5894859716078091 
  1992.0   1.5474365376413173 
  1993.0   1.6573164594635617 
  1994.0   1.5614427703603713 
  1995.0   1.468749067173989 
  1996.0   1.481025560032138 
  1997.0   1.3764226189654722 
  1998.0   1.4895167505866616 
  1999.0   1.5472603341862186 
  2000.0   1.540342958592076 
  2001.0   1.4674841763377893 
  2002.0   1.5849566546818123 
  2003.0   1.801281420325843 
  2004.0   1.5480786885697195 
  2005.0   1.580948482125959 
  2006.0   1.6415091260267998 
  2007.0   1.700409115718374 
  2008.0   1.5386031455949345 
  2009.0   1.6757594304490948 
  2010.0   1.4169429001945768 
  2011.0   1.5727687082896757 
  2012.0   1.7377170379894549 
  2013.0   1.65194835358301 
  2014.0   1.7297701564495833 
