  1850.0   7.808996106553066e-12 
  1851.0   -9.072709202803621e-11 
  1852.0   -1.0111127962765017e-10 
  1853.0   5.940225112107058e-11 
  1854.0   -2.4192143587663747e-11 
  1855.0   1.1900967914270953e-10 
  1856.0   1.99168073613769e-11 
  1857.0   1.6145178469777052e-10 
  1858.0   -2.8712245590215194e-11 
  1859.0   -3.650678280778919e-10 
  1860.0   -7.091969407400546e-11 
  1861.0   -5.426503550180083e-11 
  1862.0   -3.018601662424357e-11 
  1863.0   -2.187929326335546e-10 
  1864.0   -8.057320644086764e-11 
  1865.0   -3.651770793902574e-11 
  1866.0   1.4401026072465698e-10 
  1867.0   1.2410415916477352e-10 
  1868.0   1.1938697157608097e-10 
  1869.0   -3.4861283567999814e-11 
  1870.0   -3.405014856489244e-11 
  1871.0   1.3023032183044797e-10 
  1872.0   -1.7047592822207645e-10 
  1873.0   3.0448064607051007e-11 
  1874.0   -2.2163610913698374e-10 
  1875.0   -9.74910108085065e-11 
  1876.0   -1.4186848911767497e-10 
  1877.0   3.352342609861765e-11 
  1878.0   1.379929060228458e-10 
  1879.0   1.981842950105304e-10 
  1880.0   1.4110868248008182e-10 
  1881.0   -5.847036588110084e-11 
  1882.0   -8.646502043450175e-11 
  1883.0   -9.800208983783299e-12 
  1884.0   -9.834343156665207e-11 
  1885.0   1.323347863696025e-10 
  1886.0   -2.883061487501317e-10 
  1887.0   8.708037207326963e-12 
  1888.0   -4.829866480391144e-11 
  1889.0   -1.1257715362843648e-10 
  1890.0   -1.3426467466630678e-11 
  1891.0   -6.488499436743177e-12 
  1892.0   -9.397720778162062e-11 
  1893.0   -1.1093655872101901e-10 
  1894.0   -9.41557462112257e-11 
  1895.0   1.861785017898551e-11 
  1896.0   5.066249848559964e-11 
  1897.0   1.4243757401791023e-10 
  1898.0   2.1288686867969214e-10 
  1899.0   2.0836144594222856e-10 
  1900.0   -1.0218640019689476e-10 
  1901.0   -7.512723424319084e-11 
  1902.0   -1.1581177830032442e-10 
  1903.0   -1.8888772422396133e-10 
  1904.0   1.8229752319137188e-10 
  1905.0   -2.1911899645825574e-10 
  1906.0   9.800500106508324e-11 
  1907.0   2.0549616876905884e-10 
  1908.0   -2.5914941730196673e-10 
  1909.0   -7.056417515020304e-11 
  1910.0   1.0235418465446317e-10 
  1911.0   8.383850189804026e-11 
  1912.0   2.450528254294691e-10 
  1913.0   -1.911906981946686e-12 
  1914.0   -8.064818334234408e-11 
  1915.0   -2.4743090203366166e-10 
  1916.0   -5.894124777927513e-11 
  1917.0   1.4681767311606824e-10 
  1918.0   1.0363219735226132e-10 
  1919.0   -1.4948032810488122e-10 
  1920.0   -8.906611776333904e-11 
  1921.0   -2.1875503295875986e-11 
  1922.0   -1.0555814410479618e-11 
  1923.0   -4.626859175911945e-11 
  1924.0   1.7183251039185485e-10 
  1925.0   -3.232286745917035e-12 
  1926.0   1.503756407868898e-12 
  1927.0   8.430774868748667e-11 
  1928.0   -1.670298903695526e-10 
  1929.0   -8.51383017782091e-11 
  1930.0   1.0879631337525412e-10 
  1931.0   2.3101017881352288e-10 
  1932.0   1.5244517025809303e-10 
  1933.0   -9.610108740328293e-11 
  1934.0   1.234378138023071e-10 
  1935.0   -1.5428919390225825e-10 
  1936.0   2.979239039736188e-10 
  1937.0   -1.2543909671548171e-10 
  1938.0   -8.81516247650392e-11 
  1939.0   -1.0438939972197756e-10 
  1940.0   -6.727961797546244e-11 
  1941.0   5.0687192728975426e-11 
  1942.0   1.2972188433801156e-10 
  1943.0   6.197130075638643e-11 
  1944.0   1.8154536275909122e-10 
  1945.0   -2.4720410123337416e-10 
  1946.0   2.654997778561704e-10 
  1947.0   1.8623286431230634e-10 
  1948.0   -5.851809821428784e-12 
  1949.0   -3.7661509478068125e-11 
  1950.0   5.180941449392449e-11 
  1951.0   -3.0619620851994726e-11 
  1952.0   3.026691115152168e-10 
  1953.0   -1.3917634730287877e-10 
  1954.0   -8.758812987233549e-11 
  1955.0   9.850610243487643e-11 
  1956.0   1.661339707363817e-10 
  1957.0   1.8480952451717239e-10 
  1958.0   1.0742630724001063e-10 
  1959.0   -7.304184627909847e-11 
  1960.0   4.8160633204876393e-11 
  1961.0   -7.056331070530731e-11 
  1962.0   -3.465903345097385e-10 
  1963.0   2.2129658597532937e-10 
  1964.0   3.9829781510741674e-10 
  1965.0   2.63630184263467e-10 
  1966.0   1.7843708828376057e-10 
  1967.0   -5.690323324265868e-11 
  1968.0   9.977346719421497e-12 
  1969.0   1.3763393402722334e-10 
  1970.0   1.4492904095156808e-10 
  1971.0   -1.73632201089834e-10 
  1972.0   2.0796927539106389e-10 
  1973.0   3.311287940207728e-10 
  1974.0   4.52295273450952e-11 
  1975.0   -8.131721514290066e-11 
  1976.0   2.0529587130687065e-10 
  1977.0   3.6811326838184573e-10 
  1978.0   4.222499370550919e-10 
  1979.0   3.67312132345073e-11 
  1980.0   1.8328835360534514e-10 
  1981.0   -3.043426335346345e-11 
  1982.0   3.340584232132838e-10 
  1983.0   2.363697392065355e-10 
  1984.0   7.927158818888463e-11 
  1985.0   3.44394321540918e-10 
  1986.0   -6.237245174041256e-11 
  1987.0   2.361437946161892e-10 
  1988.0   -6.7205051116278374e-12 
  1989.0   8.650839299565061e-11 
  1990.0   -2.4510940362911014e-10 
  1991.0   2.5815404821715563e-10 
  1992.0   2.046122049754855e-10 
  1993.0   4.085788993945554e-10 
  1994.0   -3.715454334000951e-11 
  1995.0   3.3718818476855536e-10 
  1996.0   -2.5283523088510103e-14 
  1997.0   2.449053330103388e-10 
  1998.0   5.994497365728682e-11 
  1999.0   1.2551832194111505e-10 
  2000.0   1.7928419538416206e-10 
  2001.0   2.804508886553413e-10 
  2002.0   3.1306469747438433e-10 
  2003.0   5.2738619700354096e-11 
  2004.0   -1.0445444619126888e-10 
  2005.0   1.8363131145910766e-10 
  2006.0   -2.2453659353576682e-10 
  2007.0   -3.80453413062879e-10 
  2008.0   5.886971274976987e-10 
  2009.0   2.6412425452358475e-10 
  2010.0   2.353160255936238e-10 
  2011.0   -3.67890359081977e-11 
  2012.0   2.184741530176332e-10 
  2013.0   3.0957434728369054e-10 
  2014.0   -2.1396836942015713e-10 
