  1850.0   0.0 
  1851.0   1.6436626646179065e-11 
  1852.0   1.6374025982484287e-11 
  1853.0   1.6587166760561215e-11 
  1854.0   1.6606514090121976e-11 
  1855.0   1.601967153251588e-11 
  1856.0   1.5957207767614593e-11 
  1857.0   1.6298956208014184e-11 
  1858.0   1.62718829864911e-11 
  1859.0   1.637836402978808e-11 
  1860.0   1.655083292566245e-11 
  1861.0   1.645679102054988e-11 
  1862.0   1.655040975719956e-11 
  1863.0   1.6637318215641274e-11 
  1864.0   1.676092629566732e-11 
  1865.0   1.6667025229655276e-11 
  1866.0   1.526352687600101e-11 
  1867.0   1.533462338153273e-11 
  1868.0   1.4676671781480072e-11 
  1869.0   1.481156425416729e-11 
  1870.0   1.49992231215984e-11 
  1871.0   3.007960274447149e-11 
  1872.0   3.0205649252922254e-11 
  1873.0   3.0714949028809683e-11 
  1874.0   3.11211219177517e-11 
  1875.0   3.097547496576764e-11 
  1876.0   3.0985637743742493e-11 
  1877.0   3.0096581835360584e-11 
  1878.0   2.936363712932361e-11 
  1879.0   3.035718360940162e-11 
  1880.0   3.1256085464286706e-11 
  1881.0   3.013526279721917e-11 
  1882.0   3.029634058254657e-11 
  1883.0   3.0992945725312423e-11 
  1884.0   3.111929769852036e-11 
  1885.0   2.7232089435290546e-11 
  1886.0   2.7183310913789397e-11 
  1887.0   2.7774819827860883e-11 
  1888.0   2.8318894943664652e-11 
  1889.0   2.8371245468330343e-11 
  1890.0   2.7770932798364454e-11 
  1891.0   3.345782073005516e-11 
  1892.0   3.411859460312292e-11 
  1893.0   3.368967953532534e-11 
  1894.0   3.5209950659307045e-11 
  1895.0   3.45059436917707e-11 
  1896.0   3.568791091019003e-11 
  1897.0   3.7693952244752114e-11 
  1898.0   3.8193259922072853e-11 
  1899.0   3.668567787423425e-11 
  1900.0   3.633619046119164e-11 
  1901.0   3.9827828542472684e-11 
  1902.0   3.870626536464982e-11 
  1903.0   4.010661688457321e-11 
  1904.0   4.0940554027342545e-11 
  1905.0   4.1267021461684115e-11 
  1906.0   4.0657127505494545e-11 
  1907.0   4.207915419801068e-11 
  1908.0   4.2202383781682066e-11 
  1909.0   4.1604748745218773e-11 
  1910.0   4.25950691461273e-11 
  1911.0   6.257242039495438e-11 
  1912.0   6.358491012434351e-11 
  1913.0   6.417343712462167e-11 
  1914.0   6.407892812107962e-11 
  1915.0   6.266244566367253e-11 
  1916.0   6.344856073885308e-11 
  1917.0   6.439681272004555e-11 
  1918.0   6.544648628968624e-11 
  1919.0   6.617537439245842e-11 
  1920.0   6.47259041769677e-11 
  1921.0   5.105170176563389e-11 
  1922.0   5.074086729340468e-11 
  1923.0   5.1513461894310416e-11 
  1924.0   5.008860018998054e-11 
  1925.0   4.917152986325132e-11 
  1926.0   4.893440349865524e-11 
  1927.0   5.0416042687954e-11 
  1928.0   4.9405251342103244e-11 
  1929.0   4.886906241864078e-11 
  1930.0   4.9787869624706594e-11 
  1931.0   1.1560440205417395e-10 
  1932.0   1.1600489378178968e-10 
  1933.0   1.1582975478551965e-10 
  1934.0   1.1430726212200599e-10 
  1935.0   1.0355442838441636e-10 
  1936.0   1.090996607201366e-10 
  1937.0   1.0883551189976302e-10 
  1938.0   1.0767972927437338e-10 
  1939.0   1.1318834709682539e-10 
  1940.0   1.1268091878902822e-10 
  1941.0   3.7328036571562525e-11 
  1942.0   3.7011125222844835e-11 
  1943.0   3.816942422333018e-11 
  1944.0   3.95886984920813e-11 
  1945.0   3.92466623289325e-11 
  1946.0   3.986890593492783e-11 
  1947.0   4.0580161538424255e-11 
  1948.0   3.9445708795293525e-11 
  1949.0   3.7809178418300176e-11 
  1950.0   4.003013077886146e-11 
  1951.0   2.0356844028105985e-10 
  1952.0   2.0631584323804552e-10 
  1953.0   2.103457321692151e-10 
  1954.0   2.1050695299832558e-10 
  1955.0   2.0609807119209654e-10 
  1956.0   1.9481590809145585e-10 
  1957.0   1.9403169338472474e-10 
  1958.0   1.9781374236148502e-10 
  1959.0   1.9311146602706612e-10 
  1960.0   1.9852710016868805e-10 
  1961.0   1.8593225384894733e-11 
  1962.0   1.8703657769689594e-11 
  1963.0   1.8979698360210434e-11 
  1964.0   1.865296853203432e-11 
  1965.0   1.903870786511961e-11 
  1966.0   1.956091384096502e-11 
  1967.0   2.038636562848705e-11 
  1968.0   2.034808790182853e-11 
  1969.0   2.0501552308391765e-11 
  1970.0   2.1436529851180213e-11 
  1971.0   1.1381287085129411e-11 
  1972.0   1.0469875805922883e-11 
  1973.0   1.0977683486030484e-11 
  1974.0   1.1692672421911837e-11 
  1975.0   1.1953245319598006e-11 
  1976.0   1.2040439507030256e-11 
  1977.0   1.2637508005768818e-11 
  1978.0   1.2894660044655918e-11 
  1979.0   1.2833666867372988e-11 
  1980.0   1.2378541401892925e-11 
  1981.0   2.2035214904251982e-11 
  1982.0   2.3675974440329522e-11 
  1983.0   2.222042264048636e-11 
  1984.0   2.240574375518736e-11 
  1985.0   2.2492346147394766e-11 
  1986.0   2.0231595459382703e-11 
  1987.0   2.031503796646197e-11 
  1988.0   2.0907050046122927e-11 
  1989.0   2.190359848688363e-11 
  1990.0   2.126104320181615e-11 
  1991.0   4.101324458970768e-11 
  1992.0   4.359282482701085e-11 
  1993.0   4.4278872428935905e-11 
  1994.0   4.4478438987422307e-11 
  1995.0   4.4804509950052956e-11 
  1996.0   4.6920686555708575e-11 
  1997.0   4.885997903518591e-11 
  1998.0   4.794586095000559e-11 
  1999.0   4.7166306047137246e-11 
  2000.0   4.7794954433200943e-11 
  2001.0   8.1145300970071e-11 
  2002.0   7.511905190593295e-11 
  2003.0   1.9932722097473678e-11 
  2004.0   6.491271065230508e-11 
  2005.0   5.679415557712387e-11 
  2006.0   3.0597848890572356e-11 
  2007.0   8.588386946372106e-12 
  2008.0   7.580595559057923e-12 
  2009.0   3.930125170902909e-11 
  2010.0   2.7828125352280415e-11 
  2011.0   3.070428206570132e-11 
  2012.0   2.7617955739670005e-11 
  2013.0   4.57389411341003e-11 
  2014.0   7.028274477426114e-12 
