  1850.0   1.0359890687473742e-10 
  1851.0   1.252573359764925e-10 
  1852.0   1.1011049821824585e-10 
  1853.0   1.5056973149680918e-10 
  1854.0   9.910613246226277e-11 
  1855.0   1.0077362463654204e-10 
  1856.0   1.081611791882352e-10 
  1857.0   1.1075002515205318e-10 
  1858.0   1.1287183574821582e-10 
  1859.0   7.722334069347097e-11 
  1860.0   9.387352654352274e-11 
  1861.0   1.2870670443585002e-10 
  1862.0   1.1680485157670494e-10 
  1863.0   1.2564177078138752e-10 
  1864.0   1.386766439508893e-10 
  1865.0   1.1904601213822373e-10 
  1866.0   1.0166410036660725e-10 
  1867.0   1.2603073979489066e-10 
  1868.0   7.306633974681337e-11 
  1869.0   1.0379549059209831e-10 
  1870.0   1.2426067382359374e-10 
  1871.0   1.0978577027738599e-10 
  1872.0   1.2029753297236752e-10 
  1873.0   1.1215878852551224e-10 
  1874.0   8.39773680220836e-11 
  1875.0   9.25443944498377e-11 
  1876.0   6.942618764855779e-11 
  1877.0   6.835531945363045e-11 
  1878.0   9.640946148107099e-11 
  1879.0   1.1195964812869436e-10 
  1880.0   1.3700382523762053e-10 
  1881.0   1.1322390708100683e-10 
  1882.0   8.761139532991918e-11 
  1883.0   9.853135415033994e-11 
  1884.0   9.507362452735871e-11 
  1885.0   1.2146586565403008e-10 
  1886.0   1.0452260650103803e-10 
  1887.0   1.118164555436576e-10 
  1888.0   1.1201920461382668e-10 
  1889.0   8.239484323801875e-11 
  1890.0   1.164591018594826e-10 
  1891.0   8.286300761630893e-11 
  1892.0   1.0522586546568964e-10 
  1893.0   9.989564375514506e-11 
  1894.0   1.1687678122674069e-10 
  1895.0   1.0560909084359925e-10 
  1896.0   9.458834813034928e-11 
  1897.0   1.605471582273334e-10 
  1898.0   1.0951800332874488e-10 
  1899.0   1.1512168746586348e-10 
  1900.0   9.850143493624749e-11 
  1901.0   1.1532981194990252e-10 
  1902.0   1.0214519064576185e-10 
  1903.0   1.2077774150727087e-10 
  1904.0   1.0317120717159867e-10 
  1905.0   1.1416228956659347e-10 
  1906.0   1.0784780744097158e-10 
  1907.0   1.2323162353991902e-10 
  1908.0   9.568116796881201e-11 
  1909.0   1.2759855070515757e-10 
  1910.0   8.955705107869442e-11 
  1911.0   9.30426658387648e-11 
  1912.0   1.0486143910760536e-10 
  1913.0   1.1126063174247027e-10 
  1914.0   1.1173294627186576e-10 
  1915.0   1.3421262596024079e-10 
  1916.0   1.177912475713188e-10 
  1917.0   1.1472303612446257e-10 
  1918.0   8.537106883702863e-11 
  1919.0   1.0949864839443234e-10 
  1920.0   1.3009759244641953e-10 
  1921.0   1.2295859461042596e-10 
  1922.0   1.3868264766757365e-10 
  1923.0   1.308627704544495e-10 
  1924.0   1.3789140625476917e-10 
  1925.0   1.1167321133239921e-10 
  1926.0   1.1498492644440322e-10 
  1927.0   1.2180510277714026e-10 
  1928.0   1.1448741277783036e-10 
  1929.0   1.0115721419011247e-10 
  1930.0   9.875871615512232e-11 
  1931.0   9.246433029138009e-11 
  1932.0   1.395326295729504e-10 
  1933.0   1.047367250048873e-10 
  1934.0   1.4624027877807255e-10 
  1935.0   1.3372833882370498e-10 
  1936.0   1.1992960177881845e-10 
  1937.0   1.1760530151137837e-10 
  1938.0   1.1503966710960557e-10 
  1939.0   1.2601028289917284e-10 
  1940.0   1.409783039208952e-10 
  1941.0   1.231526902403416e-10 
  1942.0   1.270473922746275e-10 
  1943.0   9.372093263279774e-11 
  1944.0   1.0259030885116872e-10 
  1945.0   1.1530522963857518e-10 
  1946.0   1.0423145534977788e-10 
  1947.0   1.0388915923551942e-10 
  1948.0   1.0897557523615603e-10 
  1949.0   1.021568898962663e-10 
  1950.0   1.108016600601593e-10 
  1951.0   1.6153265232505896e-10 
  1952.0   1.459997715549728e-10 
  1953.0   7.362656055942863e-11 
  1954.0   7.088227362585582e-11 
  1955.0   9.444558451634483e-11 
  1956.0   8.236165170438435e-11 
  1957.0   1.1420053151464101e-10 
  1958.0   7.767040406339823e-11 
  1959.0   1.2514142544146643e-10 
  1960.0   1.1996339566235303e-10 
  1961.0   1.2277999839478e-10 
  1962.0   9.894112771763692e-11 
  1963.0   1.0677175092645057e-10 
  1964.0   9.894939119490046e-11 
  1965.0   9.285274067997278e-11 
  1966.0   1.0392959411994364e-10 
  1967.0   1.0331555112378841e-10 
  1968.0   1.600177833737437e-10 
  1969.0   1.1323730673649097e-10 
  1970.0   1.2207332399880377e-10 
  1971.0   1.0757862454093157e-10 
  1972.0   1.2615700321289697e-10 
  1973.0   1.368603038151072e-10 
  1974.0   9.515999371897329e-11 
  1975.0   1.0263671383447429e-10 
  1976.0   9.95601985015465e-11 
  1977.0   1.383904357104825e-10 
  1978.0   1.2239890120712193e-10 
  1979.0   9.694344967790992e-11 
  1980.0   1.3142077882788955e-10 
  1981.0   1.5115810906511619e-10 
  1982.0   1.5457567510066185e-10 
  1983.0   1.6584296807522846e-10 
  1984.0   1.626780201813534e-10 
  1985.0   1.280560882031143e-10 
  1986.0   1.5471185641227673e-10 
  1987.0   1.5030797046361126e-10 
  1988.0   1.268544324090637e-10 
  1989.0   1.439350033123135e-10 
  1990.0   8.603788670566356e-11 
  1991.0   1.4120905692215668e-10 
  1992.0   1.500797967537368e-10 
  1993.0   1.313001964618451e-10 
  1994.0   1.362999906527381e-10 
  1995.0   1.0607098300739737e-10 
  1996.0   1.664581852521026e-10 
  1997.0   1.3919127793461669e-10 
  1998.0   1.3132682822764843e-10 
  1999.0   1.6373619397578817e-10 
  2000.0   1.377481537222633e-10 
  2001.0   1.2783979336436936e-10 
  2002.0   1.3410486344306883e-10 
  2003.0   1.6549497898315953e-10 
  2004.0   1.6633828448795489e-10 
  2005.0   1.355512675279276e-10 
  2006.0   1.1330121116700976e-10 
  2007.0   1.465502064442578e-10 
  2008.0   1.7359380333739828e-10 
  2009.0   1.369621024086053e-10 
  2010.0   1.6451146205309573e-10 
  2011.0   1.647396511232239e-10 
  2012.0   1.587684974044519e-10 
  2013.0   1.4188837361443415e-10 
  2014.0   1.4458785095114355e-10 
