  1850.0   0.4212378280139774 
  1851.0   0.40273608524983917 
  1852.0   0.38168821354966387 
  1853.0   0.4158677607709926 
  1854.0   0.3839486440250096 
  1855.0   0.39884881271575623 
  1856.0   0.4029407522163642 
  1857.0   0.40755173482311585 
  1858.0   0.39778485928253493 
  1859.0   0.42870407556805845 
  1860.0   0.3970809982966111 
  1861.0   0.3711635291884813 
  1862.0   0.4200252449666345 
  1863.0   0.4243137830153229 
  1864.0   0.4059144439428161 
  1865.0   0.39497698968035627 
  1866.0   0.4191995070760938 
  1867.0   0.41188017947717914 
  1868.0   0.39977083690039383 
  1869.0   0.4027166847152219 
  1870.0   0.43367945905216837 
  1871.0   0.3721702767506403 
  1872.0   0.3911493587242942 
  1873.0   0.3917767760738452 
  1874.0   0.4089668747554347 
  1875.0   0.39627374576724095 
  1876.0   0.38432922347267273 
  1877.0   0.3903256457635467 
  1878.0   0.41907294272028883 
  1879.0   0.42575119608811607 
  1880.0   0.3888594510022543 
  1881.0   0.4235293199053854 
  1882.0   0.38132145934858575 
  1883.0   0.40288145868905895 
  1884.0   0.39983802111500055 
  1885.0   0.40574776903368887 
  1886.0   0.39925070870240137 
  1887.0   0.4100448724973022 
  1888.0   0.39294726338801395 
  1889.0   0.4043829898231837 
  1890.0   0.40551387325726995 
  1891.0   0.3901693530553796 
  1892.0   0.4374664424455834 
  1893.0   0.4212816308491587 
  1894.0   0.3908525010967555 
  1895.0   0.3934618900495854 
  1896.0   0.4111542971823051 
  1897.0   0.40053250945329316 
  1898.0   0.40006075168001265 
  1899.0   0.3797994475200548 
  1900.0   0.43510426146360387 
  1901.0   0.4090504240953574 
  1902.0   0.38410647227872713 
  1903.0   0.39880531960622206 
  1904.0   0.40996285810658656 
  1905.0   0.3901383648150846 
  1906.0   0.4391963538128992 
  1907.0   0.40611685063226677 
  1908.0   0.4038915434554897 
  1909.0   0.38259678042816736 
  1910.0   0.41511965927451083 
  1911.0   0.41733908526445873 
  1912.0   0.4362659273735994 
  1913.0   0.4106641462487035 
  1914.0   0.3754557457031199 
  1915.0   0.39916909743591833 
  1916.0   0.4179469618550876 
  1917.0   0.4112552491629359 
  1918.0   0.4046214726906544 
  1919.0   0.422161717829086 
  1920.0   0.39415420143392105 
  1921.0   0.40454107696222347 
  1922.0   0.4229570518877348 
  1923.0   0.39530680936061396 
  1924.0   0.3968083027397781 
  1925.0   0.43462750337921696 
  1926.0   0.445893897396726 
  1927.0   0.4114225013035437 
  1928.0   0.37047744276009364 
  1929.0   0.41734054499551776 
  1930.0   0.4476306185967749 
  1931.0   0.3823250461368344 
  1932.0   0.4028705226598736 
  1933.0   0.4370250550016719 
  1934.0   0.399836055911946 
  1935.0   0.41310652687557664 
  1936.0   0.43478501979639356 
  1937.0   0.4233617573509508 
  1938.0   0.41471685935633135 
  1939.0   0.43825392478852543 
  1940.0   0.4247423234703046 
  1941.0   0.3935088720543407 
  1942.0   0.41114715836800797 
  1943.0   0.40977352464848643 
  1944.0   0.4011382969766871 
  1945.0   0.418351323704489 
  1946.0   0.4453746386212015 
  1947.0   0.3938399426157137 
  1948.0   0.3981702326745557 
  1949.0   0.43516376940663914 
  1950.0   0.42642944390719184 
  1951.0   0.40859759077064245 
  1952.0   0.41186665740286027 
  1953.0   0.4329996728574527 
  1954.0   0.41749326451016017 
  1955.0   0.3988146801224787 
  1956.0   0.4081342390901498 
  1957.0   0.4441861443946472 
  1958.0   0.46037417544729103 
  1959.0   0.4082395271517685 
  1960.0   0.41672072185984715 
  1961.0   0.4208737027067274 
  1962.0   0.4219743489790038 
  1963.0   0.4032722454746664 
  1964.0   0.438651527194396 
  1965.0   0.4351678770248989 
  1966.0   0.4286328829979755 
  1967.0   0.44081121761174435 
  1968.0   0.40217427846881865 
  1969.0   0.434652243304777 
  1970.0   0.48061566113422927 
  1971.0   0.39569067149837517 
  1972.0   0.4519407030475703 
  1973.0   0.4509344020656362 
  1974.0   0.4258085064194816 
  1975.0   0.46832950209379576 
  1976.0   0.43646377862372376 
  1977.0   0.4574170733967872 
  1978.0   0.471465594549397 
  1979.0   0.4376047934923219 
  1980.0   0.42497580608993274 
  1981.0   0.467798494186278 
  1982.0   0.4724343348317362 
  1983.0   0.43519715412333976 
  1984.0   0.42021566089382995 
  1985.0   0.47114997246161006 
  1986.0   0.4597631423641747 
  1987.0   0.4322795489443132 
  1988.0   0.47788394136943524 
  1989.0   0.4774296040244321 
  1990.0   0.4896788515830489 
  1991.0   0.4481521080747235 
  1992.0   0.4768073211430244 
  1993.0   0.4681816272241416 
  1994.0   0.45449263522851685 
  1995.0   0.4756621613862495 
  1996.0   0.4754114746304056 
  1997.0   0.4831153394734046 
  1998.0   0.4663954996083111 
  1999.0   0.4718231546184405 
  2000.0   0.5059851349285108 
  2001.0   0.46862366947513906 
  2002.0   0.4399759735304029 
  2003.0   0.47473115954334705 
  2004.0   0.4792954989525859 
  2005.0   0.4582888916355671 
  2006.0   0.5359306069331566 
  2007.0   0.44692153695454045 
  2008.0   0.4660169892175759 
  2009.0   0.47626400601331037 
  2010.0   0.4663590081626216 
  2011.0   0.47704025844441816 
  2012.0   0.5020094191299014 
  2013.0   0.5307380948039653 
  2014.0   0.48525467039403974 
