  1850.0   5.4847949233883195 
  1851.0   5.582383934282562 
  1852.0   5.687321417787369 
  1853.0   5.638303999715816 
  1854.0   5.411490194700792 
  1855.0   5.137093712734981 
  1856.0   5.147928717559447 
  1857.0   5.386280360154215 
  1858.0   5.363867119705775 
  1859.0   5.39859853706103 
  1860.0   5.387575851778893 
  1861.0   5.41541422132124 
  1862.0   5.395853838373207 
  1863.0   5.383041857585174 
  1864.0   5.465309808486801 
  1865.0   5.478840050950673 
  1866.0   5.4989147801212805 
  1867.0   5.501458724463746 
  1868.0   5.410699559575319 
  1869.0   5.368975151391255 
  1870.0   5.363344071074689 
  1871.0   5.388139758715749 
  1872.0   5.386187622068793 
  1873.0   5.555217497557855 
  1874.0   5.531282686217529 
  1875.0   5.423630578937596 
  1876.0   5.3707484391539415 
  1877.0   5.291836917146951 
  1878.0   5.291962041785809 
  1879.0   5.436589375723436 
  1880.0   5.541758011129676 
  1881.0   5.560261114618601 
  1882.0   5.612024491244653 
  1883.0   5.568700210424158 
  1884.0   5.464730358135879 
  1885.0   4.825738936560301 
  1886.0   4.815411978396248 
  1887.0   4.884773446073301 
  1888.0   4.987290901682752 
  1889.0   4.945663986984749 
  1890.0   4.803642057836629 
  1891.0   4.841779266449028 
  1892.0   4.925463657915532 
  1893.0   4.898182869569352 
  1894.0   4.9429568324811815 
  1895.0   4.873691147907037 
  1896.0   5.057978881316696 
  1897.0   5.225691854792001 
  1898.0   5.195196788914901 
  1899.0   4.9041304402745425 
  1900.0   4.840524978831015 
  1901.0   5.031399183805996 
  1902.0   4.980019216988763 
  1903.0   4.942064719417815 
  1904.0   4.969509620106989 
  1905.0   4.965477995398633 
  1906.0   4.941572891973972 
  1907.0   5.140448061472891 
  1908.0   5.090782816222677 
  1909.0   4.927784954836702 
  1910.0   5.0077323473480995 
  1911.0   5.150581979487924 
  1912.0   5.179123736377779 
  1913.0   5.150449409920647 
  1914.0   5.0749786686104095 
  1915.0   4.906987621983178 
  1916.0   4.856380738653169 
  1917.0   5.013822815708195 
  1918.0   5.123017221232031 
  1919.0   5.179856341646983 
  1920.0   5.092576497537211 
  1921.0   5.081150687578176 
  1922.0   4.9707005782488825 
  1923.0   4.955382724032683 
  1924.0   4.78349819115106 
  1925.0   4.723192575123311 
  1926.0   4.878220273000716 
  1927.0   4.946375710086077 
  1928.0   4.8849951649217065 
  1929.0   4.739081964058103 
  1930.0   4.788789563248518 
  1931.0   4.715798039279912 
  1932.0   4.63504953220423 
  1933.0   4.53394211590392 
  1934.0   4.4584399090182085 
  1935.0   4.255578526061258 
  1936.0   4.301192222241823 
  1937.0   4.133153052202384 
  1938.0   4.091292769802 
  1939.0   4.147665467135457 
  1940.0   4.084679975236861 
  1941.0   4.073411326270098 
  1942.0   4.113973853489542 
  1943.0   4.243689474047245 
  1944.0   4.309867976750067 
  1945.0   4.300522006725391 
  1946.0   4.1662506082947015 
  1947.0   4.192336646894242 
  1948.0   4.130800664382527 
  1949.0   3.965370777065747 
  1950.0   4.286788836475695 
  1951.0   4.237132471530131 
  1952.0   4.16101803890421 
  1953.0   4.029832422085741 
  1954.0   4.003026360178858 
  1955.0   3.757257238220302 
  1956.0   3.7727393481050675 
  1957.0   3.663289086177163 
  1958.0   3.636649653066197 
  1959.0   3.477027371227334 
  1960.0   3.374258880655549 
  1961.0   3.456193954752817 
  1962.0   3.4910170727592904 
  1963.0   3.5385201512885818 
  1964.0   3.4936955965239176 
  1965.0   3.4723170323203005 
  1966.0   3.532126580771979 
  1967.0   3.482978132672201 
  1968.0   3.463683858347354 
  1969.0   3.4800021490573583 
  1970.0   3.4783990218707355 
  1971.0   3.514691418951591 
  1972.0   3.4431871312351188 
  1973.0   3.537474783042282 
  1974.0   3.7324147254071245 
  1975.0   3.6309384927556545 
  1976.0   3.6438485145046724 
  1977.0   3.680213140690781 
  1978.0   3.7442009696830376 
  1979.0   3.6773491684626944 
  1980.0   3.683275328683287 
  1981.0   3.7340801608191074 
  1982.0   3.8063571011475656 
  1983.0   3.6519582479171113 
  1984.0   3.6255491180728807 
  1985.0   3.647982014042949 
  1986.0   3.744946626018425 
  1987.0   3.7276812286644314 
  1988.0   3.792372274698493 
  1989.0   3.9099760573151627 
  1990.0   3.938871580292568 
  1991.0   3.842223546790375 
  1992.0   3.9242784620808417 
  1993.0   3.8778812788231503 
  1994.0   3.7229730947030992 
  1995.0   3.7661289409046796 
  1996.0   3.84280039525517 
  1997.0   3.990227150914018 
  1998.0   3.8564835817550986 
  1999.0   3.8420962512858856 
  2000.0   3.7522751269014125 
  2001.0   3.775860118859523 
  2002.0   3.8679529842552376 
  2003.0   4.000386619184494 
  2004.0   4.002574840509002 
  2005.0   3.8554322121828095 
  2006.0   3.67869814045321 
  2007.0   3.8726027686286213 
  2008.0   4.026794778040201 
  2009.0   3.864830436671584 
  2010.0   3.7656784244826627 
  2011.0   3.7140667420978453 
  2012.0   4.068110506106114 
  2013.0   4.0250846680545616 
  2014.0   3.9188152814038837 
