  2015.0   5.775853704831417 
  2016.0   5.719068476867292 
  2017.0   5.948479405584374 
  2018.0   6.099222794982662 
  2019.0   6.068002242616763 
  2020.0   5.858876516664777 
  2021.0   5.984125457683258 
  2022.0   6.082432084872736 
  2023.0   5.882620621143984 
  2024.0   6.173379958023726 
  2025.0   6.1133407498908054 
  2026.0   5.79075751628309 
  2027.0   5.819268384805317 
  2028.0   6.142605331662104 
  2029.0   5.921417184620238 
  2030.0   6.23689491996693 
  2031.0   6.057901188195671 
  2032.0   6.141246698650878 
  2033.0   6.190138165231921 
  2034.0   6.257034079495053 
  2035.0   6.231420007095413 
  2036.0   6.375882399925587 
  2037.0   6.271004832628428 
  2038.0   6.6519459196614115 
  2039.0   6.420715845380311 
  2040.0   6.136574296024388 
  2041.0   6.468552143285882 
  2042.0   6.0682474614176725 
  2043.0   6.280956042819365 
  2044.0   6.3764804342307535 
  2045.0   6.33325094901827 
  2046.0   6.558482570747812 
  2047.0   6.083964324775595 
  2048.0   6.705570897159981 
  2049.0   6.491892882881611 
  2050.0   6.599481800031865 
  2051.0   6.405910008701897 
  2052.0   6.648241797012542 
  2053.0   6.162237984346257 
  2054.0   6.5666257663782295 
  2055.0   6.710263218287354 
  2056.0   6.430920905245715 
  2057.0   6.206982593790187 
  2058.0   6.975385064032628 
  2059.0   6.333148017317463 
  2060.0   6.4962991300767134 
  2061.0   6.470715802079908 
  2062.0   6.59369223521336 
  2063.0   6.6188911060905244 
  2064.0   6.933978679276509 
  2065.0   6.638320663839005 
  2066.0   6.500994590740675 
  2067.0   6.766074087603209 
  2068.0   6.725288010479799 
  2069.0   6.8721649176657955 
  2070.0   6.6318936705957245 
  2071.0   6.82991589342997 
  2072.0   6.78562043853488 
  2073.0   6.356703151848457 
  2074.0   6.702733868520205 
  2075.0   6.9796662826904186 
  2076.0   6.767485109086734 
  2077.0   6.568431570242309 
  2078.0   6.588108236139689 
  2079.0   7.146586313649131 
  2080.0   6.84676196654851 
  2081.0   6.553638047499794 
  2082.0   6.4722062551711925 
  2083.0   6.840561527913485 
  2084.0   6.9289806171402395 
  2085.0   6.1635472789946375 
  2086.0   7.116960942038238 
  2087.0   6.52602270487068 
  2088.0   6.702856781839877 
  2089.0   6.840104746271366 
  2090.0   6.700705411240201 
  2091.0   6.867036453094932 
  2092.0   6.955494017732993 
  2093.0   7.125266351694233 
  2094.0   6.900858014617069 
  2095.0   6.600800271699461 
  2096.0   7.163920111737626 
  2097.0   7.248760047835886 
  2098.0   6.677406622048453 
  2099.0   6.97146977172172 
  2100.0   7.0232309518901275 
