  2015.0   278.1883885548391 
  2016.0   278.4923234357037 
  2017.0   278.54857650089764 
  2018.0   278.2927722650013 
  2019.0   278.27490519798476 
  2020.0   276.91907633142785 
  2021.0   278.0601807110747 
  2022.0   278.28562773899705 
  2023.0   277.9426584527217 
  2024.0   277.92178798613133 
  2025.0   278.0911750245359 
  2026.0   277.901064199443 
  2027.0   279.01138240404845 
  2028.0   279.34307083739236 
  2029.0   279.06251442802915 
  2030.0   278.7432191122862 
  2031.0   278.6821614528364 
  2032.0   278.55049214865284 
  2033.0   279.24592846664797 
  2034.0   278.74988881764733 
  2035.0   279.2819261326773 
  2036.0   278.82394153352783 
  2037.0   279.39050284894364 
  2038.0   279.43988699011624 
  2039.0   279.39249422020515 
  2040.0   279.4110429519543 
  2041.0   279.5838077835481 
  2042.0   278.6530679185013 
  2043.0   279.80783821080297 
  2044.0   279.48941564017343 
  2045.0   279.3254823479196 
  2046.0   280.223985200136 
  2047.0   280.2203757350774 
  2048.0   279.95662377388476 
  2049.0   279.9327673104967 
  2050.0   279.27968056899937 
  2051.0   280.258863357056 
  2052.0   280.3108268348957 
  2053.0   279.9858334966297 
  2054.0   280.1599030974288 
  2055.0   280.68488589179265 
  2056.0   280.21003116519154 
  2057.0   280.0715785384243 
  2058.0   280.91779296288473 
  2059.0   280.25503254641654 
  2060.0   280.6573935051877 
  2061.0   280.32539534530963 
  2062.0   280.1057241854621 
  2063.0   279.99658575056793 
  2064.0   279.7154939748205 
  2065.0   280.67890735886624 
  2066.0   280.9969549049007 
  2067.0   280.9733294884767 
  2068.0   280.1102249202074 
  2069.0   280.23292688618847 
  2070.0   280.1357167299588 
  2071.0   280.09129654196 
  2072.0   281.09331341372206 
  2073.0   280.97772792626995 
  2074.0   280.4524427586144 
  2075.0   280.3275664208603 
  2076.0   280.11103369739413 
  2077.0   280.6720306007517 
  2078.0   280.67965784726033 
  2079.0   281.59826571898355 
  2080.0   281.0327230757537 
  2081.0   280.64311458676116 
  2082.0   280.3387385531633 
  2083.0   280.85034256269284 
  2084.0   280.84176911803934 
  2085.0   280.68967782295607 
  2086.0   280.4381997265751 
  2087.0   281.1207468683255 
  2088.0   280.774744793972 
  2089.0   280.71633673558364 
  2090.0   280.6727893924093 
  2091.0   280.8873760420224 
  2092.0   281.3982472920227 
  2093.0   281.32898744244585 
  2094.0   281.19638809069687 
  2095.0   281.3799873530484 
  2096.0   281.0504164019226 
  2097.0   281.323018617472 
  2098.0   281.5950209053067 
  2099.0   281.231697500294 
  2100.0   281.1736587336095 
