  2015.0   3.429454856698188e-10 
  2016.0   3.3842862631320585e-10 
  2017.0   3.6146453696973236e-10 
  2018.0   3.8898741614524746e-10 
  2019.0   4.666211722285541e-10 
  2020.0   4.454710936068202e-10 
  2021.0   4.760291484426678e-10 
  2022.0   3.680490511894832e-10 
  2023.0   3.922006678876855e-10 
  2024.0   3.369993025569561e-10 
  2025.0   3.355385810303009e-10 
  2026.0   3.582020786011506e-10 
  2027.0   3.666560964617276e-10 
  2028.0   3.9700898257200775e-10 
  2029.0   4.304558821179791e-10 
  2030.0   4.0701764816588016e-10 
  2031.0   4.0297258201096713e-10 
  2032.0   4.15151409713691e-10 
  2033.0   3.5867705962457046e-10 
  2034.0   4.1200219973893146e-10 
  2035.0   4.937752067420377e-10 
  2036.0   4.360069527573264e-10 
  2037.0   4.736308291260091e-10 
  2038.0   4.6093485490763727e-10 
  2039.0   4.810555822880979e-10 
  2040.0   3.416408213874899e-10 
  2041.0   3.4140671490555734e-10 
  2042.0   4.612084731720804e-10 
  2043.0   4.4561997792456276e-10 
  2044.0   4.4422597327593065e-10 
  2045.0   3.7159409620942253e-10 
  2046.0   4.562807400226388e-10 
  2047.0   3.5388859002208746e-10 
  2048.0   3.8866089673461996e-10 
  2049.0   3.9082049768731784e-10 
  2050.0   4.10522153622549e-10 
  2051.0   3.635126370743683e-10 
  2052.0   4.188078978399574e-10 
  2053.0   4.340409180964594e-10 
  2054.0   3.7832923354026954e-10 
  2055.0   3.9250734185583896e-10 
  2056.0   4.1087007749429295e-10 
  2057.0   4.149466942165892e-10 
  2058.0   4.3691064149570736e-10 
  2059.0   3.981419789810938e-10 
  2060.0   4.3308608814405885e-10 
  2061.0   4.779452622785018e-10 
  2062.0   4.109625162744403e-10 
  2063.0   4.0879767870048455e-10 
  2064.0   3.9610684116340097e-10 
  2065.0   3.9573884305906427e-10 
  2066.0   4.073072780967036e-10 
  2067.0   3.7172636355870495e-10 
  2068.0   3.675744668894175e-10 
  2069.0   4.0988239998787826e-10 
  2070.0   3.868768206615077e-10 
  2071.0   3.837801558764336e-10 
  2072.0   3.0289351659610447e-10 
  2073.0   3.7538595184996854e-10 
  2074.0   3.1052133223388857e-10 
  2075.0   3.6799939108256776e-10 
  2076.0   3.973351947215194e-10 
  2077.0   3.432651503735402e-10 
  2078.0   3.458538062954945e-10 
  2079.0   3.22181376887287e-10 
  2080.0   3.5373984927535924e-10 
  2081.0   3.881703567905822e-10 
  2082.0   3.5198579735324475e-10 
  2083.0   4.860407937550268e-10 
  2084.0   3.1290960856553086e-10 
  2085.0   3.743938922490029e-10 
  2086.0   3.647869411067365e-10 
  2087.0   3.2878597270959636e-10 
  2088.0   3.8377825823655035e-10 
  2089.0   4.3189600532050045e-10 
  2090.0   3.6728667192594073e-10 
  2091.0   3.298663453714914e-10 
  2092.0   3.204308160475813e-10 
  2093.0   3.464751933546686e-10 
  2094.0   3.45710472475283e-10 
  2095.0   3.7844027584688377e-10 
  2096.0   3.4029766254702003e-10 
  2097.0   2.9404009918162507e-10 
  2098.0   3.316043408312746e-10 
  2099.0   3.104644157923471e-10 
  2100.0   3.929777952448095e-10 
