  2015.0   3.438519613351353e-11 
  2016.0   2.629292795536048e-11 
  2017.0   2.651201222082698e-11 
  2018.0   2.456000388007019e-11 
  2019.0   2.3142588413059015e-11 
  2020.0   2.252543890052469e-11 
  2021.0   1.8832125227854238e-11 
  2022.0   1.8754157735910747e-11 
  2023.0   1.5413439830542507e-11 
  2024.0   1.4712197264451304e-11 
  2025.0   1.0917930148197824e-11 
  2026.0   1.3346423362161007e-11 
  2027.0   1.3497031760084948e-11 
  2028.0   1.3586651399636386e-11 
  2029.0   1.360374956300143e-11 
  2030.0   1.3938857420423843e-11 
  2031.0   1.4343062567780098e-11 
  2032.0   1.4789658314552548e-11 
  2033.0   1.5077054244461566e-11 
  2034.0   1.543972075743781e-11 
  2035.0   1.5789030941017118e-11 
  2036.0   1.907178994862528e-11 
  2037.0   1.9337900852063534e-11 
  2038.0   1.9671764534097983e-11 
  2039.0   1.9998087963979415e-11 
  2040.0   2.0301121374021803e-11 
  2041.0   1.8826034390625048e-11 
  2042.0   1.898096255200447e-11 
  2043.0   1.969065755041166e-11 
  2044.0   2.009411434180603e-11 
  2045.0   2.0196580122765935e-11 
  2046.0   2.041409360076086e-11 
  2047.0   2.077204590942439e-11 
  2048.0   2.0472647477575626e-11 
  2049.0   2.0543517133814e-11 
  2050.0   2.052014896567085e-11 
  2051.0   1.953004430467584e-11 
  2052.0   1.9360212973506767e-11 
  2053.0   1.934941011887804e-11 
  2054.0   1.9532626084896377e-11 
  2055.0   1.9748279432237524e-11 
  2056.0   3.095367105175357e-11 
  2057.0   3.1765092638472824e-11 
  2058.0   3.2450138090600185e-11 
  2059.0   3.3033180352870785e-11 
  2060.0   3.3784850288266744e-11 
  2061.0   7.095995468080353e-11 
  2062.0   7.41175135512612e-11 
  2063.0   7.715334357373499e-11 
  2064.0   8.025358938743464e-11 
  2065.0   8.390523090546611e-11 
  2066.0   5.3824099720949234e-11 
  2067.0   5.455415359908448e-11 
  2068.0   5.498488790200603e-11 
  2069.0   5.597442485794022e-11 
  2070.0   5.710145012391259e-11 
  2071.0   6.890042610326566e-11 
  2072.0   6.782954629617279e-11 
  2073.0   6.795834528764974e-11 
  2074.0   6.757170593501298e-11 
  2075.0   6.697107265216997e-11 
  2076.0   1.0159959371419669e-10 
  2077.0   1.0414688003436944e-10 
  2078.0   1.0650270139670525e-10 
  2079.0   1.093488311297793e-10 
  2080.0   1.1169836230420801e-10 
  2081.0   1.0755707506975279e-10 
  2082.0   1.0921908032277917e-10 
  2083.0   1.1082873410871467e-10 
  2084.0   1.117882415978367e-10 
  2085.0   1.1268178170958374e-10 
  2086.0   8.483074833841194e-11 
  2087.0   8.315297297280974e-11 
  2088.0   8.174611312506136e-11 
  2089.0   7.996446121634184e-11 
  2090.0   7.843883421067993e-11 
  2091.0   4.650922099103232e-11 
  2092.0   4.388035311167232e-11 
  2093.0   4.1527372726383575e-11 
  2094.0   3.90464936288926e-11 
  2095.0   3.667851601893144e-11 
  2096.0   3.458141757755839e-11 
  2097.0   3.326116080059849e-11 
  2098.0   3.163203049859571e-11 
  2099.0   3.0600517007354473e-11 
  2100.0   2.8709684313902184e-11 
