  2015.0   0.739033095862857 
  2016.0   0.5981590290298032 
  2017.0   0.3022043465480029 
  2018.0   0.8066722093139335 
  2019.0   0.5397803621920895 
  2020.0   0.8586273114462941 
  2021.0   0.7367343004540363 
  2022.0   0.7615025337843112 
  2023.0   0.5366308364543735 
  2024.0   0.7997895307974536 
  2025.0   0.7370866375215677 
  2026.0   0.5724979466979315 
  2027.0   0.7379316667232589 
  2028.0   0.5750241207122087 
  2029.0   0.9608330984769681 
  2030.0   0.5916055486867288 
  2031.0   1.0806493878410401 
  2032.0   0.8735928931287535 
  2033.0   1.080018101486576 
  2034.0   0.6427368869730579 
  2035.0   0.363298215808108 
  2036.0   0.8333103289743725 
  2037.0   0.6219813767835052 
  2038.0   1.086444935095377 
  2039.0   1.131223701314037 
  2040.0   0.7771516422604363 
  2041.0   1.0463673739362405 
  2042.0   0.8637845076250595 
  2043.0   0.25774137476967285 
  2044.0   0.47808803932008137 
  2045.0   0.8298677371270954 
  2046.0   0.30171597184432086 
  2047.0   0.4336412796048707 
  2048.0   0.7597047806754453 
  2049.0   0.778659895909771 
  2050.0   0.9978887547826307 
  2051.0   0.0696836382363755 
  2052.0   0.4129195876924239 
  2053.0   0.5592434571378232 
  2054.0   0.8232601023487867 
  2055.0   0.6718148257739807 
  2056.0   0.668382923553321 
  2057.0   0.7227957987307158 
  2058.0   0.8422390656037037 
  2059.0   0.47236517384165305 
  2060.0   0.249457798740042 
  2061.0   0.547074569353023 
  2062.0   0.735424981181368 
  2063.0   0.7261206702058297 
  2064.0   0.7111375631896268 
  2065.0   0.5335076739426942 
  2066.0   0.006721995937348775 
  2067.0   -0.09446110696239317 
  2068.0   0.6373291159234346 
  2069.0   0.7867643393940484 
  2070.0   0.8903639854548858 
  2071.0   0.2782489859321713 
  2072.0   0.9637176566972192 
  2073.0   0.4870482066920807 
  2074.0   0.2986395414546747 
  2075.0   0.5309392119639013 
  2076.0   0.5005502884170838 
  2077.0   0.2803072360085925 
  2078.0   0.3740104562053552 
  2079.0   0.5225095868439193 
  2080.0   0.5739508271260443 
  2081.0   0.7820025226470507 
  2082.0   0.5194484381655502 
  2083.0   0.268722243545803 
  2084.0   0.052224691311538785 
  2085.0   0.38919498948440945 
  2086.0   0.04850690711334948 
  2087.0   0.21064018662181452 
  2088.0   0.03295350334391726 
  2089.0   0.31182219124056415 
  2090.0   0.09919461925988175 
  2091.0   0.1243559231783244 
  2092.0   0.06867707051822729 
  2093.0   0.6058774710409398 
  2094.0   0.2954926709763765 
  2095.0   0.58181418633817 
  2096.0   0.062096691901108246 
  2097.0   0.1408175175227677 
  2098.0   0.5593879945513787 
  2099.0   0.298473643240944 
  2100.0   0.4560246535064358 
