  2015.0   5.1409451766176e-11 
  2016.0   4.268853886511486e-11 
  2017.0   4.036044338441051e-11 
  2018.0   3.83380406784979e-11 
  2019.0   3.6099593411988433e-11 
  2020.0   3.308206365677535e-11 
  2021.0   3.1076339709665245e-11 
  2022.0   3.13235846544822e-11 
  2023.0   3.3691212314600934e-11 
  2024.0   3.423511129574064e-11 
  2025.0   3.468083124863428e-11 
  2026.0   3.449326517624385e-11 
  2027.0   3.2725603399103267e-11 
  2028.0   3.2990078702391015e-11 
  2029.0   3.210245873692994e-11 
  2030.0   2.957454967185729e-11 
  2031.0   2.8567347428536208e-11 
  2032.0   2.936228083471497e-11 
  2033.0   3.023915865573343e-11 
  2034.0   2.979835929281272e-11 
  2035.0   3.12279723339613e-11 
  2036.0   3.1965999712343204e-11 
  2037.0   3.2819856342132536e-11 
  2038.0   3.447335433039987e-11 
  2039.0   3.561668973932824e-11 
  2040.0   3.4517706421245257e-11 
  2041.0   3.262019933984321e-11 
  2042.0   3.208149199424699e-11 
  2043.0   3.201247653920664e-11 
  2044.0   3.270187495341554e-11 
  2045.0   3.260866004819342e-11 
  2046.0   3.226810542548298e-11 
  2047.0   3.216516265142001e-11 
  2048.0   3.120906738220393e-11 
  2049.0   3.2201291653016763e-11 
  2050.0   3.274312381459007e-11 
  2051.0   3.172896189979877e-11 
  2052.0   3.132226958396191e-11 
  2053.0   3.2770026124044434e-11 
  2054.0   3.2771994234103256e-11 
  2055.0   3.976767056125095e-11 
  2056.0   4.4040203791523194e-11 
  2057.0   4.441559321483471e-11 
  2058.0   4.483031438061717e-11 
  2059.0   4.477396765812513e-11 
  2060.0   5.428548599912624e-11 
  2061.0   6.279859551082068e-11 
  2062.0   6.665418633340269e-11 
  2063.0   6.802124450488537e-11 
  2064.0   6.87617283543257e-11 
  2065.0   6.969337441864372e-11 
  2066.0   7.059586093526658e-11 
  2067.0   7.185328537149335e-11 
  2068.0   7.175836894954885e-11 
  2069.0   7.393137272980623e-11 
  2070.0   9.735531025660922e-11 
  2071.0   1.1271945635576e-10 
  2072.0   1.1679901949948933e-10 
  2073.0   1.1905369620892675e-10 
  2074.0   1.2061331381671567e-10 
  2075.0   1.1679681856844827e-10 
  2076.0   1.1434758156685603e-10 
  2077.0   1.139034287747583e-10 
  2078.0   1.1399446372466315e-10 
  2079.0   1.1473281072096983e-10 
  2080.0   1.0071120562798126e-10 
  2081.0   9.048621746855315e-11 
  2082.0   8.987431159255374e-11 
  2083.0   8.859208086552086e-11 
  2084.0   8.767205643415967e-11 
  2085.0   8.245609565364025e-11 
  2086.0   7.884571050976409e-11 
  2087.0   7.771143692864202e-11 
  2088.0   7.684143781369564e-11 
  2089.0   7.507929792702952e-11 
  2090.0   6.151482506107662e-11 
  2091.0   5.2627076330890775e-11 
  2092.0   5.0148843771437564e-11 
  2093.0   4.8982073178725596e-11 
  2094.0   4.817513038353356e-11 
  2095.0   4.977375295795853e-11 
  2096.0   4.964944889971052e-11 
  2097.0   4.854799624214902e-11 
  2098.0   4.772787777937653e-11 
  2099.0   4.7757282797989835e-11 
  2100.0   3.512076889682561e-11 
