  2015.0   -0.08924361556608823 
  2016.0   0.03274939740765547 
  2017.0   0.5976396029848722 
  2018.0   0.621065882420581 
  2019.0   0.5602612378725097 
  2020.0   0.4197595618153025 
  2021.0   -0.5407777286417105 
  2022.0   0.5823232109805174 
  2023.0   0.4981800447648595 
  2024.0   -0.1539414774272291 
  2025.0   0.15269447140034167 
  2026.0   0.8139530377737578 
  2027.0   0.7376235788673726 
  2028.0   0.7105297321697859 
  2029.0   0.20104636111195412 
  2030.0   0.6720013650593074 
  2031.0   0.42700693069910156 
  2032.0   0.19195313085583918 
  2033.0   0.9065571855076384 
  2034.0   1.0796159312058524 
  2035.0   0.26481953531462893 
  2036.0   0.8584315417502397 
  2037.0   0.8976048402258455 
  2038.0   0.41606345842805753 
  2039.0   0.26781435591853686 
  2040.0   0.5115892484332298 
  2041.0   0.9491233728895171 
  2042.0   0.3248110349045332 
  2043.0   0.4977509815903193 
  2044.0   -0.09787886707492595 
  2045.0   0.9575802358402933 
  2046.0   0.11957641522242216 
  2047.0   0.7541076004234192 
  2048.0   0.5923105711877958 
  2049.0   0.8038960109654163 
  2050.0   -0.26432357881525803 
  2051.0   0.9397809599709486 
  2052.0   0.7112569251835956 
  2053.0   -0.026321459653453293 
  2054.0   0.38617705812245384 
  2055.0   0.866953833728243 
  2056.0   0.837568868087135 
  2057.0   0.5838801368260269 
  2058.0   0.301975816673806 
  2059.0   0.6284545593718415 
  2060.0   0.9573099090667464 
  2061.0   0.32710157121736433 
  2062.0   0.48033410761679457 
  2063.0   0.14105897151807645 
  2064.0   0.3953955060918517 
  2065.0   0.46492587666257695 
  2066.0   0.15577977682390648 
  2067.0   0.5619647058812955 
  2068.0   0.6252498500681765 
  2069.0   0.4071151482530415 
  2070.0   0.6113614186128469 
  2071.0   -0.06324021943547896 
  2072.0   0.35413134227629184 
  2073.0   -0.13956145020986577 
  2074.0   -0.021949354172273415 
  2075.0   0.24019554206334373 
  2076.0   0.5793094349066346 
  2077.0   0.33697364314345624 
  2078.0   0.3336856020425908 
  2079.0   0.45934151581947524 
  2080.0   0.560906937250977 
  2081.0   0.43836983777713484 
  2082.0   0.9563543769914826 
  2083.0   -0.4627391254260974 
  2084.0   0.39085912916406473 
  2085.0   0.002073860745645584 
  2086.0   -0.1686714184672032 
  2087.0   0.4268143875967652 
  2088.0   0.5828683445856693 
  2089.0   0.23098934120302947 
  2090.0   -0.023603895697062862 
  2091.0   0.045145683020226535 
  2092.0   0.28373478738967123 
  2093.0   0.8501556365322254 
  2094.0   0.47108150777731433 
  2095.0   0.1180831647115699 
  2096.0   0.10735546463234 
  2097.0   0.39957897492631056 
  2098.0   0.20447004994799395 
  2099.0   0.5152539197526667 
  2100.0   0.05999601653241608 
