  2015.0   5.94389507459192e-10 
  2016.0   5.685041301410948e-10 
  2017.0   5.423912941564157e-10 
  2018.0   5.735636504845493e-10 
  2019.0   6.068568637535473e-10 
  2020.0   6.304900589069306e-10 
  2021.0   6.021905263721399e-10 
  2022.0   5.44684698606635e-10 
  2023.0   5.355223025319569e-10 
  2024.0   4.980433889919504e-10 
  2025.0   5.365117114847355e-10 
  2026.0   5.566291151053876e-10 
  2027.0   5.691995133795447e-10 
  2028.0   5.633275685256321e-10 
  2029.0   5.303106848863857e-10 
  2030.0   5.457921783582019e-10 
  2031.0   5.626492429123944e-10 
  2032.0   5.77520641658783e-10 
  2033.0   6.068232789602669e-10 
  2034.0   5.814799721354681e-10 
  2035.0   5.54978214153517e-10 
  2036.0   5.539098331075417e-10 
  2037.0   5.760617303900314e-10 
  2038.0   6.815566998597012e-10 
  2039.0   6.669738329704243e-10 
  2040.0   6.88615151741442e-10 
  2041.0   6.388764036752829e-10 
  2042.0   5.999748392578853e-10 
  2043.0   5.750928735925252e-10 
  2044.0   5.403932289797921e-10 
  2045.0   5.641336449326591e-10 
  2046.0   5.980445848104783e-10 
  2047.0   5.638128708978965e-10 
  2048.0   5.989063283843458e-10 
  2049.0   5.708053427156043e-10 
  2050.0   6.202070705862311e-10 
  2051.0   5.85362030370638e-10 
  2052.0   5.994646588533103e-10 
  2053.0   6.37110578171892e-10 
  2054.0   6.223359704268054e-10 
  2055.0   5.991118039300098e-10 
  2056.0   6.232572527698289e-10 
  2057.0   5.860307896469923e-10 
  2058.0   5.832382448313909e-10 
  2059.0   5.753828755187461e-10 
  2060.0   5.545380142106124e-10 
  2061.0   5.999801878475683e-10 
  2062.0   5.998099025287056e-10 
  2063.0   6.213815233142011e-10 
  2064.0   6.458596098849239e-10 
  2065.0   6.937340843701253e-10 
  2066.0   6.470311899000562e-10 
  2067.0   6.125002195317444e-10 
  2068.0   5.987024528576972e-10 
  2069.0   5.601324580860269e-10 
  2070.0   6.047767524408457e-10 
  2071.0   6.264175842434145e-10 
  2072.0   6.953750697206216e-10 
  2073.0   7.396128899852405e-10 
  2074.0   6.913497796702446e-10 
  2075.0   6.293685949196643e-10 
  2076.0   7.091847159970579e-10 
  2077.0   7.340203234154943e-10 
  2078.0   8.235909445252661e-10 
  2079.0   8.588252810265825e-10 
  2080.0   8.557804710442388e-10 
  2081.0   7.897382313164572e-10 
  2082.0   7.282215597864831e-10 
  2083.0   7.66977825048052e-10 
  2084.0   8.170159945171911e-10 
  2085.0   7.821570381046388e-10 
  2086.0   8.164027650682954e-10 
  2087.0   8.188111916827508e-10 
  2088.0   8.565494553760949e-10 
  2089.0   8.211266868308252e-10 
  2090.0   7.931130347460961e-10 
  2091.0   7.450952851322148e-10 
  2092.0   7.117144551467917e-10 
  2093.0   7.099296471958596e-10 
  2094.0   7.136084347787436e-10 
  2095.0   7.437590434821448e-10 
  2096.0   7.202600455790215e-10 
  2097.0   7.179380239197518e-10 
  2098.0   7.068592391396021e-10 
  2099.0   7.011708330290441e-10 
  2100.0   6.652085657872908e-10 
