  2015.0   452.1773343443954 
  2016.0   452.69395120124136 
  2017.0   453.0437125305807 
  2018.0   453.3922917777959 
  2019.0   454.0690289859295 
  2020.0   454.3447836548568 
  2021.0   454.66282410810925 
  2022.0   455.1198332828979 
  2023.0   455.40433049724163 
  2024.0   455.70373363009986 
  2025.0   456.17279490219585 
  2026.0   456.6053020023672 
  2027.0   457.0590749994731 
  2028.0   457.742908112605 
  2029.0   458.13603756308936 
  2030.0   458.3538425045317 
  2031.0   458.76384163118104 
  2032.0   459.12582329010365 
  2033.0   459.4239789355959 
  2034.0   459.8066173463141 
  2035.0   460.1832724223998 
  2036.0   460.6498079525185 
  2037.0   461.08250698764294 
  2038.0   461.4667604401135 
  2039.0   461.9716236783336 
  2040.0   462.27567369527486 
  2041.0   462.0116625458503 
  2042.0   462.2214426180176 
  2043.0   462.86558337184 
  2044.0   463.6218176275378 
  2045.0   464.14446915977743 
  2046.0   464.8843425366137 
  2047.0   465.40613072626854 
  2048.0   465.9741928118501 
  2049.0   466.3443869650303 
  2050.0   466.73320690679583 
  2051.0   467.1035912201301 
  2052.0   467.70926927404395 
  2053.0   467.9455874109317 
  2054.0   468.0388780858911 
  2055.0   468.3681743953105 
  2056.0   468.9324478383582 
  2057.0   469.19386562032815 
  2058.0   469.23896050975696 
  2059.0   469.40590879545266 
  2060.0   469.48458491842104 
  2061.0   469.7154808036778 
  2062.0   469.72613655878854 
  2063.0   470.0195932065999 
  2064.0   470.5422400995985 
  2065.0   470.41726915472134 
  2066.0   470.56904860748404 
  2067.0   470.9193504595154 
  2068.0   471.00989643301335 
  2069.0   471.1882838939411 
  2070.0   471.42552490348044 
  2071.0   471.6597301446641 
  2072.0   471.9477202974075 
  2073.0   471.74774425689634 
  2074.0   472.08666602663516 
  2075.0   472.1982765329625 
  2076.0   472.4554421784389 
  2077.0   472.57501740666765 
  2078.0   472.55105228963777 
  2079.0   472.7105333669319 
  2080.0   472.87984131180866 
  2081.0   472.92570816831574 
  2082.0   472.73779877167334 
  2083.0   472.8056332972813 
  2084.0   472.7335721279352 
  2085.0   472.8323133550733 
  2086.0   472.864313106854 
  2087.0   472.63418936890275 
  2088.0   472.37284580212264 
  2089.0   472.5950185546971 
  2090.0   472.61304907194113 
  2091.0   472.1955016792605 
  2092.0   472.2503908295068 
  2093.0   472.32236743837916 
  2094.0   472.31163417387404 
  2095.0   472.49935790621623 
  2096.0   472.2959697456753 
  2097.0   472.13330585794944 
  2098.0   472.02887610697076 
  2099.0   472.0294077537117 
  2100.0   472.4207357139716 
