  2015.0   15.20184058805362 
  2016.0   14.972144983267057 
  2017.0   15.455890564649136 
  2018.0   15.082152955952257 
  2019.0   15.334598466801006 
  2020.0   15.858212286329175 
  2021.0   15.810176631134844 
  2022.0   15.284892266951164 
  2023.0   16.062205490078224 
  2024.0   16.160145463229316 
  2025.0   16.5950045528022 
  2026.0   16.661259731582625 
  2027.0   16.168655142499407 
  2028.0   16.512408766914575 
  2029.0   16.973888707769532 
  2030.0   16.172326305906466 
  2031.0   15.37916678952879 
  2032.0   15.823078650337507 
  2033.0   15.738677406951695 
  2034.0   16.09723583219711 
  2035.0   16.199548761730963 
  2036.0   16.22263727260738 
  2037.0   16.661502031863893 
  2038.0   16.447282513739147 
  2039.0   16.770152100255665 
  2040.0   17.04565359137402 
  2041.0   16.63715556554266 
  2042.0   16.612639941350448 
  2043.0   16.801380950215066 
  2044.0   16.90675316673171 
  2045.0   16.923269485288422 
  2046.0   16.82982628814456 
  2047.0   16.204381820243395 
  2048.0   16.36376819974997 
  2049.0   16.664355026246966 
  2050.0   17.47856668609883 
  2051.0   16.84342889000657 
  2052.0   16.548912280749384 
  2053.0   16.884711797329174 
  2054.0   16.897937116424153 
  2055.0   16.572797262136874 
  2056.0   16.95855879873356 
  2057.0   17.67348824985522 
  2058.0   17.891158148667788 
  2059.0   17.93564762080185 
  2060.0   16.819579821232153 
  2061.0   17.216989091520066 
  2062.0   17.31217394221577 
  2063.0   17.244212019520806 
  2064.0   17.41174608602068 
  2065.0   16.382469193103066 
  2066.0   16.540897741275423 
  2067.0   16.62754194839014 
  2068.0   16.66084816523628 
  2069.0   16.65993597602955 
  2070.0   16.788132666661454 
  2071.0   16.963859153780795 
  2072.0   16.488845244543008 
  2073.0   16.98583477673754 
  2074.0   17.56850371286123 
  2075.0   16.729948950727614 
  2076.0   16.901640767698584 
  2077.0   16.847086765210648 
  2078.0   16.85806777722578 
  2079.0   16.362576378057575 
  2080.0   16.78574959689512 
  2081.0   17.50179064622652 
  2082.0   17.37061285741392 
  2083.0   17.124391773638155 
  2084.0   17.205907954029293 
  2085.0   16.856851218145284 
  2086.0   16.780927354239612 
  2087.0   16.537889600405972 
  2088.0   16.299191108998155 
  2089.0   15.306272509171428 
  2090.0   16.756617091845623 
  2091.0   16.943505321149726 
  2092.0   17.222309744134343 
  2093.0   15.377978270224034 
  2094.0   15.942019775947767 
  2095.0   16.35092087576539 
  2096.0   16.672393371789447 
  2097.0   16.49631366324859 
  2098.0   15.879387895466595 
  2099.0   15.620434335644658 
  2100.0   16.566564536261335 
