  2015.0   9.808530162960183 
  2016.0   9.546844892942492 
  2017.0   9.497817479422753 
  2018.0   9.916252884719357 
  2019.0   9.884638827378813 
  2020.0   9.955268804044273 
  2021.0   9.730018253539136 
  2022.0   9.680011124711728 
  2023.0   9.909032889817313 
  2024.0   10.19361007932324 
  2025.0   9.990660276343883 
  2026.0   9.714508900954957 
  2027.0   9.919266156102227 
  2028.0   10.324959235647759 
  2029.0   10.171028789896358 
  2030.0   10.11192205777354 
  2031.0   9.865539557194728 
  2032.0   10.080490672125755 
  2033.0   10.452977749899937 
  2034.0   10.272308583031167 
  2035.0   10.161483090584259 
  2036.0   9.920350738593783 
  2037.0   10.113030410164365 
  2038.0   10.629777923465971 
  2039.0   10.502828803393152 
  2040.0   10.349881463730172 
  2041.0   9.963895161297447 
  2042.0   10.48596252768625 
  2043.0   10.54534637507814 
  2044.0   10.374961075338366 
  2045.0   10.172518650465863 
  2046.0   10.380757543231788 
  2047.0   10.499576747773943 
  2048.0   10.402554372579065 
  2049.0   10.477313505282597 
  2050.0   10.833198868852595 
  2051.0   10.344741180633063 
  2052.0   10.559610169535235 
  2053.0   10.380191417252943 
  2054.0   10.10900763639544 
  2055.0   10.754076468119695 
  2056.0   10.747829821115632 
  2057.0   10.677825256646347 
  2058.0   10.640490517367267 
  2059.0   10.761212022711954 
  2060.0   10.587736227965756 
  2061.0   10.364734971753867 
  2062.0   10.294590269249158 
  2063.0   11.027037532489484 
  2064.0   10.866205757997541 
  2065.0   10.482706472762482 
  2066.0   10.32427480247003 
  2067.0   10.624230814517487 
  2068.0   10.7389675245395 
  2069.0   10.588037497013037 
  2070.0   10.438357128963748 
  2071.0   10.361746059023366 
  2072.0   10.576664717138483 
  2073.0   10.876727815971956 
  2074.0   10.682809567669125 
  2075.0   10.521214776787996 
  2076.0   10.410728240593514 
  2077.0   10.296528509565848 
  2078.0   10.516777366734832 
  2079.0   10.71995988559463 
  2080.0   10.428860619262435 
  2081.0   10.447003599694671 
  2082.0   10.263638149192584 
  2083.0   10.79686020860971 
  2084.0   10.602022772216095 
  2085.0   10.636784916401918 
  2086.0   10.274561908359372 
  2087.0   10.513141372828525 
  2088.0   10.823665883569705 
  2089.0   10.532366552181303 
  2090.0   10.244164944579078 
  2091.0   10.997119318035717 
  2092.0   10.857343627390307 
  2093.0   10.273696846815811 
  2094.0   10.219924873586098 
  2095.0   10.36680430191277 
  2096.0   10.825443229417589 
  2097.0   10.461934831848172 
  2098.0   10.376134080829688 
  2099.0   10.259999610561861 
  2100.0   10.403166408333467 
