  2015.0   57.26168844137465 
  2016.0   57.29681548442685 
  2017.0   57.404472086267575 
  2018.0   57.5595024625462 
  2019.0   57.73747505848387 
  2020.0   57.8454985416231 
  2021.0   57.85416583263839 
  2022.0   57.87510168725754 
  2023.0   58.00401731265525 
  2024.0   58.24998307978786 
  2025.0   58.26716891041061 
  2026.0   58.290502146272075 
  2027.0   58.43626287911517 
  2028.0   58.57227277270183 
  2029.0   58.682598380577495 
  2030.0   58.645032899206754 
  2031.0   58.58361546694878 
  2032.0   58.5776882950709 
  2033.0   58.80553428330704 
  2034.0   58.95019010650346 
  2035.0   59.04602286765197 
  2036.0   58.99509793093513 
  2037.0   59.0879914306923 
  2038.0   59.34106398932363 
  2039.0   59.50875349586584 
  2040.0   59.606366806944216 
  2041.0   59.68525440953939 
  2042.0   59.766053716441924 
  2043.0   59.71883228709067 
  2044.0   59.83511291890278 
  2045.0   59.924499119461906 
  2046.0   59.94991843141775 
  2047.0   59.82705683846095 
  2048.0   59.736015214964006 
  2049.0   59.79092217434514 
  2050.0   59.93590416624164 
  2051.0   59.90925201922309 
  2052.0   59.87008782798807 
  2053.0   59.968569180950325 
  2054.0   60.08686009058219 
  2055.0   60.28674770252207 
  2056.0   60.32705479634417 
  2057.0   60.248565657882665 
  2058.0   60.253841211757674 
  2059.0   60.223485753478 
  2060.0   60.17682747251967 
  2061.0   60.24957034480018 
  2062.0   60.526092943348246 
  2063.0   60.6141795321027 
  2064.0   60.78173664094841 
  2065.0   60.886008472180436 
  2066.0   60.98539706757142 
  2067.0   61.27510396311767 
  2068.0   61.41213183975049 
  2069.0   61.39214100594165 
  2070.0   61.49018498211869 
  2071.0   61.547121941993986 
  2072.0   61.61859924280944 
  2073.0   61.54229611522423 
  2074.0   61.61573909743797 
  2075.0   61.66488466962447 
  2076.0   61.748794434248744 
  2077.0   61.71927667752713 
  2078.0   61.7973664808817 
  2079.0   61.772404765716544 
  2080.0   61.953101408516154 
  2081.0   61.88888978852785 
  2082.0   61.92498520013769 
  2083.0   61.77650535604436 
  2084.0   61.858167457798984 
  2085.0   61.958251894397264 
  2086.0   61.995918376372614 
  2087.0   62.09623353219336 
  2088.0   62.229121563780964 
  2089.0   62.28907218422306 
  2090.0   62.300186032733585 
  2091.0   62.20282625487224 
  2092.0   62.413845982473156 
  2093.0   62.34387856199248 
  2094.0   62.3299129529143 
  2095.0   62.31633548210267 
  2096.0   62.379130877163064 
  2097.0   62.359232654559555 
  2098.0   62.42782997424677 
  2099.0   62.55351011858453 
  2100.0   62.613295750603 
