  2015.0   3.890600103610194e-10 
  2016.0   5.999939730323792e-10 
  2017.0   6.991383523606903e-10 
  2018.0   6.74060422124101e-10 
  2019.0   1.6427512024297105e-10 
  2020.0   6.768755267454216e-10 
  2021.0   4.3663800640665693e-10 
  2022.0   3.541615148472871e-10 
  2023.0   5.205723535152633e-10 
  2024.0   7.130144533455455e-10 
  2025.0   3.9404985618083514e-10 
  2026.0   1.0870630471306731e-09 
  2027.0   7.468791281750267e-10 
  2028.0   2.6887913292359425e-10 
  2029.0   7.63516383747683e-10 
  2030.0   6.303204682844921e-10 
  2031.0   3.885796318737414e-10 
  2032.0   1.0027166117820254e-09 
  2033.0   8.71349766686827e-10 
  2034.0   4.816429268404772e-10 
  2035.0   4.6505000572154493e-10 
  2036.0   1.3061526072006015e-09 
  2037.0   4.956580263127469e-10 
  2038.0   9.764366496116072e-10 
  2039.0   1.1804009776433215e-09 
  2040.0   5.156837870899839e-10 
  2041.0   8.59938290415783e-10 
  2042.0   8.551178048409201e-10 
  2043.0   1.60242228274979e-09 
  2044.0   7.750833909632154e-10 
  2045.0   1.1576486419208678e-09 
  2046.0   5.764377946139493e-10 
  2047.0   9.506022321867254e-10 
  2048.0   3.951871101164524e-10 
  2049.0   9.499152408068364e-10 
  2050.0   4.3538134099747986e-10 
  2051.0   5.767865759832863e-10 
  2052.0   1.5047629654920798e-09 
  2053.0   5.135669797277972e-10 
  2054.0   6.201614272627809e-10 
  2055.0   9.405715794582755e-10 
  2056.0   2.555484980833103e-10 
  2057.0   7.839808109665203e-10 
  2058.0   1.1023740990242427e-09 
  2059.0   7.524417420747244e-10 
  2060.0   1.2467198824514694e-09 
  2061.0   6.175668542991597e-10 
  2062.0   1.462586230685138e-10 
  2063.0   6.00718452521478e-10 
  2064.0   5.694062473203773e-10 
  2065.0   5.515880620308732e-10 
  2066.0   1.34298555306278e-10 
  2067.0   5.332860408805131e-10 
  2068.0   4.5015237422488407e-10 
  2069.0   6.075692891868106e-10 
  2070.0   8.235090562418405e-10 
  2071.0   6.959212266998401e-10 
  2072.0   1.556387716967296e-10 
  2073.0   4.597077345748304e-10 
  2074.0   8.545388006576359e-10 
  2075.0   1.5067541127880018e-10 
  2076.0   7.841645401057395e-10 
  2077.0   3.513951457756252e-10 
  2078.0   -1.1333841323562209e-10 
  2079.0   4.217731772892792e-10 
  2080.0   1.6190891485283776e-10 
  2081.0   5.359942081259975e-10 
  2082.0   2.2911209961124424e-10 
  2083.0   5.661072507239928e-10 
  2084.0   5.94778375257779e-10 
  2085.0   1.3462277472450246e-10 
  2086.0   3.3229462118895095e-10 
  2087.0   1.1265688087319583e-10 
  2088.0   -1.8229446929570674e-10 
  2089.0   1.0791340261824734e-10 
  2090.0   4.1455543050429177e-10 
  2091.0   3.0139617320740907e-10 
  2092.0   3.1290614390863077e-10 
  2093.0   2.8262969430156485e-10 
  2094.0   3.8290074192983044e-10 
  2095.0   3.801082077114436e-11 
  2096.0   2.66579354222433e-10 
  2097.0   4.885414995866234e-10 
  2098.0   -5.3694354369257804e-11 
  2099.0   1.9695949595274938e-10 
  2100.0   6.872004492021117e-10 
