  2015.0   85.48633658006717 
  2016.0   85.41760869142317 
  2017.0   85.3750586851914 
  2018.0   85.30585725382915 
  2019.0   85.3430916984552 
  2020.0   85.35404719242317 
  2021.0   85.26758524931927 
  2022.0   85.16692538436361 
  2023.0   85.21017806137151 
  2024.0   85.15509930628566 
  2025.0   84.9354863783148 
  2026.0   84.84447982201428 
  2027.0   84.87236731883823 
  2028.0   84.89608408798235 
  2029.0   84.83940239030272 
  2030.0   84.84924323444496 
  2031.0   84.72076519702951 
  2032.0   84.71506037866247 
  2033.0   84.79631035279509 
  2034.0   84.785223832158 
  2035.0   84.75829072964187 
  2036.0   84.7915948357413 
  2037.0   84.81391442684335 
  2038.0   84.74131828750934 
  2039.0   84.6395612221752 
  2040.0   84.60079600321113 
  2041.0   84.62479302983114 
  2042.0   84.59593212386716 
  2043.0   84.58540271969794 
  2044.0   84.49944999487238 
  2045.0   84.50855414288488 
  2046.0   84.54536213043522 
  2047.0   84.50668849155252 
  2048.0   84.51333394819044 
  2049.0   84.55066285365439 
  2050.0   84.5909464779132 
  2051.0   84.5813868456053 
  2052.0   84.53637035712347 
  2053.0   84.46662735773118 
  2054.0   84.4241345793565 
  2055.0   84.47080603346438 
  2056.0   84.5979021816429 
  2057.0   84.59351130306926 
  2058.0   84.45276966701768 
  2059.0   84.41882699516722 
  2060.0   84.43564271906587 
  2061.0   84.47651382873399 
  2062.0   84.45451820497055 
  2063.0   84.45130768622897 
  2064.0   84.39845110465942 
  2065.0   84.39933792303303 
  2066.0   84.41550515577914 
  2067.0   84.37869298074592 
  2068.0   84.40156191550749 
  2069.0   84.40449016857782 
  2070.0   84.48367301876829 
  2071.0   84.47870903084555 
  2072.0   84.48228752571477 
  2073.0   84.35143756169104 
  2074.0   84.29209681833865 
  2075.0   84.43019099488669 
  2076.0   84.47066166213946 
  2077.0   84.52859985043335 
  2078.0   84.47547052116398 
  2079.0   84.43594919529323 
  2080.0   84.4610698693739 
  2081.0   84.48499130665571 
  2082.0   84.48628302781569 
  2083.0   84.4207346675112 
  2084.0   84.32825605586511 
  2085.0   84.39169641982195 
  2086.0   84.38225878045199 
  2087.0   84.33786039657338 
  2088.0   84.40286175683146 
  2089.0   84.45215012104235 
  2090.0   84.4109259548735 
  2091.0   84.27815949951312 
  2092.0   84.32680113618738 
  2093.0   84.37136982398353 
  2094.0   84.36258888232665 
  2095.0   84.37148334745574 
  2096.0   84.39835246830773 
  2097.0   84.40469632827664 
  2098.0   84.40173105458778 
  2099.0   84.44317599980815 
  2100.0   84.40590665189764 
