  2015.0   8.904488083517796 
  2016.0   9.239274755256659 
  2017.0   9.408378442369436 
  2018.0   8.648472500274833 
  2019.0   9.535820068127212 
  2020.0   9.354917678373257 
  2021.0   9.537896651297915 
  2022.0   9.481778472258531 
  2023.0   10.127510783018634 
  2024.0   8.985960472871538 
  2025.0   9.090517339200709 
  2026.0   8.557693017857076 
  2027.0   9.160510593796502 
  2028.0   8.830457880472306 
  2029.0   9.663027729728974 
  2030.0   10.150730303368372 
  2031.0   9.6897788388532 
  2032.0   9.344967186665462 
  2033.0   8.963393261230392 
  2034.0   9.411575328253825 
  2035.0   9.491370432976796 
  2036.0   9.419064199300404 
  2037.0   9.77994211133186 
  2038.0   10.139315955098505 
  2039.0   9.574530287722709 
  2040.0   9.832470913587933 
  2041.0   9.801903636747536 
  2042.0   9.726266632808137 
  2043.0   9.501133463402464 
  2044.0   9.703452935309736 
  2045.0   9.511244319450293 
  2046.0   10.028782529209922 
  2047.0   9.940958338103835 
  2048.0   10.203214189937292 
  2049.0   9.70245192076871 
  2050.0   10.05112414573292 
  2051.0   9.906075840666915 
  2052.0   9.558097861888164 
  2053.0   9.816847433644256 
  2054.0   9.854811538291088 
  2055.0   9.246714298003583 
  2056.0   9.302993372442025 
  2057.0   9.474280252583384 
  2058.0   9.848542930194865 
  2059.0   10.05638538100854 
  2060.0   9.068662118616114 
  2061.0   9.756902105288596 
  2062.0   9.68655301115668 
  2063.0   9.774715565859083 
  2064.0   9.544485525039493 
  2065.0   10.460581998903871 
  2066.0   9.462777923353036 
  2067.0   10.044560095233964 
  2068.0   9.750088494574058 
  2069.0   9.5287246958943 
  2070.0   9.887731990334345 
  2071.0   9.671007728787712 
  2072.0   9.593662989975824 
  2073.0   10.065690606491064 
  2074.0   10.593738336299984 
  2075.0   9.894210780693982 
  2076.0   9.56700339654481 
  2077.0   9.938989152457696 
  2078.0   9.85998791905403 
  2079.0   9.532608598279932 
  2080.0   9.205702439392482 
  2081.0   9.650354716695587 
  2082.0   9.77619924178402 
  2083.0   10.431873258020874 
  2084.0   9.913100153996714 
  2085.0   9.548021726746198 
  2086.0   9.336578816220126 
  2087.0   10.119600043892873 
  2088.0   9.876397940311783 
  2089.0   9.812998825593109 
  2090.0   9.89494537793705 
  2091.0   9.641225018676304 
  2092.0   9.963883820465611 
  2093.0   9.849908210809147 
  2094.0   9.026537708894539 
  2095.0   9.830357211133114 
  2096.0   9.69596257873473 
  2097.0   8.947906059596043 
  2098.0   9.276486933264241 
  2099.0   8.56868987582575 
  2100.0   9.528304547683897 
