  2015.0   23.06320450919101 
  2016.0   23.219828108562446 
  2017.0   23.061715971091385 
  2018.0   23.866972584677917 
  2019.0   22.86046783531363 
  2020.0   22.428056880263426 
  2021.0   23.318817667095868 
  2022.0   23.70840142956148 
  2023.0   23.380899181525727 
  2024.0   22.439633847111704 
  2025.0   23.981126683496747 
  2026.0   23.972100550241198 
  2027.0   24.147200074805973 
  2028.0   23.544492479656235 
  2029.0   23.118575499180636 
  2030.0   23.439210711818813 
  2031.0   25.513156984936366 
  2032.0   25.28633951372331 
  2033.0   24.390428023833643 
  2034.0   24.49767532435578 
  2035.0   24.161338180246837 
  2036.0   24.92379118393412 
  2037.0   25.383588852371187 
  2038.0   24.400514309866843 
  2039.0   24.71671732661569 
  2040.0   23.85111467062442 
  2041.0   24.304209131070497 
  2042.0   25.266815480381084 
  2043.0   25.258925988931733 
  2044.0   23.571312391056747 
  2045.0   24.608362830086158 
  2046.0   23.312053624493657 
  2047.0   24.50429054509983 
  2048.0   24.683234701276973 
  2049.0   25.507614208918085 
  2050.0   22.754576124312386 
  2051.0   24.708870435232253 
  2052.0   25.243490511048396 
  2053.0   24.550941633331053 
  2054.0   24.34657640989648 
  2055.0   23.868233211691063 
  2056.0   23.928849888056405 
  2057.0   25.638492606933738 
  2058.0   25.66124771932801 
  2059.0   25.32489876781874 
  2060.0   25.69843627192514 
  2061.0   25.65264992141074 
  2062.0   24.35559218215344 
  2063.0   24.22218941410294 
  2064.0   25.298024408502737 
  2065.0   23.882482751494347 
  2066.0   25.803562357726815 
  2067.0   26.2192846160652 
  2068.0   24.979289288332563 
  2069.0   25.03632724487989 
  2070.0   25.54828377866868 
  2071.0   25.208575090011752 
  2072.0   24.440634111998094 
  2073.0   25.763570108562842 
  2074.0   24.476224820323214 
  2075.0   24.008674979665933 
  2076.0   23.77814532775105 
  2077.0   23.08180535868453 
  2078.0   24.271832032270524 
  2079.0   25.72792587496653 
  2080.0   24.037208871119127 
  2081.0   26.23121823998576 
  2082.0   25.11630629304701 
  2083.0   25.500985558957737 
  2084.0   24.299293045838375 
  2085.0   23.27826240162428 
  2086.0   24.11208781476038 
  2087.0   25.218685343456237 
  2088.0   23.76275760588047 
  2089.0   24.492392440744396 
  2090.0   23.717970301837113 
  2091.0   25.946382257713786 
  2092.0   24.33199076665079 
  2093.0   24.901016224867682 
  2094.0   25.14642295716224 
  2095.0   24.90115790645785 
  2096.0   21.858489563609087 
  2097.0   24.966793329961668 
  2098.0   24.54564473050706 
  2099.0   24.668223577961786 
  2100.0   24.94718203485179 
