  2015.0   1.1191937370061703e-10 
  2016.0   9.380496312191132e-11 
  2017.0   1.0657590110103682e-10 
  2018.0   9.817995451476201e-11 
  2019.0   8.590473861867363e-11 
  2020.0   8.82964685224976e-11 
  2021.0   8.34113058012632e-11 
  2022.0   8.478840393997877e-11 
  2023.0   8.372803256198684e-11 
  2024.0   8.229890720407338e-11 
  2025.0   7.600413498448013e-11 
  2026.0   8.671258958155886e-11 
  2027.0   8.884104558221353e-11 
  2028.0   8.412081521178008e-11 
  2029.0   8.248821404093851e-11 
  2030.0   8.076637358626368e-11 
  2031.0   8.13195558157052e-11 
  2032.0   7.911155629184231e-11 
  2033.0   7.998062214781462e-11 
  2034.0   8.040808211321184e-11 
  2035.0   7.937929058572905e-11 
  2036.0   8.565971423434168e-11 
  2037.0   8.367247270427323e-11 
  2038.0   8.180756305393277e-11 
  2039.0   8.347308776826853e-11 
  2040.0   8.291840217875618e-11 
  2041.0   8.160869123132533e-11 
  2042.0   8.542808067346115e-11 
  2043.0   8.57943829705711e-11 
  2044.0   8.424368636022212e-11 
  2045.0   8.128520385858818e-11 
  2046.0   7.597619465122993e-11 
  2047.0   7.737296667717007e-11 
  2048.0   7.712845836776266e-11 
  2049.0   7.784409898733245e-11 
  2050.0   7.782194930239113e-11 
  2051.0   8.384578780651693e-11 
  2052.0   8.232826374855407e-11 
  2053.0   8.302394297819368e-11 
  2054.0   8.18370539771267e-11 
  2055.0   8.191089443434514e-11 
  2056.0   9.097473223665864e-11 
  2057.0   9.14179083662719e-11 
  2058.0   9.133425822461146e-11 
  2059.0   9.413591032698606e-11 
  2060.0   9.404311152941325e-11 
  2061.0   1.0192721428751922e-10 
  2062.0   1.0853724501009266e-10 
  2063.0   1.1212217092699899e-10 
  2064.0   1.1323188799401982e-10 
  2065.0   1.1488032211637667e-10 
  2066.0   8.983241816338797e-11 
  2067.0   9.248372442845034e-11 
  2068.0   9.475164259374364e-11 
  2069.0   9.66454965727504e-11 
  2070.0   9.652481119432685e-11 
  2071.0   1.1714946763387162e-10 
  2072.0   1.2298809714387712e-10 
  2073.0   1.308560091946628e-10 
  2074.0   1.30085905756981e-10 
  2075.0   1.3131566123575042e-10 
  2076.0   1.422628687921685e-10 
  2077.0   1.453000662374983e-10 
  2078.0   1.4501233088185543e-10 
  2079.0   1.4829265825451219e-10 
  2080.0   1.531436211205503e-10 
  2081.0   1.1561739613598421e-10 
  2082.0   1.175620618611291e-10 
  2083.0   1.1799055599067996e-10 
  2084.0   1.2043138180275072e-10 
  2085.0   1.2166595427876437e-10 
  2086.0   1.0175222716109162e-10 
  2087.0   1.0464643100003829e-10 
  2088.0   9.7994519984028e-11 
  2089.0   9.774812618017111e-11 
  2090.0   9.9490630215781e-11 
  2091.0   6.72634404037494e-11 
  2092.0   6.587476849604278e-11 
  2093.0   6.562454813813321e-11 
  2094.0   6.452847965759011e-11 
  2095.0   6.328906872601027e-11 
  2096.0   6.312972542305857e-11 
  2097.0   6.188851379349701e-11 
  2098.0   6.152914258424277e-11 
  2099.0   6.162586098297089e-11 
  2100.0   5.226014141843247e-11 
