  2015.0   18.881034132898318 
  2016.0   18.62253427828245 
  2017.0   18.113069126417916 
  2018.0   19.15505444901846 
  2019.0   18.39529587592377 
  2020.0   18.71382468993262 
  2021.0   18.34384575061044 
  2022.0   18.632775392179173 
  2023.0   18.98168549856553 
  2024.0   19.27271549725324 
  2025.0   18.99118403585067 
  2026.0   18.99943987222866 
  2027.0   19.308348499823477 
  2028.0   20.18826131746319 
  2029.0   18.558478413195445 
  2030.0   19.192575615201594 
  2031.0   18.67910126055533 
  2032.0   20.35349115333295 
  2033.0   20.914291405377874 
  2034.0   18.671650142108795 
  2035.0   19.487457485183512 
  2036.0   18.51982063982604 
  2037.0   20.618773736967736 
  2038.0   20.62262149595116 
  2039.0   20.23758081120451 
  2040.0   19.364744449123098 
  2041.0   19.94614151282375 
  2042.0   20.07703478668068 
  2043.0   20.367579136906553 
  2044.0   20.192068448846666 
  2045.0   19.987229262535706 
  2046.0   20.624381842171267 
  2047.0   20.347654869957296 
  2048.0   20.73794608611463 
  2049.0   20.87001464555005 
  2050.0   21.040103971176073 
  2051.0   20.30846086393002 
  2052.0   19.846080097987123 
  2053.0   20.03614942295471 
  2054.0   19.37002595791317 
  2055.0   20.387574389191414 
  2056.0   20.540199650316787 
  2057.0   20.13520055488691 
  2058.0   19.699488573122178 
  2059.0   20.634513666332882 
  2060.0   19.46468794710331 
  2061.0   19.01521307434831 
  2062.0   19.369493666345058 
  2063.0   20.470558915407267 
  2064.0   19.13149575746533 
  2065.0   19.23654501245274 
  2066.0   19.224672691529566 
  2067.0   20.201854139925 
  2068.0   18.99366229652897 
  2069.0   19.511508099206676 
  2070.0   19.208388765734487 
  2071.0   19.128023855861997 
  2072.0   19.647183451526672 
  2073.0   19.8067600223547 
  2074.0   19.741494673671927 
  2075.0   19.862038984015374 
  2076.0   19.866477695989545 
  2077.0   19.284436348657145 
  2078.0   20.280226444586198 
  2079.0   20.116159985875857 
  2080.0   19.284348012698732 
  2081.0   20.14625701513769 
  2082.0   18.628670593549767 
  2083.0   20.735502276251914 
  2084.0   19.651108050382707 
  2085.0   19.931976482228016 
  2086.0   19.23825536096785 
  2087.0   19.981627770410043 
  2088.0   20.529097049378954 
  2089.0   20.23949716329926 
  2090.0   19.55793926573684 
  2091.0   20.645576798385907 
  2092.0   20.098483237629 
  2093.0   19.915747532107947 
  2094.0   20.173708253370723 
  2095.0   19.8803015058621 
  2096.0   20.796424208124463 
  2097.0   19.047903475324368 
  2098.0   18.97874663620256 
  2099.0   19.063260164202077 
  2100.0   19.88103249528381 
