  2015.0   7.184379755663553 
  2016.0   7.11448857781067 
  2017.0   7.128697143747424 
  2018.0   7.131627006406964 
  2019.0   7.068628870659976 
  2020.0   7.109688004649947 
  2021.0   7.100609555428253 
  2022.0   6.935528595628255 
  2023.0   7.078692378876226 
  2024.0   7.0032478449420505 
  2025.0   6.915510051383739 
  2026.0   6.9221985871549405 
  2027.0   7.218801973626643 
  2028.0   7.263397710681961 
  2029.0   7.515436633862598 
  2030.0   7.081412373779128 
  2031.0   6.952498830686489 
  2032.0   7.237791747717699 
  2033.0   7.045667263240488 
  2034.0   7.197648482562031 
  2035.0   7.283884094226374 
  2036.0   7.210054816498357 
  2037.0   7.502018517379561 
  2038.0   7.174565050632589 
  2039.0   7.371956948997747 
  2040.0   7.209846380693955 
  2041.0   7.41291534178022 
  2042.0   7.444980638728401 
  2043.0   7.1870547471297375 
  2044.0   7.282551504181324 
  2045.0   7.877237139395002 
  2046.0   7.430168349381468 
  2047.0   7.581120282050866 
  2048.0   7.446717023188032 
  2049.0   7.617914066983706 
  2050.0   7.424450473076141 
  2051.0   7.717051848805744 
  2052.0   7.626046509897781 
  2053.0   7.617788860915903 
  2054.0   7.837104585379978 
  2055.0   7.5581493008372895 
  2056.0   7.663683137445197 
  2057.0   7.6261558703168655 
  2058.0   7.497721874918269 
  2059.0   7.753932113258068 
  2060.0   7.595468223377197 
  2061.0   7.512967415926934 
  2062.0   7.519733589295204 
  2063.0   7.538098177700919 
  2064.0   7.396412534006668 
  2065.0   7.717972956411854 
  2066.0   7.559364872191838 
  2067.0   7.629526713217254 
  2068.0   7.642433229834513 
  2069.0   7.606594888476397 
  2070.0   7.39510588171357 
  2071.0   7.4675189082560705 
  2072.0   7.772455907208101 
  2073.0   7.619140424762609 
  2074.0   7.913875652456347 
  2075.0   7.620661137322738 
  2076.0   7.714352693818456 
  2077.0   7.800254460801694 
  2078.0   7.778617318405414 
  2079.0   7.723143992737556 
  2080.0   7.8642959102526255 
  2081.0   7.959168842828949 
  2082.0   7.721513785002729 
  2083.0   7.784698115237735 
  2084.0   7.8170454634292055 
  2085.0   7.78680208298384 
  2086.0   7.640734618847481 
  2087.0   7.8745634129943625 
  2088.0   8.00524912529463 
  2089.0   7.722879638694902 
  2090.0   7.694628108925375 
  2091.0   7.690199906031142 
  2092.0   8.035954692148726 
  2093.0   7.7528443880523366 
  2094.0   8.094585172797458 
  2095.0   7.857835575176559 
  2096.0   8.122827722139407 
  2097.0   7.957184583498948 
  2098.0   7.75247850586486 
  2099.0   7.757260041863311 
  2100.0   8.038760799741729 
