  2015.0   1.320544211749791e-10 
  2016.0   1.3112939843228587e-10 
  2017.0   1.302185205443456e-10 
  2018.0   1.2943466542179822e-10 
  2019.0   1.2920411508120877e-10 
  2020.0   1.2930930852754455e-10 
  2021.0   1.2952389740949804e-10 
  2022.0   1.2978770480452987e-10 
  2023.0   1.3010784798494325e-10 
  2024.0   1.3051132456648674e-10 
  2025.0   1.3107803109491725e-10 
  2026.0   1.3203267327604006e-10 
  2027.0   1.3318073958386907e-10 
  2028.0   1.3419250311294558e-10 
  2029.0   1.3512087115596667e-10 
  2030.0   1.359850238165737e-10 
  2031.0   1.3679937509004646e-10 
  2032.0   1.376339845621244e-10 
  2033.0   1.3844938605170188e-10 
  2034.0   1.3913285635566231e-10 
  2035.0   1.398951300307697e-10 
  2036.0   1.405960285784782e-10 
  2037.0   1.4118019273458256e-10 
  2038.0   1.4157274195926366e-10 
  2039.0   1.4189557445311128e-10 
  2040.0   1.4231680971966137e-10 
  2041.0   1.4276257780599304e-10 
  2042.0   1.4310983578352316e-10 
  2043.0   1.43442298903786e-10 
  2044.0   1.4383794221805735e-10 
  2045.0   1.4413551527325835e-10 
  2046.0   1.4430662793320758e-10 
  2047.0   1.444910216152741e-10 
  2048.0   1.446625909396817e-10 
  2049.0   1.4480281955710145e-10 
  2050.0   1.4487428003559133e-10 
  2051.0   1.4509321241845344e-10 
  2052.0   1.4545008477246352e-10 
  2053.0   1.4566156922449567e-10 
  2054.0   1.4572448768569452e-10 
  2055.0   1.4602826020143556e-10 
  2056.0   1.465267815650406e-10 
  2057.0   1.4684498171775884e-10 
  2058.0   1.469603451487912e-10 
  2059.0   1.4689542486066145e-10 
  2060.0   1.480244741592427e-10 
  2061.0   1.5001687676561125e-10 
  2062.0   1.515030215329791e-10 
  2063.0   1.5256101943713615e-10 
  2064.0   1.5332358375052685e-10 
  2065.0   1.5283738192168297e-10 
  2066.0   1.5141928736451948e-10 
  2067.0   1.5016756249202115e-10 
  2068.0   1.4915698788735527e-10 
  2069.0   1.4838181580899265e-10 
  2070.0   1.4812992981978382e-10 
  2071.0   1.4814146404061517e-10 
  2072.0   1.4794766321982508e-10 
  2073.0   1.4760022232951101e-10 
  2074.0   1.4723881001779059e-10 
  2075.0   1.4819684260350396e-10 
  2076.0   1.5009642014804111e-10 
  2077.0   1.5144534678067672e-10 
  2078.0   1.5209929837582682e-10 
  2079.0   1.5245336892475024e-10 
  2080.0   1.520331465886258e-10 
  2081.0   1.511080229850702e-10 
  2082.0   1.5027340780427293e-10 
  2083.0   1.4937275164817026e-10 
  2084.0   1.4845924090284393e-10 
  2085.0   1.469432221074972e-10 
  2086.0   1.4493217633282597e-10 
  2087.0   1.4313206445727131e-10 
  2088.0   1.4147905797024747e-10 
  2089.0   1.399482334097128e-10 
  2090.0   1.3736181990999243e-10 
  2091.0   1.3395327643113108e-10 
  2092.0   1.310314662337567e-10 
  2093.0   1.2849378053298917e-10 
  2094.0   1.2623249139142792e-10 
  2095.0   1.2411525911437369e-10 
  2096.0   1.2214471101378917e-10 
  2097.0   1.2033905924536873e-10 
  2098.0   1.1862767646201264e-10 
  2099.0   1.1702440459460533e-10 
  2100.0   1.0700162600846369e-10 
