  2015.0   125.98878874258548 
  2016.0   125.98824085019594 
  2017.0   126.12971173090341 
  2018.0   126.55825814457678 
  2019.0   127.14242833006712 
  2020.0   127.40964140731954 
  2021.0   127.41602189094407 
  2022.0   127.40843831481953 
  2023.0   127.45169141597499 
  2024.0   127.7037698035655 
  2025.0   127.83610564177418 
  2026.0   128.04271891234453 
  2027.0   128.5058631429494 
  2028.0   128.81255293330238 
  2029.0   129.12884741149986 
  2030.0   129.38085228944578 
  2031.0   129.49965395621425 
  2032.0   129.799935236669 
  2033.0   130.0682638370449 
  2034.0   130.9663278706293 
  2035.0   131.43891897715466 
  2036.0   131.7247473913635 
  2037.0   131.82721738778477 
  2038.0   131.71161328616037 
  2039.0   131.80931126482005 
  2040.0   132.1575221133089 
  2041.0   131.9386121850919 
  2042.0   131.37907148192494 
  2043.0   131.36817547605293 
  2044.0   131.69465377783177 
  2045.0   132.21285990580532 
  2046.0   132.73473805490073 
  2047.0   133.1254223152645 
  2048.0   133.40532940688715 
  2049.0   133.1906502705613 
  2050.0   133.0620991033787 
  2051.0   133.41975199726676 
  2052.0   133.52153464045753 
  2053.0   133.45326740617807 
  2054.0   133.51188587328977 
  2055.0   133.55754867042646 
  2056.0   133.5589150823837 
  2057.0   133.48553315450857 
  2058.0   133.58524366282762 
  2059.0   133.83394102109304 
  2060.0   134.19000299777153 
  2061.0   134.12802552013338 
  2062.0   134.44363815410037 
  2063.0   134.75394105465998 
  2064.0   134.8398448465956 
  2065.0   134.82201829341648 
  2066.0   134.7087997332381 
  2067.0   134.86004934890144 
  2068.0   135.31302291630305 
  2069.0   135.38046704553338 
  2070.0   135.2335507785953 
  2071.0   135.19147599243084 
  2072.0   135.642553008885 
  2073.0   135.81657743875735 
  2074.0   135.50295136081994 
  2075.0   135.72703319492686 
  2076.0   136.19209324043385 
  2077.0   136.40264595718412 
  2078.0   136.10505209511496 
  2079.0   136.22484537068476 
  2080.0   136.48023491296155 
  2081.0   136.4405092810934 
  2082.0   136.5732068344227 
  2083.0   136.648317652651 
  2084.0   136.75730393951838 
  2085.0   136.5693351311138 
  2086.0   136.49174759422783 
  2087.0   136.48333438558691 
  2088.0   136.56718072731 
  2089.0   136.45109038628766 
  2090.0   136.2627664902011 
  2091.0   136.272031359367 
  2092.0   136.17714822284464 
  2093.0   136.12079475329728 
  2094.0   136.07337388329103 
  2095.0   136.1824045491024 
  2096.0   136.058478916122 
  2097.0   135.92626270598416 
  2098.0   135.78443153588137 
  2099.0   135.7833759147725 
  2100.0   136.04667230624494 
