  2015.0   2.317622923407639 
  2016.0   2.2505741423476935 
  2017.0   2.2903511651544575 
  2018.0   2.2289104442253422 
  2019.0   2.2672284868412422 
  2020.0   2.1763610813058896 
  2021.0   2.2979575451005867 
  2022.0   2.238563119513147 
  2023.0   2.240401932463831 
  2024.0   2.2240360616261996 
  2025.0   2.302794648749914 
  2026.0   2.3171525044575034 
  2027.0   2.3005490900030954 
  2028.0   2.427990978981728 
  2029.0   2.2373827329660365 
  2030.0   2.315909614126384 
  2031.0   2.2867960784034618 
  2032.0   2.3286476260116413 
  2033.0   2.393816347680283 
  2034.0   2.2294164218936454 
  2035.0   2.257350015253431 
  2036.0   2.4215446062631645 
  2037.0   2.33975834930295 
  2038.0   2.372328101895354 
  2039.0   2.345050030757153 
  2040.0   2.3117281795595823 
  2041.0   2.46689427485233 
  2042.0   2.446328452155108 
  2043.0   2.46363436651797 
  2044.0   2.4534112944201016 
  2045.0   2.391049609433463 
  2046.0   2.3482661999853573 
  2047.0   2.3429664163243724 
  2048.0   2.4071263708917257 
  2049.0   2.324342776218051 
  2050.0   2.3190947535670086 
  2051.0   2.4417124210498935 
  2052.0   2.3470480936185396 
  2053.0   2.3403161557496706 
  2054.0   2.506737809902154 
  2055.0   2.398722204013879 
  2056.0   2.299832574599548 
  2057.0   2.409837842147024 
  2058.0   2.4124784967310857 
  2059.0   2.4284778602285373 
  2060.0   2.47360141676026 
  2061.0   2.3682244832945405 
  2062.0   2.387005461655098 
  2063.0   2.425158970980907 
  2064.0   2.41039903229674 
  2065.0   2.410943989618032 
  2066.0   2.3369125901768406 
  2067.0   2.3449362040430684 
  2068.0   2.3489691005649473 
  2069.0   2.4636158181407573 
  2070.0   2.3811592005102633 
  2071.0   2.35485796688777 
  2072.0   2.458253323732472 
  2073.0   2.4818907154742953 
  2074.0   2.4541856159518685 
  2075.0   2.4911632458608763 
  2076.0   2.3235341507085208 
  2077.0   2.4190062195995434 
  2078.0   2.333969646767666 
  2079.0   2.4371136780368974 
  2080.0   2.5064660102291882 
  2081.0   2.514740987618555 
  2082.0   2.518032322326615 
  2083.0   2.476098637191533 
  2084.0   2.3634122249293488 
  2085.0   2.356592723537493 
  2086.0   2.4799881815712337 
  2087.0   2.343550244017186 
  2088.0   2.3631244315843203 
  2089.0   2.3592249327622468 
  2090.0   2.4485886471518175 
  2091.0   2.4614036342497267 
  2092.0   2.4486919986562294 
  2093.0   2.4741715564264397 
  2094.0   2.355431488788146 
  2095.0   2.395706836049673 
  2096.0   2.482152349959289 
  2097.0   2.4246026088674584 
  2098.0   2.4466357168139834 
  2099.0   2.494246532951257 
  2100.0   2.5279803769885265 
