  2015.0   17.45442445225319 
  2016.0   17.302840658780262 
  2017.0   16.909663845868934 
  2018.0   18.04305068428526 
  2019.0   17.406803976151537 
  2020.0   18.12145194549785 
  2021.0   18.14784769778711 
  2022.0   17.892492041751332 
  2023.0   18.14588995287328 
  2024.0   18.450778506813233 
  2025.0   18.178355765239182 
  2026.0   18.103874801363077 
  2027.0   18.01390796891056 
  2028.0   18.103631212715225 
  2029.0   19.119342224007315 
  2030.0   18.68367557558972 
  2031.0   19.84724482821042 
  2032.0   19.36443219115419 
  2033.0   19.76904392261929 
  2034.0   19.924760417651882 
  2035.0   18.509928553502526 
  2036.0   19.24553339200989 
  2037.0   19.15413177046402 
  2038.0   20.017883910763885 
  2039.0   20.51302436514406 
  2040.0   20.48893971659689 
  2041.0   20.497599653420618 
  2042.0   20.0682617049119 
  2043.0   19.14378739615826 
  2044.0   19.266103623032432 
  2045.0   19.76208316677176 
  2046.0   19.217441032637794 
  2047.0   18.945488516391908 
  2048.0   19.98392896837048 
  2049.0   20.18175207658923 
  2050.0   20.52344512902839 
  2051.0   18.84107231546473 
  2052.0   18.733273198946296 
  2053.0   19.232205193435465 
  2054.0   19.682577148516536 
  2055.0   20.008307132975855 
  2056.0   19.88706273020654 
  2057.0   20.475446883492197 
  2058.0   20.672642728562913 
  2059.0   20.251318281214857 
  2060.0   19.13835213617179 
  2061.0   19.43301263497814 
  2062.0   20.265210076422633 
  2063.0   21.046117170761974 
  2064.0   20.95476773855292 
  2065.0   20.655742328947667 
  2066.0   19.48107505108995 
  2067.0   18.771770957648034 
  2068.0   19.960933199851482 
  2069.0   20.74603357767038 
  2070.0   21.401234368044975 
  2071.0   19.940409745958895 
  2072.0   21.14462106500925 
  2073.0   21.022049152973725 
  2074.0   20.469039538459416 
  2075.0   20.536272762492846 
  2076.0   20.911778637961692 
  2077.0   19.996555907617854 
  2078.0   20.45728573625304 
  2079.0   20.945363059967484 
  2080.0   20.927659615404096 
  2081.0   22.002052064495803 
  2082.0   21.540927331653563 
  2083.0   20.78900674926732 
  2084.0   20.304421402852203 
  2085.0   20.381107909127987 
  2086.0   20.12051002644416 
  2087.0   20.484592557433785 
  2088.0   19.43129185080769 
  2089.0   20.38815089889444 
  2090.0   20.11919378531427 
  2091.0   19.96803049011199 
  2092.0   19.674425553532828 
  2093.0   20.8362345743481 
  2094.0   20.297983124732866 
  2095.0   20.81334328998989 
  2096.0   19.96319396104151 
  2097.0   19.748969755698614 
  2098.0   20.8562026397969 
  2099.0   20.50218286781707 
  2100.0   21.021086747762453 
