  2015.0   37.38644519762927 
  2016.0   37.87312334951044 
  2017.0   38.24842587840617 
  2018.0   38.59545308802203 
  2019.0   38.70559844969688 
  2020.0   38.66367349149134 
  2021.0   38.934475662885 
  2022.0   39.378494337921396 
  2023.0   39.63977466722697 
  2024.0   39.552993429912185 
  2025.0   39.770029339538844 
  2026.0   40.17669579087722 
  2027.0   40.23514744203822 
  2028.0   40.11967500293818 
  2029.0   40.09669361702333 
  2030.0   40.20709316830319 
  2031.0   40.80279593457082 
  2032.0   41.23774229421498 
  2033.0   41.4467968471656 
  2034.0   41.65065152448045 
  2035.0   41.7905156921588 
  2036.0   42.15732108955815 
  2037.0   42.53145449240354 
  2038.0   42.53499793424329 
  2039.0   42.7196802377672 
  2040.0   42.68524116840635 
  2041.0   42.75431304535248 
  2042.0   43.1844446719075 
  2043.0   43.417330325527814 
  2044.0   43.44353821559128 
  2045.0   43.52641262914483 
  2046.0   43.501301823529865 
  2047.0   43.810453685843115 
  2048.0   44.115246761184785 
  2049.0   44.44082857044882 
  2050.0   44.24432869277274 
  2051.0   44.54453833754228 
  2052.0   44.98133216346279 
  2053.0   45.07817498838396 
  2054.0   45.249675758848994 
  2055.0   45.1339851075013 
  2056.0   45.42061706614053 
  2057.0   45.75070159739314 
  2058.0   46.15878686946842 
  2059.0   46.46539075779339 
  2060.0   46.72447798682893 
  2061.0   46.95010435124295 
  2062.0   46.8042608112304 
  2063.0   46.81690310751087 
  2064.0   46.809205486156756 
  2065.0   46.77035602264415 
  2066.0   47.28972958297577 
  2067.0   47.49986468309226 
  2068.0   47.391743390926905 
  2069.0   47.52229597208913 
  2070.0   47.48956458934544 
  2071.0   47.59744809041584 
  2072.0   47.54600432830591 
  2073.0   47.68709234673566 
  2074.0   47.65764063527764 
  2075.0   47.46216166829733 
  2076.0   47.31327058144484 
  2077.0   47.15054143077763 
  2078.0   47.15610438332675 
  2079.0   47.378341447700734 
  2080.0   47.32055166027169 
  2081.0   47.60997117998325 
  2082.0   47.74566301250116 
  2083.0   47.95139166892677 
  2084.0   47.932049840928556 
  2085.0   47.84786066406133 
  2086.0   47.92071447363124 
  2087.0   48.180826227723024 
  2088.0   48.1835904855118 
  2089.0   48.13155150879662 
  2090.0   48.04255838432324 
  2091.0   48.46064987428797 
  2092.0   48.541266096747314 
  2093.0   48.73934859826571 
  2094.0   48.98969580682602 
  2095.0   49.24324930305504 
  2096.0   48.98254720660424 
  2097.0   49.312028387669514 
  2098.0   49.59767085609599 
  2099.0   49.67051597259915 
  2100.0   49.76654023395971 
