  2015.0   0.045436058964342295 
  2016.0   0.03835153292874709 
  2017.0   0.48989759831929075 
  2018.0   0.10003596618584515 
  2019.0   0.4802689963611749 
  2020.0   0.6491705324465503 
  2021.0   0.419385909179277 
  2022.0   -0.0079362871005397 
  2023.0   0.7912305264313924 
  2024.0   0.4970306028790252 
  2025.0   0.7918631855520731 
  2026.0   0.6915706603120356 
  2027.0   0.2448034977480132 
  2028.0   0.73547891430319 
  2029.0   0.8084423762833568 
  2030.0   0.33448947571535553 
  2031.0   -0.20444862792255952 
  2032.0   0.275604022976069 
  2033.0   0.18819853795061578 
  2034.0   0.3766324711311326 
  2035.0   0.3550060758855561 
  2036.0   0.22696512884801992 
  2037.0   0.3724812425321312 
  2038.0   0.4352427113067696 
  2039.0   0.6254445982210939 
  2040.0   0.4554739087405483 
  2041.0   0.2847979547153886 
  2042.0   0.1262628388610011 
  2043.0   0.3859425841657909 
  2044.0   0.4362336806347321 
  2045.0   0.4301988713724085 
  2046.0   0.3304182558640306 
  2047.0   -0.12756444976152015 
  2048.0   0.11048972260692529 
  2049.0   0.13152746393667478 
  2050.0   0.826918123638639 
  2051.0   0.21789675513132037 
  2052.0   -0.13319396540303904 
  2053.0   0.41750143803354106 
  2054.0   0.29665451275302085 
  2055.0   0.006831323945079736 
  2056.0   0.5802553212530541 
  2057.0   0.5844709554675837 
  2058.0   0.9402283731809101 
  2059.0   0.5786700366744526 
  2060.0   0.05728296638886852 
  2061.0   0.29747100633799034 
  2062.0   0.20338938378081342 
  2063.0   0.2449224562845005 
  2064.0   0.33161384022887436 
  2065.0   -0.3259671706315279 
  2066.0   0.1318409998680677 
  2067.0   -0.02237979159400297 
  2068.0   -0.021106693590610428 
  2069.0   -0.08975921226372653 
  2070.0   -0.024122480135640566 
  2071.0   0.17261185263968476 
  2072.0   -0.16483471588057436 
  2073.0   0.4122564893633025 
  2074.0   0.5997893259704272 
  2075.0   -0.34964840068322617 
  2076.0   0.2203380756187368 
  2077.0   0.10403793796477272 
  2078.0   0.11400244149191276 
  2079.0   -0.3579985354406464 
  2080.0   0.21340583129897658 
  2081.0   0.4868004085542639 
  2082.0   0.0748645980341419 
  2083.0   0.23242735623492808 
  2084.0   0.1928354700677567 
  2085.0   0.06676565972525356 
  2086.0   -0.17381422480782352 
  2087.0   0.02634817938960428 
  2088.0   -0.32953688690525523 
  2089.0   -0.6100059515916276 
  2090.0   0.351049815236231 
  2091.0   0.3223751920138292 
  2092.0   0.37457999758561833 
  2093.0   -0.6618346063373397 
  2094.0   0.20305646015584425 
  2095.0   0.2523570851729134 
  2096.0   0.25525965768319125 
  2097.0   -0.08651975907269038 
  2098.0   -0.20583865336420548 
  2099.0   -0.3410302459787136 
  2100.0   0.1664649454437841 
