  2015.0   5.228536687756354e-10 
  2016.0   4.4309601301744813e-10 
  2017.0   4.596852099034571e-10 
  2018.0   5.101724759806349e-10 
  2019.0   5.08634291109807e-10 
  2020.0   4.773338165501029e-10 
  2021.0   4.92927067829862e-10 
  2022.0   5.278788723107487e-10 
  2023.0   4.732823144848434e-10 
  2024.0   4.848169495577499e-10 
  2025.0   4.740596141623777e-10 
  2026.0   4.860874639186584e-10 
  2027.0   5.072551480053603e-10 
  2028.0   4.924719126548584e-10 
  2029.0   5.13507908808446e-10 
  2030.0   4.946485377662516e-10 
  2031.0   4.6130492845440417e-10 
  2032.0   4.4929774707371783e-10 
  2033.0   4.252793021523519e-10 
  2034.0   5.191190684380165e-10 
  2035.0   4.612644724626127e-10 
  2036.0   5.039866768928668e-10 
  2037.0   4.915490224809417e-10 
  2038.0   4.843710358468988e-10 
  2039.0   4.683258479002896e-10 
  2040.0   4.2763268969333177e-10 
  2041.0   4.5402804738829305e-10 
  2042.0   5.541583653073785e-10 
  2043.0   5.483923335309535e-10 
  2044.0   4.966496303643596e-10 
  2045.0   5.22815735735818e-10 
  2046.0   5.933705104475453e-10 
  2047.0   5.674992460356321e-10 
  2048.0   5.172453709277737e-10 
  2049.0   4.815746443137661e-10 
  2050.0   4.620670435698753e-10 
  2051.0   5.295303687494164e-10 
  2052.0   4.845044249604044e-10 
  2053.0   5.039762121832001e-10 
  2054.0   4.385776229385595e-10 
  2055.0   4.773329354339464e-10 
  2056.0   5.11294842626867e-10 
  2057.0   5.005283408256741e-10 
  2058.0   5.25548618718975e-10 
  2059.0   5.311973319538072e-10 
  2060.0   4.947319318032733e-10 
  2061.0   4.745608069547075e-10 
  2062.0   4.556805138138585e-10 
  2063.0   5.425650970750269e-10 
  2064.0   5.192665383245097e-10 
  2065.0   4.0761046450267007e-10 
  2066.0   5.21350147872527e-10 
  2067.0   5.272216654960567e-10 
  2068.0   5.376570168057651e-10 
  2069.0   5.72052236471006e-10 
  2070.0   5.653845171858006e-10 
  2071.0   6.015177302486458e-10 
  2072.0   5.07124369294777e-10 
  2073.0   4.934036610612506e-10 
  2074.0   5.427573348358747e-10 
  2075.0   5.525217967947857e-10 
  2076.0   5.622619844865621e-10 
  2077.0   5.260061140720039e-10 
  2078.0   5.642746336233251e-10 
  2079.0   6.011344633339337e-10 
  2080.0   6.06084867534775e-10 
  2081.0   5.788224098479715e-10 
  2082.0   5.637533370557916e-10 
  2083.0   5.794378712978176e-10 
  2084.0   5.838763642590555e-10 
  2085.0   5.937077277298556e-10 
  2086.0   6.039151013833332e-10 
  2087.0   5.644952336778995e-10 
  2088.0   5.939668850782687e-10 
  2089.0   6.226121345420435e-10 
  2090.0   5.507303514648201e-10 
  2091.0   5.536516126028114e-10 
  2092.0   5.964815619889585e-10 
  2093.0   5.913240495712413e-10 
  2094.0   5.88264687719876e-10 
  2095.0   6.336479763699627e-10 
  2096.0   6.035441723363549e-10 
  2097.0   5.398604267905962e-10 
  2098.0   4.760885138684378e-10 
  2099.0   5.813615682400366e-10 
  2100.0   5.906255402502466e-10 
