  2015.0   826.9817253117894 
  2016.0   827.4599852769412 
  2017.0   827.7493995108458 
  2018.0   828.0670268960464 
  2019.0   828.5416655493952 
  2020.0   828.9736084880037 
  2021.0   829.488834378473 
  2022.0   830.1093252596783 
  2023.0   830.5793750766741 
  2024.0   831.0495866314855 
  2025.0   831.4042941484687 
  2026.0   831.8789377388397 
  2027.0   832.4742569852837 
  2028.0   833.008690307579 
  2029.0   833.5056446014987 
  2030.0   834.1043592139213 
  2031.0   834.5776145800345 
  2032.0   835.0294206302453 
  2033.0   835.4366514905672 
  2034.0   835.8291408245773 
  2035.0   836.3680404088192 
  2036.0   836.9342621841668 
  2037.0   837.5442315662681 
  2038.0   838.1087296701522 
  2039.0   838.6139172663577 
  2040.0   839.089229914828 
  2041.0   839.6418500809648 
  2042.0   840.2007969414161 
  2043.0   840.7370651057582 
  2044.0   841.2973088064796 
  2045.0   841.7128721281005 
  2046.0   842.0987788363789 
  2047.0   842.5610415552014 
  2048.0   843.2218304545219 
  2049.0   843.7912698338132 
  2050.0   844.1706263215937 
  2051.0   844.677000319558 
  2052.0   845.212138256927 
  2053.0   845.749869290231 
  2054.0   846.1109883348845 
  2055.0   846.4951954636475 
  2056.0   846.9975741886714 
  2057.0   847.5231024614108 
  2058.0   848.2325100904802 
  2059.0   848.7181726357171 
  2060.0   849.1725156114695 
  2061.0   849.697935646086 
  2062.0   850.1251119491585 
  2063.0   850.2987073889385 
  2064.0   850.591413216791 
  2065.0   850.967188328263 
  2066.0   851.3412961181342 
  2067.0   851.7665195634789 
  2068.0   851.9918297047715 
  2069.0   852.2131293334346 
  2070.0   852.6407640012632 
  2071.0   853.0761390966783 
  2072.0   853.191069729735 
  2073.0   853.3178475733729 
  2074.0   853.851025239769 
  2075.0   854.2646895245839 
  2076.0   854.3607263386403 
  2077.0   854.6613590568048 
  2078.0   855.1247960590957 
  2079.0   855.4923498782114 
  2080.0   855.8435790423033 
  2081.0   856.1236061388585 
  2082.0   856.270153466459 
  2083.0   856.4616987140954 
  2084.0   856.5856967985131 
  2085.0   856.7389507933507 
  2086.0   856.844418915484 
  2087.0   857.0006236041372 
  2088.0   857.0682835815311 
  2089.0   857.2578940447733 
  2090.0   857.6982540929237 
  2091.0   858.1994617522824 
  2092.0   858.519038995363 
  2093.0   858.734609304201 
  2094.0   859.0263635821638 
  2095.0   859.3554910836663 
  2096.0   859.6635407161803 
  2097.0   859.8924244955867 
  2098.0   860.2121231260577 
  2099.0   860.5696239467402 
  2100.0   860.7532726847265 
