  2015.0   1.2104992641198716e-09 
  2016.0   1.2596807267877774e-09 
  2017.0   1.1897503123755112e-09 
  2018.0   1.2801125863836997e-09 
  2019.0   1.1562258785880483e-09 
  2020.0   1.3246673925087123e-09 
  2021.0   1.265190746827981e-09 
  2022.0   1.2514771569278622e-09 
  2023.0   1.2611676968707228e-09 
  2024.0   1.1823097513591427e-09 
  2025.0   1.2486069824935482e-09 
  2026.0   1.2432865158235843e-09 
  2027.0   1.1785088478724221e-09 
  2028.0   1.2102051999841773e-09 
  2029.0   1.3420872044643916e-09 
  2030.0   1.2967013127779487e-09 
  2031.0   1.3572778374478434e-09 
  2032.0   1.305329225786987e-09 
  2033.0   1.3119362064267375e-09 
  2034.0   1.3233064230697818e-09 
  2035.0   1.2217783407319353e-09 
  2036.0   1.2456097968152597e-09 
  2037.0   1.1870353252569728e-09 
  2038.0   1.295053326158489e-09 
  2039.0   1.3474827094672653e-09 
  2040.0   1.4134939203488574e-09 
  2041.0   1.4366283659695695e-09 
  2042.0   1.2236991231030633e-09 
  2043.0   1.2472387852498693e-09 
  2044.0   1.2851377609073893e-09 
  2045.0   1.2361250470971112e-09 
  2046.0   1.2788676355059883e-09 
  2047.0   1.1966467391065888e-09 
  2048.0   1.3455280223695028e-09 
  2049.0   1.2865000732455783e-09 
  2050.0   1.358090085446672e-09 
  2051.0   1.1808261317888257e-09 
  2052.0   1.21902732268506e-09 
  2053.0   1.1451622007062246e-09 
  2054.0   1.2570158633874767e-09 
  2055.0   1.2931926845712196e-09 
  2056.0   1.3464038017429547e-09 
  2057.0   1.3595875159900426e-09 
  2058.0   1.3679117695031224e-09 
  2059.0   1.2845801701237291e-09 
  2060.0   1.2040542835235314e-09 
  2061.0   1.2897266942838743e-09 
  2062.0   1.362596263844853e-09 
  2063.0   1.39087103824855e-09 
  2064.0   1.453421180916079e-09 
  2065.0   1.4960365780182535e-09 
  2066.0   1.3741575569397448e-09 
  2067.0   1.3093234297381158e-09 
  2068.0   1.4207149906810755e-09 
  2069.0   1.3973554207562183e-09 
  2070.0   1.5113244497204478e-09 
  2071.0   1.4084491991605206e-09 
  2072.0   1.5107817239940398e-09 
  2073.0   1.4274808187609888e-09 
  2074.0   1.479599265962934e-09 
  2075.0   1.4706892642027101e-09 
  2076.0   1.5668048347861704e-09 
  2077.0   1.501628845442639e-09 
  2078.0   1.5665737303468757e-09 
  2079.0   1.6785408969719748e-09 
  2080.0   1.6493861364566242e-09 
  2081.0   1.6961236548868808e-09 
  2082.0   1.7587416601436902e-09 
  2083.0   1.6538007937592514e-09 
  2084.0   1.681707153867359e-09 
  2085.0   1.636317279171905e-09 
  2086.0   1.5992970573281905e-09 
  2087.0   1.674278415498951e-09 
  2088.0   1.5340272368992399e-09 
  2089.0   1.6346731051629527e-09 
  2090.0   1.6557086860756666e-09 
  2091.0   1.6072843166028613e-09 
  2092.0   1.5417083440971413e-09 
  2093.0   1.7320180111651373e-09 
  2094.0   1.602268770733666e-09 
  2095.0   1.6246507489754316e-09 
  2096.0   1.4994983373835856e-09 
  2097.0   1.5044667868409568e-09 
  2098.0   1.5933375358758652e-09 
  2099.0   1.6228729657681597e-09 
  2100.0   1.607985683465968e-09 
