  2015.0   1.946461806520026 
  2016.0   1.9635099786022643 
  2017.0   2.0470280453936325 
  2018.0   2.103985089119332 
  2019.0   2.060046714887503 
  2020.0   2.0817928504737377 
  2021.0   2.0167250877521563 
  2022.0   2.06648037376337 
  2023.0   2.0698281361855035 
  2024.0   1.9923355213059029 
  2025.0   2.0227417771990246 
  2026.0   2.1138503809936235 
  2027.0   2.117812050643629 
  2028.0   2.152073184091781 
  2029.0   2.120777475241438 
  2030.0   2.14937827776846 
  2031.0   2.1484825271184698 
  2032.0   2.1367592199104 
  2033.0   2.2106248626017346 
  2034.0   2.2926753519677905 
  2035.0   2.1828297652686346 
  2036.0   2.2547908830305974 
  2037.0   2.259383234158241 
  2038.0   2.2714518693577146 
  2039.0   2.1895324531488742 
  2040.0   2.2043595290040776 
  2041.0   2.2965501017445917 
  2042.0   2.2615461177773626 
  2043.0   2.249041352859731 
  2044.0   2.159600793664741 
  2045.0   2.260895266015959 
  2046.0   2.254626510012129 
  2047.0   2.271631378240484 
  2048.0   2.2444514157002464 
  2049.0   2.2673095353968313 
  2050.0   2.2028538554158823 
  2051.0   2.264800114978329 
  2052.0   2.3084018749285815 
  2053.0   2.2339566487082854 
  2054.0   2.230286791196213 
  2055.0   2.29316169861796 
  2056.0   2.3015178014428996 
  2057.0   2.304383994414058 
  2058.0   2.268185863687484 
  2059.0   2.3010878546675064 
  2060.0   2.2971338466105538 
  2061.0   2.2989981469763334 
  2062.0   2.318875347506066 
  2063.0   2.238860048371548 
  2064.0   2.2654311867844186 
  2065.0   2.2998337081112603 
  2066.0   2.284635896851038 
  2067.0   2.2916002418476293 
  2068.0   2.347434309866149 
  2069.0   2.2864090474648204 
  2070.0   2.3343977707980677 
  2071.0   2.2294199945055126 
  2072.0   2.2636650418840287 
  2073.0   2.220305562192023 
  2074.0   2.238184459126944 
  2075.0   2.24212168060845 
  2076.0   2.2752318334736463 
  2077.0   2.281419650225946 
  2078.0   2.25430020872629 
  2079.0   2.271339661182548 
  2080.0   2.286523936359817 
  2081.0   2.269019703918079 
  2082.0   2.38783989138732 
  2083.0   2.237892160771361 
  2084.0   2.2683479128749378 
  2085.0   2.221093750365961 
  2086.0   2.2007257437813754 
  2087.0   2.2579917864276533 
  2088.0   2.314622265868311 
  2089.0   2.3138834334125193 
  2090.0   2.2519391196696614 
  2091.0   2.2325564350644087 
  2092.0   2.2418592516015705 
  2093.0   2.298618416610402 
  2094.0   2.3175829364272627 
  2095.0   2.2709156165699254 
  2096.0   2.2519395172001326 
  2097.0   2.2502851561401047 
  2098.0   2.2631555296796604 
  2099.0   2.2979023046869345 
  2100.0   2.263287968563259 
