  1850.0   2.758494055740738 
  1851.0   3.2159678233848323 
  1852.0   3.119354529738106 
  1853.0   3.3676365806224675 
  1854.0   3.2365789277113675 
  1855.0   3.263666849197218 
  1856.0   3.2266101611219944 
  1857.0   3.4620636405573806 
  1858.0   3.3859052046738247 
  1859.0   2.9208617609240926 
  1860.0   2.923423706414254 
  1861.0   3.2354453630558377 
  1862.0   3.0323212306431278 
  1863.0   3.029220594467262 
  1864.0   3.3117718874501567 
  1865.0   3.1913123275811017 
  1866.0   3.0042127642141887 
  1867.0   2.989770949573813 
  1868.0   3.332922411719562 
  1869.0   3.0199146319667287 
  1870.0   3.1428348560253108 
  1871.0   3.085613563209857 
  1872.0   3.119600633066452 
  1873.0   3.059041012607983 
  1874.0   3.0055779578960156 
  1875.0   3.31299826163618 
  1876.0   3.2210703634039874 
  1877.0   3.3819018236578366 
  1878.0   3.4385024563914497 
  1879.0   2.9480073350963614 
  1880.0   3.234655311986669 
  1881.0   3.2390247484235752 
  1882.0   3.117401133348623 
  1883.0   3.389295080040393 
  1884.0   3.3105994465165978 
  1885.0   3.2699441405892893 
  1886.0   3.3617295327668106 
  1887.0   3.044126503170594 
  1888.0   2.9995973317085745 
  1889.0   3.0001904829456993 
  1890.0   3.0277318853786226 
  1891.0   3.160693183725468 
  1892.0   3.096933825848562 
  1893.0   3.420130306514483 
  1894.0   3.460566288329889 
  1895.0   3.249326686988598 
  1896.0   3.350360191333043 
  1897.0   3.3280848380493246 
  1898.0   3.575681767619461 
  1899.0   3.2293845801873644 
  1900.0   3.3939321597734087 
  1901.0   3.3236359958550667 
  1902.0   3.2505803496526697 
  1903.0   2.821442723320461 
  1904.0   3.2610574075909478 
  1905.0   3.2673507659858276 
  1906.0   3.0297084518372364 
  1907.0   3.317443619098011 
  1908.0   3.0764214279262077 
  1909.0   3.3674005246831697 
  1910.0   3.231537803567275 
  1911.0   3.265271961711793 
  1912.0   2.9387085924514795 
  1913.0   3.0318147756980713 
  1914.0   3.1632186700789164 
  1915.0   3.0638891114886304 
  1916.0   3.1047283654199997 
  1917.0   2.7058813379470323 
  1918.0   2.884181009387802 
  1919.0   3.244613266336477 
  1920.0   3.1857233114257366 
  1921.0   3.2159769092485244 
  1922.0   3.304348018009681 
  1923.0   3.6282463387821386 
  1924.0   3.253245922307128 
  1925.0   3.363825978551043 
  1926.0   3.0754475818938243 
  1927.0   3.50961958592807 
  1928.0   3.5821851350366476 
  1929.0   3.4681007928566943 
  1930.0   3.453719782391141 
  1931.0   3.4527007315694216 
  1932.0   3.2950064752266295 
  1933.0   3.3140859556124282 
  1934.0   2.8517265021325118 
  1935.0   3.229451104002877 
  1936.0   2.8898853143504284 
  1937.0   2.7941469237520686 
  1938.0   3.1110745493798215 
  1939.0   3.0720716587998527 
  1940.0   3.411525772891462 
  1941.0   3.2414857765171785 
  1942.0   3.3593415056313662 
  1943.0   2.9044369205604395 
  1944.0   2.8748842812426445 
  1945.0   3.703637417954848 
  1946.0   3.649605472377484 
  1947.0   3.1572602423701492 
  1948.0   3.4708977381002897 
  1949.0   3.210274783209339 
  1950.0   3.0884743648211783 
  1951.0   3.2229709455278086 
  1952.0   3.2551799132070367 
  1953.0   3.358995004817348 
  1954.0   3.16107146995299 
  1955.0   3.0211309864250366 
  1956.0   3.4436130401991676 
  1957.0   3.47434600481084 
  1958.0   2.946774569208255 
  1959.0   3.326539217327713 
  1960.0   3.0733015950927323 
  1961.0   3.3020520173501966 
  1962.0   3.0327041843196985 
  1963.0   3.054533786533423 
  1964.0   3.021674437857092 
  1965.0   3.1237369885874866 
  1966.0   3.1745644777474125 
  1967.0   2.3408002766497926 
  1968.0   2.786132181685322 
  1969.0   3.119866974787319 
  1970.0   3.2829460659298904 
  1971.0   3.009463922590785 
  1972.0   2.7274161221823396 
  1973.0   2.7846944310491595 
  1974.0   3.0034521800449867 
  1975.0   2.7082934202120237 
  1976.0   2.8791253197262767 
  1977.0   3.1224361175226387 
  1978.0   2.841756379722383 
  1979.0   3.0432757754866255 
  1980.0   3.038217147390591 
  1981.0   3.1981154894118817 
  1982.0   3.1674266381893363 
  1983.0   3.1606746526248894 
  1984.0   3.2600806503783515 
  1985.0   3.46944323020555 
  1986.0   2.950276044488421 
  1987.0   3.259389049116286 
  1988.0   3.0547003077804455 
  1989.0   3.4768199287247756 
  1990.0   3.147611106758525 
  1991.0   3.160414583643006 
  1992.0   3.0413951972858104 
  1993.0   2.951390365350378 
  1994.0   2.8637009806392424 
  1995.0   2.8516620018688403 
  1996.0   3.3026520438348173 
  1997.0   3.352696360384642 
  1998.0   2.9052420933208976 
  1999.0   3.880175529364482 
  2000.0   3.812901648674498 
  2001.0   3.7003220432485127 
  2002.0   3.4054911816293667 
  2003.0   3.276431894894186 
  2004.0   3.305958930909259 
  2005.0   3.577176291092551 
  2006.0   3.5914755819469515 
  2007.0   4.105660803419921 
  2008.0   3.74148726519092 
  2009.0   3.6113364407257165 
  2010.0   3.684925962225209 
  2011.0   4.074344159712983 
  2012.0   3.6064427853499454 
  2013.0   3.998653915578454 
  2014.0   4.283406197949587 
