  1850.0   1.4088810182918523 
  1851.0   1.4229338547167976 
  1852.0   1.4350660576067824 
  1853.0   1.4535562947708638 
  1854.0   1.4840785015339504 
  1855.0   1.4529262567864258 
  1856.0   1.4329618130297068 
  1857.0   1.4361565616783643 
  1858.0   1.4061865010274688 
  1859.0   1.3975676691812424 
  1860.0   1.4495601798312656 
  1861.0   1.4356205559239803 
  1862.0   1.4149934705562568 
  1863.0   1.4385624052637238 
  1864.0   1.422767410738431 
  1865.0   1.3933760530761312 
  1866.0   1.400796686666691 
  1867.0   1.408168665421863 
  1868.0   1.3985287414006993 
  1869.0   1.4085946492666335 
  1870.0   1.4407487175066296 
  1871.0   1.4484312156545633 
  1872.0   1.465501427092297 
  1873.0   1.452404669302127 
  1874.0   1.4346608960340457 
  1875.0   1.4159802860620696 
  1876.0   1.4100938492475223 
  1877.0   1.4210797571582972 
  1878.0   1.389425619578675 
  1879.0   1.4312048275880662 
  1880.0   1.4352207664913146 
  1881.0   1.3978991537134375 
  1882.0   1.4028753771085534 
  1883.0   1.4064154958140576 
  1884.0   1.4440634783957382 
  1885.0   1.470297375277822 
  1886.0   1.4170875511101975 
  1887.0   1.433250129981582 
  1888.0   1.4469546900804484 
  1889.0   1.4558513340859494 
  1890.0   1.4851102107655596 
  1891.0   1.4502011673824096 
  1892.0   1.4162058433924904 
  1893.0   1.3997442126959143 
  1894.0   1.4172028556406362 
  1895.0   1.4659897457220012 
  1896.0   1.4433560672034371 
  1897.0   1.4297401308929139 
  1898.0   1.4536304949481915 
  1899.0   1.4596203598531963 
  1900.0   1.430267671195395 
  1901.0   1.439413649944595 
  1902.0   1.43621936282392 
  1903.0   1.4573331085132502 
  1904.0   1.4676527290626387 
  1905.0   1.4474637754646449 
  1906.0   1.4248726667407339 
  1907.0   1.4446514412937268 
  1908.0   1.4717081273954906 
  1909.0   1.4598091175226557 
  1910.0   1.464670994378464 
  1911.0   1.4440350040226686 
  1912.0   1.4208331562055585 
  1913.0   1.451717111053185 
  1914.0   1.4482483634957153 
  1915.0   1.453773739687097 
  1916.0   1.4505339622357025 
  1917.0   1.4387693237152561 
  1918.0   1.4039605352855946 
  1919.0   1.402087293756417 
  1920.0   1.4257859770455947 
  1921.0   1.4354277113652634 
  1922.0   1.4228005917861204 
  1923.0   1.4206293804891563 
  1924.0   1.443001577704321 
  1925.0   1.407972674801618 
  1926.0   1.4103761388202045 
  1927.0   1.4647210410679794 
  1928.0   1.4403050814330056 
  1929.0   1.4291034534478055 
  1930.0   1.4283780733028264 
  1931.0   1.461356194615978 
  1932.0   1.4423472799435966 
  1933.0   1.4141265630749698 
  1934.0   1.3965800667200339 
  1935.0   1.4139883385032992 
  1936.0   1.475458181944997 
  1937.0   1.4330245608009695 
  1938.0   1.4205433117107793 
  1939.0   1.4311946065689038 
  1940.0   1.40656181538767 
  1941.0   1.3848994737431348 
  1942.0   1.3859025847469117 
  1943.0   1.355666632298305 
  1944.0   1.3813916900787397 
  1945.0   1.4231632713018578 
  1946.0   1.3965956554280499 
  1947.0   1.3770262140208038 
  1948.0   1.4128525318567995 
  1949.0   1.4419707625294034 
  1950.0   1.466443488772023 
  1951.0   1.4121072407318382 
  1952.0   1.3809915891650917 
  1953.0   1.35149827354687 
  1954.0   1.3699662772872545 
  1955.0   1.4343381418232577 
  1956.0   1.465262641034957 
  1957.0   1.469365472077209 
  1958.0   1.4357701620794054 
  1959.0   1.414319277936729 
  1960.0   1.4119602384598438 
  1961.0   1.431256322351261 
  1962.0   1.4617066563451058 
  1963.0   1.4621599439172042 
  1964.0   1.4795772444316337 
  1965.0   1.4754765366852283 
  1966.0   1.480638959604008 
  1967.0   1.4536217187852045 
  1968.0   1.4803903666485698 
  1969.0   1.4476942719207333 
  1970.0   1.4746851454362278 
  1971.0   1.4676218188434267 
  1972.0   1.411003117850695 
  1973.0   1.425823171868557 
  1974.0   1.4373571146982222 
  1975.0   1.4367689437922175 
  1976.0   1.4721859850403274 
  1977.0   1.4910857465169023 
  1978.0   1.4520024792986628 
  1979.0   1.4420137911493331 
  1980.0   1.4352436211997748 
  1981.0   1.4360521246063491 
  1982.0   1.4827306173839943 
  1983.0   1.4973939492512316 
  1984.0   1.4723197157123609 
  1985.0   1.4588307214368659 
  1986.0   1.454595138935114 
  1987.0   1.4674060460404452 
  1988.0   1.4539679080218706 
  1989.0   1.4385657855623837 
  1990.0   1.4315772868976426 
  1991.0   1.4474665385342789 
  1992.0   1.469006936521753 
  1993.0   1.4619518165161236 
  1994.0   1.4565845169211729 
  1995.0   1.4398811814709302 
  1996.0   1.4075944432676406 
  1997.0   1.4035810961488013 
  1998.0   1.4190957231253678 
  1999.0   1.4170662792557776 
  2000.0   1.4388262907131513 
  2001.0   1.4185072679452753 
  2002.0   1.456627472356173 
  2003.0   1.486994333894603 
  2004.0   1.4325301522697789 
  2005.0   1.411564323113842 
  2006.0   1.4280164043243797 
  2007.0   1.4633320428128005 
  2008.0   1.4563358793153323 
  2009.0   1.469899001159968 
  2010.0   1.4475328460521513 
  2011.0   1.445740087223702 
  2012.0   1.453314568953125 
  2013.0   1.4412795016308162 
  2014.0   1.4724741977452858 
