  1850.0   3.5376122549445745 
  1851.0   3.5710178209726986 
  1852.0   3.484285754829056 
  1853.0   3.343194044198421 
  1854.0   3.4153795260704194 
  1855.0   3.507398485741235 
  1856.0   3.410203899885529 
  1857.0   3.5701585288438378 
  1858.0   3.7012703807622063 
  1859.0   3.5352300811047357 
  1860.0   3.453790777344485 
  1861.0   3.4634237169380016 
  1862.0   3.4380586805197195 
  1863.0   3.5854952510000633 
  1864.0   3.614550122640189 
  1865.0   3.5088518305810115 
  1866.0   3.5049272943327767 
  1867.0   3.515885879847738 
  1868.0   3.6344347603602922 
  1869.0   3.4565567556508685 
  1870.0   3.4733160890377217 
  1871.0   3.4728510167711417 
  1872.0   3.3986488775805213 
  1873.0   3.481948300563766 
  1874.0   3.4889227018424287 
  1875.0   3.5227245444176605 
  1876.0   3.387569223144251 
  1877.0   3.5819457901415426 
  1878.0   3.580092426605988 
  1879.0   3.482188374042492 
  1880.0   3.351729920829063 
  1881.0   3.40814605649988 
  1882.0   3.3630977903244026 
  1883.0   3.524063533555361 
  1884.0   3.3702426295886068 
  1885.0   3.237514299473612 
  1886.0   3.338807142251743 
  1887.0   3.3366794502048704 
  1888.0   3.3148992343007113 
  1889.0   3.532005305524966 
  1890.0   3.4751402831120277 
  1891.0   3.170741567396183 
  1892.0   3.32271416886676 
  1893.0   3.293437686031308 
  1894.0   3.4339292703279964 
  1895.0   3.3665735790337927 
  1896.0   3.4982924181950743 
  1897.0   3.4397589109714666 
  1898.0   3.3191582348176287 
  1899.0   3.4216408276899077 
  1900.0   3.5346315371581296 
  1901.0   3.6587205582778846 
  1902.0   3.551892286458709 
  1903.0   3.4091978014167026 
  1904.0   3.650741129859902 
  1905.0   3.4394994216611443 
  1906.0   3.3287404254005852 
  1907.0   3.348072012849509 
  1908.0   3.231974531438106 
  1909.0   3.522802500908547 
  1910.0   3.436611801759985 
  1911.0   3.52358094234183 
  1912.0   3.4092152010785353 
  1913.0   3.373928479904478 
  1914.0   3.4942616432910665 
  1915.0   3.473309685764894 
  1916.0   3.427959854342483 
  1917.0   3.397594332409913 
  1918.0   3.450091489734846 
  1919.0   3.501793906403029 
  1920.0   3.5138867213621716 
  1921.0   3.390050567532581 
  1922.0   3.376354510487142 
  1923.0   3.421931131788602 
  1924.0   3.322955122321483 
  1925.0   3.3035571471276874 
  1926.0   3.4799201911571265 
  1927.0   3.4488038849989135 
  1928.0   3.5882134459170145 
  1929.0   3.4127955649729826 
  1930.0   3.484916196930183 
  1931.0   3.508160700948164 
  1932.0   3.472123742050044 
  1933.0   3.469940172068112 
  1934.0   3.6431286474233056 
  1935.0   3.536305450370686 
  1936.0   3.4561980212848367 
  1937.0   3.487109914159747 
  1938.0   3.475723346494851 
  1939.0   3.4963011965134334 
  1940.0   3.53873303173174 
  1941.0   3.6276554146726463 
  1942.0   3.536294363726924 
  1943.0   3.386264754416118 
  1944.0   3.461980588510388 
  1945.0   3.4811911984729185 
  1946.0   3.3624663345585106 
  1947.0   3.5270172079715247 
  1948.0   3.583148329633428 
  1949.0   3.617962920229542 
  1950.0   3.6474733857255504 
  1951.0   3.522208971654057 
  1952.0   3.483067678219739 
  1953.0   3.524569026872387 
  1954.0   3.5628333237009624 
  1955.0   3.486652545898331 
  1956.0   3.5077948034037645 
  1957.0   3.377632228568271 
  1958.0   3.4224855235859137 
  1959.0   3.27645415893224 
  1960.0   3.740555216178651 
  1961.0   3.508744957738472 
  1962.0   3.361764643457641 
  1963.0   3.445711881501487 
  1964.0   3.5037045190016913 
  1965.0   3.2739742523716315 
  1966.0   3.1793356427412887 
  1967.0   3.2037145642138682 
  1968.0   3.3102663882801675 
  1969.0   3.3282186561821043 
  1970.0   3.151322634917048 
  1971.0   3.173958730312365 
  1972.0   3.3244895681762547 
  1973.0   3.2394226224080183 
  1974.0   3.353645448788938 
  1975.0   3.493524787358896 
  1976.0   3.439251929944664 
  1977.0   3.3336722711776305 
  1978.0   3.412940057617377 
  1979.0   3.378191657493186 
  1980.0   3.252633011711321 
  1981.0   3.4045103829948333 
  1982.0   3.387993032743548 
  1983.0   3.3047856014415236 
  1984.0   3.2675795435854953 
  1985.0   3.4173875101626865 
  1986.0   3.460455851818443 
  1987.0   3.35625849552462 
  1988.0   3.4001973386334536 
  1989.0   3.453445062165581 
  1990.0   3.4982727070728346 
  1991.0   3.478926768861638 
  1992.0   3.509524271964857 
  1993.0   3.740908091731296 
  1994.0   3.526290497675312 
  1995.0   3.593445519795465 
  1996.0   3.6175522837676675 
  1997.0   3.690831521442994 
  1998.0   3.7489745514473944 
  1999.0   3.5498995525810773 
  2000.0   3.6322734661818346 
  2001.0   3.5824987992938127 
  2002.0   3.584493241277566 
  2003.0   3.8425394608895442 
  2004.0   3.9021335251927374 
  2005.0   3.62495669589071 
  2006.0   3.7344877697889256 
  2007.0   3.723891847105203 
  2008.0   3.6686448087933274 
  2009.0   3.8630011442314203 
  2010.0   3.747895609158824 
  2011.0   3.873390898324274 
  2012.0   3.6833292281936094 
  2013.0   3.92007450705746 
  2014.0   3.9797280984510133 
