  1850.0   732.9252801318248 
  1851.0   732.8726479461586 
  1852.0   732.8248132861727 
  1853.0   732.7854184404639 
  1854.0   732.7773197254718 
  1855.0   732.7851689716503 
  1856.0   732.8179190879728 
  1857.0   732.8744200994203 
  1858.0   732.907882645745 
  1859.0   732.9014344400838 
  1860.0   732.8954372927552 
  1861.0   732.9214365857591 
  1862.0   732.9590231735083 
  1863.0   732.9820293953151 
  1864.0   732.9592136947473 
  1865.0   732.9035765194035 
  1866.0   732.8630803234585 
  1867.0   732.8303499375909 
  1868.0   732.7931913853522 
  1869.0   732.742887221956 
  1870.0   732.7278204000145 
  1871.0   732.7512079690915 
  1872.0   732.7728608950251 
  1873.0   732.8046590046042 
  1874.0   732.8442888994181 
  1875.0   732.8669692756935 
  1876.0   732.877549786088 
  1877.0   732.9069771497651 
  1878.0   732.9141869935812 
  1879.0   732.9078022366323 
  1880.0   732.9263471952038 
  1881.0   732.9577110011434 
  1882.0   732.9506097186534 
  1883.0   732.9404350074835 
  1884.0   732.9368058944374 
  1885.0   732.9507229030202 
  1886.0   732.9716458314437 
  1887.0   732.9786951491317 
  1888.0   732.9870497119471 
  1889.0   732.9982227171029 
  1890.0   733.0008627247 
  1891.0   733.0291220272065 
  1892.0   733.0773990425455 
  1893.0   733.1111003418667 
  1894.0   733.1289380562597 
  1895.0   733.1257183969988 
  1896.0   733.1041657319824 
  1897.0   733.0478725497362 
  1898.0   732.9959061352843 
  1899.0   733.0003478195482 
  1900.0   733.0280334913781 
  1901.0   733.0440150269496 
  1902.0   733.0271082919518 
  1903.0   733.0122627377782 
  1904.0   733.0162358426828 
  1905.0   732.9925047453818 
  1906.0   732.9837250353239 
  1907.0   733.005807097838 
  1908.0   733.0618128962257 
  1909.0   733.1397361079449 
  1910.0   733.1973741790237 
  1911.0   733.2066128327313 
  1912.0   733.1947834448025 
  1913.0   733.1980955696157 
  1914.0   733.2074176712814 
  1915.0   733.1989801375653 
  1916.0   733.1829947392586 
  1917.0   733.1801994230127 
  1918.0   733.1905635639013 
  1919.0   733.2120655453231 
  1920.0   733.2142069330089 
  1921.0   733.1871136649958 
  1922.0   733.1853732402802 
  1923.0   733.2079121750281 
  1924.0   733.2336703102337 
  1925.0   733.2630370142626 
  1926.0   733.295039935983 
  1927.0   733.3154375164116 
  1928.0   733.3097030511877 
  1929.0   733.2888226251251 
  1930.0   733.3032826619342 
  1931.0   733.3350249242553 
  1932.0   733.3592595482165 
  1933.0   733.3701601539244 
  1934.0   733.352975647268 
  1935.0   733.3240866160269 
  1936.0   733.2967668189184 
  1937.0   733.2913516007013 
  1938.0   733.2887248665716 
  1939.0   733.2637249396603 
  1940.0   733.2406532864075 
  1941.0   733.2279266260844 
  1942.0   733.2209583636195 
  1943.0   733.2499828312195 
  1944.0   733.2947998044499 
  1945.0   733.3232975932509 
  1946.0   733.3432500639292 
  1947.0   733.367063745088 
  1948.0   733.3791901380484 
  1949.0   733.3737510227083 
  1950.0   733.3701652102429 
  1951.0   733.3730371054162 
  1952.0   733.3755543381013 
  1953.0   733.3922863944249 
  1954.0   733.4009558026632 
  1955.0   733.4023552738512 
  1956.0   733.4193004708176 
  1957.0   733.4522773110376 
  1958.0   733.5134952936545 
  1959.0   733.5887403848185 
  1960.0   733.6389995269211 
  1961.0   733.6318554021497 
  1962.0   733.6163355470571 
  1963.0   733.6034128101668 
  1964.0   733.5876925173293 
  1965.0   733.5761486052049 
  1966.0   733.5943346229351 
  1967.0   733.6462849611712 
  1968.0   733.6925323793719 
  1969.0   733.7117988898095 
  1970.0   733.7307926340371 
  1971.0   733.7403339900158 
  1972.0   733.7180870084252 
  1973.0   733.6849409053 
  1974.0   733.6825045188965 
  1975.0   733.675654390901 
  1976.0   733.629897646047 
  1977.0   733.5812927030684 
  1978.0   733.5833490059845 
  1979.0   733.5870498912785 
  1980.0   733.5492314888581 
  1981.0   733.4995316909894 
  1982.0   733.4354538718192 
  1983.0   733.3952375655124 
  1984.0   733.3979012534832 
  1985.0   733.4077188101523 
  1986.0   733.3836209479813 
  1987.0   733.3718694737319 
  1988.0   733.3859809044922 
  1989.0   733.3911757964443 
  1990.0   733.3800777686596 
  1991.0   733.3543513282136 
  1992.0   733.3426524365836 
  1993.0   733.3534839709159 
  1994.0   733.3470045945589 
  1995.0   733.3300915373986 
  1996.0   733.2946623212223 
  1997.0   733.2437184900185 
  1998.0   733.2019042993572 
  1999.0   733.1825680640464 
  2000.0   733.1947109955354 
  2001.0   733.1980556650236 
  2002.0   733.218410628998 
  2003.0   733.2423056557489 
  2004.0   733.2322026688901 
  2005.0   733.2079286151965 
  2006.0   733.1912849502679 
  2007.0   733.1815842629244 
  2008.0   733.182027680954 
  2009.0   733.2039050112728 
  2010.0   733.2134641500967 
  2011.0   733.2467504928491 
  2012.0   733.308385554173 
  2013.0   733.3646884480654 
  2014.0   733.347558935974 
