  1850.0   -0.08597433715639567 
  1851.0   0.061889809729883775 
  1852.0   0.14772689309975942 
  1853.0   0.10463515180296942 
  1854.0   -0.17113540955908715 
  1855.0   -0.01045903621663639 
  1856.0   0.06669188947035054 
  1857.0   -0.35106276648180096 
  1858.0   -0.22629494660239075 
  1859.0   -0.2681587155468157 
  1860.0   0.043385457108617444 
  1861.0   0.315271506475543 
  1862.0   0.18811086745935304 
  1863.0   -0.15769933830422295 
  1864.0   -0.1291095885841467 
  1865.0   0.21907524936901823 
  1866.0   0.027939616999211665 
  1867.0   0.0022348672129308294 
  1868.0   0.11425532016959324 
  1869.0   0.09175483607583783 
  1870.0   0.05624316143975141 
  1871.0   -0.005335475710564216 
  1872.0   0.10535395254679167 
  1873.0   -0.11282479608909611 
  1874.0   -0.20475166412830673 
  1875.0   0.1372507228351163 
  1876.0   -0.010681508623077282 
  1877.0   -0.010292045325557216 
  1878.0   0.19681918060825793 
  1879.0   0.10250547183395697 
  1880.0   -0.2310835253611669 
  1881.0   0.4200963210009234 
  1882.0   0.05002933235657474 
  1883.0   0.009978786406859055 
  1884.0   0.24030546960006743 
  1885.0   -0.01958348913432176 
  1886.0   0.11862434386198698 
  1887.0   -0.2090993473813481 
  1888.0   0.05049790325342065 
  1889.0   -0.058410386855079856 
  1890.0   -0.3006415932095584 
  1891.0   -0.06385368518855757 
  1892.0   0.14055022086941077 
  1893.0   0.1654041082398003 
  1894.0   -0.12770024179411898 
  1895.0   0.09432469946577364 
  1896.0   -0.1746397270509675 
  1897.0   0.015404820297687642 
  1898.0   -0.040642366405134224 
  1899.0   -0.09354168158287694 
  1900.0   -0.1854005626018447 
  1901.0   0.037940519419269285 
  1902.0   -0.08088942551943457 
  1903.0   0.05863522653604518 
  1904.0   -0.1128727224448089 
  1905.0   0.008957221473813231 
  1906.0   -0.11919507582275057 
  1907.0   0.3566173363933249 
  1908.0   0.14242348527940177 
  1909.0   -0.006437981356623344 
  1910.0   -0.228714094601893 
  1911.0   0.06797758566126147 
  1912.0   0.02924583688993285 
  1913.0   0.04112539978130149 
  1914.0   0.12614850127063504 
  1915.0   0.11193632098309558 
  1916.0   -0.15842309641004507 
  1917.0   -0.12516900037892906 
  1918.0   -0.09496194963629281 
  1919.0   -0.15287954054826464 
  1920.0   -0.07359793683192963 
  1921.0   0.24124726909325755 
  1922.0   -0.12637422574672383 
  1923.0   0.19607816929847047 
  1924.0   -0.01314976475753851 
  1925.0   -0.15601521647159322 
  1926.0   0.16783393583539402 
  1927.0   0.6423939116990464 
  1928.0   -0.12433183102836787 
  1929.0   0.20165333374173328 
  1930.0   -0.11720273567911839 
  1931.0   -0.06048042103351436 
  1932.0   0.316724777371951 
  1933.0   0.08457442561383519 
  1934.0   -0.019998048535690996 
  1935.0   0.08521175589060542 
  1936.0   0.15010841320668486 
  1937.0   -0.01607403246955728 
  1938.0   -0.16517234836115294 
  1939.0   0.12497637557348654 
  1940.0   0.01964473612987093 
  1941.0   0.13469109703105658 
  1942.0   -0.045883320967494985 
  1943.0   -0.04706599449958103 
  1944.0   0.308815574905702 
  1945.0   -0.28010202995208183 
  1946.0   0.14033743071170351 
  1947.0   0.19445596125984976 
  1948.0   0.018478450690511287 
  1949.0   0.289619393819448 
  1950.0   0.23919074335361856 
  1951.0   0.061296912893101005 
  1952.0   -0.13631993995476654 
  1953.0   0.2692764570009755 
  1954.0   0.11552248299301672 
  1955.0   0.01927981271865863 
  1956.0   0.31377740189638187 
  1957.0   -0.08363762704124919 
  1958.0   0.1811134258444989 
  1959.0   -0.1417705751943526 
  1960.0   0.09670966036263193 
  1961.0   0.2526792453609534 
  1962.0   0.02298274947432886 
  1963.0   -0.14074883238977556 
  1964.0   -0.12031174247758578 
  1965.0   0.21885972628645953 
  1966.0   -0.09623467065217554 
  1967.0   0.20644215943112842 
  1968.0   -0.00944271960457605 
  1969.0   0.04177997634312722 
  1970.0   -0.030490973145771417 
  1971.0   0.05500236368284353 
  1972.0   0.13620598907182116 
  1973.0   -0.2815653696607886 
  1974.0   -0.2762681190741201 
  1975.0   0.017440393507283665 
  1976.0   0.113435668351999 
  1977.0   0.22193832334061314 
  1978.0   0.008040002938966822 
  1979.0   0.05052500354549807 
  1980.0   0.09061973029815912 
  1981.0   -0.013847825715444526 
  1982.0   -0.04678157858900498 
  1983.0   0.500204724952157 
  1984.0   0.11393992923912408 
  1985.0   0.6040976800683986 
  1986.0   0.3704214740277626 
  1987.0   0.12337328348816118 
  1988.0   0.2969369094286418 
  1989.0   0.33942648584998 
  1990.0   0.20693415353798486 
  1991.0   0.054443138114035824 
  1992.0   -0.09164490285132898 
  1993.0   0.12300097876004712 
  1994.0   0.3122407696338455 
  1995.0   0.6190759278916367 
  1996.0   0.1925726288097821 
  1997.0   0.1523809153945898 
  1998.0   -0.06739631091447114 
  1999.0   0.28532493800326036 
  2000.0   0.2920529949496465 
  2001.0   0.25998502577743327 
  2002.0   0.23885571863506821 
  2003.0   0.44060019298599595 
  2004.0   0.30897774759476815 
  2005.0   0.3940517253660979 
  2006.0   0.5197365762648039 
  2007.0   0.19861998526584876 
  2008.0   0.4720208422942402 
  2009.0   0.4450450544718708 
  2010.0   0.4128284606295205 
  2011.0   0.5244594634266561 
  2012.0   0.33654820241734235 
  2013.0   0.6720020526027235 
  2014.0   1.2123743967818033 
