  1850.0   -0.28240916401052324 
  1851.0   0.054803209247090465 
  1852.0   -0.036180384457457734 
  1853.0   0.023501135479513338 
  1854.0   -0.02259680278908014 
  1855.0   0.08908516716708528 
  1856.0   -0.010383654701155707 
  1857.0   0.1868735186237063 
  1858.0   -0.03724839793506981 
  1859.0   -0.17563045348533887 
  1860.0   -0.22796288893673686 
  1861.0   0.1013542459777036 
  1862.0   -0.0690553343469905 
  1863.0   -0.21755213382836858 
  1864.0   0.014544204087452762 
  1865.0   0.07741661280512321 
  1866.0   -0.03073856080414513 
  1867.0   -0.09888842878286591 
  1868.0   0.0299423403391109 
  1869.0   -0.019471982811408765 
  1870.0   -0.0292328477107758 
  1871.0   -0.08463972604947781 
  1872.0   -0.0929836791732829 
  1873.0   -0.06922375858381954 
  1874.0   -0.12374139328378199 
  1875.0   0.10648438980700045 
  1876.0   -0.09786899709828399 
  1877.0   0.11498637788315258 
  1878.0   0.0602570004643008 
  1879.0   -0.24853472498807994 
  1880.0   -0.07169720576531284 
  1881.0   0.09247339979211319 
  1882.0   -0.08866667049605823 
  1883.0   0.0028439552013141936 
  1884.0   -0.02394262506053416 
  1885.0   -0.06672886617803635 
  1886.0   -0.07757353426740635 
  1887.0   -0.16896308134639348 
  1888.0   -0.20622612889516548 
  1889.0   -0.27258758143170203 
  1890.0   -0.050883535238077274 
  1891.0   -0.031235586437243164 
  1892.0   -0.19733034654575296 
  1893.0   0.08433736913416603 
  1894.0   0.1553995323790069 
  1895.0   -0.06497877774932773 
  1896.0   0.011560001191625143 
  1897.0   0.09109290618750837 
  1898.0   0.20453513281494656 
  1899.0   -0.09767150890814638 
  1900.0   0.03304193109016321 
  1901.0   -0.12766670328407942 
  1902.0   -0.16238633539236033 
  1903.0   -0.2905830919915224 
  1904.0   0.0074417438400526175 
  1905.0   -0.026960909348830976 
  1906.0   -0.23522949787513883 
  1907.0   0.17347232661002143 
  1908.0   -0.1227497268346552 
  1909.0   0.09484838705449745 
  1910.0   -0.009274890285662916 
  1911.0   -0.015851208287326484 
  1912.0   -0.11637573983192766 
  1913.0   -0.1755634695909632 
  1914.0   -0.03592791006297588 
  1915.0   -0.0532654198578118 
  1916.0   -0.031192376665134792 
  1917.0   -0.3874578895632165 
  1918.0   -0.2498961785240463 
  1919.0   -0.027332255192853407 
  1920.0   -0.03406314239978633 
  1921.0   0.037512961073282496 
  1922.0   0.12042275840598628 
  1923.0   0.12924828342984915 
  1924.0   0.0706585041946022 
  1925.0   0.13340249475251398 
  1926.0   -0.09208072187234012 
  1927.0   0.14638082557517815 
  1928.0   0.12741448569009087 
  1929.0   -3.1587011884463427e-06 
  1930.0   0.08521978194848402 
  1931.0   0.05812451359027482 
  1932.0   -0.044459494770721086 
  1933.0   -0.0931920334028863 
  1934.0   -0.3455806181071595 
  1935.0   -0.12068386979915012 
  1936.0   -0.33350133114573377 
  1937.0   -0.2496481120049359 
  1938.0   -0.10863826490731465 
  1939.0   -0.10583848711187856 
  1940.0   0.10803575274535022 
  1941.0   -0.0804109938794047 
  1942.0   0.08811088555583584 
  1943.0   -0.2358590643934357 
  1944.0   -0.21568164123442693 
  1945.0   0.20977292744940854 
  1946.0   0.09163290848901895 
  1947.0   -0.11831179840879653 
  1948.0   0.09268630293792099 
  1949.0   -0.10973618801085513 
  1950.0   -0.22517661499098465 
  1951.0   -0.061331347886490556 
  1952.0   -0.053411807645264424 
  1953.0   -0.00833589569232514 
  1954.0   -0.07014850390799374 
  1955.0   -0.34225905884000046 
  1956.0   0.16837949691646437 
  1957.0   0.048959846814781764 
  1958.0   -0.3275957079386633 
  1959.0   0.09661622493579039 
  1960.0   -0.22403951292749724 
  1961.0   0.10506970248160279 
  1962.0   -0.07081504834124235 
  1963.0   -0.08402659931723144 
  1964.0   -0.13917555265690282 
  1965.0   -0.00885087188566752 
  1966.0   -0.053010506516976065 
  1967.0   -0.6419598589909699 
  1968.0   -0.2106681246669794 
  1969.0   -0.03963303757550805 
  1970.0   0.07833625714984287 
  1971.0   -0.1710925485202391 
  1972.0   -0.3478421353451763 
  1973.0   -0.27348598684723224 
  1974.0   -0.1310156512810711 
  1975.0   -0.28948972351199576 
  1976.0   -0.1270931141830341 
  1977.0   0.031225913170292316 
  1978.0   -0.1596955374303869 
  1979.0   -0.0013352756699067173 
  1980.0   -0.14635504280137046 
  1981.0   0.09362845324279424 
  1982.0   -0.0007676683934060846 
  1983.0   -0.02484542413439788 
  1984.0   -0.03224666055902484 
  1985.0   0.25421570564234 
  1986.0   -0.22791902164758324 
  1987.0   -0.030397685212399272 
  1988.0   -0.21452596709556024 
  1989.0   0.21891484177729256 
  1990.0   0.02157242018860994 
  1991.0   -0.016696764187267035 
  1992.0   -0.10153574859808275 
  1993.0   -0.23293599887524635 
  1994.0   -0.3210550212097659 
  1995.0   -0.1807466937261995 
  1996.0   0.12290607555765139 
  1997.0   0.010442652017619304 
  1998.0   -0.21852997133083527 
  1999.0   0.4058854861831873 
  2000.0   0.31366374426810784 
  2001.0   0.2986357127531727 
  2002.0   0.032778514859962 
  2003.0   -0.0487571968445252 
  2004.0   -0.03177127094926919 
  2005.0   -0.022886105288588164 
  2006.0   0.13688155741147895 
  2007.0   0.5664933260216638 
  2008.0   0.15820628013135363 
  2009.0   0.06175984066580079 
  2010.0   0.05251195421708083 
  2011.0   0.40960746971179124 
  2012.0   -0.05883016885610524 
  2013.0   0.23510052600022 
  2014.0   0.2886172364520972 
