  1850.0   4.373825013758267 
  1851.0   4.324510758254102 
  1852.0   4.115990854567093 
  1853.0   4.298690574171916 
  1854.0   4.330330792033305 
  1855.0   4.185047117696926 
  1856.0   4.301280134802039 
  1857.0   4.213385250736861 
  1858.0   4.191462734906703 
  1859.0   4.255465916793387 
  1860.0   4.242980546017422 
  1861.0   4.319058928558827 
  1862.0   4.273576124732798 
  1863.0   4.284462078009638 
  1864.0   4.342068572479586 
  1865.0   4.322082505666906 
  1866.0   4.376130078962125 
  1867.0   4.426408840412234 
  1868.0   4.357693168262542 
  1869.0   4.263682246607717 
  1870.0   4.2584901208964165 
  1871.0   4.348573504765247 
  1872.0   4.408065675075327 
  1873.0   4.466444931567039 
  1874.0   4.517444294077009 
  1875.0   4.404533954306196 
  1876.0   4.315921140756552 
  1877.0   4.368320178491445 
  1878.0   4.4427715713602 
  1879.0   4.386147835799656 
  1880.0   4.412318485932748 
  1881.0   4.266288313816837 
  1882.0   4.347711124236966 
  1883.0   4.327762607423185 
  1884.0   4.374054539454066 
  1885.0   4.255824103460837 
  1886.0   4.301158066316398 
  1887.0   4.186053086214611 
  1888.0   4.192884389342772 
  1889.0   4.315169945837129 
  1890.0   4.368301727304277 
  1891.0   4.389500617603753 
  1892.0   4.294144812765906 
  1893.0   4.276481103093646 
  1894.0   4.313584908347879 
  1895.0   4.2496239962772995 
  1896.0   4.302186573292859 
  1897.0   4.258465051743598 
  1898.0   4.360176011284127 
  1899.0   4.2748802893188085 
  1900.0   4.288823119444338 
  1901.0   4.290896730905854 
  1902.0   4.390350335862038 
  1903.0   4.184612450093119 
  1904.0   4.3694617526112 
  1905.0   4.28656727266151 
  1906.0   4.555485610017883 
  1907.0   4.52374188148051 
  1908.0   4.255984554759807 
  1909.0   4.346732181902856 
  1910.0   4.39411068685143 
  1911.0   4.45083178507744 
  1912.0   4.228353181581881 
  1913.0   4.296867489146556 
  1914.0   4.524006254632268 
  1915.0   4.646386050424229 
  1916.0   4.553909155187159 
  1917.0   4.625406911938635 
  1918.0   4.4608632008972 
  1919.0   4.58243294327238 
  1920.0   4.422425266168821 
  1921.0   4.580425091354824 
  1922.0   4.517552768160115 
  1923.0   4.428551836427541 
  1924.0   4.3583112525112275 
  1925.0   4.546617912797171 
  1926.0   4.579786768906176 
  1927.0   4.7591576755119664 
  1928.0   4.6918342205969426 
  1929.0   4.723564801431472 
  1930.0   4.678988693170206 
  1931.0   4.645164934950779 
  1932.0   4.822388545278328 
  1933.0   4.677733592939543 
  1934.0   4.756899192985999 
  1935.0   4.856426421832914 
  1936.0   4.756568383712452 
  1937.0   4.88761819686885 
  1938.0   4.804072174589066 
  1939.0   4.777051911136115 
  1940.0   4.6651823161619115 
  1941.0   4.782292178866039 
  1942.0   4.768597879933212 
  1943.0   4.743797191982603 
  1944.0   4.835671457210565 
  1945.0   4.865464385771043 
  1946.0   4.720432259389219 
  1947.0   4.78946951241827 
  1948.0   4.885415600003376 
  1949.0   4.969250768059191 
  1950.0   4.697572203780246 
  1951.0   4.629062503510413 
  1952.0   4.909369123606628 
  1953.0   4.796520253596562 
  1954.0   4.759490160176017 
  1955.0   4.784597849082456 
  1956.0   4.811240753091749 
  1957.0   4.577497350423833 
  1958.0   4.780494409618319 
  1959.0   4.754077994916989 
  1960.0   4.797047977995958 
  1961.0   4.772833766378682 
  1962.0   4.607101962428443 
  1963.0   4.914561860220734 
  1964.0   4.866631394812507 
  1965.0   4.762417449287758 
  1966.0   4.669491719592291 
  1967.0   4.622648782865449 
  1968.0   4.745717053788437 
  1969.0   4.680193348797545 
  1970.0   4.688503312420178 
  1971.0   4.570538421749765 
  1972.0   4.601471380253325 
  1973.0   4.696417675061591 
  1974.0   4.8442216815743055 
  1975.0   4.861818989479329 
  1976.0   4.886496402001121 
  1977.0   4.735929800435853 
  1978.0   4.8983547740982525 
  1979.0   4.857997711990172 
  1980.0   5.043505255120763 
  1981.0   4.7304235223313125 
  1982.0   4.765385342202658 
  1983.0   4.764571043327437 
  1984.0   4.7613294697755 
  1985.0   4.797441949798484 
  1986.0   4.927199343623128 
  1987.0   4.886386487555084 
  1988.0   4.841888589851425 
  1989.0   5.057531269456338 
  1990.0   5.176347442444133 
  1991.0   5.22560022063878 
  1992.0   4.9891675622197935 
  1993.0   5.040125405114101 
  1994.0   5.077551220458738 
  1995.0   5.229147805578793 
  1996.0   5.449530358698683 
  1997.0   5.408049913001679 
  1998.0   5.532960388668455 
  1999.0   5.47479641519583 
  2000.0   5.5704114246974905 
  2001.0   5.747208090719285 
  2002.0   5.75797905936891 
  2003.0   5.888133384922123 
  2004.0   6.149736874008238 
  2005.0   6.024401825320892 
  2006.0   6.014094947509225 
  2007.0   5.999467286908897 
  2008.0   5.908885324652412 
  2009.0   6.117489186962971 
  2010.0   5.994186262603235 
  2011.0   6.054975285380341 
  2012.0   6.071571393000859 
  2013.0   5.998941394699092 
  2014.0   5.788170671837895 
