  1850.0   261.8474161855456 
  1851.0   262.0979250367655 
  1852.0   262.1391669336812 
  1853.0   262.1624578327896 
  1854.0   262.43812710136854 
  1855.0   262.1909458526859 
  1856.0   262.58829981046654 
  1857.0   262.0277346624193 
  1858.0   262.75108728759267 
  1859.0   262.54121610888035 
  1860.0   262.38983573660147 
  1861.0   262.23597756453444 
  1862.0   262.56834485665064 
  1863.0   262.27818075921095 
  1864.0   262.9624679109816 
  1865.0   262.2472919508737 
  1866.0   261.5894287746036 
  1867.0   261.87265201528186 
  1868.0   262.2368216356584 
  1869.0   262.59639090315517 
  1870.0   262.82895090540114 
  1871.0   263.46322261111925 
  1872.0   263.1226881196044 
  1873.0   263.1937324770463 
  1874.0   262.8366928723122 
  1875.0   262.3628960200888 
  1876.0   261.7144038769036 
  1877.0   262.48893796548055 
  1878.0   262.41775840591697 
  1879.0   261.8484622080875 
  1880.0   262.85198176282864 
  1881.0   262.9198392658775 
  1882.0   262.9537452541637 
  1883.0   263.3650019714185 
  1884.0   262.4859935083349 
  1885.0   262.1120574645068 
  1886.0   261.2204932588755 
  1887.0   261.68480380001415 
  1888.0   262.31393067172917 
  1889.0   262.5968108845357 
  1890.0   263.25260411797495 
  1891.0   262.01134253284135 
  1892.0   263.0047602915271 
  1893.0   261.7735029623644 
  1894.0   263.8194869410469 
  1895.0   264.1357987661536 
  1896.0   264.2176430274471 
  1897.0   263.4805752595052 
  1898.0   263.5481800478634 
  1899.0   263.2558339534841 
  1900.0   263.3746504553492 
  1901.0   263.1305527282387 
  1902.0   263.1718506562928 
  1903.0   262.8083780431802 
  1904.0   262.8011023633991 
  1905.0   263.1817838965036 
  1906.0   262.9955279115443 
  1907.0   263.4777139878346 
  1908.0   262.83665334439047 
  1909.0   263.8899629017117 
  1910.0   262.4421891198588 
  1911.0   261.9658801870693 
  1912.0   262.2264019512093 
  1913.0   263.55001444427137 
  1914.0   263.19439290507177 
  1915.0   262.68920991453734 
  1916.0   262.04789337299445 
  1917.0   262.66035577206424 
  1918.0   262.77501408922365 
  1919.0   263.3254509883179 
  1920.0   264.09009949439843 
  1921.0   263.73820502332455 
  1922.0   263.36277453862255 
  1923.0   263.0305683845096 
  1924.0   262.1234876062124 
  1925.0   264.2769002786268 
  1926.0   263.96067464602527 
  1927.0   264.34923018510517 
  1928.0   262.8991090752073 
  1929.0   264.1387868596276 
  1930.0   262.86557903433226 
  1931.0   263.3307724879802 
  1932.0   263.923100995845 
  1933.0   263.73211666307895 
  1934.0   264.3778334680953 
  1935.0   263.2533249985006 
  1936.0   263.68063179874605 
  1937.0   262.66446368554006 
  1938.0   264.24297983692986 
  1939.0   263.0987555531626 
  1940.0   263.0532860183301 
  1941.0   263.4848729421764 
  1942.0   263.0593948011994 
  1943.0   263.79101164140275 
  1944.0   262.95560627910913 
  1945.0   264.6028413996135 
  1946.0   264.1274173628896 
  1947.0   263.647030434768 
  1948.0   263.9608769009755 
  1949.0   263.74911480146346 
  1950.0   264.1687854391087 
  1951.0   262.75354953636116 
  1952.0   263.5940360143965 
  1953.0   263.6756621841178 
  1954.0   263.59189070502134 
  1955.0   264.0963196047955 
  1956.0   262.9534647107536 
  1957.0   263.2842639931814 
  1958.0   263.35115734838723 
  1959.0   263.3665469047494 
  1960.0   264.037261127293 
  1961.0   264.1099934158418 
  1962.0   263.6947624671595 
  1963.0   263.60418435494427 
  1964.0   262.97458367585136 
  1965.0   262.84623589547977 
  1966.0   263.7965634571064 
  1967.0   262.33017676960816 
  1968.0   263.0597333323715 
  1969.0   264.14085428605233 
  1970.0   263.95144955333654 
  1971.0   264.9857857995811 
  1972.0   263.8603721042541 
  1973.0   264.3393278300858 
  1974.0   264.25607890647757 
  1975.0   264.0498743755825 
  1976.0   264.57059583996556 
  1977.0   264.6532324762143 
  1978.0   264.8194824438396 
  1979.0   264.6377343156411 
  1980.0   265.13442577730706 
  1981.0   265.47558864987144 
  1982.0   264.13006809944704 
  1983.0   264.27299240186096 
  1984.0   263.9774026458477 
  1985.0   265.14320089462905 
  1986.0   264.4839045623836 
  1987.0   264.8160716455136 
  1988.0   264.90757541096525 
  1989.0   264.7603578920809 
  1990.0   264.9928509414105 
  1991.0   264.78635574342803 
  1992.0   265.8272976467869 
  1993.0   264.1530240159112 
  1994.0   265.57257914240915 
  1995.0   265.0600497269344 
  1996.0   264.6756264482292 
  1997.0   265.320274650482 
  1998.0   265.69907872587873 
  1999.0   266.06959771866303 
  2000.0   265.29757233152907 
  2001.0   265.7486672907146 
  2002.0   265.2045992846205 
  2003.0   265.1914154676766 
  2004.0   265.57047198926256 
  2005.0   264.6576195530685 
  2006.0   265.63078501547466 
  2007.0   266.8338231403408 
  2008.0   265.77849697382163 
  2009.0   265.82612851711514 
  2010.0   265.3374553769285 
  2011.0   266.41079263685515 
  2012.0   266.9948703011956 
  2013.0   265.87869549206204 
  2014.0   265.889095244753 
