  1850.0   -0.1087415650907317 
  1851.0   0.0779733813748672 
  1852.0   -0.12159982282361395 
  1853.0   0.04034163671292108 
  1854.0   -0.014510512204692712 
  1855.0   -0.06292644211451776 
  1856.0   -0.08467487554377427 
  1857.0   -0.02900384738511531 
  1858.0   -0.1855098115608715 
  1859.0   0.14952808820039504 
  1860.0   0.026885250451644752 
  1861.0   0.1977575571395531 
  1862.0   -0.02644969706544403 
  1863.0   -0.013152389716277035 
  1864.0   -0.20407350295771445 
  1865.0   -0.021263020665623158 
  1866.0   0.008084902840536078 
  1867.0   -0.02127884257366847 
  1868.0   -0.1653040169024268 
  1869.0   -0.095663497532726 
  1870.0   0.22070473995972806 
  1871.0   0.023624573802381796 
  1872.0   0.11984510595629047 
  1873.0   -0.017587022029476228 
  1874.0   -0.19696240331695986 
  1875.0   -0.14853521508819714 
  1876.0   0.07883122657671199 
  1877.0   0.028165090815165654 
  1878.0   0.16093282277742088 
  1879.0   0.05415498269261745 
  1880.0   0.31489102391841006 
  1881.0   -0.09636730925536838 
  1882.0   -0.15847676296663865 
  1883.0   -0.06483532775052255 
  1884.0   0.2279446832853199 
  1885.0   -0.23416210138269314 
  1886.0   -0.2304061902367425 
  1887.0   0.09834306277399418 
  1888.0   0.01331882205331068 
  1889.0   0.008622194380501387 
  1890.0   0.1488958417863744 
  1891.0   -0.08890802417824845 
  1892.0   -0.17428715639146125 
  1893.0   0.24311653798741356 
  1894.0   0.21415666529300736 
  1895.0   -0.07213686072786905 
  1896.0   -0.0883771282394923 
  1897.0   0.05004144931571441 
  1898.0   0.08861529802908477 
  1899.0   0.04073945993450063 
  1900.0   -0.24907432254926087 
  1901.0   -0.1318900229715168 
  1902.0   0.1311866587427421 
  1903.0   0.3691317082767511 
  1904.0   0.40704963017513224 
  1905.0   0.05782409035371183 
  1906.0   -0.06798458436040605 
  1907.0   0.07097584453622448 
  1908.0   -0.06511014385720809 
  1909.0   -0.015929573420419653 
  1910.0   -0.1827121051432309 
  1911.0   0.05782272881037275 
  1912.0   0.03165325660818539 
  1913.0   -0.08907768114922343 
  1914.0   0.0432865402947971 
  1915.0   0.1395602763715794 
  1916.0   0.057420319968861586 
  1917.0   -0.2560018010592627 
  1918.0   0.11217969949085563 
  1919.0   0.19647737225940887 
  1920.0   0.008385449165902002 
  1921.0   -0.0026961573692230382 
  1922.0   -0.0002158411313832259 
  1923.0   0.019778847579411427 
  1924.0   0.00970610870044268 
  1925.0   0.11480920305678395 
  1926.0   -0.06754191146891453 
  1927.0   0.12556752679535108 
  1928.0   0.1506085193378612 
  1929.0   -0.2284015347219166 
  1930.0   0.03748320867774109 
  1931.0   0.2165910229498286 
  1932.0   -0.0347774954072224 
  1933.0   0.29929064651098586 
  1934.0   0.007009677634234421 
  1935.0   0.05792596355407146 
  1936.0   0.09557657094641331 
  1937.0   -0.360530825454035 
  1938.0   -0.08133051318135065 
  1939.0   0.22825458198054416 
  1940.0   0.11674937790762456 
  1941.0   -0.15333543210486117 
  1942.0   0.05385441788266479 
  1943.0   0.04653962922667781 
  1944.0   0.08360791966866796 
  1945.0   -0.14506709155844894 
  1946.0   0.08183819116683452 
  1947.0   -0.10808600736345911 
  1948.0   0.45840517446152457 
  1949.0   -0.17244102307294576 
  1950.0   0.05635418807904417 
  1951.0   0.10210512944170873 
  1952.0   -0.05616532851970363 
  1953.0   0.24346125851664788 
  1954.0   -0.11190815238652803 
  1955.0   -0.13494582435143862 
  1956.0   -0.10107888695011413 
  1957.0   0.14651491097521843 
  1958.0   -0.00440040046825057 
  1959.0   -0.0035478185528924314 
  1960.0   -0.10780049837920695 
  1961.0   0.0018103405508390566 
  1962.0   -0.02209264960521285 
  1963.0   0.08112466263371174 
  1964.0   0.07934065859518628 
  1965.0   -0.13552126148252708 
  1966.0   0.07846715122108171 
  1967.0   0.20164566123694305 
  1968.0   0.12190228436774647 
  1969.0   -0.0989921397258986 
  1970.0   -0.11188580599467288 
  1971.0   0.07084534201210409 
  1972.0   0.17289082104836853 
  1973.0   0.15711645837665758 
  1974.0   0.2662784381327401 
  1975.0   0.1357491874074463 
  1976.0   -0.06730087628275508 
  1977.0   -0.08897411465687466 
  1978.0   -0.08128560193298184 
  1979.0   -0.06581570867712107 
  1980.0   0.2765302430952069 
  1981.0   0.23570457107405599 
  1982.0   0.1570924956920945 
  1983.0   0.009129660163813733 
  1984.0   0.2786067667264626 
  1985.0   0.04438448355229303 
  1986.0   0.14628873274496867 
  1987.0   0.13032728730963147 
  1988.0   0.10258173335176989 
  1989.0   0.04684889865489682 
  1990.0   0.24133727839643135 
  1991.0   0.06796512800555471 
  1992.0   0.29136451882634196 
  1993.0   0.14202137099580436 
  1994.0   -0.004715661124803395 
  1995.0   0.03496493972243551 
  1996.0   0.24527472561693764 
  1997.0   0.36436224544270496 
  1998.0   0.41497689975439445 
  1999.0   0.2679055669536065 
  2000.0   0.09941548139533177 
  2001.0   0.3994474759589183 
  2002.0   0.021620652876539987 
  2003.0   0.16555983680038175 
  2004.0   0.05386796440806936 
  2005.0   0.3352459595051625 
  2006.0   0.3176827512042497 
  2007.0   0.12350931375498454 
  2008.0   0.46403413935633686 
  2009.0   0.22170847244883501 
  2010.0   0.2225507778252525 
  2011.0   0.23145622223881604 
  2012.0   0.35344449093679503 
  2013.0   0.3480282185938136 
  2014.0   0.18573656757444929 
