  1850.0   87.20875911130734 
  1851.0   87.21317893305277 
  1852.0   87.2365514835245 
  1853.0   87.21867702786007 
  1854.0   87.22336987885794 
  1855.0   87.22623770338747 
  1856.0   87.21516704171705 
  1857.0   87.16641858793724 
  1858.0   87.1449072126143 
  1859.0   87.19308593361822 
  1860.0   87.2332151644306 
  1861.0   87.17241983712341 
  1862.0   87.15548570523515 
  1863.0   87.19301600126445 
  1864.0   87.18207112402276 
  1865.0   87.16697543828526 
  1866.0   87.16326284881139 
  1867.0   87.17098201478905 
  1868.0   87.21966672281853 
  1869.0   87.23836237960253 
  1870.0   87.24245175669509 
  1871.0   87.23836561394472 
  1872.0   87.23767464064292 
  1873.0   87.21636004142592 
  1874.0   87.1783092684132 
  1875.0   87.19246179322138 
  1876.0   87.2193329341107 
  1877.0   87.22697749198852 
  1878.0   87.2027627379142 
  1879.0   87.23566435429395 
  1880.0   87.22907050722499 
  1881.0   87.21480968738389 
  1882.0   87.28161231405906 
  1883.0   87.27449218092052 
  1884.0   87.28708651430651 
  1885.0   87.32381422860423 
  1886.0   87.32653410630543 
  1887.0   87.34543312989749 
  1888.0   87.3479542930316 
  1889.0   87.33235189502717 
  1890.0   87.31928791395073 
  1891.0   87.27357347340309 
  1892.0   87.2396700864011 
  1893.0   87.2572366885405 
  1894.0   87.29509312790005 
  1895.0   87.28269496317623 
  1896.0   87.25779008961266 
  1897.0   87.25854378461301 
  1898.0   87.2449291795743 
  1899.0   87.23935182956257 
  1900.0   87.2206479459039 
  1901.0   87.22313589182242 
  1902.0   87.20022000159814 
  1903.0   87.18342848472933 
  1904.0   87.14084240174172 
  1905.0   87.11662837888356 
  1906.0   87.10387673619694 
  1907.0   87.11712784552299 
  1908.0   87.11670571181227 
  1909.0   87.07800205921602 
  1910.0   87.05270122724704 
  1911.0   87.0304207314537 
  1912.0   87.03711188114042 
  1913.0   87.05720363576079 
  1914.0   87.03616279855702 
  1915.0   87.0299525373744 
  1916.0   87.0455263091534 
  1917.0   87.01806631569875 
  1918.0   86.98649915089047 
  1919.0   87.00537919522777 
  1920.0   87.04224148787958 
  1921.0   87.05615547183771 
  1922.0   87.02598812593736 
  1923.0   87.02837541436836 
  1924.0   87.038220846465 
  1925.0   87.02696535279631 
  1926.0   87.07235503363184 
  1927.0   87.09310832865417 
  1928.0   87.02663743796164 
  1929.0   87.02800294275278 
  1930.0   87.0582002537517 
  1931.0   87.08219849907215 
  1932.0   87.0524879601781 
  1933.0   87.03655590710422 
  1934.0   87.01890732525348 
  1935.0   87.03235411877219 
  1936.0   87.05132144344469 
  1937.0   86.99523291614172 
  1938.0   86.97967840066681 
  1939.0   86.9581639737631 
  1940.0   86.95180035986154 
  1941.0   86.9542320169171 
  1942.0   86.96550358144925 
  1943.0   86.96726170122388 
  1944.0   87.00391349115506 
  1945.0   87.07204790777172 
  1946.0   87.07727101254574 
  1947.0   87.10233248403945 
  1948.0   87.13618232930098 
  1949.0   87.15977187637321 
  1950.0   87.19483718829684 
  1951.0   87.14263707938674 
  1952.0   87.13248128035814 
  1953.0   87.16002054180922 
  1954.0   87.22099189880711 
  1955.0   87.26729794222246 
  1956.0   87.25843223026946 
  1957.0   87.27398689346572 
  1958.0   87.2619478887792 
  1959.0   87.23913465336484 
  1960.0   87.24050677867935 
  1961.0   87.27140216683682 
  1962.0   87.274026159453 
  1963.0   87.24360800054386 
  1964.0   87.2340206760567 
  1965.0   87.19433526477408 
  1966.0   87.17439605861067 
  1967.0   87.16759755358552 
  1968.0   87.18711253451622 
  1969.0   87.1236979249349 
  1970.0   87.11274368261178 
  1971.0   87.08561828183001 
  1972.0   87.0468556106472 
  1973.0   87.01945585779639 
  1974.0   87.01180931737531 
  1975.0   87.02077219966958 
  1976.0   87.03540977658342 
  1977.0   87.02811168521845 
  1978.0   87.00029160158942 
  1979.0   87.001186458966 
  1980.0   86.99297710994549 
  1981.0   87.03670188580777 
  1982.0   87.07933478031931 
  1983.0   87.08188930079865 
  1984.0   87.09718625553703 
  1985.0   87.1260061804978 
  1986.0   87.16604440670324 
  1987.0   87.16565052157556 
  1988.0   87.15972480566906 
  1989.0   87.1958802491321 
  1990.0   87.25041300116816 
  1991.0   87.30180987507607 
  1992.0   87.33046813179068 
  1993.0   87.34178681456658 
  1994.0   87.40119329781301 
  1995.0   87.47018206933069 
  1996.0   87.51561383997144 
  1997.0   87.58686599441964 
  1998.0   87.67949707513327 
  1999.0   87.74491165775979 
  2000.0   87.84409420744672 
  2001.0   87.93085005723898 
  2002.0   88.02382554892642 
  2003.0   88.03378863165754 
  2004.0   88.07486386848949 
  2005.0   88.24180880987245 
  2006.0   88.32611903823765 
  2007.0   88.40910050406882 
  2008.0   88.5150479199228 
  2009.0   88.6035013041884 
  2010.0   88.68207424462469 
  2011.0   88.79059768561542 
  2012.0   88.85729340063796 
  2013.0   88.93765001155566 
  2014.0   89.09727330194914 
