  1850.0   39.985219802144165 
  1851.0   40.07883015454823 
  1852.0   40.181564704022755 
  1853.0   40.222977145769896 
  1854.0   40.17526035159213 
  1855.0   40.06917513537711 
  1856.0   40.03609078885427 
  1857.0   39.84906354057143 
  1858.0   39.644757375790114 
  1859.0   39.50369168790578 
  1860.0   39.48887541361893 
  1861.0   39.818386643842054 
  1862.0   40.19446512973436 
  1863.0   40.28627010049073 
  1864.0   40.20004215284874 
  1865.0   40.351193023480654 
  1866.0   40.593564699205714 
  1867.0   40.67808642062762 
  1868.0   40.76166386060401 
  1869.0   40.950943873231076 
  1870.0   40.96638379291283 
  1871.0   40.94539765505764 
  1872.0   41.03740961420127 
  1873.0   41.04117712487838 
  1874.0   40.89163768864373 
  1875.0   40.877611728500725 
  1876.0   40.99868912768468 
  1877.0   41.00847537494322 
  1878.0   41.115327416974445 
  1879.0   41.21456132770396 
  1880.0   41.05341718209042 
  1881.0   41.12796535575713 
  1882.0   41.323034445039205 
  1883.0   41.25990238226222 
  1884.0   41.207885034459295 
  1885.0   41.09814465742719 
  1886.0   40.97111976854874 
  1887.0   40.79739239344543 
  1888.0   40.69567642631117 
  1889.0   40.720479826293506 
  1890.0   40.52389432273139 
  1891.0   40.273859406960774 
  1892.0   40.27173690796193 
  1893.0   40.45229845443723 
  1894.0   40.46194515942204 
  1895.0   40.468131171117655 
  1896.0   40.371188464835754 
  1897.0   40.26253935626619 
  1898.0   40.36024686709133 
  1899.0   40.50218572093165 
  1900.0   40.391445684707605 
  1901.0   40.31947823021491 
  1902.0   40.364264406157005 
  1903.0   40.33381810035537 
  1904.0   40.195604106507645 
  1905.0   40.16236403127207 
  1906.0   40.200033919142065 
  1907.0   40.421618631759216 
  1908.0   40.687776512339795 
  1909.0   40.73544290209565 
  1910.0   40.605020068753845 
  1911.0   40.58941561809644 
  1912.0   40.65862318693633 
  1913.0   40.64890319302131 
  1914.0   40.74269240423452 
  1915.0   40.90454955158664 
  1916.0   40.97234336916744 
  1917.0   40.92579754290095 
  1918.0   40.83812916455715 
  1919.0   40.623424777660496 
  1920.0   40.51039536905547 
  1921.0   40.63919931133651 
  1922.0   40.77771326860163 
  1923.0   40.95321856602723 
  1924.0   41.06957717796445 
  1925.0   40.92928865133643 
  1926.0   40.913932141349996 
  1927.0   41.370942149915415 
  1928.0   41.50389516414385 
  1929.0   41.52810910884831 
  1930.0   41.5515844583386 
  1931.0   41.42708190781958 
  1932.0   41.637706403855695 
  1933.0   41.90944370659705 
  1934.0   41.89146035147575 
  1935.0   41.98943084361207 
  1936.0   42.07914473852133 
  1937.0   42.06835293554566 
  1938.0   41.92548407135562 
  1939.0   41.9035655443114 
  1940.0   41.92684296207054 
  1941.0   41.961155000770496 
  1942.0   41.9598975990068 
  1943.0   41.924942672065164 
  1944.0   42.02256056465725 
  1945.0   42.026130904707884 
  1946.0   42.03316270371237 
  1947.0   42.17687320731672 
  1948.0   42.20077662832373 
  1949.0   42.19074109891701 
  1950.0   42.34486976532102 
  1951.0   42.381946978206294 
  1952.0   42.22347422722425 
  1953.0   42.22453369377365 
  1954.0   42.32345117906299 
  1955.0   42.229395632439335 
  1956.0   42.36448082978154 
  1957.0   42.442690674796204 
  1958.0   42.44940726432979 
  1959.0   42.33424790711057 
  1960.0   42.13017979385475 
  1961.0   42.20378503261466 
  1962.0   42.25310343746387 
  1963.0   42.00543340339436 
  1964.0   41.79745428688496 
  1965.0   41.731790199927914 
  1966.0   41.774019532509556 
  1967.0   41.90395110945111 
  1968.0   41.90969921327017 
  1969.0   41.81825109126856 
  1970.0   41.7804016520961 
  1971.0   41.724341946994926 
  1972.0   41.74810609489055 
  1973.0   41.60244063907029 
  1974.0   41.24479554808925 
  1975.0   41.116364921009264 
  1976.0   41.16028049324983 
  1977.0   41.36879356744014 
  1978.0   41.439823136332 
  1979.0   41.41211148775129 
  1980.0   41.413909450679526 
  1981.0   41.44200999383824 
  1982.0   41.34091268660125 
  1983.0   41.47981136660402 
  1984.0   41.67625690120734 
  1985.0   42.050586768311895 
  1986.0   42.56682357993919 
  1987.0   42.7270716650819 
  1988.0   42.851555480406596 
  1989.0   43.00345799308807 
  1990.0   43.100284822108186 
  1991.0   43.19136417409535 
  1992.0   42.976487717361906 
  1993.0   42.73226496483256 
  1994.0   42.84441644099595 
  1995.0   43.26241174230972 
  1996.0   43.59352057878185 
  1997.0   43.75823205136973 
  1998.0   43.74743472083756 
  1999.0   43.79164250712207 
  2000.0   44.019321656326035 
  2001.0   44.25056584683706 
  2002.0   44.41029112918452 
  2003.0   44.58819294876708 
  2004.0   44.79760425394958 
  2005.0   45.167176271837775 
  2006.0   45.64540806938646 
  2007.0   45.79044397398896 
  2008.0   45.99730435208859 
  2009.0   46.30863768728939 
  2010.0   46.64510177069011 
  2011.0   46.88165723001083 
  2012.0   46.98440956292801 
  2013.0   47.35091027121336 
  2014.0   48.154946064313705 
