  1850.0   3.676904453045197 
  1851.0   3.712653870205421 
  1852.0   3.3234770533267906 
  1853.0   3.6007621866655515 
  1854.0   3.965146886555427 
  1855.0   4.011956268792798 
  1856.0   4.08124465357584 
  1857.0   4.117611881049578 
  1858.0   4.15267950572837 
  1859.0   4.170349692691816 
  1860.0   4.22906220596961 
  1861.0   4.271105164408355 
  1862.0   3.881959723405715 
  1863.0   3.955801965546545 
  1864.0   4.3351222683446995 
  1865.0   4.590149721317419 
  1866.0   3.9686431487082636 
  1867.0   4.126885498210573 
  1868.0   4.018008584169574 
  1869.0   4.18048376096273 
  1870.0   4.003488100875313 
  1871.0   4.519810487483161 
  1872.0   4.740431278373408 
  1873.0   4.582493232376703 
  1874.0   4.756655462458677 
  1875.0   4.118600593892294 
  1876.0   3.7957992732769466 
  1877.0   3.798392012367138 
  1878.0   3.9629086750759255 
  1879.0   3.3956568594492755 
  1880.0   4.09395274158024 
  1881.0   3.7044483834907425 
  1882.0   4.215351692686977 
  1883.0   4.376041524244917 
  1884.0   4.630711723725922 
  1885.0   4.266841815038198 
  1886.0   3.6495014061281323 
  1887.0   3.426204418547448 
  1888.0   3.5148302659414807 
  1889.0   3.5553855535353374 
  1890.0   4.168567463684973 
  1891.0   3.918640443032078 
  1892.0   4.078354994043836 
  1893.0   3.3650353943299978 
  1894.0   4.786572025294545 
  1895.0   4.343839646122407 
  1896.0   4.623135942103494 
  1897.0   4.816984039692536 
  1898.0   4.921286839490573 
  1899.0   4.803896881169766 
  1900.0   4.916948026537418 
  1901.0   4.862994667546662 
  1902.0   5.103485184594744 
  1903.0   4.366760041216915 
  1904.0   4.3671037328125255 
  1905.0   4.229619586703276 
  1906.0   3.9595235113205627 
  1907.0   4.185717888412975 
  1908.0   4.102708516986104 
  1909.0   4.598052484836253 
  1910.0   4.131686421706987 
  1911.0   3.972594832848287 
  1912.0   3.7819501805189706 
  1913.0   4.318680015206242 
  1914.0   4.150087320124634 
  1915.0   3.8145256742050373 
  1916.0   3.9750297310616944 
  1917.0   4.059784529603286 
  1918.0   4.188392903623571 
  1919.0   4.72039294578712 
  1920.0   4.400420535744058 
  1921.0   5.011063075499811 
  1922.0   4.117656912263241 
  1923.0   4.6513550099745915 
  1924.0   3.5213743421362946 
  1925.0   4.346672120006273 
  1926.0   4.582176312028019 
  1927.0   4.876577704400285 
  1928.0   4.4929175026892345 
  1929.0   5.391368217088061 
  1930.0   4.175138178887272 
  1931.0   4.3607834619802714 
  1932.0   4.613914258589286 
  1933.0   5.099085747448212 
  1934.0   5.181926955589453 
  1935.0   5.111378146778645 
  1936.0   4.922193628648845 
  1937.0   4.600390861993645 
  1938.0   4.801141116222147 
  1939.0   4.024228987320435 
  1940.0   4.698057711556133 
  1941.0   4.857561176022756 
  1942.0   4.562341902778287 
  1943.0   4.995370035367467 
  1944.0   4.618525634599243 
  1945.0   5.423442591522301 
  1946.0   5.220544887548544 
  1947.0   5.081775347044311 
  1948.0   5.447688768160093 
  1949.0   5.195372186225338 
  1950.0   5.435416987279249 
  1951.0   4.050431432472945 
  1952.0   4.614479845221379 
  1953.0   4.953870009421371 
  1954.0   4.688999152675794 
  1955.0   5.105674148278876 
  1956.0   4.466167687700721 
  1957.0   4.534543192257239 
  1958.0   4.279289846031997 
  1959.0   4.333657047229381 
  1960.0   4.747397299942026 
  1961.0   4.917903554196304 
  1962.0   4.588664816407645 
  1963.0   4.713473277712929 
  1964.0   4.493374882790095 
  1965.0   4.595417125531804 
  1966.0   5.134456247948755 
  1967.0   4.140872835450212 
  1968.0   4.498704748297764 
  1969.0   4.917498667329896 
  1970.0   5.275882553252823 
  1971.0   5.623494663615987 
  1972.0   5.010266520818412 
  1973.0   5.375189978045153 
  1974.0   5.49182293515322 
  1975.0   5.032821216136728 
  1976.0   5.281296204451786 
  1977.0   5.183589755701722 
  1978.0   6.102076280419076 
  1979.0   5.5543603950630445 
  1980.0   5.5715702174176 
  1981.0   5.957850816387102 
  1982.0   5.285580680249444 
  1983.0   5.888915670585347 
  1984.0   5.124826617434208 
  1985.0   5.828925351463541 
  1986.0   5.44502548535704 
  1987.0   5.801687743360022 
  1988.0   5.281516570245366 
  1989.0   5.513522164673012 
  1990.0   5.31175661043133 
  1991.0   5.624959520605101 
  1992.0   6.31615915987538 
  1993.0   5.320366999046586 
  1994.0   5.9785305902707 
  1995.0   6.331112292839215 
  1996.0   5.699279817334834 
  1997.0   6.36992690402618 
  1998.0   6.758351223085586 
  1999.0   7.380277536088213 
  2000.0   6.412147872939724 
  2001.0   6.824098604166782 
  2002.0   6.020798991167099 
  2003.0   6.088191794300868 
  2004.0   5.951982730653142 
  2005.0   5.859154912988806 
  2006.0   5.815037035476726 
  2007.0   6.664279499317647 
  2008.0   6.892843072435891 
  2009.0   7.385919868613049 
  2010.0   6.887562415413396 
  2011.0   7.479327586682839 
  2012.0   7.895669536417554 
  2013.0   7.060936172099931 
  2014.0   6.521426425640126 
