  1850.0   4.897998658482524 
  1851.0   5.002777926820635 
  1852.0   4.997022420483339 
  1853.0   4.78344156411935 
  1854.0   4.8049939371336485 
  1855.0   5.023847347282513 
  1856.0   4.9714376861338705 
  1857.0   4.870206652282704 
  1858.0   5.00981940439086 
  1859.0   5.18036881031651 
  1860.0   4.929504085342646 
  1861.0   4.991181472991876 
  1862.0   4.989488279506569 
  1863.0   4.856761164480626 
  1864.0   4.969371890563428 
  1865.0   5.054141478165101 
  1866.0   4.94776115841636 
  1867.0   5.129319569265978 
  1868.0   5.247429855154005 
  1869.0   5.033336924812608 
  1870.0   5.013435680678404 
  1871.0   4.999543070935646 
  1872.0   4.974814812990396 
  1873.0   4.9216367495612685 
  1874.0   4.937611718516015 
  1875.0   5.078945791520898 
  1876.0   5.060764307146025 
  1877.0   5.04913752582268 
  1878.0   5.070858846523189 
  1879.0   5.0835415916082125 
  1880.0   5.0319143501447146 
  1881.0   5.091661809064843 
  1882.0   5.1324600096619655 
  1883.0   4.986733686200998 
  1884.0   4.877026530705627 
  1885.0   4.962194658057594 
  1886.0   5.16453328390612 
  1887.0   4.859453335101573 
  1888.0   5.071274119121813 
  1889.0   4.843812333837406 
  1890.0   4.853055831532553 
  1891.0   4.8547349391068995 
  1892.0   4.887983066716004 
  1893.0   5.01858135974977 
  1894.0   4.882843615877186 
  1895.0   4.815480509326913 
  1896.0   5.082702306763799 
  1897.0   4.74945610756016 
  1898.0   4.801016747030783 
  1899.0   4.780876648078609 
  1900.0   4.9184146368998745 
  1901.0   4.783599909407794 
  1902.0   4.890816632360759 
  1903.0   4.592960719033863 
  1904.0   4.609339302856023 
  1905.0   4.750738754973827 
  1906.0   4.862546326931353 
  1907.0   4.766696082993508 
  1908.0   4.76603994835819 
  1909.0   4.776052382078673 
  1910.0   4.756458721416623 
  1911.0   4.928029431996216 
  1912.0   4.87692506131438 
  1913.0   4.817525311309926 
  1914.0   4.816820277995902 
  1915.0   4.909133830841736 
  1916.0   4.891243203077242 
  1917.0   4.9314757797598805 
  1918.0   5.041966425933746 
  1919.0   5.000852667278712 
  1920.0   5.066900483358079 
  1921.0   5.054713103817339 
  1922.0   5.124541067034219 
  1923.0   4.950169354789089 
  1924.0   4.953074087319815 
  1925.0   5.2078827496779265 
  1926.0   5.129791251181554 
  1927.0   4.9303943314954495 
  1928.0   4.977151993739518 
  1929.0   4.960061283218997 
  1930.0   4.977839007057548 
  1931.0   4.981222249760022 
  1932.0   5.014807417342498 
  1933.0   5.016852244001891 
  1934.0   5.089588392126904 
  1935.0   5.0693676537244885 
  1936.0   4.939568400815512 
  1937.0   5.037390711788579 
  1938.0   4.916394506883907 
  1939.0   4.888044350410012 
  1940.0   5.05015661547245 
  1941.0   5.030138768866868 
  1942.0   5.080197127445661 
  1943.0   5.222791824740401 
  1944.0   5.115776902865865 
  1945.0   5.117450302236985 
  1946.0   5.202897126830023 
  1947.0   5.29100088302435 
  1948.0   5.155273545990821 
  1949.0   5.223987642342968 
  1950.0   5.183958543741026 
  1951.0   5.131794496522753 
  1952.0   5.191237420824527 
  1953.0   5.349565133220881 
  1954.0   5.270384118645337 
  1955.0   4.9426199392556605 
  1956.0   4.963325840592275 
  1957.0   4.960867924761072 
  1958.0   4.98904280996628 
  1959.0   4.9806620057791555 
  1960.0   5.021778616246633 
  1961.0   4.895838419433352 
  1962.0   4.824342841243722 
  1963.0   4.861300093941063 
  1964.0   4.760029024495521 
  1965.0   4.63196000462473 
  1966.0   4.736064109596546 
  1967.0   4.836047559995459 
  1968.0   4.71590164892387 
  1969.0   4.809664824396483 
  1970.0   4.611529210880649 
  1971.0   4.761997264167801 
  1972.0   4.7936802832839 
  1973.0   4.671343225428621 
  1974.0   4.751057933086723 
  1975.0   4.833837476941443 
  1976.0   4.6533192424605865 
  1977.0   4.758058076427992 
  1978.0   4.840051394133529 
  1979.0   4.8903276722670155 
  1980.0   4.943164752595699 
  1981.0   5.134021294444769 
  1982.0   4.8003332309720035 
  1983.0   4.861623142434289 
  1984.0   5.006010175758677 
  1985.0   5.048820342968847 
  1986.0   5.008521650437356 
  1987.0   4.902001278291657 
  1988.0   4.956402706051002 
  1989.0   5.103410106104454 
  1990.0   5.1750236249464665 
  1991.0   5.130081606704311 
  1992.0   5.006328738281974 
  1993.0   5.03150460185612 
  1994.0   5.225840681009654 
  1995.0   5.2345502388602005 
  1996.0   5.364592591517778 
  1997.0   5.399968152589658 
  1998.0   5.43559431523255 
  1999.0   5.455889044726837 
  2000.0   5.468748949185307 
  2001.0   5.662164295951684 
  2002.0   5.35970543579339 
  2003.0   5.2454589775716345 
  2004.0   5.64342790558295 
  2005.0   5.771071064304409 
  2006.0   5.552315163209939 
  2007.0   5.655831239436924 
  2008.0   5.820523098608559 
  2009.0   5.603247778434318 
  2010.0   5.856753981859534 
  2011.0   5.808530249857918 
  2012.0   5.693095685494884 
  2013.0   5.81913453442112 
  2014.0   5.841361008043706 
