  1850.0   1.6229332994873389 
  1851.0   1.6679607814316033 
  1852.0   1.6761631771168763 
  1853.0   1.6314760884139563 
  1854.0   1.756223956401679 
  1855.0   1.6492032293315098 
  1856.0   1.6287212084040728 
  1857.0   1.692781448946698 
  1858.0   1.6412101969609056 
  1859.0   1.6172984442436908 
  1860.0   1.6565217821045723 
  1861.0   1.6361484547816454 
  1862.0   1.7232268451250095 
  1863.0   1.700314814031298 
  1864.0   1.6472985389564934 
  1865.0   1.646194226459758 
  1866.0   1.7106087420308824 
  1867.0   1.8248478633375411 
  1868.0   1.6307878465111332 
  1869.0   1.729952704536506 
  1870.0   1.7376799699094132 
  1871.0   1.658869960759978 
  1872.0   1.6695188257140607 
  1873.0   1.7535142932599077 
  1874.0   1.7654614062968694 
  1875.0   1.6414314731332733 
  1876.0   1.6201528152926987 
  1877.0   1.702352977053861 
  1878.0   1.6826329045122472 
  1879.0   1.6939605554987724 
  1880.0   1.6739623212061423 
  1881.0   1.6290732212615269 
  1882.0   1.710970788733738 
  1883.0   1.7155698106514643 
  1884.0   1.7023496801103315 
  1885.0   1.6638547597499431 
  1886.0   1.6616633730525705 
  1887.0   1.6937433777541293 
  1888.0   1.6123415801557117 
  1889.0   1.7878549050787504 
  1890.0   1.7084601786459623 
  1891.0   1.6738180955307902 
  1892.0   1.6157825210571928 
  1893.0   1.600636850795803 
  1894.0   1.6283374233316623 
  1895.0   1.7170613097337069 
  1896.0   1.644487137568473 
  1897.0   1.6369640345502674 
  1898.0   1.6055304756364588 
  1899.0   1.7292922064007767 
  1900.0   1.607395635195977 
  1901.0   1.6838039078159062 
  1902.0   1.7053032115686062 
  1903.0   1.701183322622197 
  1904.0   1.6742762467863412 
  1905.0   1.7054666208407674 
  1906.0   1.6592992297324505 
  1907.0   1.6713330619154587 
  1908.0   1.6530578363577926 
  1909.0   1.6639751475015871 
  1910.0   1.7306631052511892 
  1911.0   1.6282973090332085 
  1912.0   1.6108987598686875 
  1913.0   1.7386028006497576 
  1914.0   1.6818549327996 
  1915.0   1.696314146244603 
  1916.0   1.6824260191123346 
  1917.0   1.6839616081211584 
  1918.0   1.6767072417315259 
  1919.0   1.7342526884953093 
  1920.0   1.6618162744309413 
  1921.0   1.6093613291050155 
  1922.0   1.6443867653300632 
  1923.0   1.6584234984867487 
  1924.0   1.7277155240109363 
  1925.0   1.743213044071599 
  1926.0   1.6631224859524985 
  1927.0   1.5464116151249434 
  1928.0   1.6682789349014162 
  1929.0   1.6619099401319537 
  1930.0   1.6993634104923623 
  1931.0   1.615354255555767 
  1932.0   1.7286360643147176 
  1933.0   1.7867173605887547 
  1934.0   1.7606661747197165 
  1935.0   1.623366198974764 
  1936.0   1.714759761133197 
  1937.0   1.686356360825257 
  1938.0   1.749795157559559 
  1939.0   1.6559473064929828 
  1940.0   1.630361287758415 
  1941.0   1.6145309029583672 
  1942.0   1.7989557448561682 
  1943.0   1.7836816239612427 
  1944.0   1.6715475006081315 
  1945.0   1.6337604466210247 
  1946.0   1.7944570046675086 
  1947.0   1.729581664127905 
  1948.0   1.7541669589596818 
  1949.0   1.650493720571973 
  1950.0   1.6732515700895774 
  1951.0   1.7268266274363764 
  1952.0   1.6611530868326834 
  1953.0   1.6171458103772647 
  1954.0   1.6910561800644166 
  1955.0   1.6976514607005277 
  1956.0   1.6966368165865948 
  1957.0   1.596915949595163 
  1958.0   1.7403030334254037 
  1959.0   1.6519588900199949 
  1960.0   1.6147739685024731 
  1961.0   1.660130770777421 
  1962.0   1.6943948369677333 
  1963.0   1.6976672512188524 
  1964.0   1.6990473419910384 
  1965.0   1.545295059653061 
  1966.0   1.6871165818868814 
  1967.0   1.7103460918532631 
  1968.0   1.6300293961394974 
  1969.0   1.6887885741262032 
  1970.0   1.58513608035279 
  1971.0   1.678402775734423 
  1972.0   1.6631662402522913 
  1973.0   1.7310841774102026 
  1974.0   1.6494909023159605 
  1975.0   1.6494553259765654 
  1976.0   1.6197735174884498 
  1977.0   1.6598281916967983 
  1978.0   1.6006399900997186 
  1979.0   1.5923802672985339 
  1980.0   1.5956121653602007 
  1981.0   1.6325539540908467 
  1982.0   1.6529490104027207 
  1983.0   1.6661500788004424 
  1984.0   1.6287051895038298 
  1985.0   1.5861470310322805 
  1986.0   1.6982927748543684 
  1987.0   1.7583258592024988 
  1988.0   1.688062629997591 
  1989.0   1.7089281411375308 
  1990.0   1.5848193602500504 
  1991.0   1.6787753847591242 
  1992.0   1.647353715570554 
  1993.0   1.6350595676358344 
  1994.0   1.6502399507366234 
  1995.0   1.6342192181077855 
  1996.0   1.6045564550597073 
  1997.0   1.7326777307974992 
  1998.0   1.6923375481816316 
  1999.0   1.7572381965462187 
  2000.0   1.808680457104773 
  2001.0   1.759002692010106 
  2002.0   1.703815295657332 
  2003.0   1.6822097208206306 
  2004.0   1.6706757874444211 
  2005.0   1.7273919732802723 
  2006.0   1.7626721893140131 
  2007.0   1.78896828259345 
  2008.0   1.7614075669367708 
  2009.0   1.6938975069028213 
  2010.0   1.724123632110714 
  2011.0   1.7515098630333696 
  2012.0   1.8084599005593283 
  2013.0   1.8458953366169626 
  2014.0   1.6854660534425632 
