  1850.0   448.42149661713415 
  1851.0   448.4709298124066 
  1852.0   448.59488602237207 
  1853.0   448.7019707886577 
  1854.0   448.74248241323556 
  1855.0   448.6838863713875 
  1856.0   448.7408926708368 
  1857.0   448.6097677461638 
  1858.0   448.3609159827715 
  1859.0   448.13542143253153 
  1860.0   448.0379969685977 
  1861.0   448.26551508819506 
  1862.0   448.5280574137742 
  1863.0   448.5575905364493 
  1864.0   448.44538737633155 
  1865.0   448.507533786248 
  1866.0   448.7079954814499 
  1867.0   448.72279386308304 
  1868.0   448.802839196308 
  1869.0   448.9640255820383 
  1870.0   449.0271871031029 
  1871.0   449.0877110214716 
  1872.0   449.1578102722451 
  1873.0   449.1783643890702 
  1874.0   449.0331708404634 
  1875.0   449.02396116998443 
  1876.0   449.1467681576986 
  1877.0   449.1290234822504 
  1878.0   449.2550602915222 
  1879.0   449.4255250983373 
  1880.0   449.3692204194063 
  1881.0   449.510394294097 
  1882.0   449.8037976109121 
  1883.0   449.8144084850715 
  1884.0   449.9801301021628 
  1885.0   450.1146392033816 
  1886.0   450.1835905712973 
  1887.0   450.1795199952132 
  1888.0   450.13957226069095 
  1889.0   450.1682274522261 
  1890.0   449.9887523251857 
  1891.0   449.8403269097722 
  1892.0   449.92008282618644 
  1893.0   450.1059128986523 
  1894.0   450.12363142422214 
  1895.0   450.1513755982921 
  1896.0   450.1310467166598 
  1897.0   450.06865998777334 
  1898.0   450.1134754695038 
  1899.0   450.09552720232136 
  1900.0   449.9446901701181 
  1901.0   449.91263613446125 
  1902.0   449.95410382261576 
  1903.0   449.9553122311229 
  1904.0   449.9238716172928 
  1905.0   449.89243406992966 
  1906.0   449.86860184430293 
  1907.0   450.03228916305017 
  1908.0   450.3117790564425 
  1909.0   450.4081799838549 
  1910.0   450.32775965720964 
  1911.0   450.2739347065333 
  1912.0   450.36163942865153 
  1913.0   450.38759187531855 
  1914.0   450.51724104385664 
  1915.0   450.6966614011974 
  1916.0   450.6877318453844 
  1917.0   450.58295975100407 
  1918.0   450.4964692489432 
  1919.0   450.3678890938056 
  1920.0   450.2896940128953 
  1921.0   450.4179703428927 
  1922.0   450.504019508926 
  1923.0   450.57422059703157 
  1924.0   450.66948840904894 
  1925.0   450.601748796772 
  1926.0   450.63944576134475 
  1927.0   451.1098044760906 
  1928.0   451.389366324285 
  1929.0   451.4798447308937 
  1930.0   451.51390309461806 
  1931.0   451.4279817974964 
  1932.0   451.61484163243506 
  1933.0   451.85000690792214 
  1934.0   451.8842405445994 
  1935.0   451.9778705836526 
  1936.0   452.0847950073052 
  1937.0   452.1821710096472 
  1938.0   452.1319735074205 
  1939.0   452.15620541583735 
  1940.0   452.2358148224616 
  1941.0   452.3607927020834 
  1942.0   452.4345064427798 
  1943.0   452.42495604348875 
  1944.0   452.5869453799142 
  1945.0   452.59109936399784 
  1946.0   452.5709402221762 
  1947.0   452.77511402168625 
  1948.0   452.9077035514001 
  1949.0   453.07177313317914 
  1950.0   453.390191161572 
  1951.0   453.5740580259047 
  1952.0   453.5079206752586 
  1953.0   453.60526730432287 
  1954.0   453.87111926854914 
  1955.0   453.9293001312583 
  1956.0   454.1393328927579 
  1957.0   454.2598932882606 
  1958.0   454.358276790704 
  1959.0   454.3847866420893 
  1960.0   454.3963892959643 
  1961.0   454.60726180478133 
  1962.0   454.7558007718575 
  1963.0   454.72704099202497 
  1964.0   454.63338271379126 
  1965.0   454.68407166113474 
  1966.0   454.84385418152743 
  1967.0   454.92530573465626 
  1968.0   454.99680102008887 
  1969.0   455.0685417306945 
  1970.0   455.1259524034201 
  1971.0   455.11956300020563 
  1972.0   455.25255639834154 
  1973.0   455.2174156114521 
  1974.0   454.9518101260228 
  1975.0   454.8555124335416 
  1976.0   454.9451214939671 
  1977.0   455.1647020351784 
  1978.0   455.2772850129519 
  1979.0   455.3576359797658 
  1980.0   455.45571720199547 
  1981.0   455.54540071875715 
  1982.0   455.5145742875989 
  1983.0   455.80813480303453 
  1984.0   456.10756582354975 
  1985.0   456.5362694402584 
  1986.0   457.0847890541981 
  1987.0   457.3157940364845 
  1988.0   457.550917044413 
  1989.0   457.89980519210724 
  1990.0   458.1985806276454 
  1991.0   458.394254916261 
  1992.0   458.37177031096854 
  1993.0   458.37269119074006 
  1994.0   458.64133643592936 
  1995.0   459.1665509079605 
  1996.0   459.602360022399 
  1997.0   459.8152440699517 
  1998.0   459.8886829089964 
  1999.0   460.0175579331042 
  2000.0   460.34377799130914 
  2001.0   460.6472109351645 
  2002.0   460.92882608314756 
  2003.0   461.26575115589776 
  2004.0   461.69150580945734 
  2005.0   462.0850440287573 
  2006.0   462.5761472480427 
  2007.0   462.9453661580372 
  2008.0   463.3329311667547 
  2009.0   463.8085021401727 
  2010.0   464.330983456962 
  2011.0   464.7725346540274 
  2012.0   465.2120264081731 
  2013.0   465.80973867213163 
  2014.0   466.770005317704 
