  1850.0   4.74941453741122 
  1851.0   4.5768050696115 
  1852.0   4.357146678520968 
  1853.0   4.781142228422369 
  1854.0   4.927189553745154 
  1855.0   4.7274089989803985 
  1856.0   4.498460683240312 
  1857.0   4.675911386267703 
  1858.0   4.680257706473079 
  1859.0   4.950828839875458 
  1860.0   4.743344852033744 
  1861.0   4.95807241339336 
  1862.0   4.669874509438076 
  1863.0   4.811794266073733 
  1864.0   4.62094700225651 
  1865.0   4.926555246429998 
  1866.0   4.7460870791636935 
  1867.0   4.759240428278131 
  1868.0   4.533668170121563 
  1869.0   4.642953875219299 
  1870.0   4.905520428114835 
  1871.0   4.763060436737702 
  1872.0   4.860030400155985 
  1873.0   4.398764256334323 
  1874.0   4.348435698160209 
  1875.0   4.471071375278693 
  1876.0   4.5997615086207375 
  1877.0   4.57349499832632 
  1878.0   4.847360093590473 
  1879.0   4.592096662314248 
  1880.0   4.827379400192497 
  1881.0   4.599970564563226 
  1882.0   4.459897584894897 
  1883.0   4.518565985051805 
  1884.0   4.418917400831305 
  1885.0   4.59431245235869 
  1886.0   4.397028078829109 
  1887.0   4.650690322130406 
  1888.0   4.6342683802047135 
  1889.0   4.654904823800465 
  1890.0   4.703780013947177 
  1891.0   4.524759189598614 
  1892.0   4.417719240138895 
  1893.0   4.975417266378487 
  1894.0   4.668848881357672 
  1895.0   4.699195951766544 
  1896.0   4.350978829146885 
  1897.0   4.712177903987668 
  1898.0   4.801060808586168 
  1899.0   4.833732353514176 
  1900.0   4.376814431257881 
  1901.0   4.630153692981484 
  1902.0   4.931845105903613 
  1903.0   4.676787454209571 
  1904.0   5.06815756663476 
  1905.0   5.014198215966701 
  1906.0   4.602298576426929 
  1907.0   4.714411038322019 
  1908.0   4.85188833729914 
  1909.0   4.61291150722573 
  1910.0   4.610926025544879 
  1911.0   4.862839721674334 
  1912.0   4.677512699662298 
  1913.0   4.541437220167269 
  1914.0   4.743730080157168 
  1915.0   5.133905350242373 
  1916.0   4.835695214090735 
  1917.0   4.5944600296703575 
  1918.0   4.836733326781675 
  1919.0   4.843687666322157 
  1920.0   4.922528503306687 
  1921.0   4.967289058885988 
  1922.0   4.945765869779732 
  1923.0   4.817998292250093 
  1924.0   4.861911219427966 
  1925.0   5.18390660533466 
  1926.0   4.79161534064877 
  1927.0   5.05609256494163 
  1928.0   5.0799432069996024 
  1929.0   4.647621530985824 
  1930.0   5.036897735347663 
  1931.0   5.193246028323798 
  1932.0   4.802637605353988 
  1933.0   5.1235225406777625 
  1934.0   4.692514846329984 
  1935.0   4.908688683311821 
  1936.0   5.0811391475400205 
  1937.0   4.521400002042194 
  1938.0   4.9000576367838455 
  1939.0   5.086043330871776 
  1940.0   5.214430318649735 
  1941.0   4.855326581511178 
  1942.0   4.870209248457491 
  1943.0   5.202453854595699 
  1944.0   5.232315485965759 
  1945.0   4.717578908339715 
  1946.0   4.966422437255285 
  1947.0   4.87706940540765 
  1948.0   5.407189511042229 
  1949.0   4.812393053684924 
  1950.0   4.9018532986742915 
  1951.0   5.118223037875479 
  1952.0   5.122200849154644 
  1953.0   5.286939198685261 
  1954.0   4.861246264313086 
  1955.0   4.776461607847438 
  1956.0   4.817797418426217 
  1957.0   5.031061682015886 
  1958.0   5.058353349553555 
  1959.0   4.817549538265062 
  1960.0   4.759351646879689 
  1961.0   4.934452740469184 
  1962.0   4.88415788863274 
  1963.0   5.076597936654367 
  1964.0   4.828583749428686 
  1965.0   4.719256149880039 
  1966.0   4.9923834927367015 
  1967.0   5.143898261159516 
  1968.0   4.99746582636502 
  1969.0   4.779580840369522 
  1970.0   4.8317226509429085 
  1971.0   5.029112116415606 
  1972.0   5.093099084775866 
  1973.0   5.062091284757184 
  1974.0   5.426265576477264 
  1975.0   5.140345408054873 
  1976.0   4.823450127408205 
  1977.0   4.863935136619883 
  1978.0   5.286744305445895 
  1979.0   5.203235035008687 
  1980.0   5.39650103545785 
  1981.0   5.385491696443334 
  1982.0   5.223040055665102 
  1983.0   5.037436750865281 
  1984.0   5.405182818547985 
  1985.0   5.317714380473593 
  1986.0   5.352635294271346 
  1987.0   5.364490484949297 
  1988.0   5.327829581722651 
  1989.0   5.430343417579082 
  1990.0   5.506848860254167 
  1991.0   5.413315246260809 
  1992.0   5.459233829695334 
  1993.0   5.355140267967406 
  1994.0   5.609248361985765 
  1995.0   5.458314116429505 
  1996.0   5.659857707251142 
  1997.0   5.8459217327050865 
  1998.0   5.935377396268748 
  1999.0   5.897806663348927 
  2000.0   5.6393774941123365 
  2001.0   6.0399510556823675 
  2002.0   5.683716749470016 
  2003.0   5.738907614277122 
  2004.0   5.569221728735146 
  2005.0   6.261976777173159 
  2006.0   6.064208324631065 
  2007.0   5.791792436363497 
  2008.0   6.2162775866402775 
  2009.0   6.043238244797878 
  2010.0   5.943444839573517 
  2011.0   5.884380734374097 
  2012.0   6.060526311313097 
  2013.0   6.1164154340545185 
  2014.0   5.901075643268074 
