  1850.0   9.213696740492326 
  1851.0   9.049902787390439 
  1852.0   9.020778649374712 
  1853.0   9.07182592617516 
  1854.0   9.121248502438513 
  1855.0   9.244644261460675 
  1856.0   9.316133924248286 
  1857.0   9.271979568276551 
  1858.0   9.307662852248045 
  1859.0   9.430757360182167 
  1860.0   9.500373482259098 
  1861.0   9.576679846845831 
  1862.0   9.677574226925854 
  1863.0   9.583423373577201 
  1864.0   9.548272850755923 
  1865.0   9.647437754863986 
  1866.0   9.62720934257109 
  1867.0   9.58305796426189 
  1868.0   9.530078478570546 
  1869.0   9.567190049725532 
  1870.0   9.478137918800078 
  1871.0   9.459270978627154 
  1872.0   9.503515331641735 
  1873.0   9.535552938884152 
  1874.0   9.617155978797483 
  1875.0   9.594986587158486 
  1876.0   9.615420048379123 
  1877.0   9.638910915679086 
  1878.0   9.589340666006693 
  1879.0   9.640490911115114 
  1880.0   9.75022313317446 
  1881.0   9.728492748175706 
  1882.0   9.667123196019944 
  1883.0   9.623756182927552 
  1884.0   9.64307439687303 
  1885.0   9.669446989063523 
  1886.0   9.622560118980074 
  1887.0   9.653389114767556 
  1888.0   9.69720117931016 
  1889.0   9.646088341154039 
  1890.0   9.659774584885865 
  1891.0   9.759531757515719 
  1892.0   9.801013526479116 
  1893.0   9.67197065928697 
  1894.0   9.463575178349357 
  1895.0   9.379939914185334 
  1896.0   9.492068662013683 
  1897.0   9.533804924082315 
  1898.0   9.546633281035268 
  1899.0   9.599249233074245 
  1900.0   9.629930151272783 
  1901.0   9.618522892905233 
  1902.0   9.600311539652196 
  1903.0   9.685890548928796 
  1904.0   9.503479065766735 
  1905.0   9.48761508909666 
  1906.0   9.481819595733718 
  1907.0   9.45178029151697 
  1908.0   9.412595810253137 
  1909.0   9.382579240903395 
  1910.0   9.423036906913955 
  1911.0   9.507615736786526 
  1912.0   9.481185017812768 
  1913.0   9.5924497982791 
  1914.0   9.787521328775748 
  1915.0   9.861531822932958 
  1916.0   9.734938668371926 
  1917.0   9.652189187453578 
  1918.0   9.585733847753493 
  1919.0   9.546483692331329 
  1920.0   9.537608503108647 
  1921.0   9.405430095017035 
  1922.0   9.335855792749928 
  1923.0   9.400761466022683 
  1924.0   9.58699376194516 
  1925.0   9.61747200134057 
  1926.0   9.533040243156814 
  1927.0   9.513065352690656 
  1928.0   9.578056655994281 
  1929.0   9.644550853073756 
  1930.0   9.59951753944411 
  1931.0   9.638718323199937 
  1932.0   9.71758603659585 
  1933.0   9.78712056239731 
  1934.0   9.742717214766936 
  1935.0   9.793888911889269 
  1936.0   9.8001553417266 
  1937.0   9.771879287274341 
  1938.0   9.831745967260899 
  1939.0   9.663945829908299 
  1940.0   9.589141209871823 
  1941.0   9.60661223283007 
  1942.0   9.632449433452914 
  1943.0   9.79494037598505 
  1944.0   9.796400634381035 
  1945.0   9.825856622102851 
  1946.0   9.77460856555875 
  1947.0   9.780283084430172 
  1948.0   9.532605013244291 
  1949.0   9.408961652348532 
  1950.0   9.626272807470492 
  1951.0   9.807278708528957 
  1952.0   9.693058065022004 
  1953.0   9.716026432928599 
  1954.0   9.80575653576825 
  1955.0   9.893923904164687 
  1956.0   9.72391172472597 
  1957.0   9.72064393567054 
  1958.0   9.805153372959667 
  1959.0   9.800705107211732 
  1960.0   9.848542828901913 
  1961.0   9.937603368274525 
  1962.0   9.76388213018906 
  1963.0   9.640906332191268 
  1964.0   9.621174246012766 
  1965.0   9.735579585143244 
  1966.0   9.82904797649183 
  1967.0   9.865245615289439 
  1968.0   9.93603000217337 
  1969.0   9.844605692185452 
  1970.0   9.798031218624127 
  1971.0   9.640717378641313 
  1972.0   9.595968404345854 
  1973.0   9.546736992401865 
  1974.0   9.572798165084006 
  1975.0   9.757540648578033 
  1976.0   9.885090771187947 
  1977.0   9.853371844638746 
  1978.0   9.760719096149346 
  1979.0   9.750149863193409 
  1980.0   9.669900042961071 
  1981.0   9.640189075324175 
  1982.0   9.641207250246161 
  1983.0   9.734664696190656 
  1984.0   9.635427894112626 
  1985.0   9.539691107216823 
  1986.0   9.503943813796353 
  1987.0   9.475091600901253 
  1988.0   9.491588734035634 
  1989.0   9.461486659493202 
  1990.0   9.538467839687899 
  1991.0   9.566244621218699 
  1992.0   9.638998328295601 
  1993.0   9.88307592895221 
  1994.0   9.941429781468674 
  1995.0   9.98395212854966 
  1996.0   10.028039028728292 
  1997.0   9.903335231095317 
  1998.0   9.921728502878048 
  1999.0   10.100509804469405 
  2000.0   10.23248376934415 
  2001.0   10.16858189845435 
  2002.0   9.998971934092873 
  2003.0   9.968900850288195 
  2004.0   9.964387998174336 
  2005.0   10.011787122638921 
  2006.0   10.120192811060596 
  2007.0   10.216542540664406 
  2008.0   10.176049584071219 
  2009.0   10.305274285730713 
  2010.0   10.391651934674726 
  2011.0   10.289535162347805 
  2012.0   10.259252277738893 
  2013.0   10.339596689055591 
  2014.0   10.372020470018464 
