  1850.0   0.0 
  1851.0   7.464953450846823e-05 
  1852.0   0.00014771892435659596 
  1853.0   0.00021840812511666067 
  1854.0   0.000286934053824086 
  1855.0   0.00035416980384367635 
  1856.0   0.0004203433705656802 
  1857.0   0.0004840375798384571 
  1858.0   0.0005457691131673367 
  1859.0   0.0006057487100386294 
  1860.0   0.0006639171607167485 
  1861.0   0.0006843512289905197 
  1862.0   0.0007041144185696977 
  1863.0   0.0007228199303717294 
  1864.0   0.0007407318573345047 
  1865.0   0.0007583143642149965 
  1866.0   0.0007616620903385838 
  1867.0   0.0007653213184960028 
  1868.0   0.0007689652632361118 
  1869.0   0.0007724630437210339 
  1870.0   0.0007757589223036497 
  1871.0   0.0008108791832788602 
  1872.0   0.0008461828505049903 
  1873.0   0.0008816040302268081 
  1874.0   0.0009160048448795169 
  1875.0   0.0009506287893160864 
  1876.0   0.0009828183182332324 
  1877.0   0.0010149815291492488 
  1878.0   0.00104554964086376 
  1879.0   0.0010754471486006008 
  1880.0   0.0011047492617897304 
  1881.0   0.0011318278914033938 
  1882.0   0.0011586080725537184 
  1883.0   0.001185306816513476 
  1884.0   0.00121203105493756 
  1885.0   0.00123897997197064 
  1886.0   0.0012671471883976936 
  1887.0   0.0012945389939373975 
  1888.0   0.0013215420420982986 
  1889.0   0.001347749423264633 
  1890.0   0.001373484458978638 
  1891.0   0.0013774266639730102 
  1892.0   0.0013805894846381582 
  1893.0   0.0013835235576415352 
  1894.0   0.001386586436870141 
  1895.0   0.001390009561632506 
  1896.0   0.0013930728932518024 
  1897.0   0.001397141117834969 
  1898.0   0.0014012523773933297 
  1899.0   0.0014055894631639623 
  1900.0   0.0014097290511915783 
  1901.0   0.0015186486981900213 
  1902.0   0.0016392269879672323 
  1903.0   0.0017623207603932264 
  1904.0   0.0018909110559891583 
  1905.0   0.002022336671142045 
  1906.0   0.002157034449751364 
  1907.0   0.0022914762700913093 
  1908.0   0.0024292354760980708 
  1909.0   0.002564511081372426 
  1910.0   0.002700109306864835 
  1911.0   0.0025458018292818835 
  1912.0   0.00240117035709071 
  1913.0   0.0022654328719007664 
  1914.0   0.0021382189785646294 
  1915.0   0.0020189120926663545 
  1916.0   0.001907139999905586 
  1917.0   0.001802214535745305 
  1918.0   0.0017042245628694224 
  1919.0   0.0016123936743841004 
  1920.0   0.0015269171497686303 
  1921.0   0.0015090287013106278 
  1922.0   0.0014918063551446782 
  1923.0   0.0014755033899160918 
  1924.0   0.0014597950663007531 
  1925.0   0.0014458696675108994 
  1926.0   0.0014194981758239031 
  1927.0   0.0013940393364050459 
  1928.0   0.001369528250506356 
  1929.0   0.001345465519966932 
  1930.0   0.0013223806651639358 
  1931.0   0.0013724649465361371 
  1932.0   0.0014225583871800766 
  1933.0   0.0014736687433699446 
  1934.0   0.0015254020111581308 
  1935.0   0.0015786320796933083 
  1936.0   0.0016678680581295913 
  1937.0   0.0017615662356469696 
  1938.0   0.001864775274925758 
  1939.0   0.001975150053731689 
  1940.0   0.002099331717907316 
  1941.0   0.0019396314030018238 
  1942.0   0.0017945150689511614 
  1943.0   0.0016628746965489177 
  1944.0   0.0015439813647554173 
  1945.0   0.0014367688395651615 
  1946.0   0.001340456837688362 
  1947.0   0.001254156970972627 
  1948.0   0.0011769479254515572 
  1949.0   0.0011084073566508918 
  1950.0   0.001224417783919952 
  1951.0   0.0012275198103877136 
  1952.0   0.001240700571159868 
  1953.0   0.0012390554252933704 
  1954.0   0.001247841051045755 
  1955.0   0.0012684810511309108 
  1956.0   0.0012749082296983302 
  1957.0   0.0012887448844040822 
  1958.0   0.001309738700901627 
  1959.0   0.0013323187331567674 
  1960.0   0.0013587879858233758 
  1961.0   0.0013258148212624977 
  1962.0   0.0012922971822875696 
  1963.0   0.0012601138199098312 
  1964.0   0.0012312754015967515 
  1965.0   0.0012053417560337564 
  1966.0   0.0011805796475818507 
  1967.0   0.0011566593748774995 
  1968.0   0.0011349864621961463 
  1969.0   0.0011143170414192058 
  1970.0   0.0010940429422306125 
  1971.0   0.001074255794576997 
  1972.0   0.0010536035031084732 
  1973.0   0.001034019087055786 
  1974.0   0.0010171964670112465 
  1975.0   0.0010008106279930976 
  1976.0   0.0009878740185143794 
  1977.0   0.0009758044654716657 
  1978.0   0.0009637215136157707 
  1979.0   0.0009516495936746367 
  1980.0   0.0009400405299871703 
  1981.0   0.0009293618778775041 
  1982.0   0.0009208604375490419 
  1983.0   0.0009094658598883574 
  1984.0   0.0008997869016523184 
  1985.0   0.0008926672354908206 
  1986.0   0.0008855651093715284 
  1987.0   0.000879951400581111 
  1988.0   0.000877141351976436 
  1989.0   0.0008743603218172807 
  1990.0   0.0008723535460236117 
  1991.0   0.000883616371615334 
  1992.0   0.0008915749668367676 
  1993.0   0.0008905030516455879 
  1994.0   0.0008864596055558089 
  1995.0   0.0008802674767044994 
  1996.0   0.0008754836979122859 
  1997.0   0.0008707952554395118 
  1998.0   0.0008689949493185376 
  1999.0   0.0008665090277434664 
  2000.0   0.0008672935810105551 
  2001.0   0.000852089775397511 
  2002.0   0.000840847965766131 
  2003.0   0.0008384560321507923 
  2004.0   0.0008260705503780061 
  2005.0   0.0010547201574534109 
  2006.0   0.0010344044811216606 
  2007.0   0.0010140664496839237 
  2008.0   0.0009958039481738352 
  2009.0   0.000970664690486117 
  2010.0   0.001245513021635397 
  2011.0   0.0011006429757830407 
  2012.0   0.0010845367929013018 
  2013.0   0.0010752541018634219 
  2014.0   0.0010603970955875923 
