  1850.0   1.9704026340750238 
  1851.0   1.9241260441195422 
  1852.0   1.9328347344677133 
  1853.0   1.8541533200495481 
  1854.0   1.8694764751774051 
  1855.0   1.911320380175761 
  1856.0   1.8918067335635405 
  1857.0   1.9501928402445075 
  1858.0   1.872672211094845 
  1859.0   1.902566526867939 
  1860.0   1.8832831654042164 
  1861.0   1.8979720894957481 
  1862.0   1.865854803470312 
  1863.0   1.8768023447088806 
  1864.0   1.851946160334673 
  1865.0   1.949062841946063 
  1866.0   1.8403195554103686 
  1867.0   1.959247513160047 
  1868.0   1.8598962148094105 
  1869.0   1.976418324257294 
  1870.0   1.8567946090176128 
  1871.0   1.8847317943060102 
  1872.0   1.8870503341803868 
  1873.0   1.8656908981667066 
  1874.0   1.9142623426121015 
  1875.0   1.9448015743816602 
  1876.0   1.8855132471999394 
  1877.0   1.9301691583860046 
  1878.0   1.8790217620520686 
  1879.0   1.962509489659229 
  1880.0   1.948583487926758 
  1881.0   1.8950640390123936 
  1882.0   1.7938243390950541 
  1883.0   1.9047675623672753 
  1884.0   1.9023739876227534 
  1885.0   1.81276972375198 
  1886.0   1.897621813078722 
  1887.0   1.8363138663499337 
  1888.0   1.8713340686453264 
  1889.0   1.833690152599426 
  1890.0   1.90491788924485 
  1891.0   1.8810471303177723 
  1892.0   1.858671065462489 
  1893.0   1.873398027162976 
  1894.0   1.867123024094135 
  1895.0   1.8825385521454026 
  1896.0   1.852477245785325 
  1897.0   1.8417043301205491 
  1898.0   1.9015911653168918 
  1899.0   1.8810517682067416 
  1900.0   1.8150705039245583 
  1901.0   1.8465857164496762 
  1902.0   1.9063668782976892 
  1903.0   1.882756580298677 
  1904.0   1.8936401234208173 
  1905.0   1.9145143172590169 
  1906.0   1.8929149759376795 
  1907.0   1.8999561055553627 
  1908.0   1.8791986730460155 
  1909.0   1.8858565145197774 
  1910.0   1.9277388879562944 
  1911.0   1.9391779856911584 
  1912.0   1.929023635868666 
  1913.0   1.8349145827011026 
  1914.0   1.9258651645495481 
  1915.0   1.9102462770232402 
  1916.0   1.9663994471672666 
  1917.0   1.842931258287159 
  1918.0   1.8470264385653297 
  1919.0   1.9341995471925804 
  1920.0   1.8200309424542223 
  1921.0   1.896417905703434 
  1922.0   1.9115090743050602 
  1923.0   1.8293659868697973 
  1924.0   1.925533551008504 
  1925.0   1.9045653739889583 
  1926.0   1.8822675337042378 
  1927.0   1.9441573206283735 
  1928.0   1.9247581851306281 
  1929.0   1.8782612981629836 
  1930.0   1.8928812098996646 
  1931.0   1.858200799906829 
  1932.0   1.8668252044246612 
  1933.0   1.9024484193960873 
  1934.0   1.84583127852712 
  1935.0   1.8845675256094543 
  1936.0   1.8782214502485046 
  1937.0   1.8301634346696176 
  1938.0   1.882775128505802 
  1939.0   1.8628661913193172 
  1940.0   1.8787194223135315 
  1941.0   1.908414705285068 
  1942.0   1.8659817387501565 
  1943.0   1.9148339753703798 
  1944.0   1.8414439929889082 
  1945.0   1.912119242418991 
  1946.0   1.9521098209211232 
  1947.0   1.8809526474493208 
  1948.0   1.9460463015113565 
  1949.0   1.8980515958336914 
  1950.0   1.8546225515934291 
  1951.0   1.8499955767645087 
  1952.0   1.8484067418764183 
  1953.0   1.9118048118524706 
  1954.0   1.829687195867932 
  1955.0   1.895369621837037 
  1956.0   1.9297450807901066 
  1957.0   1.8697224220722697 
  1958.0   1.8975814009498868 
  1959.0   1.8102680480531337 
  1960.0   1.8595490207020149 
  1961.0   1.8906623289962454 
  1962.0   1.813058250849644 
  1963.0   1.9037951980356953 
  1964.0   1.8954329866068984 
  1965.0   1.8483308959334879 
  1966.0   1.8467505448368886 
  1967.0   1.91080873832789 
  1968.0   1.8697822201202403 
  1969.0   1.8529601026944496 
  1970.0   1.8351848746569008 
  1971.0   1.8361160965594034 
  1972.0   1.7866277336012042 
  1973.0   1.773693717592317 
  1974.0   1.9201265826227296 
  1975.0   1.915605924788715 
  1976.0   1.7940854136643185 
  1977.0   1.8030671418027897 
  1978.0   1.9505315988189897 
  1979.0   1.872249854056978 
  1980.0   1.8358340908832353 
  1981.0   1.8452117921922493 
  1982.0   1.8504924335206017 
  1983.0   1.8192038027906852 
  1984.0   1.8409501301084106 
  1985.0   1.922997719362636 
  1986.0   1.823240894723577 
  1987.0   1.8259820534277669 
  1988.0   1.8833662235344364 
  1989.0   1.8724561847112744 
  1990.0   1.905367845896267 
  1991.0   1.9059125116096118 
  1992.0   1.837782554150505 
  1993.0   1.8499416231795545 
  1994.0   1.8728750286392541 
  1995.0   1.8922039261890167 
  1996.0   1.8739040027804617 
  1997.0   1.909379967499106 
  1998.0   1.9528858150995678 
  1999.0   1.9135901720986663 
  2000.0   1.930419169833768 
  2001.0   1.9399120484443098 
  2002.0   1.9315060552214494 
  2003.0   2.0053038457306958 
  2004.0   2.0744860759027604 
  2005.0   1.919815445155152 
  2006.0   1.9421160046058572 
  2007.0   1.9455842698847245 
  2008.0   1.9743818501311416 
  2009.0   1.960013404361049 
  2010.0   1.9057208681789424 
  2011.0   1.9620264902653797 
  2012.0   2.009890942313137 
  2013.0   1.9733426741688405 
  2014.0   1.925689322592953 
