  1850.0   0.29757665021899654 
  1851.0   0.2912644789685911 
  1852.0   0.07421091358800844 
  1853.0   0.15001345839101968 
  1854.0   0.22984978588981378 
  1855.0   0.3112711778857343 
  1856.0   0.14033190372305576 
  1857.0   0.21003533364273275 
  1858.0   0.28458114608615565 
  1859.0   0.2587280029914553 
  1860.0   0.1181389635052244 
  1861.0   0.34082651341002507 
  1862.0   0.2630969851758121 
  1863.0   0.25711980040522764 
  1864.0   0.2757115327433781 
  1865.0   0.35261173281471114 
  1866.0   0.28068222569002155 
  1867.0   0.23452571139041664 
  1868.0   0.37919168058958075 
  1869.0   0.36753960138285297 
  1870.0   0.1577816383634164 
  1871.0   0.23255626805679036 
  1872.0   0.28833360574890904 
  1873.0   0.3157843536790977 
  1874.0   0.16995721705016367 
  1875.0   0.29409080640245444 
  1876.0   0.20285109972964918 
  1877.0   0.3479335465210119 
  1878.0   0.12612889692078805 
  1879.0   0.1543242943754219 
  1880.0   0.2752061123004079 
  1881.0   0.2347905088273065 
  1882.0   0.29392574466600885 
  1883.0   0.2191093350528786 
  1884.0   0.43374105418265757 
  1885.0   0.32192220108278224 
  1886.0   0.36302447629633444 
  1887.0   0.2582348588256405 
  1888.0   0.23476161063885062 
  1889.0   0.3060518738996257 
  1890.0   0.23248626176707657 
  1891.0   0.34024997216657965 
  1892.0   0.2395798613747045 
  1893.0   0.31290354388052644 
  1894.0   0.2854478931920591 
  1895.0   0.25693924879346325 
  1896.0   0.3905572426705753 
  1897.0   0.2618798357380024 
  1898.0   0.20261069708831653 
  1899.0   0.253317627093829 
  1900.0   0.21386867526950248 
  1901.0   0.2803530685393786 
  1902.0   0.4330925759941984 
  1903.0   0.40136693959053477 
  1904.0   0.22777087768411747 
  1905.0   0.23694407870924333 
  1906.0   0.2952953018920566 
  1907.0   0.37180756004741483 
  1908.0   0.32804052857444316 
  1909.0   0.3209099024488423 
  1910.0   0.2870484315152305 
  1911.0   0.2564353179763576 
  1912.0   0.6661938395048429 
  1913.0   0.40758797337130476 
  1914.0   0.43070926348161503 
  1915.0   0.152389617064582 
  1916.0   0.2815950829957245 
  1917.0   0.2069120516883587 
  1918.0   0.26672834640599846 
  1919.0   0.3273410174257635 
  1920.0   0.2982769024279343 
  1921.0   0.31812328513174554 
  1922.0   0.2762315803036965 
  1923.0   0.33726254655115134 
  1924.0   0.2348902942992247 
  1925.0   0.2761305260569011 
  1926.0   0.33527660580765134 
  1927.0   0.3730124335113558 
  1928.0   0.2877487265612216 
  1929.0   0.3058725642758961 
  1930.0   0.4612489697081654 
  1931.0   0.1395034154292508 
  1932.0   0.4390880857841895 
  1933.0   0.1812152327996419 
  1934.0   0.3153843686407531 
  1935.0   0.3181426378625203 
  1936.0   0.39360126688364006 
  1937.0   0.14430649755569902 
  1938.0   0.18421797702078374 
  1939.0   0.35487458648287296 
  1940.0   0.16313517943280056 
  1941.0   0.249265764205549 
  1942.0   0.27556704282040156 
  1943.0   0.3655274064757904 
  1944.0   0.29310830991944 
  1945.0   0.2868025101425322 
  1946.0   0.3111344371119151 
  1947.0   0.266144888538552 
  1948.0   0.20311089465191517 
  1949.0   0.21248070845177885 
  1950.0   0.2843885510258754 
  1951.0   0.26248749296953783 
  1952.0   0.2896529828001923 
  1953.0   0.31707984360316344 
  1954.0   0.4320080242545584 
  1955.0   0.26018870638417757 
  1956.0   0.2778671633477282 
  1957.0   0.31084267147285 
  1958.0   0.4432250884072721 
  1959.0   0.23608396514903157 
  1960.0   0.2725333958827828 
  1961.0   0.2486025158519429 
  1962.0   0.18729233323389663 
  1963.0   0.2589336842640313 
  1964.0   0.24915519081237694 
  1965.0   0.3900784877659181 
  1966.0   0.2570980143626668 
  1967.0   0.39596429180959175 
  1968.0   0.3262809046201479 
  1969.0   0.33058456977814776 
  1970.0   0.39828563578862436 
  1971.0   0.36748653742644477 
  1972.0   0.3780886901880118 
  1973.0   0.23517914741246265 
  1974.0   0.4241354799681031 
  1975.0   0.3482051164823603 
  1976.0   0.3625057108520768 
  1977.0   0.32833597578026863 
  1978.0   0.3703485217775756 
  1979.0   0.40403116663629546 
  1980.0   0.38541438429973757 
  1981.0   0.5360279611772392 
  1982.0   0.3294309027488135 
  1983.0   0.764047769077998 
  1984.0   0.3893143155256937 
  1985.0   0.5679539501867914 
  1986.0   0.4051500268146495 
  1987.0   0.4840505757048239 
  1988.0   0.3409742132652049 
  1989.0   0.3793463198904713 
  1990.0   0.4456042815543862 
  1991.0   0.43771823569029283 
  1992.0   0.5679626690952733 
  1993.0   0.4982376139219038 
  1994.0   0.4076345180702899 
  1995.0   0.48862479305653334 
  1996.0   0.3289159614389338 
  1997.0   0.38682740003751087 
  1998.0   0.3870529921326961 
  1999.0   0.2710394123913063 
  2000.0   0.4335095638215182 
  2001.0   0.5476477250526753 
  2002.0   0.5333064513072121 
  2003.0   0.4922488118605015 
  2004.0   0.2794257325833025 
  2005.0   0.38971997776519823 
  2006.0   0.3728711037836227 
  2007.0   0.49587148903620815 
  2008.0   0.47135631386032223 
  2009.0   0.5387230665436337 
  2010.0   0.43751411969723186 
  2011.0   0.382886431644812 
  2012.0   0.4460209963731315 
  2013.0   0.4835174503604891 
  2014.0   0.5402151401446581 
