  1850.0   45.782294533723686 
  1851.0   45.9473497070361 
  1852.0   45.957790791811526 
  1853.0   45.99414334674334 
  1854.0   46.00035017689755 
  1855.0   46.00390609693956 
  1856.0   46.000954776676096 
  1857.0   46.06792618592679 
  1858.0   46.16192803799058 
  1859.0   46.21642961390604 
  1860.0   46.215373338701845 
  1861.0   46.204893062298446 
  1862.0   46.244103455997724 
  1863.0   46.383426775718526 
  1864.0   46.33938296075032 
  1865.0   46.31766399571512 
  1866.0   46.417547536628526 
  1867.0   46.430017333406724 
  1868.0   46.35896403758753 
  1869.0   46.48197658784042 
  1870.0   46.53470750610826 
  1871.0   46.66966897785834 
  1872.0   46.65550629019619 
  1873.0   46.65248032950005 
  1874.0   46.643546356952065 
  1875.0   46.68896403965992 
  1876.0   46.7330761987442 
  1877.0   46.788990787749256 
  1878.0   46.860123690748715 
  1879.0   46.84248986038076 
  1880.0   46.832532924076204 
  1881.0   46.922258071980764 
  1882.0   46.819636258155114 
  1883.0   46.88142988362792 
  1884.0   46.919367172281646 
  1885.0   46.88917117680472 
  1886.0   46.78669121900465 
  1887.0   46.75767494586049 
  1888.0   46.75969010647484 
  1889.0   46.75911023594547 
  1890.0   46.80616609097478 
  1891.0   46.79667744144954 
  1892.0   46.782737430870306 
  1893.0   46.80875896570333 
  1894.0   46.89005122902331 
  1895.0   46.86666071976558 
  1896.0   46.867837047248 
  1897.0   46.845708616787306 
  1898.0   46.78622484739051 
  1899.0   46.781165906564596 
  1900.0   46.82148011322831 
  1901.0   46.904530518374195 
  1902.0   47.03470463397647 
  1903.0   46.91049982849737 
  1904.0   46.92168306114486 
  1905.0   46.82337401242948 
  1906.0   46.89282431505838 
  1907.0   46.96504020314607 
  1908.0   46.957260863130564 
  1909.0   47.03196116609937 
  1910.0   47.02470093972544 
  1911.0   47.07239955641471 
  1912.0   47.04156824385623 
  1913.0   46.976517436262725 
  1914.0   47.017622203928795 
  1915.0   47.15586995901459 
  1916.0   47.224134417416394 
  1917.0   47.13867890686842 
  1918.0   47.147750003467266 
  1919.0   47.17127231171204 
  1920.0   47.28653837656575 
  1921.0   47.35864837713562 
  1922.0   47.31157639337214 
  1923.0   47.32786513390777 
  1924.0   47.37041574522848 
  1925.0   47.407896829377556 
  1926.0   47.50193702094686 
  1927.0   47.548513575481174 
  1928.0   47.51253793093693 
  1929.0   47.6151418909285 
  1930.0   47.64314012828689 
  1931.0   47.699707546311345 
  1932.0   47.80107601437346 
  1933.0   47.87362483888541 
  1934.0   47.80388195433469 
  1935.0   47.879057651570356 
  1936.0   47.82497146905415 
  1937.0   47.86544984700698 
  1938.0   47.96119159056297 
  1939.0   48.06422064197866 
  1940.0   48.05149123000981 
  1941.0   48.146316841015164 
  1942.0   48.11669724160566 
  1943.0   48.1001457196737 
  1944.0   48.189890131238 
  1945.0   48.2759888976625 
  1946.0   48.34494434617363 
  1947.0   48.40494516591022 
  1948.0   48.36300976024343 
  1949.0   48.4192041297257 
  1950.0   48.45634804873273 
  1951.0   48.42221375002796 
  1952.0   48.46912875978979 
  1953.0   48.56736748742583 
  1954.0   48.593362214802966 
  1955.0   48.60087628838628 
  1956.0   48.75214352930339 
  1957.0   48.74860035692755 
  1958.0   48.89220230226603 
  1959.0   48.86287895894105 
  1960.0   48.900912897364414 
  1961.0   49.05047071024337 
  1962.0   49.03915431833736 
  1963.0   49.1115865966207 
  1964.0   49.18466419376948 
  1965.0   49.22934891501814 
  1966.0   49.26012557494954 
  1967.0   49.29296166112902 
  1968.0   49.363957996540336 
  1969.0   49.440999309860686 
  1970.0   49.47810893051729 
  1971.0   49.64084684743258 
  1972.0   49.67774982178601 
  1973.0   49.76964297982531 
  1974.0   49.96694361390838 
  1975.0   50.0244334661984 
  1976.0   49.96873871556598 
  1977.0   49.98598376667451 
  1978.0   50.162420999913074 
  1979.0   50.37863335642212 
  1980.0   50.46872321820062 
  1981.0   50.5929084962364 
  1982.0   50.617268946531276 
  1983.0   50.765562417224174 
  1984.0   50.839572047365735 
  1985.0   51.02635078605932 
  1986.0   51.24624115358 
  1987.0   51.51441143627362 
  1988.0   51.62221480028543 
  1989.0   51.78161162204204 
  1990.0   52.0229537418516 
  1991.0   52.26989181746752 
  1992.0   52.38642124817896 
  1993.0   52.44886790032372 
  1994.0   52.65899540913105 
  1995.0   52.752799780149275 
  1996.0   52.857552112478125 
  1997.0   53.15355960767614 
  1998.0   53.219744866671014 
  1999.0   53.538296147802804 
  2000.0   53.74077977611246 
  2001.0   53.94126023894456 
  2002.0   54.11793492463285 
  2003.0   54.38401033903756 
  2004.0   54.62920748303866 
  2005.0   54.86365101730336 
  2006.0   55.12520683788937 
  2007.0   55.47651279028658 
  2008.0   55.72556683806957 
  2009.0   55.947747338959424 
  2010.0   56.26159652342984 
  2011.0   56.501774034855586 
  2012.0   56.884239219963824 
  2013.0   57.10916303180987 
  2014.0   57.26325383139982 
