  1850.0   5.333615306204436 
  1851.0   5.062279240518235 
  1852.0   5.253071200415228 
  1853.0   5.12219480659044 
  1854.0   5.048449741209616 
  1855.0   4.670178459951624 
  1856.0   4.8642313029999045 
  1857.0   5.288272489549072 
  1858.0   5.3757062882224185 
  1859.0   4.9806347596061045 
  1860.0   5.116868838735332 
  1861.0   5.439839618177481 
  1862.0   5.241911179994086 
  1863.0   5.347980463588561 
  1864.0   5.213054751076141 
  1865.0   5.078462885390562 
  1866.0   5.301930053046569 
  1867.0   5.255400067036665 
  1868.0   4.976596031689506 
  1869.0   5.143750603815205 
  1870.0   5.160440341265618 
  1871.0   4.8849795077824725 
  1872.0   5.1778732017630915 
  1873.0   5.169220772189149 
  1874.0   5.321686499358719 
  1875.0   5.225422281350485 
  1876.0   5.283751066040685 
  1877.0   5.137774239527717 
  1878.0   5.288393594668526 
  1879.0   5.391620687990886 
  1880.0   4.9518849861050755 
  1881.0   4.916884807708189 
  1882.0   4.831582961415398 
  1883.0   5.040876902727612 
  1884.0   4.84287695070494 
  1885.0   5.152423086038005 
  1886.0   5.200357055625963 
  1887.0   5.070348170331738 
  1888.0   5.1145395450069815 
  1889.0   5.241162178920026 
  1890.0   5.093479451536971 
  1891.0   5.005868493950348 
  1892.0   5.299043505215974 
  1893.0   4.91142558455654 
  1894.0   4.963821857830429 
  1895.0   5.037497872638026 
  1896.0   5.068648849018915 
  1897.0   4.981238114586041 
  1898.0   5.337089773290018 
  1899.0   4.948354603514256 
  1900.0   5.001089890811016 
  1901.0   4.929955705548077 
  1902.0   5.045152648151769 
  1903.0   4.937385426621015 
  1904.0   5.012816925533801 
  1905.0   5.134408751216307 
  1906.0   4.983721708255946 
  1907.0   4.939450834682447 
  1908.0   5.0632538792798565 
  1909.0   4.985068662596585 
  1910.0   5.0584980731026405 
  1911.0   4.871963070788861 
  1912.0   4.799227469627047 
  1913.0   4.777341877659855 
  1914.0   4.8422990772609085 
  1915.0   5.035919768200181 
  1916.0   4.9932736664036215 
  1917.0   4.778736508560267 
  1918.0   4.610790963821335 
  1919.0   5.013712918888934 
  1920.0   4.996428163728259 
  1921.0   5.129283805588231 
  1922.0   4.980546279118072 
  1923.0   4.871198947670929 
  1924.0   5.157839019635669 
  1925.0   5.067076115179922 
  1926.0   5.127090611039658 
  1927.0   5.12489225909883 
  1928.0   4.7579642791094425 
  1929.0   4.974355624595063 
  1930.0   4.989540737221276 
  1931.0   5.055964305250876 
  1932.0   5.058045794638284 
  1933.0   4.924207198311869 
  1934.0   4.842020749914938 
  1935.0   4.791325589949319 
  1936.0   4.784322844698903 
  1937.0   4.6442185377604535 
  1938.0   4.760624581011794 
  1939.0   4.843265450848739 
  1940.0   4.783569883268198 
  1941.0   4.886029299978168 
  1942.0   4.945108915957734 
  1943.0   4.653126256337624 
  1944.0   4.957842111035735 
  1945.0   4.617876219256964 
  1946.0   4.990208936122631 
  1947.0   5.283082992844706 
  1948.0   4.9044417392749 
  1949.0   5.024514616211242 
  1950.0   4.688535538214996 
  1951.0   4.8548085520800806 
  1952.0   4.72431775567728 
  1953.0   4.745358125492731 
  1954.0   5.029493201776302 
  1955.0   4.838235751604483 
  1956.0   4.973533854034393 
  1957.0   4.7223901281395095 
  1958.0   4.817418477051796 
  1959.0   4.895270127222106 
  1960.0   4.6074800571540875 
  1961.0   4.438689026479442 
  1962.0   4.973678436136751 
  1963.0   4.794177747981508 
  1964.0   4.568730125665798 
  1965.0   4.629042453350019 
  1966.0   4.640829069917891 
  1967.0   4.617914498044075 
  1968.0   4.292561532514696 
  1969.0   4.394040958484814 
  1970.0   4.19881127309208 
  1971.0   4.175371175061394 
  1972.0   4.270380483360155 
  1973.0   4.307626832648137 
  1974.0   4.45473153419309 
  1975.0   4.532155983264167 
  1976.0   4.600947654109651 
  1977.0   4.431822480751325 
  1978.0   4.525417918323743 
  1979.0   4.5545293995966 
  1980.0   4.449002849588761 
  1981.0   4.638056281229259 
  1982.0   4.404759232098355 
  1983.0   4.394763565684782 
  1984.0   4.552102749089198 
  1985.0   4.761914555184111 
  1986.0   4.614948799929986 
  1987.0   4.817160248363167 
  1988.0   5.012172475334156 
  1989.0   4.954838866907638 
  1990.0   5.062890066524561 
  1991.0   5.356829653211833 
  1992.0   4.909604819206952 
  1993.0   5.346249910433972 
  1994.0   5.262941769851866 
  1995.0   4.7727066465428205 
  1996.0   5.442731763908016 
  1997.0   5.470170016874687 
  1998.0   5.253980010775499 
  1999.0   5.414086449028734 
  2000.0   5.789497640180224 
  2001.0   5.42466625218671 
  2002.0   5.618952398571915 
  2003.0   5.788783910892587 
  2004.0   5.655487221739422 
  2005.0   5.811034528792892 
  2006.0   5.491012988492557 
  2007.0   5.583187035769068 
  2008.0   5.966303943767767 
  2009.0   5.69023856253955 
  2010.0   5.977179295166865 
  2011.0   6.230884957977673 
  2012.0   6.167218364793809 
  2013.0   6.271693955351155 
  2014.0   6.513214081973176 
