  2015.0   278.75597025305103 
  2016.0   278.5702072459999 
  2017.0   278.0092108454404 
  2018.0   278.27568690950005 
  2019.0   278.4278018032694 
  2020.0   278.2475408619138 
  2021.0   278.3651108761562 
  2022.0   278.42477556581235 
  2023.0   278.64738473037687 
  2024.0   279.3225449735474 
  2025.0   279.0808315376667 
  2026.0   279.32887109016144 
  2027.0   278.9713617941577 
  2028.0   279.20480724060485 
  2029.0   278.8992305504166 
  2030.0   279.17273315484715 
  2031.0   278.5389851177919 
  2032.0   279.0431219527527 
  2033.0   278.7615667224968 
  2034.0   279.0553364915713 
  2035.0   278.4006803571255 
  2036.0   278.8571514455252 
  2037.0   279.40175729158926 
  2038.0   279.89023774554664 
  2039.0   279.5800328967626 
  2040.0   279.09401878231586 
  2041.0   278.9395709962539 
  2042.0   279.24673518886516 
  2043.0   279.4429062458333 
  2044.0   279.3269322615688 
  2045.0   279.0792936754427 
  2046.0   279.47916482071207 
  2047.0   279.78222904671713 
  2048.0   279.50699370989685 
  2049.0   279.3891583562499 
  2050.0   280.1062654035446 
  2051.0   279.76968296856074 
  2052.0   279.2582896876274 
  2053.0   279.7618416856369 
  2054.0   279.62413894189154 
  2055.0   279.7610023666769 
  2056.0   280.3627926766116 
  2057.0   280.2075416395163 
  2058.0   280.62877614833064 
  2059.0   280.79604341593745 
  2060.0   280.42067417847545 
  2061.0   280.05336640345405 
  2062.0   280.61092254564346 
  2063.0   280.6989067339593 
  2064.0   280.75299938924957 
  2065.0   280.44402308026275 
  2066.0   280.61714672458254 
  2067.0   281.40740991874907 
  2068.0   280.848390072606 
  2069.0   281.20037404825047 
  2070.0   280.9748949083941 
  2071.0   281.149347644557 
  2072.0   281.3616728947139 
  2073.0   281.2275477689354 
  2074.0   281.5193731692795 
  2075.0   281.5234137171 
  2076.0   281.1148922692968 
  2077.0   281.6551122308847 
  2078.0   281.9841347782013 
  2079.0   281.61810985422693 
  2080.0   281.67225199153273 
  2081.0   281.69176532899473 
  2082.0   281.80781054746365 
  2083.0   281.794986377058 
  2084.0   282.3242590262861 
  2085.0   282.43049851252295 
  2086.0   282.3259259166198 
  2087.0   282.64724376604744 
  2088.0   282.16824945802557 
  2089.0   282.72849650378146 
  2090.0   282.55281586144025 
  2091.0   282.15046116989305 
  2092.0   282.1507184909824 
  2093.0   282.41835296155006 
  2094.0   282.8505506137827 
  2095.0   283.0078272410803 
  2096.0   282.813396367013 
  2097.0   282.61708558113196 
  2098.0   283.3021739296501 
  2099.0   283.2251764094405 
  2100.0   283.5522376310166 
