  2015.0   263.79498815624476 
  2016.0   263.77226951295114 
  2017.0   263.754743341333 
  2018.0   263.72316749650764 
  2019.0   263.7002239055453 
  2020.0   263.7146317225069 
  2021.0   263.7749955230056 
  2022.0   263.79540743934035 
  2023.0   263.85051464966205 
  2024.0   263.9429919702445 
  2025.0   263.99628890346884 
  2026.0   263.92677405180945 
  2027.0   263.8661767230307 
  2028.0   263.81897276843205 
  2029.0   263.83023123682887 
  2030.0   263.76400690113894 
  2031.0   263.6727307673039 
  2032.0   263.53253165994755 
  2033.0   263.48753953023225 
  2034.0   263.5293098110401 
  2035.0   263.5973253823628 
  2036.0   263.6314861340765 
  2037.0   263.6809388448132 
  2038.0   263.6531692135448 
  2039.0   263.61734070542 
  2040.0   263.5781567593349 
  2041.0   263.53742588456834 
  2042.0   263.501132476226 
  2043.0   263.41661413476606 
  2044.0   263.3831220835273 
  2045.0   263.36371221004623 
  2046.0   263.3643446273701 
  2047.0   263.38161438852023 
  2048.0   263.3369316120837 
  2049.0   263.22812453966117 
  2050.0   263.2281315830492 
  2051.0   263.2141437887498 
  2052.0   263.2327984555856 
  2053.0   263.2449100296832 
  2054.0   263.20801309215915 
  2055.0   263.12879269691103 
  2056.0   263.1070148834915 
  2057.0   263.1694110165095 
  2058.0   263.17668135928835 
  2059.0   263.1917904266875 
  2060.0   263.11829442392474 
  2061.0   263.06065455102936 
  2062.0   262.98483817086293 
  2063.0   262.92451637626374 
  2064.0   262.88165629771214 
  2065.0   262.8171330990426 
  2066.0   262.7804878418484 
  2067.0   262.76610459130274 
  2068.0   262.6826962054022 
  2069.0   262.59505274225245 
  2070.0   262.4710713684218 
  2071.0   262.2984104046114 
  2072.0   262.2242737098418 
  2073.0   262.1154081994301 
  2074.0   262.06667695146535 
  2075.0   262.0568999182626 
  2076.0   262.0310285051875 
  2077.0   261.8726048402633 
  2078.0   261.74404112826664 
  2079.0   261.6596375116071 
  2080.0   261.63776863181107 
  2081.0   261.5807817135901 
  2082.0   261.4581400786007 
  2083.0   261.3293888098926 
  2084.0   261.1993423198889 
  2085.0   261.0511784479889 
  2086.0   260.87566001402513 
  2087.0   260.68922276949286 
  2088.0   260.508356443197 
  2089.0   260.3679535382424 
  2090.0   260.25943290500334 
  2091.0   260.11992188171456 
  2092.0   259.9545849153327 
  2093.0   259.8711220971268 
  2094.0   259.7886335870405 
  2095.0   259.73458874193386 
  2096.0   259.5924163298786 
  2097.0   259.38434294192473 
  2098.0   259.2842206710538 
  2099.0   259.20384479538194 
  2100.0   259.1481973404867 
