  2015.0   17.58459174778891 
  2016.0   17.552213186596088 
  2017.0   17.63678959167836 
  2018.0   17.421558105453265 
  2019.0   17.141399946641112 
  2020.0   18.713619130511084 
  2021.0   17.842525504875866 
  2022.0   18.257414899350824 
  2023.0   17.97777554851739 
  2024.0   18.667691189352002 
  2025.0   19.297727483190204 
  2026.0   18.67919739614228 
  2027.0   18.523946774751913 
  2028.0   18.811155291988676 
  2029.0   18.890539290979152 
  2030.0   18.832811261431026 
  2031.0   19.166601069626925 
  2032.0   19.159926835385594 
  2033.0   19.736088991474098 
  2034.0   19.09312584957736 
  2035.0   19.875015062030236 
  2036.0   19.65653434309981 
  2037.0   19.526290553742434 
  2038.0   19.455864658683236 
  2039.0   20.072003753358356 
  2040.0   19.557400234919108 
  2041.0   20.295178268929636 
  2042.0   20.2309501417104 
  2043.0   19.98469506886493 
  2044.0   20.12245772973479 
  2045.0   20.437897403517017 
  2046.0   21.00160232646616 
  2047.0   21.173178683027704 
  2048.0   22.52184301368845 
  2049.0   21.33044618436483 
  2050.0   21.878601834230135 
  2051.0   21.758435426923725 
  2052.0   21.258382516009995 
  2053.0   21.772551272746483 
  2054.0   23.038655130965523 
  2055.0   21.498809108043094 
  2056.0   20.83429602011244 
  2057.0   21.573491069503316 
  2058.0   22.115541873006663 
  2059.0   22.391863657200407 
  2060.0   22.842746916193697 
  2061.0   22.78972388268122 
  2062.0   22.560189021944627 
  2063.0   23.356490629566988 
  2064.0   23.582783938419993 
  2065.0   23.12209004914123 
  2066.0   23.846522129360796 
  2067.0   23.98146173206455 
  2068.0   24.3236018708367 
  2069.0   24.150576501702055 
  2070.0   24.555102974187154 
  2071.0   23.78185782872849 
  2072.0   23.54532846742587 
  2073.0   24.08547058618991 
  2074.0   23.196856507541405 
  2075.0   24.805432574094965 
  2076.0   24.443679270202743 
  2077.0   24.635287662134886 
  2078.0   24.594338062264985 
  2079.0   24.416196657381512 
  2080.0   24.758333550408135 
  2081.0   24.851428949520642 
  2082.0   24.63609382087917 
  2083.0   24.5717814741925 
  2084.0   25.374908814743062 
  2085.0   26.717716945273537 
  2086.0   26.03272298895179 
  2087.0   27.12261759639258 
  2088.0   26.17355860306069 
  2089.0   27.5174096842324 
  2090.0   26.081534593803926 
  2091.0   26.871350851076638 
  2092.0   27.1211081774963 
  2093.0   26.810759861865037 
  2094.0   26.955646071098574 
  2095.0   27.075894238564274 
  2096.0   26.615406200711927 
  2097.0   27.048654527824706 
  2098.0   27.717166724828726 
  2099.0   27.526003430775788 
  2100.0   27.834824127980024 
