  2015.0   107.55265994144408 
  2016.0   106.99407088101101 
  2017.0   107.11683398533276 
  2018.0   107.17562224245953 
  2019.0   107.28109918233007 
  2020.0   107.45084242006608 
  2021.0   107.60972326491823 
  2022.0   107.89338247185059 
  2023.0   108.0955846057764 
  2024.0   108.20117903718507 
  2025.0   108.23641616347999 
  2026.0   108.5024346458401 
  2027.0   108.83081768208714 
  2028.0   109.11144333937122 
  2029.0   109.21149510036439 
  2030.0   109.18224445572855 
  2031.0   109.24858063102573 
  2032.0   109.64130744951932 
  2033.0   109.79561982558421 
  2034.0   109.7482412916917 
  2035.0   109.79529634281425 
  2036.0   109.94123530345198 
  2037.0   110.07585649489447 
  2038.0   110.3226665863988 
  2039.0   110.46323412834484 
  2040.0   110.5693640615195 
  2041.0   110.56633332695183 
  2042.0   110.88743003981644 
  2043.0   111.26121884778118 
  2044.0   111.39735610475803 
  2045.0   111.52277538248154 
  2046.0   111.54060803809885 
  2047.0   111.72780052968041 
  2048.0   112.03396563647111 
  2049.0   111.95903426466975 
  2050.0   111.83764109980295 
  2051.0   111.64873654687591 
  2052.0   111.407458272363 
  2053.0   111.45457437342115 
  2054.0   111.5577884681415 
  2055.0   111.79818603109591 
  2056.0   112.0909731225189 
  2057.0   112.64596800033354 
  2058.0   113.25276076911025 
  2059.0   113.57190832370763 
  2060.0   113.97046491124081 
  2061.0   114.36201770733122 
  2062.0   114.49555627233575 
  2063.0   114.58487704557938 
  2064.0   114.59700680708517 
  2065.0   114.38948535763105 
  2066.0   114.35641844186569 
  2067.0   114.56286237839534 
  2068.0   114.62118073791835 
  2069.0   114.62147157369635 
  2070.0   114.5484341265635 
  2071.0   114.5786176572315 
  2072.0   114.63841327066669 
  2073.0   114.69555248019093 
  2074.0   115.07891042995762 
  2075.0   115.53303771845493 
  2076.0   115.51329879089809 
  2077.0   115.31038978030419 
  2078.0   115.53909480977934 
  2079.0   115.67688704572777 
  2080.0   115.77169599247216 
  2081.0   115.91144792275924 
  2082.0   115.95053115227786 
  2083.0   116.06215650813384 
  2084.0   116.22813429902743 
  2085.0   116.10028287257336 
  2086.0   116.08939774574365 
  2087.0   116.2777303344539 
  2088.0   116.46599750148322 
  2089.0   116.54577051624896 
  2090.0   116.61773418444884 
  2091.0   116.52218263322911 
  2092.0   116.28259266478943 
  2093.0   116.16389311222905 
  2094.0   116.16198374939364 
  2095.0   116.35529726760615 
  2096.0   116.25403319572462 
  2097.0   116.19029380599613 
  2098.0   116.6130035601573 
  2099.0   116.86846407242332 
  2100.0   117.16968755200786 
