  2015.0   1.2487911299996663 
  2016.0   1.2643866930465733 
  2017.0   1.2851328817263248 
  2018.0   1.3075854554852886 
  2019.0   1.2795275835511108 
  2020.0   1.2646691414678886 
  2021.0   1.2575174944298466 
  2022.0   1.2654452748935963 
  2023.0   1.305370556241999 
  2024.0   1.3367962480727702 
  2025.0   1.356531660446131 
  2026.0   1.3580921029482265 
  2027.0   1.3683412463364473 
  2028.0   1.3896202664933115 
  2029.0   1.4100438578361592 
  2030.0   1.3752419745990627 
  2031.0   1.4049998950398346 
  2032.0   1.4292091505229705 
  2033.0   1.4339205358341087 
  2034.0   1.3807985768831121 
  2035.0   1.3938405808443917 
  2036.0   1.3981962857289851 
  2037.0   1.4404193531794693 
  2038.0   1.4440005427545377 
  2039.0   1.462535760916555 
  2040.0   1.51198402945402 
  2041.0   1.5393829448746648 
  2042.0   1.4973726911390526 
  2043.0   1.523690770417485 
  2044.0   1.4999222231853004 
  2045.0   1.4963020273595842 
  2046.0   1.5440797345809463 
  2047.0   1.5513208247233585 
  2048.0   1.510851505485612 
  2049.0   1.5289217196203588 
  2050.0   1.530254519075053 
  2051.0   1.5740035362027156 
  2052.0   1.5859996199177346 
  2053.0   1.5662865256490373 
  2054.0   1.5594164476538188 
  2055.0   1.5685579018075544 
  2056.0   1.6065832012825136 
  2057.0   1.6610827438575735 
  2058.0   1.6687590779357384 
  2059.0   1.6727166548504155 
  2060.0   1.6537961186976284 
  2061.0   1.672490724424167 
  2062.0   1.6847480288712327 
  2063.0   1.7302231424007337 
  2064.0   1.7236036995816242 
  2065.0   1.694815971925797 
  2066.0   1.7139257294575043 
  2067.0   1.7489106662497342 
  2068.0   1.7780596583842811 
  2069.0   1.799374136492739 
  2070.0   1.7372616897991393 
  2071.0   1.7686835633765745 
  2072.0   1.780578285760014 
  2073.0   1.7921620353285466 
  2074.0   1.7779583587918757 
  2075.0   1.790936833953646 
  2076.0   1.8023337860855015 
  2077.0   1.8063985869648902 
  2078.0   1.751750455877281 
  2079.0   1.736511387798568 
  2080.0   1.7419836348865454 
  2081.0   1.7405550209679495 
  2082.0   1.7692999747484996 
  2083.0   1.818311950465995 
  2084.0   1.8208872664389033 
  2085.0   1.8333018085441104 
  2086.0   1.8268629587407097 
  2087.0   1.8506055078019872 
  2088.0   1.8697497024421184 
  2089.0   1.7842311220603781 
  2090.0   1.8236339167030986 
  2091.0   1.8693033552465916 
  2092.0   1.8986133789543815 
  2093.0   1.9217984776181596 
  2094.0   1.9880874834203837 
  2095.0   2.0127433047017464 
  2096.0   1.9871290676240632 
  2097.0   2.0111568368337864 
  2098.0   2.0251139113533982 
  2099.0   1.991099736915306 
  2100.0   1.9958186170691725 
