  2015.0   7.095495971248174 
  2016.0   6.496914780050968 
  2017.0   6.473582629600651 
  2018.0   6.864315874528832 
  2019.0   6.990144857074286 
  2020.0   6.564069138991595 
  2021.0   6.490773230552157 
  2022.0   6.573336913276402 
  2023.0   6.9798915006040225 
  2024.0   6.797403483860328 
  2025.0   7.01990286432079 
  2026.0   6.811379273653732 
  2027.0   7.070086893054899 
  2028.0   7.19617055901085 
  2029.0   7.238586744880038 
  2030.0   6.919286220452863 
  2031.0   7.007846746110386 
  2032.0   7.368690616550996 
  2033.0   7.0545253446027525 
  2034.0   6.625601749580039 
  2035.0   6.739219319146952 
  2036.0   7.288660618897118 
  2037.0   7.325687913179343 
  2038.0   7.118971803959267 
  2039.0   7.220304809561329 
  2040.0   7.137039218299877 
  2041.0   7.263674839719866 
  2042.0   7.437881781289289 
  2043.0   7.682735888140711 
  2044.0   7.200179721918059 
  2045.0   7.2782162803478165 
  2046.0   7.461912014577803 
  2047.0   7.666402822249876 
  2048.0   7.354751923562719 
  2049.0   7.06041324885086 
  2050.0   7.3012309521092655 
  2051.0   8.156133563494937 
  2052.0   8.05325394193821 
  2053.0   7.876791115640722 
  2054.0   7.980587669252421 
  2055.0   8.184835116729188 
  2056.0   8.482581934474528 
  2057.0   8.37211197687595 
  2058.0   7.969402925957644 
  2059.0   7.772554055209622 
  2060.0   8.550093790844858 
  2061.0   8.211375538796151 
  2062.0   8.174104803097876 
  2063.0   7.640946733186748 
  2064.0   7.907589110139227 
  2065.0   8.402947392539742 
  2066.0   8.578023023575343 
  2067.0   7.764542235659728 
  2068.0   8.350082788171266 
  2069.0   8.007284886280488 
  2070.0   8.3177679938049 
  2071.0   8.331535587040971 
  2072.0   8.913416535444648 
  2073.0   8.484772650583169 
  2074.0   8.48763833854704 
  2075.0   8.75719058783062 
  2076.0   9.008631696484402 
  2077.0   8.313920657194133 
  2078.0   8.271888952618268 
  2079.0   8.833948570054655 
  2080.0   8.47829433009288 
  2081.0   8.585977746732818 
  2082.0   8.307402266309394 
  2083.0   9.324740616452646 
  2084.0   8.951491530530593 
  2085.0   8.940380930139886 
  2086.0   9.175419122528533 
  2087.0   9.263342467225481 
  2088.0   9.448759879609334 
  2089.0   9.325233128980367 
  2090.0   9.673795898197659 
  2091.0   9.240570601055966 
  2092.0   9.308693252765295 
  2093.0   9.534412420421079 
  2094.0   9.406710865571585 
  2095.0   9.213908780364035 
  2096.0   9.365892483557554 
  2097.0   9.163832472347133 
  2098.0   8.90604619858252 
  2099.0   9.63346107885296 
  2100.0   9.5405671871968 
