  2015.0   3.121591193539138e-10 
  2016.0   3.366413972757828e-10 
  2017.0   3.8217786546922355e-10 
  2018.0   3.3916121087676415e-10 
  2019.0   3.748915504177268e-10 
  2020.0   3.793900578339807e-10 
  2021.0   3.8601551313788156e-10 
  2022.0   3.763883077916677e-10 
  2023.0   3.717614008556929e-10 
  2024.0   3.372458637711001e-10 
  2025.0   3.6288383686117583e-10 
  2026.0   3.4545180697699455e-10 
  2027.0   3.730972702884149e-10 
  2028.0   3.471676201688688e-10 
  2029.0   3.824933554601893e-10 
  2030.0   3.2868206084881813e-10 
  2031.0   3.780266503269542e-10 
  2032.0   3.2470748974244035e-10 
  2033.0   4.0760940788781174e-10 
  2034.0   3.1467579528693823e-10 
  2035.0   3.956806826804389e-10 
  2036.0   3.352080599825725e-10 
  2037.0   4.1379041466070893e-10 
  2038.0   3.3647811528370366e-10 
  2039.0   3.8588824333287955e-10 
  2040.0   3.643610370493364e-10 
  2041.0   3.6267156479180416e-10 
  2042.0   3.687085926109009e-10 
  2043.0   3.637252009840291e-10 
  2044.0   3.9990941332366596e-10 
  2045.0   3.5649293155595253e-10 
  2046.0   3.719918651191401e-10 
  2047.0   3.718417951509214e-10 
  2048.0   3.52225439755106e-10 
  2049.0   3.665272971419092e-10 
  2050.0   3.902994911272783e-10 
  2051.0   3.801737641469257e-10 
  2052.0   3.8767911755126555e-10 
  2053.0   3.7167994109798786e-10 
  2054.0   3.8753843846979876e-10 
  2055.0   3.788547431554377e-10 
  2056.0   3.958492091015419e-10 
  2057.0   3.8814352911514745e-10 
  2058.0   3.9703509179303356e-10 
  2059.0   3.870062879575021e-10 
  2060.0   3.920197051686022e-10 
  2061.0   3.8087958274397504e-10 
  2062.0   3.931532870978524e-10 
  2063.0   3.6920958962593165e-10 
  2064.0   3.6687490971703066e-10 
  2065.0   4.3088849115647707e-10 
  2066.0   3.558502341354123e-10 
  2067.0   4.329150073389624e-10 
  2068.0   3.731367566042872e-10 
  2069.0   3.8378713212847035e-10 
  2070.0   3.754883864576494e-10 
  2071.0   3.88121577022294e-10 
  2072.0   4.160103781756925e-10 
  2073.0   3.8073409622902245e-10 
  2074.0   4.2194054515030807e-10 
  2075.0   3.893199684619361e-10 
  2076.0   4.1867633105017195e-10 
  2077.0   3.550563900154346e-10 
  2078.0   3.9560911979155467e-10 
  2079.0   4.1671726506993657e-10 
  2080.0   4.213777107685454e-10 
  2081.0   3.8892718998224355e-10 
  2082.0   4.0299403903075673e-10 
  2083.0   4.017772564856613e-10 
  2084.0   4.08207053218173e-10 
  2085.0   4.166338309243763e-10 
  2086.0   4.0165876748570836e-10 
  2087.0   4.0426285937687666e-10 
  2088.0   4.1095712489176937e-10 
  2089.0   4.3035709546805776e-10 
  2090.0   3.907910647125806e-10 
  2091.0   3.9068731855226857e-10 
  2092.0   3.955443989448694e-10 
  2093.0   4.6013693691940294e-10 
  2094.0   4.0139209286310506e-10 
  2095.0   3.8655939831635205e-10 
  2096.0   4.085156189189912e-10 
  2097.0   3.898803468895694e-10 
  2098.0   4.3526479446978784e-10 
  2099.0   3.902530755537203e-10 
  2100.0   4.268132235479714e-10 
