  2015.0   277.7026697298197 
  2016.0   277.4528774476738 
  2017.0   277.46904341444906 
  2018.0   277.2228499595976 
  2019.0   277.7507364212196 
  2020.0   277.84830444161145 
  2021.0   277.74031259860567 
  2022.0   277.82082314136534 
  2023.0   278.1425073620644 
  2024.0   278.4831496230388 
  2025.0   278.6902650000531 
  2026.0   278.20471774059763 
  2027.0   278.2279645245898 
  2028.0   278.12266411031186 
  2029.0   278.51624959952574 
  2030.0   278.43513437677933 
  2031.0   278.7806688280229 
  2032.0   278.66937548018205 
  2033.0   278.98444970867433 
  2034.0   279.13839333005546 
  2035.0   279.17318666714056 
  2036.0   278.5881665510074 
  2037.0   279.0716475339074 
  2038.0   278.9370259627791 
  2039.0   279.37527570886454 
  2040.0   279.38853679310137 
  2041.0   279.413940075884 
  2042.0   279.34198440266255 
  2043.0   278.9208906871587 
  2044.0   279.37632121808093 
  2045.0   280.01483881431597 
  2046.0   279.91398837882906 
  2047.0   279.73645014209563 
  2048.0   280.4113314101447 
  2049.0   280.17984300296933 
  2050.0   280.80639547339405 
  2051.0   280.4898803769059 
  2052.0   280.48960533268655 
  2053.0   280.7164985685637 
  2054.0   280.987439416052 
  2055.0   280.83249292262286 
  2056.0   280.580910148924 
  2057.0   280.41935867499143 
  2058.0   280.60291277044445 
  2059.0   281.1047536779886 
  2060.0   281.4177212376558 
  2061.0   281.7735832849758 
  2062.0   281.64429480794763 
  2063.0   281.8082154048509 
  2064.0   282.1167701448737 
  2065.0   281.60551564469495 
  2066.0   281.03836367933235 
  2067.0   281.6596921106215 
  2068.0   282.17915513683477 
  2069.0   282.3808620515478 
  2070.0   282.83144616879775 
  2071.0   282.1021104996903 
  2072.0   282.33854120167695 
  2073.0   282.2377516289398 
  2074.0   282.0164889295676 
  2075.0   282.6376873765293 
  2076.0   282.2261975263858 
  2077.0   282.5154476233673 
  2078.0   283.1153728146604 
  2079.0   283.23033098212824 
  2080.0   283.628526668316 
  2081.0   283.1788177479549 
  2082.0   283.5882134237755 
  2083.0   283.11651173936957 
  2084.0   283.4417809014196 
  2085.0   284.1614912499138 
  2086.0   283.49860800544747 
  2087.0   284.21368471330726 
  2088.0   283.8144530661932 
  2089.0   284.3487715228508 
  2090.0   284.37010254815164 
  2091.0   284.7801109779742 
  2092.0   284.1962366957874 
  2093.0   284.3215023826832 
  2094.0   284.53388378713976 
  2095.0   284.69084235820736 
  2096.0   284.3718575967445 
  2097.0   284.203140788417 
  2098.0   284.5224133993192 
  2099.0   285.0630154747386 
  2100.0   284.9517538016159 
