  2015.0   1.731928637502085e-10 
  2016.0   -6.289409282789712e-10 
  2017.0   -4.423117217420712e-10 
  2018.0   5.123302365185287e-10 
  2019.0   1.171832975421346e-09 
  2020.0   -5.486139345103995e-10 
  2021.0   -7.74090911992199e-10 
  2022.0   -4.6068507116390485e-10 
  2023.0   -1.8172863466147281e-10 
  2024.0   8.965218017739531e-10 
  2025.0   4.1182574834554355e-10 
  2026.0   -5.6376358249091846e-11 
  2027.0   -8.57660148148663e-10 
  2028.0   -9.162413968651472e-12 
  2029.0   6.109214025288218e-10 
  2030.0   3.1670999429884957e-10 
  2031.0   -5.930950246785499e-10 
  2032.0   3.14900533709043e-11 
  2033.0   -3.58798641744892e-10 
  2034.0   3.467298872234723e-10 
  2035.0   -3.769857462993179e-10 
  2036.0   -1.04891778127805e-09 
  2037.0   1.6050290070873063e-10 
  2038.0   8.608648793868426e-10 
  2039.0   3.913759064348312e-11 
  2040.0   1.0461956174968796e-09 
  2041.0   -2.898628886002919e-11 
  2042.0   -3.5666708858601544e-11 
  2043.0   5.495661266472503e-11 
  2044.0   -1.1280069415663018e-10 
  2045.0   9.962847854945481e-11 
  2046.0   1.0707819740780473e-09 
  2047.0   4.247509210448509e-10 
  2048.0   -8.297101982387967e-10 
  2049.0   -8.53931984972875e-10 
  2050.0   -6.963306693153444e-10 
  2051.0   8.460455749446365e-10 
  2052.0   2.065566257414103e-09 
  2053.0   -1.3535557050324369e-09 
  2054.0   -1.3999957586375143e-09 
  2055.0   2.931345153279591e-10 
  2056.0   1.4995385308395332e-11 
  2057.0   1.0552016839700973e-09 
  2058.0   1.0184382330589585e-10 
  2059.0   -3.9057787752852177e-10 
  2060.0   1.873342523217051e-10 
  2061.0   5.387043544946914e-10 
  2062.0   1.197593487391764e-09 
  2063.0   -7.560067234032536e-10 
  2064.0   -9.786042614536507e-10 
  2065.0   2.5514377584562597e-09 
  2066.0   -4.507705373312928e-10 
  2067.0   5.755136277501379e-10 
  2068.0   -2.1245625337883578e-10 
  2069.0   -1.1990354405409645e-09 
  2070.0   -6.918303121991225e-10 
  2071.0   9.71487912513981e-10 
  2072.0   2.1740841939007526e-12 
  2073.0   -5.552555111929436e-10 
  2074.0   1.2204956516691183e-09 
  2075.0   8.544809995178549e-10 
  2076.0   1.5839899858392478e-09 
  2077.0   -5.405749057447113e-10 
  2078.0   -1.541287028720007e-09 
  2079.0   -4.857588337780453e-10 
  2080.0   2.303171484612846e-09 
  2081.0   -1.3139579089824302e-10 
  2082.0   -1.2928059178890984e-09 
  2083.0   -1.4870737565025566e-09 
  2084.0   -3.0462402117065686e-10 
  2085.0   8.786203795846281e-10 
  2086.0   -2.0241053209419028e-11 
  2087.0   4.033041683121348e-11 
  2088.0   -9.121084215082358e-10 
  2089.0   6.689180585600991e-11 
  2090.0   1.654037085952249e-10 
  2091.0   7.418874221665325e-10 
  2092.0   -1.3932685695036806e-10 
  2093.0   -7.511730382390644e-10 
  2094.0   1.5589973624352234e-09 
  2095.0   -3.815567283506054e-11 
  2096.0   2.1577145371653086e-10 
  2097.0   5.391833705126736e-10 
  2098.0   -1.6632231241333647e-09 
  2099.0   2.664460601428564e-10 
  2100.0   7.62869807540415e-10 
