  2015.0   212.9278960071531 
  2016.0   213.15903120950017 
  2017.0   213.66384327763208 
  2018.0   213.69328439440113 
  2019.0   213.8902038072855 
  2020.0   214.09118662760463 
  2021.0   214.17628240962887 
  2022.0   214.60605923043227 
  2023.0   215.0831255031526 
  2024.0   215.45509150565874 
  2025.0   215.61080590694496 
  2026.0   215.95159933283605 
  2027.0   216.21890828317268 
  2028.0   216.27953775209622 
  2029.0   216.64190795427885 
  2030.0   217.18080063367094 
  2031.0   217.9146950098572 
  2032.0   218.2811242427126 
  2033.0   218.51603336378787 
  2034.0   218.82483345507683 
  2035.0   219.21077230308126 
  2036.0   219.69172461543434 
  2037.0   220.36504032861924 
  2038.0   220.77293436908852 
  2039.0   220.96341166299777 
  2040.0   221.3079432501722 
  2041.0   221.60684914907355 
  2042.0   222.07702860330153 
  2043.0   222.42506679241356 
  2044.0   222.71194720555053 
  2045.0   223.25420400347667 
  2046.0   223.59559179968844 
  2047.0   224.05226344287505 
  2048.0   224.40038549679863 
  2049.0   224.59171420423087 
  2050.0   225.1554183364276 
  2051.0   225.45228572110997 
  2052.0   225.56547499062012 
  2053.0   226.17594678583677 
  2054.0   226.9147318285222 
  2055.0   226.96505572827755 
  2056.0   227.3502635705554 
  2057.0   227.79934422752115 
  2058.0   228.15089919114146 
  2059.0   228.60023398472399 
  2060.0   229.03910730477702 
  2061.0   229.04826052777386 
  2062.0   229.28955235385263 
  2063.0   229.55596536592859 
  2064.0   229.95148777112166 
  2065.0   230.49077636692965 
  2066.0   230.88810408755043 
  2067.0   230.70385120198802 
  2068.0   230.50165876444552 
  2069.0   230.9031832076542 
  2070.0   231.49959868423053 
  2071.0   231.4700194347412 
  2072.0   232.11232569854943 
  2073.0   232.94648822886322 
  2074.0   233.9126402735267 
  2075.0   234.62943166520077 
  2076.0   234.64292814186612 
  2077.0   234.80036817345086 
  2078.0   235.82566278987466 
  2079.0   236.2671203803815 
  2080.0   236.60807309468055 
  2081.0   237.8784937948825 
  2082.0   238.62914275823076 
  2083.0   238.9252280970367 
  2084.0   238.8394547566141 
  2085.0   238.9141508162709 
  2086.0   239.72800512627356 
  2087.0   240.24657666314548 
  2088.0   240.6735223777797 
  2089.0   241.60405324154337 
  2090.0   242.36660380026066 
  2091.0   242.96941818309756 
  2092.0   242.33503802460635 
  2093.0   242.90381046776588 
  2094.0   243.8751241726221 
  2095.0   244.44712832745213 
  2096.0   245.0393409913444 
  2097.0   245.33938591375252 
  2098.0   246.32318991816098 
  2099.0   247.06381256802717 
  2100.0   247.48592324242435 
