  2015.0   0.05162812975141717 
  2016.0   0.05034991306165095 
  2017.0   0.049462079863583544 
  2018.0   0.04874160756996393 
  2019.0   0.04808247528250317 
  2020.0   0.047478521759596264 
  2021.0   0.046799621155192414 
  2022.0   0.04610827082735506 
  2023.0   0.045968057179199016 
  2024.0   0.04934524202116829 
  2025.0   0.05310073099163755 
  2026.0   0.052251671256980256 
  2027.0   0.05180603737833034 
  2028.0   0.05244660430160512 
  2029.0   0.0563826397876898 
  2030.0   0.06351878612870336 
  2031.0   0.07192973378863925 
  2032.0   0.0830466280574904 
  2033.0   0.09261919387860278 
  2034.0   0.1011231591852219 
  2035.0   0.11006026438155259 
  2036.0   0.1157190722942173 
  2037.0   0.12157414420292711 
  2038.0   0.1290185398312941 
  2039.0   0.1362053468342 
  2040.0   0.141518610897503 
  2041.0   0.13825513874769293 
  2042.0   0.13908598361443475 
  2043.0   0.14228506408025074 
  2044.0   0.14601323647993714 
  2045.0   0.14818524254801205 
  2046.0   0.14498018211901637 
  2047.0   0.1433802950653008 
  2048.0   0.1424529885008606 
  2049.0   0.1419769076285904 
  2050.0   0.1407530453626914 
  2051.0   0.13470895400306365 
  2052.0   0.12978007398445315 
  2053.0   0.12622303898318782 
  2054.0   0.12427551551515649 
  2055.0   0.12497984527432333 
  2056.0   0.12128321903929494 
  2057.0   0.1178122000525072 
  2058.0   0.11528689862187728 
  2059.0   0.11369579135999881 
  2060.0   0.11231785357108673 
  2061.0   0.10858401816351837 
  2062.0   0.10669908054865788 
  2063.0   0.10579414863358476 
  2064.0   0.10486272125298815 
  2065.0   0.10521763025546027 
  2066.0   0.10645771814731977 
  2067.0   0.10786856639232291 
  2068.0   0.11000473661469348 
  2069.0   0.11197396568114718 
  2070.0   0.11260028510993306 
  2071.0   0.10705614912549687 
  2072.0   0.10368289484656351 
  2073.0   0.10249494327225939 
  2074.0   0.10280464324031902 
  2075.0   0.10234302454621483 
  2076.0   0.0985779200688887 
  2077.0   0.09645752791957583 
  2078.0   0.0973596093683799 
  2079.0   0.09919742831126564 
  2080.0   0.09950255500449598 
  2081.0   0.0955052809786324 
  2082.0   0.09327766661766215 
  2083.0   0.09167012628376135 
  2084.0   0.09091921993458381 
  2085.0   0.09113397453505062 
  2086.0   0.08750938349340584 
  2087.0   0.08448412204940119 
  2088.0   0.08212241794801786 
  2089.0   0.08088368491061515 
  2090.0   0.08038556088540011 
  2091.0   0.07833131278146996 
  2092.0   0.0763560005946777 
  2093.0   0.07475463672651704 
  2094.0   0.07340996568683203 
  2095.0   0.07232255794185365 
  2096.0   0.07357328205566677 
  2097.0   0.07936106955474209 
  2098.0   0.0833837908552302 
  2099.0   0.08801657324434571 
  2100.0   0.09102425201235904 
