  2015.0   18.56040907764404 
  2016.0   19.13811335230803 
  2017.0   19.26733065330278 
  2018.0   19.49956866119286 
  2019.0   19.29982471118995 
  2020.0   18.147059425248745 
  2021.0   19.23431555096921 
  2022.0   19.74112295403215 
  2023.0   19.29626366677539 
  2024.0   19.80215364512953 
  2025.0   19.365467531320377 
  2026.0   21.08350348746915 
  2027.0   19.470495511921712 
  2028.0   20.790436348932985 
  2029.0   20.39058691880688 
  2030.0   20.137243441270652 
  2031.0   19.62493645963719 
  2032.0   20.174545842164203 
  2033.0   18.955919942727427 
  2034.0   19.511556286357084 
  2035.0   21.1326779070385 
  2036.0   20.01581735360994 
  2037.0   20.35132138318094 
  2038.0   20.461361807251293 
  2039.0   20.858963882007107 
  2040.0   19.690660598786053 
  2041.0   21.540853980047597 
  2042.0   20.04950973484614 
  2043.0   20.126653883788265 
  2044.0   21.439762704893703 
  2045.0   20.136782186158747 
  2046.0   20.88497593447287 
  2047.0   21.005095250074415 
  2048.0   20.79669043611203 
  2049.0   20.177870289296454 
  2050.0   20.44704334744682 
  2051.0   19.874064694856173 
  2052.0   20.230086235415264 
  2053.0   19.585084699026446 
  2054.0   20.3374341758562 
  2055.0   20.810476811757777 
  2056.0   21.864907236807827 
  2057.0   20.762593741482643 
  2058.0   21.15417607263031 
  2059.0   21.88247951348304 
  2060.0   21.309929251158312 
  2061.0   20.870316915104322 
  2062.0   20.801185446042734 
  2063.0   21.031081371245037 
  2064.0   20.451422752261212 
  2065.0   21.141207086829063 
  2066.0   21.825564117472112 
  2067.0   22.244584229290904 
  2068.0   22.29087501276646 
  2069.0   22.735410956692697 
  2070.0   23.338874924338977 
  2071.0   22.25274197312369 
  2072.0   22.273203930562993 
  2073.0   22.61570637731854 
  2074.0   23.25988573077169 
  2075.0   23.357135156405743 
  2076.0   22.488523850096716 
  2077.0   20.873717690316962 
  2078.0   22.373876835232767 
  2079.0   22.654290876783318 
  2080.0   22.711875298486696 
  2081.0   22.72242367751103 
  2082.0   22.555468323738786 
  2083.0   21.705143644875577 
  2084.0   21.341186233853087 
  2085.0   22.754894499532718 
  2086.0   22.959010657910202 
  2087.0   22.506113464824725 
  2088.0   21.80739798476911 
  2089.0   22.586394719995884 
  2090.0   23.83179262648106 
  2091.0   23.460503374073944 
  2092.0   24.492340872138023 
  2093.0   23.752305602656048 
  2094.0   22.895998824223774 
  2095.0   23.299429737959958 
  2096.0   23.01285882374547 
  2097.0   23.705085888443417 
  2098.0   23.545020996720815 
  2099.0   23.61540705835273 
  2100.0   24.985326190696327 
