  2015.0   7.65931831802748 
  2016.0   8.917561706236114 
  2017.0   8.492340046719073 
  2018.0   8.782924629488765 
  2019.0   8.571683600006894 
  2020.0   8.676624782831976 
  2021.0   8.77800100513307 
  2022.0   9.206792975721703 
  2023.0   8.910944150058375 
  2024.0   9.093370170886544 
  2025.0   9.026794247746865 
  2026.0   9.319369196064308 
  2027.0   8.955331452287583 
  2028.0   8.762718092024004 
  2029.0   9.359661475929936 
  2030.0   9.297784250544378 
  2031.0   9.438887585372107 
  2032.0   9.162133405073067 
  2033.0   9.416934708171693 
  2034.0   9.711508069093265 
  2035.0   9.541626145167815 
  2036.0   10.050572566506016 
  2037.0   10.108012282152352 
  2038.0   9.726701526875946 
  2039.0   9.638323333026554 
  2040.0   9.8077988721095 
  2041.0   9.566655972483296 
  2042.0   10.408020326227117 
  2043.0   9.746204101821053 
  2044.0   9.798360650675724 
  2045.0   10.446687690805106 
  2046.0   9.894959451297812 
  2047.0   10.249327910274676 
  2048.0   10.032188827622932 
  2049.0   10.494219052056593 
  2050.0   9.934815815743665 
  2051.0   10.178718882055959 
  2052.0   10.096482980153343 
  2053.0   10.973022163027126 
  2054.0   10.508341455201075 
  2055.0   10.496734911384376 
  2056.0   10.50306698530457 
  2057.0   11.038758477137344 
  2058.0   10.644822853060496 
  2059.0   10.937455927633716 
  2060.0   10.680121354505046 
  2061.0   10.173929122383374 
  2062.0   11.045517607461452 
  2063.0   10.332719658544335 
  2064.0   11.225694455381117 
  2065.0   11.337479984576724 
  2066.0   10.773761878374595 
  2067.0   10.47619869655998 
  2068.0   10.306891320081787 
  2069.0   11.447484837033846 
  2070.0   10.683104082296103 
  2071.0   10.57210045967 
  2072.0   11.622343425161613 
  2073.0   11.96252877353567 
  2074.0   12.230225677014682 
  2075.0   11.984458384583426 
  2076.0   10.608474438560428 
  2077.0   11.699791239340646 
  2078.0   12.099949272916414 
  2079.0   11.425187374564764 
  2080.0   12.541930409900855 
  2081.0   12.908149744055539 
  2082.0   12.713762095966667 
  2083.0   12.719814486620495 
  2084.0   11.51385697939122 
  2085.0   12.038816066093343 
  2086.0   12.388125576695193 
  2087.0   12.256721993436436 
  2088.0   12.50807342138679 
  2089.0   12.858604287312785 
  2090.0   13.193703058758741 
  2091.0   12.525272863971594 
  2092.0   11.650737289459038 
  2093.0   13.576075675043873 
  2094.0   13.185723610900839 
  2095.0   12.997654200211423 
  2096.0   12.757052256714136 
  2097.0   13.237006627018589 
  2098.0   13.56294318812603 
  2099.0   13.20510263260684 
  2100.0   13.149070947838824 
