  2015.0   7.570159821999581 
  2016.0   7.638895486701209 
  2017.0   8.055235247746733 
  2018.0   8.036044722900584 
  2019.0   7.6975317457628 
  2020.0   7.401384587783317 
  2021.0   7.756233187952145 
  2022.0   8.031089624230248 
  2023.0   8.093009963817794 
  2024.0   7.822840972859816 
  2025.0   7.63818062048382 
  2026.0   8.199080561271542 
  2027.0   7.771156419157671 
  2028.0   8.577492961292544 
  2029.0   8.259085546943547 
  2030.0   8.549701869778346 
  2031.0   8.520611288035626 
  2032.0   8.518751740960028 
  2033.0   8.666245746886592 
  2034.0   8.802736821579543 
  2035.0   9.00857358190652 
  2036.0   8.760234373188396 
  2037.0   8.997998490894524 
  2038.0   9.133629347899957 
  2039.0   9.117635253430258 
  2040.0   8.951115387721142 
  2041.0   8.57617405664138 
  2042.0   8.833673095805393 
  2043.0   8.455434627067122 
  2044.0   8.96428302435626 
  2045.0   9.024699748490473 
  2046.0   9.519870541593246 
  2047.0   9.308265385968912 
  2048.0   8.723954367888386 
  2049.0   9.4627528618556 
  2050.0   9.631257552775216 
  2051.0   9.770729002266847 
  2052.0   9.951817253953676 
  2053.0   10.107697490707181 
  2054.0   9.882683213389068 
  2055.0   10.085316541720873 
  2056.0   9.873544805024457 
  2057.0   10.160248217499472 
  2058.0   10.16359091913345 
  2059.0   9.12828249303397 
  2060.0   9.887841556167665 
  2061.0   10.17109479861225 
  2062.0   9.896048554377224 
  2063.0   10.148439564997442 
  2064.0   10.334889165652637 
  2065.0   9.890873889106457 
  2066.0   10.654246324293846 
  2067.0   9.618027741486673 
  2068.0   9.823796269050108 
  2069.0   10.198047183677971 
  2070.0   9.877195895880302 
  2071.0   10.63453837171193 
  2072.0   10.7472154881827 
  2073.0   9.77918105744556 
  2074.0   10.111080372585455 
  2075.0   10.591099429999467 
  2076.0   10.890670842738485 
  2077.0   10.324847102695278 
  2078.0   10.703186237255425 
  2079.0   10.52067424623736 
  2080.0   9.730796361887418 
  2081.0   10.428127291606124 
  2082.0   10.733037716283295 
  2083.0   11.537349668443872 
  2084.0   11.194554358186124 
  2085.0   11.321062449529467 
  2086.0   10.403448140111063 
  2087.0   10.441715055668949 
  2088.0   10.353697386759688 
  2089.0   11.20703266998679 
  2090.0   11.162470793519368 
  2091.0   10.30841131601695 
  2092.0   10.939500593738197 
  2093.0   11.543057275933876 
  2094.0   11.25218585206083 
  2095.0   10.544009535379708 
  2096.0   10.621280141461094 
  2097.0   11.16493778821799 
  2098.0   11.35967800934579 
  2099.0   11.431277053301187 
  2100.0   11.263167782174017 
