  2015.0   16.64655658740065 
  2016.0   17.25463022910666 
  2017.0   16.896541640493776 
  2018.0   16.183370227031933 
  2019.0   16.86683686455391 
  2020.0   18.479338822911618 
  2021.0   17.633323147598087 
  2022.0   18.262095641431653 
  2023.0   16.144699202470132 
  2024.0   16.794707029845185 
  2025.0   16.63250698313326 
  2026.0   17.425240123884485 
  2027.0   17.87685213261044 
  2028.0   16.497948666801463 
  2029.0   16.551891596854674 
  2030.0   16.537320317687506 
  2031.0   17.290337050909812 
  2032.0   17.98887100428174 
  2033.0   19.017807472896276 
  2034.0   16.967919415715848 
  2035.0   17.533339804232273 
  2036.0   17.63262338445197 
  2037.0   18.224047633167217 
  2038.0   19.696940895944746 
  2039.0   18.842134658983927 
  2040.0   18.545955914516234 
  2041.0   18.839758511209446 
  2042.0   18.36055375573855 
  2043.0   19.611427839464262 
  2044.0   19.291571246380304 
  2045.0   18.450287952213785 
  2046.0   17.174782350099232 
  2047.0   18.7648447376169 
  2048.0   18.566842531593153 
  2049.0   19.66313951001365 
  2050.0   17.735864710096273 
  2051.0   18.469885011219432 
  2052.0   18.98621585642152 
  2053.0   19.96750776464734 
  2054.0   19.623619390068434 
  2055.0   18.437778551811945 
  2056.0   17.191035635557476 
  2057.0   19.243282635789758 
  2058.0   19.23351157847762 
  2059.0   19.312905478813406 
  2060.0   19.847487930647212 
  2061.0   20.28617710350996 
  2062.0   19.918376860504253 
  2063.0   18.884379029207995 
  2064.0   19.303592249296045 
  2065.0   20.106482385839396 
  2066.0   20.07898987155435 
  2067.0   20.93821073408256 
  2068.0   20.83156766452883 
  2069.0   20.002315989894235 
  2070.0   19.062234299692296 
  2071.0   18.24738929952863 
  2072.0   19.438005066619215 
  2073.0   19.644769184368002 
  2074.0   20.75764076049539 
  2075.0   20.993037893205496 
  2076.0   20.51356964034508 
  2077.0   19.552637695886492 
  2078.0   21.539899175125292 
  2079.0   21.49220403327514 
  2080.0   21.574097016016182 
  2081.0   22.612327969255034 
  2082.0   21.15896678091897 
  2083.0   20.20043373295323 
  2084.0   20.3090681960159 
  2085.0   23.002938652714477 
  2086.0   21.00741324602467 
  2087.0   20.97663268243513 
  2088.0   20.330887991688577 
  2089.0   22.286274179253056 
  2090.0   22.614623372814282 
  2091.0   23.009218087335384 
  2092.0   20.04776996202425 
  2093.0   19.774339447757484 
  2094.0   20.921742832797086 
  2095.0   22.756899694318914 
  2096.0   22.273447131950785 
  2097.0   21.970576969587963 
  2098.0   21.961866031929496 
  2099.0   22.242435665075803 
  2100.0   23.032279076675827 
