  2015.0   -0.013009198365043346 
  2016.0   0.7343301784913051 
  2017.0   0.0753923343684272 
  2018.0   0.3834906687135735 
  2019.0   0.8687991546342639 
  2020.0   0.6831083721609368 
  2021.0   0.22121979407917422 
  2022.0   0.5443968486999172 
  2023.0   0.02608332011051336 
  2024.0   0.5024135033678215 
  2025.0   -0.2082180813808733 
  2026.0   0.30808511094375673 
  2027.0   -0.12563124428039327 
  2028.0   0.47461933197644685 
  2029.0   -0.2704065850220835 
  2030.0   0.26935667628756077 
  2031.0   -0.034126780541524696 
  2032.0   1.1226522626698032 
  2033.0   0.053051808338575764 
  2034.0   0.8952209899041961 
  2035.0   0.2622705166673945 
  2036.0   0.8846816907228625 
  2037.0   -0.06379046451882225 
  2038.0   0.3700113363320908 
  2039.0   0.9205110179616429 
  2040.0   -0.15831208764169327 
  2041.0   -0.0475002573632744 
  2042.0   -0.15205197391154265 
  2043.0   0.7873045508288913 
  2044.0   0.3796788101687796 
  2045.0   0.29687356448995733 
  2046.0   0.658498504570749 
  2047.0   0.07452729716160852 
  2048.0   -0.15199450811770843 
  2049.0   0.9719450931718504 
  2050.0   0.3577954506117149 
  2051.0   0.2602828344122968 
  2052.0   0.35645695750502915 
  2053.0   0.17995099840614112 
  2054.0   0.03927216490537823 
  2055.0   0.6018418816131852 
  2056.0   1.0178852259253803 
  2057.0   0.3353404133643326 
  2058.0   0.431450441579582 
  2059.0   -0.16543784403494374 
  2060.0   0.016096867655597657 
  2061.0   0.4853756869420092 
  2062.0   0.6152687931467298 
  2063.0   0.0538669875215621 
  2064.0   1.1886004189863673 
  2065.0   -0.30697444846884353 
  2066.0   1.1697612791231156 
  2067.0   0.5459131858735536 
  2068.0   0.060942782899265274 
  2069.0   -0.3307276071108371 
  2070.0   -0.6808822938627659 
  2071.0   1.1006762718626781 
  2072.0   0.3166796431386104 
  2073.0   0.8334106451580281 
  2074.0   0.26080815504013316 
  2075.0   0.9429930694169303 
  2076.0   -0.9424288103322549 
  2077.0   -0.4598123527227858 
  2078.0   0.8947487518222927 
  2079.0   0.9223621399180655 
  2080.0   0.22180871802462504 
  2081.0   0.0749009602762212 
  2082.0   -0.12871917634491234 
  2083.0   0.26346825686149444 
  2084.0   0.8770414543779116 
  2085.0   0.018718833663614504 
  2086.0   -0.46424574677732716 
  2087.0   0.6724634793740562 
  2088.0   0.9489772423046104 
  2089.0   -0.16427845308840539 
  2090.0   -0.4086807624039575 
  2091.0   -0.6204385642067838 
  2092.0   1.0603536185279983 
  2093.0   0.751311674362704 
  2094.0   -0.19433390895384953 
  2095.0   0.6058319249408047 
  2096.0   -0.4546802584792109 
  2097.0   1.330238799927281 
  2098.0   0.240693735593095 
  2099.0   0.6542191277081153 
  2100.0   1.0267802894276343 
