  2015.0   11.815174159009915 
  2016.0   11.74794912291623 
  2017.0   11.692750865227227 
  2018.0   11.696010663585957 
  2019.0   11.779218591373525 
  2020.0   11.96623415779651 
  2021.0   12.059104409604952 
  2022.0   11.930089650267593 
  2023.0   12.096552877043665 
  2024.0   12.445913670743195 
  2025.0   12.15029403306181 
  2026.0   11.917225834239641 
  2027.0   11.998670907806826 
  2028.0   11.905026472084165 
  2029.0   12.062551818197347 
  2030.0   11.848106735914119 
  2031.0   11.724444588526916 
  2032.0   11.516854159861754 
  2033.0   11.610624632273682 
  2034.0   12.237101404939164 
  2035.0   12.210779339758078 
  2036.0   12.41632789583901 
  2037.0   12.177131555024607 
  2038.0   12.07308606910011 
  2039.0   11.871059173749378 
  2040.0   12.042723008450132 
  2041.0   12.17562893485487 
  2042.0   12.239414477303294 
  2043.0   12.102982201138445 
  2044.0   11.969061688156929 
  2045.0   12.049978758806397 
  2046.0   12.085232191748128 
  2047.0   12.277023286823075 
  2048.0   11.995083138498382 
  2049.0   12.017445586796786 
  2050.0   12.216080839434795 
  2051.0   12.248742691248118 
  2052.0   12.529396478491426 
  2053.0   12.2812243772243 
  2054.0   11.938192798589357 
  2055.0   11.895699493400302 
  2056.0   12.049113245389847 
  2057.0   12.415249795620996 
  2058.0   12.365315857406832 
  2059.0   12.329456995834844 
  2060.0   12.054898508919981 
  2061.0   11.7065363058475 
  2062.0   11.636792909479693 
  2063.0   11.81639965598831 
  2064.0   11.800425108119573 
  2065.0   11.854983030123284 
  2066.0   11.991792383662762 
  2067.0   11.808542752444414 
  2068.0   11.698739577527851 
  2069.0   11.692263097654957 
  2070.0   11.640981383269397 
  2071.0   11.407387977840079 
  2072.0   11.515224118227328 
  2073.0   11.629339419049389 
  2074.0   11.873487743668095 
  2075.0   11.937310286292085 
  2076.0   11.786894608301935 
  2077.0   11.410991875971556 
  2078.0   11.520362038550928 
  2079.0   11.578009711920993 
  2080.0   11.746537608408602 
  2081.0   11.478131451580108 
  2082.0   11.412989906411369 
  2083.0   11.278276140186579 
  2084.0   11.216466636159124 
  2085.0   11.025622434921893 
  2086.0   11.039661504907981 
  2087.0   10.897578487812424 
  2088.0   10.758116657238228 
  2089.0   10.791866435482346 
  2090.0   10.896507756676975 
  2091.0   10.94713524867203 
  2092.0   10.956269065904474 
  2093.0   10.949825867052816 
  2094.0   11.050088852817101 
  2095.0   11.022009407027817 
  2096.0   10.778554905751786 
  2097.0   10.599672022398458 
  2098.0   10.652280022861024 
  2099.0   10.76899252744078 
  2100.0   10.91922453896233 
