  2015.0   3.4294033382033203e-10 
  2016.0   2.924359139315859e-10 
  2017.0   4.3262280054080465e-10 
  2018.0   4.131011013785682e-10 
  2019.0   4.0521473874680675e-10 
  2020.0   4.3226413171233165e-10 
  2021.0   4.079312142920926e-10 
  2022.0   4.079553308439722e-10 
  2023.0   4.5885982034297476e-10 
  2024.0   4.2994678213099534e-10 
  2025.0   4.924310324324509e-10 
  2026.0   3.7789042151156016e-10 
  2027.0   4.3255322460678125e-10 
  2028.0   4.106378879405758e-10 
  2029.0   3.548290179574385e-10 
  2030.0   4.612908834980427e-10 
  2031.0   4.4264734152095773e-10 
  2032.0   4.771319613633823e-10 
  2033.0   4.6426366344075343e-10 
  2034.0   4.6340762628243665e-10 
  2035.0   4.995510353637687e-10 
  2036.0   4.928353934486154e-10 
  2037.0   4.959453581958474e-10 
  2038.0   5.743177380009201e-10 
  2039.0   5.094909989869902e-10 
  2040.0   4.978599207511207e-10 
  2041.0   5.527710954953023e-10 
  2042.0   5.062970875433634e-10 
  2043.0   5.20862264717333e-10 
  2044.0   5.254393715196418e-10 
  2045.0   5.239486205748647e-10 
  2046.0   5.097554627740292e-10 
  2047.0   4.771638830773721e-10 
  2048.0   5.841321214845878e-10 
  2049.0   5.097074692392103e-10 
  2050.0   5.197860977353137e-10 
  2051.0   5.118271876573517e-10 
  2052.0   4.698888148381615e-10 
  2053.0   4.734729318086251e-10 
  2054.0   5.971983676328629e-10 
  2055.0   5.790953969083237e-10 
  2056.0   5.26776715526337e-10 
  2057.0   5.380276774205203e-10 
  2058.0   5.440286779462889e-10 
  2059.0   5.040250294549e-10 
  2060.0   5.745905031146959e-10 
  2061.0   5.191346617647343e-10 
  2062.0   4.657644092496427e-10 
  2063.0   5.696036030704932e-10 
  2064.0   4.837337200388397e-10 
  2065.0   6.331284617856675e-10 
  2066.0   5.126169969897734e-10 
  2067.0   5.008363402958451e-10 
  2068.0   5.208689061401929e-10 
  2069.0   4.3145262015365726e-10 
  2070.0   5.015212679522886e-10 
  2071.0   5.082384001246179e-10 
  2072.0   4.667258881033991e-10 
  2073.0   6.795092716188796e-10 
  2074.0   7.005917021718553e-10 
  2075.0   6.353060131443361e-10 
  2076.0   6.839188125218948e-10 
  2077.0   4.81864735827324e-10 
  2078.0   6.008142353138779e-10 
  2079.0   7.309675527939762e-10 
  2080.0   6.368258539577854e-10 
  2081.0   8.222832194111961e-10 
  2082.0   8.078689968639841e-10 
  2083.0   7.63532471558324e-10 
  2084.0   7.359247859486874e-10 
  2085.0   5.628671727514554e-10 
  2086.0   6.745804772657013e-10 
  2087.0   7.169086198532977e-10 
  2088.0   6.901069832507606e-10 
  2089.0   6.748764403162195e-10 
  2090.0   8.288534600556962e-10 
  2091.0   8.312726789959954e-10 
  2092.0   7.441152462382309e-10 
  2093.0   5.704968159835809e-10 
  2094.0   8.971594897082541e-10 
  2095.0   7.551657403865165e-10 
  2096.0   7.549417257831752e-10 
  2097.0   8.061252436633833e-10 
  2098.0   7.180420083152718e-10 
  2099.0   9.286322971674198e-10 
  2100.0   8.000216863716087e-10 
