  2015.0   2.9742324444111107e-12 
  2016.0   2.203117307170308e-12 
  2017.0   1.923489280464768e-12 
  2018.0   1.8400274214046384e-12 
  2019.0   1.8009271033474834e-12 
  2020.0   1.781689561475247e-12 
  2021.0   1.6653452944219022e-12 
  2022.0   1.523864455705889e-12 
  2023.0   1.7700450728759255e-12 
  2024.0   4.539641755729199e-12 
  2025.0   6.963112453147546e-12 
  2026.0   5.478889656601893e-12 
  2027.0   4.869823846758221e-12 
  2028.0   5.325546692786567e-12 
  2029.0   8.110965288185142e-12 
  2030.0   1.2523600555265045e-11 
  2031.0   1.6901771502194626e-11 
  2032.0   2.2377539884263674e-11 
  2033.0   2.5685713926261315e-11 
  2034.0   2.7783269795104655e-11 
  2035.0   3.0104218394145264e-11 
  2036.0   2.9848605012562187e-11 
  2037.0   3.02460184732991e-11 
  2038.0   3.215918713030257e-11 
  2039.0   3.3766757314973244e-11 
  2040.0   3.402234972125264e-11 
  2041.0   2.8307940618636205e-11 
  2042.0   2.726949142563077e-11 
  2043.0   2.834103483121436e-11 
  2044.0   2.9605744426069076e-11 
  2045.0   2.951145805193992e-11 
  2046.0   2.5605838379219692e-11 
  2047.0   2.392138379750946e-11 
  2048.0   2.3113971309247698e-11 
  2049.0   2.277263390206788e-11 
  2050.0   2.1898052604568997e-11 
  2051.0   1.7695654577070586e-11 
  2052.0   1.5264582535722205e-11 
  2053.0   1.4253072675761153e-11 
  2054.0   1.4472170729097188e-11 
  2055.0   1.6335788474549728e-11 
  2056.0   1.4298189083744639e-11 
  2057.0   1.282423481039305e-11 
  2058.0   1.226528827834598e-11 
  2059.0   1.2393522706706381e-11 
  2060.0   1.2468767176257912e-11 
  2061.0   1.0620749203473778e-11 
  2062.0   1.0479735426053665e-11 
  2063.0   1.0937537620476708e-11 
  2064.0   1.1121720603198285e-11 
  2065.0   1.2060693118180846e-11 
  2066.0   1.3281922305877042e-11 
  2067.0   1.4268915828608381e-11 
  2068.0   1.5556934620141318e-11 
  2069.0   1.640672229262821e-11 
  2070.0   1.6121709680141497e-11 
  2071.0   1.1467442905798988e-11 
  2072.0   9.645734211527755e-12 
  2073.0   9.801075013958441e-12 
  2074.0   1.0932093601736092e-11 
  2075.0   1.1098262096717845e-11 
  2076.0   8.705120129419858e-12 
  2077.0   8.074941211183616e-12 
  2078.0   9.734656339109327e-12 
  2079.0   1.1600160188597922e-11 
  2080.0   1.1843241153562675e-11 
  2081.0   8.84547810536223e-12 
  2082.0   7.927693112687815e-12 
  2083.0   7.62864012832263e-12 
  2084.0   7.974323289999738e-12 
  2085.0   8.896180069715708e-12 
  2086.0   6.659833519294079e-12 
  2087.0   5.371994338928072e-12 
  2088.0   4.794667820089102e-12 
  2089.0   5.08330936956151e-12 
  2090.0   5.734619874864604e-12 
  2091.0   4.998337226434489e-12 
  2092.0   4.462142536954937e-12 
  2093.0   4.211396009765541e-12 
  2094.0   4.106636866053347e-12 
  2095.0   4.157896264452576e-12 
  2096.0   5.946918385071014e-12 
  2097.0   1.059507794973627e-11 
  2098.0   1.2886207067211281e-11 
  2099.0   1.5286264956357652e-11 
  2100.0   1.612359892331077e-11 
