  2015.0   6.104000458228686 
  2016.0   5.155263597771542 
  2017.0   4.814079176715149 
  2018.0   4.787692730250429 
  2019.0   5.406755936797979 
  2020.0   5.53989300313631 
  2021.0   4.668057775502729 
  2022.0   5.1166987750405895 
  2023.0   5.605961585945294 
  2024.0   5.308932814674988 
  2025.0   5.437559209044313 
  2026.0   5.022442265848114 
  2027.0   5.477135863440427 
  2028.0   5.33508785098401 
  2029.0   5.861108772304025 
  2030.0   5.6299444407272885 
  2031.0   4.9106725317616675 
  2032.0   5.498992935531994 
  2033.0   5.235445754511561 
  2034.0   5.720373573483709 
  2035.0   5.8434413514338015 
  2036.0   5.265654709793078 
  2037.0   5.235474334598638 
  2038.0   5.192548442654097 
  2039.0   5.932657508204191 
  2040.0   5.813209976095498 
  2041.0   5.471648043998852 
  2042.0   4.830595412194982 
  2043.0   6.252988123228772 
  2044.0   5.925493671166761 
  2045.0   5.7913051120966434 
  2046.0   5.249618938452657 
  2047.0   5.666933827450445 
  2048.0   5.977086482957385 
  2049.0   5.232668948626693 
  2050.0   5.510983426032025 
  2051.0   6.692252274399375 
  2052.0   5.679289473443526 
  2053.0   5.672327660646633 
  2054.0   5.486406639255295 
  2055.0   5.789949105327018 
  2056.0   5.6460493100744635 
  2057.0   6.078938662712491 
  2058.0   5.9094712226738295 
  2059.0   5.71939346416765 
  2060.0   5.152436742196015 
  2061.0   5.648919209776149 
  2062.0   6.378323982526878 
  2063.0   5.903152416781295 
  2064.0   5.416697154219348 
  2065.0   5.6814459718882375 
  2066.0   6.209586568185145 
  2067.0   6.198432354449641 
  2068.0   5.3771831936207 
  2069.0   6.158683049056151 
  2070.0   6.074357903425901 
  2071.0   6.058540735563269 
  2072.0   5.999949240282558 
  2073.0   5.895666562614621 
  2074.0   5.475701004394494 
  2075.0   6.398135346753505 
  2076.0   6.7750827793279775 
  2077.0   5.932383741836401 
  2078.0   5.684486877476719 
  2079.0   6.056720475025145 
  2080.0   6.038050462281168 
  2081.0   6.587590281297701 
  2082.0   6.124173342479443 
  2083.0   5.86917895991132 
  2084.0   5.95228728118195 
  2085.0   6.105131907649221 
  2086.0   6.775529545658948 
  2087.0   6.035178765899521 
  2088.0   5.59689156022121 
  2089.0   5.923555734387288 
  2090.0   6.695391504134667 
  2091.0   6.622509720678234 
  2092.0   5.447490629598386 
  2093.0   6.393368012933865 
  2094.0   6.478277935258845 
  2095.0   6.552323476168454 
  2096.0   6.2024676016041695 
  2097.0   6.045585960285964 
  2098.0   6.635591323410839 
  2099.0   6.610688589227279 
  2100.0   6.32689249124281 
