  2015.0   1.6242064345910787e-10 
  2016.0   1.0698094054723872e-10 
  2017.0   1.0816132934672297e-10 
  2018.0   1.29957529813441e-10 
  2019.0   2.0087033451456957e-10 
  2020.0   1.0166606793413984e-10 
  2021.0   1.173944045314175e-10 
  2022.0   1.8617821843921842e-10 
  2023.0   1.4265579141926415e-10 
  2024.0   1.2662633015883255e-10 
  2025.0   1.549697462272173e-10 
  2026.0   9.53216022095649e-11 
  2027.0   9.681342025402915e-11 
  2028.0   1.851069420640608e-10 
  2029.0   1.2299620303611905e-10 
  2030.0   1.0539044767770859e-10 
  2031.0   1.1780554377813025e-10 
  2032.0   1.439612566509237e-10 
  2033.0   1.4971976943139673e-10 
  2034.0   1.663701664958948e-10 
  2035.0   1.5373700300951365e-10 
  2036.0   1.1889926607751833e-10 
  2037.0   1.2321163866359136e-10 
  2038.0   2.076378559873113e-10 
  2039.0   1.3536802027889854e-10 
  2040.0   1.1213558179350136e-10 
  2041.0   2.1886995745727502e-10 
  2042.0   1.7807854853161917e-10 
  2043.0   1.7177711453481838e-10 
  2044.0   1.6031260098687268e-10 
  2045.0   1.9276265716594635e-10 
  2046.0   1.3222342880009675e-10 
  2047.0   1.441009932153087e-10 
  2048.0   1.5215279121324453e-10 
  2049.0   1.7772449715157618e-10 
  2050.0   1.1598621584044337e-10 
  2051.0   1.4779431904373837e-10 
  2052.0   2.0208586014400864e-10 
  2053.0   2.187286506590769e-10 
  2054.0   1.3956032845123787e-10 
  2055.0   1.0324356109789569e-10 
  2056.0   2.160837737333388e-10 
  2057.0   2.6001688746454734e-10 
  2058.0   2.082818885628241e-10 
  2059.0   1.8435369379267254e-10 
  2060.0   1.1939709224573287e-10 
  2061.0   2.2665082129644415e-10 
  2062.0   1.9430972890805987e-10 
  2063.0   2.813041481129466e-10 
  2064.0   1.928623648107565e-10 
  2065.0   1.298723245983696e-10 
  2066.0   1.89511926999907e-10 
  2067.0   2.5570516453796814e-10 
  2068.0   1.9154603843849266e-10 
  2069.0   2.7577271981633617e-10 
  2070.0   2.3076048819664612e-10 
  2071.0   2.0093107009623343e-10 
  2072.0   1.2650070602086686e-10 
  2073.0   1.9566218056434683e-10 
  2074.0   2.0925843271137182e-10 
  2075.0   2.0486518934057535e-10 
  2076.0   2.0767244876480363e-10 
  2077.0   2.353964370471701e-10 
  2078.0   2.0580903894904082e-10 
  2079.0   1.1282710139817388e-10 
  2080.0   2.342072164611336e-10 
  2081.0   2.7215161971770385e-10 
  2082.0   2.9786902679792977e-10 
  2083.0   2.34896060683179e-10 
  2084.0   1.9097514712694487e-10 
  2085.0   2.1402675843068943e-10 
  2086.0   2.0100881516060751e-10 
  2087.0   1.6058943303673146e-10 
  2088.0   1.8365073640789966e-10 
  2089.0   1.8708466787307453e-10 
  2090.0   1.8978702189056473e-10 
  2091.0   2.3238010187413413e-10 
  2092.0   2.384455944085075e-10 
  2093.0   1.6146566162255043e-10 
  2094.0   2.3266134935130293e-10 
  2095.0   2.751644844264717e-10 
  2096.0   2.2336524441642295e-10 
  2097.0   2.544799854915936e-10 
  2098.0   3.2195708138253134e-10 
  2099.0   2.4621999615965953e-10 
  2100.0   2.818963935687469e-10 
