  2015.0   66.05202407343249 
  2016.0   66.55370657438418 
  2017.0   66.9984780856604 
  2018.0   67.07553579325324 
  2019.0   67.33143742056582 
  2020.0   67.5763917544014 
  2021.0   67.75274026017406 
  2022.0   68.08932570757304 
  2023.0   68.45528259385482 
  2024.0   69.13415028496134 
  2025.0   69.65737059651292 
  2026.0   69.89615927920075 
  2027.0   70.25773144587023 
  2028.0   70.86404971678348 
  2029.0   71.36091041735095 
  2030.0   71.46529132150138 
  2031.0   71.90166584905016 
  2032.0   72.6641191797502 
  2033.0   72.87680637191455 
  2034.0   73.07224701002255 
  2035.0   73.2680766103637 
  2036.0   73.77304708039276 
  2037.0   74.4138180652824 
  2038.0   75.02253612606347 
  2039.0   75.47513278400928 
  2040.0   76.1222027718809 
  2041.0   76.72445087605253 
  2042.0   77.06254070058368 
  2043.0   77.44177353297235 
  2044.0   77.72225660465429 
  2045.0   78.02184902000542 
  2046.0   78.78089429600539 
  2047.0   79.24688336545874 
  2048.0   79.28464015260296 
  2049.0   79.81161587590867 
  2050.0   80.40742547542041 
  2051.0   81.05933657989254 
  2052.0   81.57056483710558 
  2053.0   81.85882647310751 
  2054.0   82.015057823844 
  2055.0   82.43213246026403 
  2056.0   83.30183233676796 
  2057.0   84.17783324300594 
  2058.0   84.59889226142681 
  2059.0   85.1623515300178 
  2060.0   85.65690302881045 
  2061.0   86.24730900019844 
  2062.0   86.81956746951897 
  2063.0   87.32301363204152 
  2064.0   87.76405267343355 
  2065.0   88.10546263362879 
  2066.0   88.67754040290585 
  2067.0   89.59369901073532 
  2068.0   90.12173776224692 
  2069.0   90.62099754100669 
  2070.0   90.85277737001589 
  2071.0   91.330346758791 
  2072.0   91.96601515277406 
  2073.0   92.46546014629523 
  2074.0   93.02111484787945 
  2075.0   93.39277985021755 
  2076.0   93.79881442268096 
  2077.0   94.02304291928706 
  2078.0   93.9540177674774 
  2079.0   94.10474644331607 
  2080.0   94.31930413806808 
  2081.0   94.71941753423286 
  2082.0   95.29256254049231 
  2083.0   95.71484271660381 
  2084.0   96.31104241559937 
  2085.0   96.52937675441704 
  2086.0   97.07333185334872 
  2087.0   97.42354391008686 
  2088.0   97.84579188318433 
  2089.0   97.74039889986595 
  2090.0   98.1307708770975 
  2091.0   99.11431041548572 
  2092.0   99.87773250915117 
  2093.0   100.40233287457345 
  2094.0   101.4960687610585 
  2095.0   102.25595790851189 
  2096.0   102.54633339015413 
  2097.0   103.19121825792686 
  2098.0   103.9230558047988 
  2099.0   104.50785348470842 
  2100.0   104.802224466799 
