  2015.0   1.163792936211606e-10 
  2016.0   9.993450549570075e-11 
  2017.0   1.3609372608002495e-10 
  2018.0   1.5092406460065294e-10 
  2019.0   1.3800214661468357e-10 
  2020.0   1.7119045422668654e-10 
  2021.0   8.824912113259554e-11 
  2022.0   1.406170181561141e-10 
  2023.0   1.2060575121979437e-10 
  2024.0   1.226370407957354e-10 
  2025.0   1.579910203384097e-10 
  2026.0   1.660953473606309e-10 
  2027.0   1.2536402522680565e-10 
  2028.0   1.4082334223237508e-10 
  2029.0   1.3120010099153972e-10 
  2030.0   1.8130204733871643e-10 
  2031.0   1.2958162848095663e-10 
  2032.0   1.3436853523338675e-10 
  2033.0   1.8545907823921192e-10 
  2034.0   2.335817514226963e-10 
  2035.0   1.409740396967443e-10 
  2036.0   1.4063761329265087e-10 
  2037.0   2.0824950294523677e-10 
  2038.0   1.4264289406021838e-10 
  2039.0   1.5166119676568223e-10 
  2040.0   1.3135534917789434e-10 
  2041.0   1.6262055613596217e-10 
  2042.0   1.7771545414341904e-10 
  2043.0   2.0701868673115735e-10 
  2044.0   2.7329590346936125e-10 
  2045.0   1.6641396628451658e-10 
  2046.0   2.104813894767041e-10 
  2047.0   2.395372430267551e-10 
  2048.0   2.1808922103145843e-10 
  2049.0   2.6321174331625167e-10 
  2050.0   2.137779119008013e-10 
  2051.0   1.4942099669960531e-10 
  2052.0   2.2737658244563443e-10 
  2053.0   4.35960703019442e-10 
  2054.0   3.122095018711595e-10 
  2055.0   2.2242165787627648e-10 
  2056.0   2.496950974458007e-10 
  2057.0   2.372812224835559e-10 
  2058.0   2.921705437380167e-10 
  2059.0   2.740364529261347e-10 
  2060.0   2.282224602675048e-10 
  2061.0   2.0447616563654555e-10 
  2062.0   2.1083414092019182e-10 
  2063.0   2.937309262952747e-10 
  2064.0   2.6482816169159886e-10 
  2065.0   2.3747594309870775e-10 
  2066.0   2.472854779728809e-10 
  2067.0   2.3027927061184902e-10 
  2068.0   2.723155511885526e-10 
  2069.0   3.771217459029983e-10 
  2070.0   3.666896526266712e-10 
  2071.0   2.573922359259685e-10 
  2072.0   2.5976195864653336e-10 
  2073.0   3.083412043916916e-10 
  2074.0   3.797205055987347e-10 
  2075.0   2.632350848102526e-10 
  2076.0   4.535046956333005e-10 
  2077.0   4.774375206904492e-10 
  2078.0   4.806092770472226e-10 
  2079.0   4.2600724279314876e-10 
  2080.0   4.26942324687213e-10 
  2081.0   3.6259255557882516e-10 
  2082.0   4.897078763221617e-10 
  2083.0   4.54574120413946e-10 
  2084.0   5.152062623593133e-10 
  2085.0   4.238267250316506e-10 
  2086.0   4.842215058311553e-10 
  2087.0   4.529515294957e-10 
  2088.0   4.160739624936466e-10 
  2089.0   4.2540010034828184e-10 
  2090.0   3.117495884305818e-10 
  2091.0   3.520361319880785e-10 
  2092.0   3.300312145901092e-10 
  2093.0   2.7814347530491863e-10 
  2094.0   3.0581581704658525e-10 
  2095.0   5.46121446994804e-10 
  2096.0   3.3988679031364354e-10 
  2097.0   3.329460685861189e-10 
  2098.0   3.4493455960994144e-10 
  2099.0   4.331855015077855e-10 
  2100.0   2.1967032472106097e-10 
