  1850.0   2.176888848003876 
  1851.0   2.316624979359985 
  1852.0   2.084371067101721 
  1853.0   2.0385966923401377 
  1854.0   1.903068096410093 
  1855.0   1.9627655511361994 
  1856.0   2.4121301762531004 
  1857.0   2.234142773303065 
  1858.0   1.8335431785690801 
  1859.0   2.0782549223546076 
  1860.0   2.106849896210112 
  1861.0   2.0057256896180964 
  1862.0   1.9646423915095714 
  1863.0   2.207827059474259 
  1864.0   2.2399238635834897 
  1865.0   1.9231776325424748 
  1866.0   1.8170213305449676 
  1867.0   2.0822102620888363 
  1868.0   2.2814233996642077 
  1869.0   1.975237230758409 
  1870.0   1.9551056721364009 
  1871.0   2.142328981896097 
  1872.0   2.1763547425724816 
  1873.0   2.1541236859992456 
  1874.0   2.1822614769607105 
  1875.0   2.11698049600296 
  1876.0   1.9223873453253284 
  1877.0   2.065020204615398 
  1878.0   2.009795858779494 
  1879.0   2.2741198260088815 
  1880.0   2.157401519847736 
  1881.0   2.201270261090455 
  1882.0   2.1945961091320085 
  1883.0   2.1241710376363496 
  1884.0   1.9193693047216145 
  1885.0   2.1581412528564297 
  1886.0   2.3873773012333808 
  1887.0   2.266828687748041 
  1888.0   2.0817535528539923 
  1889.0   1.9792019027766286 
  1890.0   2.151369917202695 
  1891.0   2.02238096846494 
  1892.0   2.078998326510253 
  1893.0   2.159440637626344 
  1894.0   2.030209318861099 
  1895.0   1.9486776982920466 
  1896.0   2.2147275455885054 
  1897.0   2.27209342183786 
  1898.0   2.0657328794806307 
  1899.0   2.066128006917789 
  1900.0   2.0687277742017547 
  1901.0   2.1663343966485593 
  1902.0   2.194192809174309 
  1903.0   1.9937365917456449 
  1904.0   2.125172208320529 
  1905.0   2.226922906304301 
  1906.0   2.373435513646328 
  1907.0   2.3185314116769606 
  1908.0   2.1459760557127896 
  1909.0   2.1052665744390326 
  1910.0   2.0583755188955783 
  1911.0   2.0313620716662615 
  1912.0   2.3601702361820704 
  1913.0   2.0949339469355164 
  1914.0   2.004101184017264 
  1915.0   2.1024064387498953 
  1916.0   2.297368846238951 
  1917.0   2.2529863519869524 
  1918.0   2.1357042241439417 
  1919.0   2.1135872157412927 
  1920.0   2.160397556725399 
  1921.0   2.0647441367572408 
  1922.0   1.9143807780670792 
  1923.0   1.9839485410960895 
  1924.0   2.1820530794907045 
  1925.0   2.2320523673177477 
  1926.0   2.4190468610325855 
  1927.0   1.976171037117786 
  1928.0   2.1224497544037453 
  1929.0   2.2827536499786554 
  1930.0   2.1416705021076514 
  1931.0   1.9565694436470986 
  1932.0   2.1181525249410518 
  1933.0   2.206451904446934 
  1934.0   2.1168879572327075 
  1935.0   2.1264907176928096 
  1936.0   1.983757914836668 
  1937.0   1.8878654675758655 
  1938.0   2.205501728022739 
  1939.0   2.329472932138606 
  1940.0   2.0883859331527477 
  1941.0   1.9502801088818909 
  1942.0   1.973941468620639 
  1943.0   2.2259658317190434 
  1944.0   2.212126627652088 
  1945.0   1.9698906317951967 
  1946.0   2.1086071663143793 
  1947.0   2.0062556642036773 
  1948.0   2.0461199898773375 
  1949.0   2.2351126800553995 
  1950.0   2.368039653065113 
  1951.0   1.995558406108125 
  1952.0   2.040507130705802 
  1953.0   2.21793813555739 
  1954.0   2.2045561315622817 
  1955.0   2.2963273738200525 
  1956.0   2.1341329180922255 
  1957.0   1.8769517715502086 
  1958.0   2.130674004303246 
  1959.0   2.2171993463795947 
  1960.0   2.1233331208166426 
  1961.0   2.122555919704941 
  1962.0   2.2665120272018355 
  1963.0   2.0773556023453796 
  1964.0   2.227121886813852 
  1965.0   2.1695367828681706 
  1966.0   2.2049919607605624 
  1967.0   2.1169134851515174 
  1968.0   2.0526608644526907 
  1969.0   2.0033273640005556 
  1970.0   2.2118405247931245 
  1971.0   2.1534292369199304 
  1972.0   2.138823714981145 
  1973.0   2.182314254652495 
  1974.0   2.105504733074082 
  1975.0   2.0593481553640727 
  1976.0   2.0378594922925233 
  1977.0   2.31474943399799 
  1978.0   2.11708685215196 
  1979.0   2.0181620695287252 
  1980.0   2.2100374794665414 
  1981.0   2.7090617207214382 
  1982.0   2.074251369381833 
  1983.0   2.0459488171633597 
  1984.0   2.095471624967796 
  1985.0   2.2273223738363237 
  1986.0   2.0598929928035408 
  1987.0   1.946635347703762 
  1988.0   2.1116494021249017 
  1989.0   2.172762262816441 
  1990.0   2.0418783812347634 
  1991.0   2.093079460133994 
  1992.0   1.973944493171069 
  1993.0   2.074316248507154 
  1994.0   2.0528167531848545 
  1995.0   2.3190345813563025 
  1996.0   2.149200296665169 
  1997.0   2.1328891956497755 
  1998.0   2.055758154546874 
  1999.0   2.1318832620775683 
  2000.0   2.1368447877147836 
  2001.0   2.2469562719592333 
  2002.0   2.2154900161379008 
  2003.0   2.054174199436791 
  2004.0   2.2097767976304397 
  2005.0   2.257603156413467 
  2006.0   2.02172880130388 
  2007.0   2.161887715134808 
  2008.0   2.229268723330201 
  2009.0   2.1669374305166524 
  2010.0   2.1566066099527217 
  2011.0   2.514671864261603 
  2012.0   2.4674698390662195 
  2013.0   2.139987217634802 
  2014.0   2.103174819146413 
