  1850.0   0.0 
  1851.0   1.3801006434982396e-13 
  1852.0   1.8601453004094487e-13 
  1853.0   1.3119341566208832e-13 
  1854.0   1.3861903626637875e-13 
  1855.0   1.752023169246758e-13 
  1856.0   1.838595773929695e-13 
  1857.0   1.7286799955192116e-13 
  1858.0   2.301386116296153e-13 
  1859.0   1.9508079340188618e-13 
  1860.0   1.6138251826905582e-13 
  1861.0   3.4199259861763627e-13 
  1862.0   3.026690446672059e-13 
  1863.0   2.840777473949313e-13 
  1864.0   2.601534861538307e-13 
  1865.0   2.8194534570446134e-13 
  1866.0   3.127569251173238e-13 
  1867.0   3.0041053991643477e-13 
  1868.0   3.1007465488495274e-13 
  1869.0   2.782211609193703e-13 
  1870.0   2.76874806756483e-13 
  1871.0   4.885906191358387e-13 
  1872.0   5.677046869072144e-13 
  1873.0   4.598616305334806e-13 
  1874.0   4.2010124777847147e-13 
  1875.0   5.862184382934955e-13 
  1876.0   6.332471801491921e-13 
  1877.0   5.918787895816811e-13 
  1878.0   5.994978480880974e-13 
  1879.0   6.160010465411653e-13 
  1880.0   6.586459453401867e-13 
  1881.0   4.576424230735909e-13 
  1882.0   4.605113221352721e-13 
  1883.0   4.1894779133855287e-13 
  1884.0   5.572334103966336e-13 
  1885.0   4.343421014282315e-13 
  1886.0   4.789926772047737e-13 
  1887.0   4.4348558128716667e-13 
  1888.0   4.3253463795983096e-13 
  1889.0   4.933318660750738e-13 
  1890.0   4.1612672491812623e-13 
  1891.0   8.438050321191028e-13 
  1892.0   1.5128290412573142e-12 
  1893.0   1.7994138188062403e-12 
  1894.0   1.845776516570895e-12 
  1895.0   1.6951875666758672e-12 
  1896.0   3.322422792737595e-12 
  1897.0   5.444002555639773e-12 
  1898.0   5.521965707751637e-12 
  1899.0   5.854158138710262e-12 
  1900.0   8.998987990406351e-12 
  1901.0   9.812106568386293e-12 
  1902.0   1.0315695394600712e-11 
  1903.0   1.1033548733712148e-11 
  1904.0   1.0721476070968392e-11 
  1905.0   1.2119553844871455e-11 
  1906.0   1.458874027760127e-11 
  1907.0   1.6158752153892034e-11 
  1908.0   1.754624831242798e-11 
  1909.0   1.8943671451023115e-11 
  1910.0   1.8934051831106953e-11 
  1911.0   2.61117166866016e-11 
  1912.0   2.7174674220983092e-11 
  1913.0   2.7945069720599953e-11 
  1914.0   2.8953583121793432e-11 
  1915.0   2.914564461818688e-11 
  1916.0   3.100895496423647e-11 
  1917.0   3.216452981238519e-11 
  1918.0   3.36137240621264e-11 
  1919.0   3.49606858641391e-11 
  1920.0   3.636958131708354e-11 
  1921.0   4.4590279361224e-11 
  1922.0   4.7774868742835745e-11 
  1923.0   5.0657678504576516e-11 
  1924.0   5.378127521475437e-11 
  1925.0   5.531854266240146e-11 
  1926.0   6.693391962372794e-11 
  1927.0   7.02767326480256e-11 
  1928.0   7.35095881402553e-11 
  1929.0   7.650157417542919e-11 
  1930.0   7.873004526023685e-11 
  1931.0   8.88978662620731e-11 
  1932.0   9.541849543583553e-11 
  1933.0   1.021639580608296e-10 
  1934.0   1.0446063071558351e-10 
  1935.0   1.0602903587473918e-10 
  1936.0   1.0036228209975227e-10 
  1937.0   1.0033941546760947e-10 
  1938.0   1.0452292349220964e-10 
  1939.0   1.0845241641562654e-10 
  1940.0   1.1534031682406559e-10 
  1941.0   1.5069377407606008e-10 
  1942.0   1.593727078364591e-10 
  1943.0   1.7751284499372798e-10 
  1944.0   1.921100586932075e-10 
  1945.0   2.0148317873958583e-10 
  1946.0   2.2836870258520668e-10 
  1947.0   2.455035315489914e-10 
  1948.0   2.5438398527621135e-10 
  1949.0   2.6279733207593497e-10 
  1950.0   2.769802334186396e-10 
  1951.0   4.466370902442444e-10 
  1952.0   5.34941977586397e-10 
  1953.0   5.74656942510728e-10 
  1954.0   6.066058960762192e-10 
  1955.0   6.233866473812114e-10 
  1956.0   6.683209195007966e-10 
  1957.0   6.887464955592734e-10 
  1958.0   6.818844317632891e-10 
  1959.0   6.72242480452701e-10 
  1960.0   6.607331139301647e-10 
  1961.0   3.565903533518035e-10 
  1962.0   3.3662463005035826e-10 
  1963.0   3.210480134395037e-10 
  1964.0   3.01731277159437e-10 
  1965.0   2.820623071342809e-10 
  1966.0   2.6609856843629723e-10 
  1967.0   2.405338648934658e-10 
  1968.0   2.1703972201170702e-10 
  1969.0   1.9778434936108438e-10 
  1970.0   1.801975139272339e-10 
  1971.0   1.009009417370623e-10 
  1972.0   9.678470003122528e-11 
  1973.0   9.214293507922392e-11 
  1974.0   8.777871596778451e-11 
  1975.0   8.309792376792462e-11 
  1976.0   7.793897140249468e-11 
  1977.0   7.338927931151695e-11 
  1978.0   6.90300734136051e-11 
  1979.0   6.47638020012908e-11 
  1980.0   6.086098826817083e-11 
  1981.0   5.272060501916093e-11 
  1982.0   5.025710236970749e-11 
  1983.0   4.98099549046939e-11 
  1984.0   4.912660048108252e-11 
  1985.0   4.6948575335173864e-11 
  1986.0   4.881710348222017e-11 
  1987.0   4.835759686372353e-11 
  1988.0   4.5056833082956733e-11 
  1989.0   4.35333195545388e-11 
  1990.0   4.1274807411682103e-11 
  1991.0   3.182340884992448e-11 
  1992.0   3.048480146927472e-11 
  1993.0   2.8040839318330368e-11 
  1994.0   2.6820138214101875e-11 
  1995.0   2.25556990164189e-11 
  1996.0   2.0307051363164658e-11 
  1997.0   1.757389572385481e-11 
  1998.0   1.5092375688464144e-11 
  1999.0   1.219647990210692e-11 
  2000.0   9.81817949474612e-12 
  2001.0   1.2624194597895998e-10 
  2002.0   5.157455964582715e-11 
  2003.0   3.1224363063090223e-11 
  2004.0   5.780570719709235e-11 
  2005.0   1.868921089600337e-10 
  2006.0   4.474472718058795e-11 
  2007.0   5.263074894195073e-11 
  2008.0   4.2019220708211855e-11 
  2009.0   1.607035605465785e-10 
  2010.0   4.8827464459377374e-11 
  2011.0   4.92118118331742e-10 
  2012.0   6.318433533166562e-11 
  2013.0   7.285065388641527e-11 
  2014.0   7.703834108664419e-11 
