  1850.0   0.0 
  1851.0   2.3170210704669064e-12 
  1852.0   3.5763264121302054e-12 
  1853.0   4.002101024962594e-12 
  1854.0   4.3067153543428474e-12 
  1855.0   4.566025224781217e-12 
  1856.0   4.7748898965413725e-12 
  1857.0   4.966227242962459e-12 
  1858.0   5.1452357379570435e-12 
  1859.0   5.310790662899118e-12 
  1860.0   6.033187673288838e-12 
  1861.0   6.715871979671954e-12 
  1862.0   7.145630645936674e-12 
  1863.0   7.343744152415481e-12 
  1864.0   7.96912411221952e-12 
  1865.0   8.130032793934939e-12 
  1866.0   8.105428212646618e-12 
  1867.0   8.18697876804391e-12 
  1868.0   8.296198857793776e-12 
  1869.0   8.504546936430654e-12 
  1870.0   8.923227907314967e-12 
  1871.0   9.70235407784404e-12 
  1872.0   9.927954351280613e-12 
  1873.0   1.0120611245995886e-11 
  1874.0   1.0284863677853595e-11 
  1875.0   1.0573538013041015e-11 
  1876.0   1.0650333289683762e-11 
  1877.0   1.0727875718516102e-11 
  1878.0   1.0817072130528006e-11 
  1879.0   1.0918707682075709e-11 
  1880.0   1.1255207208092348e-11 
  1881.0   1.5633529879383765e-11 
  1882.0   1.753771784970234e-11 
  1883.0   1.8590870897938526e-11 
  1884.0   1.9311249040255565e-11 
  1885.0   1.988183911938927e-11 
  1886.0   2.036809154671273e-11 
  1887.0   2.0808224646537155e-11 
  1888.0   2.1284200538587382e-11 
  1889.0   2.161225127045633e-11 
  1890.0   2.1958889784891194e-11 
  1891.0   2.3654027886682436e-11 
  1892.0   2.458458646689817e-11 
  1893.0   2.5158941969372368e-11 
  1894.0   2.5606137964513945e-11 
  1895.0   2.6013848297575686e-11 
  1896.0   2.6384567652974776e-11 
  1897.0   2.6737968508231668e-11 
  1898.0   2.703188761662558e-11 
  1899.0   2.731842054335674e-11 
  1900.0   2.7568047424363418e-11 
  1901.0   2.7653259622172545e-11 
  1902.0   2.775985227220438e-11 
  1903.0   2.792665080925452e-11 
  1904.0   2.8109019613062423e-11 
  1905.0   2.8624930828808252e-11 
  1906.0   2.8629983168956137e-11 
  1907.0   2.8736890992747333e-11 
  1908.0   2.886900900650537e-11 
  1909.0   2.9005820422624688e-11 
  1910.0   2.91402503617115e-11 
  1911.0   3.2547691175671195e-11 
  1912.0   3.406314502758095e-11 
  1913.0   3.4903194190264355e-11 
  1914.0   3.547070887748777e-11 
  1915.0   3.593463062244227e-11 
  1916.0   3.633969826064866e-11 
  1917.0   3.669944302364935e-11 
  1918.0   3.7381814643000595e-11 
  1919.0   3.7546298498255684e-11 
  1920.0   3.748695308535463e-11 
  1921.0   3.56126861726371e-11 
  1922.0   3.5059769160143125e-11 
  1923.0   3.4732443057141676e-11 
  1924.0   3.463360062180299e-11 
  1925.0   3.4611459421670064e-11 
  1926.0   3.4748005920290074e-11 
  1927.0   3.4697802020507266e-11 
  1928.0   3.4712619022902856e-11 
  1929.0   3.474953271689299e-11 
  1930.0   3.48113199532531e-11 
  1931.0   3.5435416708851004e-11 
  1932.0   3.550584378331426e-11 
  1933.0   3.5542939156940614e-11 
  1934.0   3.5649843369712776e-11 
  1935.0   3.5766311688670614e-11 
  1936.0   3.588124038875572e-11 
  1937.0   3.417194301055663e-11 
  1938.0   3.26208917138758e-11 
  1939.0   3.2156245190328397e-11 
  1940.0   3.1597557850888395e-11 
  1941.0   3.2714182452322166e-11 
  1942.0   3.3402128426409205e-11 
  1943.0   3.3354857956677184e-11 
  1944.0   3.335502594951536e-11 
  1945.0   3.337077940121635e-11 
  1946.0   3.357711986669709e-11 
  1947.0   3.3515524202194044e-11 
  1948.0   3.354840076391591e-11 
  1949.0   3.360716160007519e-11 
  1950.0   3.412945999032809e-11 
  1951.0   4.629436435899712e-11 
  1952.0   5.2027424568231676e-11 
  1953.0   5.534936806208359e-11 
  1954.0   5.691052913168884e-11 
  1955.0   5.8187663171170704e-11 
  1956.0   5.941163515452503e-11 
  1957.0   6.049459044965034e-11 
  1958.0   6.15466113797396e-11 
  1959.0   6.253083184139306e-11 
  1960.0   6.315780570022647e-11 
  1961.0   4.5271338104829665e-11 
  1962.0   3.74164516893527e-11 
  1963.0   3.358080903239335e-11 
  1964.0   3.1336569098572046e-11 
  1965.0   2.982884755562293e-11 
  1966.0   2.8584240589269873e-11 
  1967.0   2.74898944273065e-11 
  1968.0   2.6522504015395108e-11 
  1969.0   2.5650103986524684e-11 
  1970.0   2.4845941935040473e-11 
  1971.0   2.764346268237251e-11 
  1972.0   2.8439308345608896e-11 
  1973.0   2.8579182102314173e-11 
  1974.0   2.853570026130636e-11 
  1975.0   2.843708962063546e-11 
  1976.0   2.837032090812496e-11 
  1977.0   2.8266944632307135e-11 
  1978.0   2.819420456857673e-11 
  1979.0   2.8334057891998014e-11 
  1980.0   2.8148714288684666e-11 
  1981.0   2.1771108671932854e-11 
  1982.0   1.900370830055393e-11 
  1983.0   1.7351353894941357e-11 
  1984.0   1.627814040429317e-11 
  1985.0   1.5509793397216567e-11 
  1986.0   1.4882801464972765e-11 
  1987.0   1.4321363754481572e-11 
  1988.0   1.3798306791072918e-11 
  1989.0   1.3340220753995895e-11 
  1990.0   1.2904013713446214e-11 
  1991.0   1.2416155371829181e-11 
  1992.0   1.2002290369287887e-11 
  1993.0   1.1640305598052479e-11 
  1994.0   1.1324528575289686e-11 
  1995.0   1.1059449300883457e-11 
  1996.0   1.082467182419019e-11 
  1997.0   1.0580974225203225e-11 
  1998.0   1.040310885722751e-11 
  1999.0   1.0236606589006102e-11 
  2000.0   1.0049772875148006e-11 
  2001.0   1.3701923213242246e-11 
  2002.0   1.1522331508246854e-11 
  2003.0   1.0127023137636096e-11 
  2004.0   1.1909743127347376e-11 
  2005.0   1.6691515987486708e-11 
  2006.0   1.2258030185400109e-11 
  2007.0   1.4114952414244628e-11 
  2008.0   1.12539788815244e-11 
  2009.0   1.6285616179308787e-11 
  2010.0   1.2242092163786141e-11 
  2011.0   2.3448076001577593e-11 
  2012.0   1.5778008543837713e-11 
  2013.0   1.3429180396914897e-11 
  2014.0   1.293664455151409e-11 
