  1850.0   3.2405036448235656 
  1851.0   3.4982066500737536 
  1852.0   3.5710854217973056 
  1853.0   3.1666192775294637 
  1854.0   3.4180744499592848 
  1855.0   3.463621573972304 
  1856.0   3.3899373876718446 
  1857.0   3.286378929401173 
  1858.0   3.283498432875455 
  1859.0   3.248350810088246 
  1860.0   3.2050480364716156 
  1861.0   3.308710801198574 
  1862.0   3.3693192020305918 
  1863.0   3.2716086239695272 
  1864.0   3.423550846832301 
  1865.0   3.1650557654647393 
  1866.0   3.1875753050554114 
  1867.0   3.228172477764362 
  1868.0   3.295841772687708 
  1869.0   3.3435630915074173 
  1870.0   3.3913307241224775 
  1871.0   3.1251542602589835 
  1872.0   3.126851565696741 
  1873.0   3.289043161918251 
  1874.0   3.3496078248199366 
  1875.0   3.1233323716395964 
  1876.0   3.2222304103766715 
  1877.0   3.2749586555537693 
  1878.0   3.245203766778914 
  1879.0   3.2168488701264715 
  1880.0   3.0526415533265654 
  1881.0   3.0330440557824394 
  1882.0   3.1943923437831803 
  1883.0   3.2803820144125835 
  1884.0   3.124656117784912 
  1885.0   3.0520291540325606 
  1886.0   3.308386751407304 
  1887.0   3.384625300560788 
  1888.0   3.095421874246811 
  1889.0   3.176515641905984 
  1890.0   3.329348866952779 
  1891.0   3.348237050311998 
  1892.0   3.2322768609379446 
  1893.0   3.054841944712276 
  1894.0   3.0523306543136144 
  1895.0   3.0259886560222746 
  1896.0   3.1282476381134092 
  1897.0   3.2395614344015216 
  1898.0   3.434007656266039 
  1899.0   3.239387973536477 
  1900.0   3.0950837947735286 
  1901.0   3.1536694446228934 
  1902.0   3.4550343074552794 
  1903.0   3.3068517716210946 
  1904.0   3.1184918611424997 
  1905.0   2.978632017287914 
  1906.0   3.2999859485383536 
  1907.0   3.2321228921765504 
  1908.0   3.151389509164523 
  1909.0   3.1924413516699075 
  1910.0   3.1696532185378317 
  1911.0   3.0639281235991267 
  1912.0   3.2792789066913786 
  1913.0   3.3421906059527493 
  1914.0   3.1825794088190973 
  1915.0   3.0324662364296135 
  1916.0   3.071691804734152 
  1917.0   3.085680328574934 
  1918.0   3.0779130501365155 
  1919.0   2.8915228030004667 
  1920.0   2.885462408742154 
  1921.0   3.292755980216013 
  1922.0   3.0245989385171943 
  1923.0   2.832363654744283 
  1924.0   2.859270367988707 
  1925.0   3.0930112151778695 
  1926.0   3.2745833290759374 
  1927.0   3.065678239126458 
  1928.0   2.8771669708198515 
  1929.0   2.796916457387177 
  1930.0   2.920130357762487 
  1931.0   2.9472952446499385 
  1932.0   2.6925199278222447 
  1933.0   2.735239223289053 
  1934.0   2.7793911094356663 
  1935.0   2.6845761817316234 
  1936.0   2.7870350067442553 
  1937.0   2.7362330101121954 
  1938.0   2.6806389431696678 
  1939.0   2.6540965519221795 
  1940.0   2.577737150862962 
  1941.0   2.7442695816762748 
  1942.0   2.898273173204331 
  1943.0   2.676915655469036 
  1944.0   2.685152516964374 
  1945.0   2.8356645469767923 
  1946.0   3.035289726453054 
  1947.0   2.7471239718495157 
  1948.0   2.596014791175927 
  1949.0   2.6259145814875313 
  1950.0   2.5765171642696356 
  1951.0   2.5455689071298377 
  1952.0   2.5613353224079827 
  1953.0   2.4232098730807965 
  1954.0   2.3582339312613247 
  1955.0   2.377887610683184 
  1956.0   2.524340898961114 
  1957.0   2.482617978040777 
  1958.0   2.3115701044756283 
  1959.0   2.241255097866087 
  1960.0   2.176491687921535 
  1961.0   2.269640914907159 
  1962.0   2.1976762449855807 
  1963.0   2.144311059886792 
  1964.0   2.2615391330761194 
  1965.0   2.3516509580835994 
  1966.0   2.1877887758722445 
  1967.0   2.111131149765484 
  1968.0   2.135671903825668 
  1969.0   2.264920685205601 
  1970.0   2.3308624896154946 
  1971.0   2.3547388921192156 
  1972.0   2.15134100047128 
  1973.0   2.046615407679257 
  1974.0   2.1745408929668066 
  1975.0   2.383000753802286 
  1976.0   2.271177835016618 
  1977.0   2.1630804411043743 
  1978.0   2.17010335095369 
  1979.0   2.183703150910595 
  1980.0   2.2328660553950166 
  1981.0   2.3699033935473652 
  1982.0   2.2113137674618284 
  1983.0   2.2917326998427012 
  1984.0   2.3403156997729884 
  1985.0   2.4552123544310436 
  1986.0   2.2879014042689905 
  1987.0   2.2073598532671883 
  1988.0   2.2486237255485055 
  1989.0   2.257643406042687 
  1990.0   2.0942839347550977 
  1991.0   2.18008598503893 
  1992.0   2.4196198740728323 
  1993.0   2.4153906363508457 
  1994.0   2.1818527917772874 
  1995.0   2.2156003535453186 
  1996.0   2.2167072874140135 
  1997.0   2.2919358158375838 
  1998.0   2.231101599247584 
  1999.0   2.3397596027834786 
  2000.0   2.2285999350182664 
  2001.0   2.1004366379650534 
  2002.0   2.041849503124265 
  2003.0   2.1422033250229764 
  2004.0   2.0137746879168277 
  2005.0   2.003928094461667 
  2006.0   2.067404089285381 
  2007.0   2.247315252743464 
  2008.0   2.080718620720583 
  2009.0   2.0597771129525255 
  2010.0   2.0253853327432876 
  2011.0   2.0701367384925478 
  2012.0   2.0342453471375936 
  2013.0   1.9491594522355278 
  2014.0   2.224369978904554 
