  1850.0   0.00019983116122929823 
  1851.0   0.0005569629622567185 
  1852.0   0.0008590081591639126 
  1853.0   0.0011193729105006842 
  1854.0   0.0013455005666946813 
  1855.0   0.00154372548039628 
  1856.0   0.0017204149070625576 
  1857.0   0.0018783459764716566 
  1858.0   0.002020452006178383 
  1859.0   0.002152173448611045 
  1860.0   0.002346584869748847 
  1861.0   0.0025884347511495624 
  1862.0   0.0028027142404369247 
  1863.0   0.00299702590658306 
  1864.0   0.0031754751523282885 
  1865.0   0.003341268967978142 
  1866.0   0.003497065474647457 
  1867.0   0.0036447957780153485 
  1868.0   0.003785502125245071 
  1869.0   0.0039203498948338356 
  1870.0   0.004147355433795692 
  1871.0   0.004445099580564846 
  1872.0   0.004712107408030923 
  1873.0   0.0049564042396377525 
  1874.0   0.005180720379860648 
  1875.0   0.005388462187583234 
  1876.0   0.005579777437996129 
  1877.0   0.005758844274495458 
  1878.0   0.005932982937310535 
  1879.0   0.006101189514522593 
  1880.0   0.0065636135521637985 
  1881.0   0.007259332129879751 
  1882.0   0.00786884164642796 
  1883.0   0.008409573958890743 
  1884.0   0.00889750924730934 
  1885.0   0.009343589815464726 
  1886.0   0.009748052323541034 
  1887.0   0.010116127155788001 
  1888.0   0.01046306449100723 
  1889.0   0.010796212432147389 
  1890.0   0.011340058892580883 
  1891.0   0.012050145905054826 
  1892.0   0.012688506538793552 
  1893.0   0.013269886056560045 
  1894.0   0.013801602746827084 
  1895.0   0.014289418158407445 
  1896.0   0.014748209143795312 
  1897.0   0.015189401551068139 
  1898.0   0.015617030764570649 
  1899.0   0.016031006010635146 
  1900.0   0.016436580088923448 
  1901.0   0.016833463136712058 
  1902.0   0.01722741349001336 
  1903.0   0.017621904425702162 
  1904.0   0.018010777156240203 
  1905.0   0.018394598940945726 
  1906.0   0.018775965741700474 
  1907.0   0.019154166843698063 
  1908.0   0.01952602247172672 
  1909.0   0.019891569678278972 
  1910.0   0.020595881236295986 
  1911.0   0.02155776831688855 
  1912.0   0.022415053206923306 
  1913.0   0.023202372541718516 
  1914.0   0.02394122277763922 
  1915.0   0.024634036685575462 
  1916.0   0.025281929943432382 
  1917.0   0.025898462569187736 
  1918.0   0.02649288255484528 
  1919.0   0.027072989188615643 
  1920.0   0.027777360086079346 
  1921.0   0.02857284112759301 
  1922.0   0.029306854114533397 
  1923.0   0.029990269791128035 
  1924.0   0.03063165364371532 
  1925.0   0.031244824490020355 
  1926.0   0.03184057117040164 
  1927.0   0.03242104558081573 
  1928.0   0.03298325589390348 
  1929.0   0.033528179309689404 
  1930.0   0.03398680491139273 
  1931.0   0.034379399260124115 
  1932.0   0.03476976882757543 
  1933.0   0.035144278799899446 
  1934.0   0.03551423273621949 
  1935.0   0.0358845396416594 
  1936.0   0.03625511366480986 
  1937.0   0.036619285601209195 
  1938.0   0.03697877674149973 
  1939.0   0.03733668220085224 
  1940.0   0.03798010518604507 
  1941.0   0.03887930890750632 
  1942.0   0.039726673126491543 
  1943.0   0.04051300583154121 
  1944.0   0.04124780885825131 
  1945.0   0.0419341266511689 
  1946.0   0.04255159621924757 
  1947.0   0.04309256140574068 
  1948.0   0.043582143325423005 
  1949.0   0.04401944037872522 
  1950.0   0.04563425581664805 
  1951.0   0.04822057000068894 
  1952.0   0.05046057509265879 
  1953.0   0.05240840325709337 
  1954.0   0.054153185620797246 
  1955.0   0.05575801180565412 
  1956.0   0.05721595810888134 
  1957.0   0.05850606929858273 
  1958.0   0.05966623028096918 
  1959.0   0.06075991993639374 
  1960.0   0.06046540022472283 
  1961.0   0.0590388091152889 
  1962.0   0.05796334476645253 
  1963.0   0.057111556826727784 
  1964.0   0.056430729844324394 
  1965.0   0.05598459937006057 
  1966.0   0.055684580753692044 
  1967.0   0.05546883171900982 
  1968.0   0.05538251514210955 
  1969.0   0.05543093686771459 
  1970.0   0.0552127874178096 
  1971.0   0.05476070155745262 
  1972.0   0.0544365184374478 
  1973.0   0.054186158321965425 
  1974.0   0.054089829519165925 
  1975.0   0.054044077602909454 
  1976.0   0.05403390299662908 
  1977.0   0.054192234903664926 
  1978.0   0.05443368323897632 
  1979.0   0.0546426242601587 
  1980.0   0.054492573909644834 
  1981.0   0.05426205978847451 
  1982.0   0.05425834385173491 
  1983.0   0.054138061517844026 
  1984.0   0.05384566778813948 
  1985.0   0.05358468697445735 
  1986.0   0.053522167977465215 
  1987.0   0.053638823242559044 
  1988.0   0.05374245916404842 
  1989.0   0.05381888258674029 
  1990.0   0.053966657891885775 
  1991.0   0.054332286089479265 
  1992.0   0.05484490160228417 
  1993.0   0.05532685246718298 
  1994.0   0.05586431694708187 
  1995.0   0.05654447246051734 
  1996.0   0.05735909262402462 
  1997.0   0.058132937425138566 
  1998.0   0.0589474195901393 
  1999.0   0.05979830989102434 
  2000.0   0.06172304085926509 
  2001.0   0.06355583523030114 
  2002.0   0.06438465820146394 
  2003.0   0.06560139701022885 
  2004.0   0.06759511720019568 
  2005.0   0.06890388093362504 
  2006.0   0.06954349431272618 
  2007.0   0.06985537193008712 
  2008.0   0.07142301458246178 
  2009.0   0.07288957843293846 
  2010.0   0.07562046236275258 
  2011.0   0.07828609851196898 
  2012.0   0.07837560710022028 
  2013.0   0.07845605501896133 
  2014.0   0.07956896093687535 
