  1850.0   1.0492125247169417 
  1851.0   0.9156370397252712 
  1852.0   0.8131253029912149 
  1853.0   0.8799714310681281 
  1854.0   0.9693008474143675 
  1855.0   0.9506779358458712 
  1856.0   1.0196904893686225 
  1857.0   1.0112391586113851 
  1858.0   0.8884620992958643 
  1859.0   0.9355964472279527 
  1860.0   0.9003642997910031 
  1861.0   0.8071574008012122 
  1862.0   0.8288125566582493 
  1863.0   0.9431480713622233 
  1864.0   1.025753426376977 
  1865.0   1.1330814814379975 
  1866.0   0.92355673367675 
  1867.0   1.0346600825719445 
  1868.0   1.0340931611410131 
  1869.0   0.9662842173482223 
  1870.0   0.9128605901120163 
  1871.0   0.9152315708760457 
  1872.0   0.8340314135707982 
  1873.0   0.9382636556788957 
  1874.0   0.9514678738214053 
  1875.0   0.9045334516338925 
  1876.0   0.8542530101426852 
  1877.0   0.9861052756469968 
  1878.0   0.9895711872911915 
  1879.0   1.0245907924481057 
  1880.0   0.8681352538580034 
  1881.0   0.7981009484951025 
  1882.0   0.9310676139469998 
  1883.0   1.1722007152463774 
  1884.0   1.0555147062681864 
  1885.0   1.0206507297848668 
  1886.0   0.8532156491219239 
  1887.0   0.9377783072513068 
  1888.0   0.8592963965131377 
  1889.0   0.8205672721409158 
  1890.0   0.9535071518900418 
  1891.0   0.9696572342891296 
  1892.0   0.8548579550361793 
  1893.0   0.9191317432347116 
  1894.0   0.9924226536809917 
  1895.0   0.9776353049506566 
  1896.0   0.9658165577505983 
  1897.0   0.9001643842871195 
  1898.0   1.033549838505592 
  1899.0   0.9641885504037542 
  1900.0   0.9795201890853318 
  1901.0   0.9691696272874756 
  1902.0   0.8421133807551804 
  1903.0   0.9276203596792786 
  1904.0   1.0163999928907976 
  1905.0   0.8581780206540054 
  1906.0   0.9479398616231833 
  1907.0   0.9739668408945654 
  1908.0   0.9032396699220342 
  1909.0   0.9455416265897867 
  1910.0   1.0167011931262397 
  1911.0   0.9728962081736677 
  1912.0   0.9742659680974796 
  1913.0   0.9346004590118955 
  1914.0   0.9659248518970976 
  1915.0   0.9624219378660868 
  1916.0   0.900511381210654 
  1917.0   0.9138711025084942 
  1918.0   0.9490389694247646 
  1919.0   0.9133196808717704 
  1920.0   0.9126608340006682 
  1921.0   0.9612701226816878 
  1922.0   0.9736313939007708 
  1923.0   0.8530370201112568 
  1924.0   1.0253090010991355 
  1925.0   0.9195477314435766 
  1926.0   0.8988570270388755 
  1927.0   0.9201901792134534 
  1928.0   0.9986372695921755 
  1929.0   0.9009730065088819 
  1930.0   0.9069608422050286 
  1931.0   1.0716652438463694 
  1932.0   0.9963028528311054 
  1933.0   0.9131319095448455 
  1934.0   0.8659016117811531 
  1935.0   1.0057899329910829 
  1936.0   0.9727082413217256 
  1937.0   0.875297560135085 
  1938.0   0.9388890713686385 
  1939.0   0.9684773694661462 
  1940.0   0.8803262086820645 
  1941.0   0.9131266197091605 
  1942.0   0.935582500884925 
  1943.0   1.024221275435192 
  1944.0   1.0627481207580045 
  1945.0   0.8777078941324006 
  1946.0   0.929698442350595 
  1947.0   0.833785315762977 
  1948.0   0.908894809841078 
  1949.0   1.0629813562336108 
  1950.0   1.0518854393147028 
  1951.0   0.9653703408265767 
  1952.0   1.0478012282910494 
  1953.0   0.9235507830845641 
  1954.0   0.9032811917499572 
  1955.0   1.0002075784110644 
  1956.0   0.9644940729039845 
  1957.0   0.9529023468077424 
  1958.0   0.9803106272869206 
  1959.0   0.7813446156604575 
  1960.0   0.7837768175058608 
  1961.0   0.9533799368114045 
  1962.0   1.018181089531865 
  1963.0   1.105047572542101 
  1964.0   1.1049306108858308 
  1965.0   0.8815386685031066 
  1966.0   0.9543846992793751 
  1967.0   1.0221282329510697 
  1968.0   1.041827968514719 
  1969.0   0.8365916654565324 
  1970.0   0.8575189645705755 
  1971.0   0.9397906829015888 
  1972.0   0.9736355079606471 
  1973.0   1.173285916983637 
  1974.0   1.1102160739247005 
  1975.0   0.860363071415522 
  1976.0   0.9557642195997358 
  1977.0   0.9781890259305996 
  1978.0   1.013304861750915 
  1979.0   1.026758070354915 
  1980.0   0.9237613530530555 
  1981.0   1.1420498401662669 
  1982.0   1.1191563967723013 
  1983.0   0.8107913520848685 
  1984.0   0.9286520838664222 
  1985.0   1.0310141571648863 
  1986.0   0.9236054075603012 
  1987.0   0.8780355580191797 
  1988.0   1.0000835914877901 
  1989.0   1.151682747152938 
  1990.0   0.8795763876218855 
  1991.0   0.9240809441141993 
  1992.0   1.0997864467370704 
  1993.0   1.2348751251985934 
  1994.0   0.9573208824499324 
  1995.0   0.9534219437804298 
  1996.0   1.0499290641536234 
  1997.0   1.0665914862493802 
  1998.0   0.9515578038582193 
  1999.0   0.9567239377184695 
  2000.0   1.1505551943400725 
  2001.0   1.1599767305099977 
  2002.0   1.0333475920735697 
  2003.0   1.0318814538266543 
  2004.0   1.1296541546757959 
  2005.0   0.8821815032397937 
  2006.0   0.9662208932761579 
  2007.0   0.9927958409270555 
  2008.0   1.1346953965896072 
  2009.0   1.0060617831922056 
  2010.0   1.0270970202535488 
  2011.0   1.1264008142148503 
  2012.0   1.2629497244347505 
  2013.0   1.0805416144244109 
  2014.0   0.9320583113721472 
