  1850.0   1.2160501120952218 
  1851.0   1.1827002458236853 
  1852.0   1.3220952637204086 
  1853.0   1.4077623389563958 
  1854.0   1.2336494510734632 
  1855.0   1.3860680780677852 
  1856.0   1.3478864317817536 
  1857.0   1.5873044937040715 
  1858.0   1.5138810827407874 
  1859.0   1.6272189129285486 
  1860.0   1.3559526659825474 
  1861.0   1.5678983518043978 
  1862.0   1.5972715400848598 
  1863.0   1.4178070402378102 
  1864.0   1.1790245780798252 
  1865.0   1.1855188292289351 
  1866.0   1.0909283904565068 
  1867.0   1.3089863564373472 
  1868.0   1.6483975822544727 
  1869.0   1.6503100265504116 
  1870.0   1.8111985857189044 
  1871.0   1.6901268268446055 
  1872.0   1.675152422606874 
  1873.0   1.5407179443659584 
  1874.0   1.4856636511636068 
  1875.0   1.3010529362956231 
  1876.0   1.379740738843007 
  1877.0   1.2045668682284199 
  1878.0   1.4818307929447159 
  1879.0   1.31073384828943 
  1880.0   1.4509235245374517 
  1881.0   1.2938855525402488 
  1882.0   1.3156814681633717 
  1883.0   1.6584975871985492 
  1884.0   1.6192716715244033 
  1885.0   1.5104486557059478 
  1886.0   1.6120868446377687 
  1887.0   1.4320438124860726 
  1888.0   1.3186829261551032 
  1889.0   1.4486125087276858 
  1890.0   1.4305170790240989 
  1891.0   1.425955298595438 
  1892.0   1.4981767076375268 
  1893.0   1.4662493329696742 
  1894.0   1.5773859862073643 
  1895.0   1.3951084365212416 
  1896.0   1.4747063156200675 
  1897.0   1.463417384599555 
  1898.0   1.2822351289842848 
  1899.0   1.4327983720977202 
  1900.0   1.3500294841044627 
  1901.0   1.4408457316210332 
  1902.0   1.5187589319711787 
  1903.0   1.388107006597143 
  1904.0   1.397919470038004 
  1905.0   1.5057451701361466 
  1906.0   1.4087927773207818 
  1907.0   1.4632082408004101 
  1908.0   1.3870198256185409 
  1909.0   1.4305546853372089 
  1910.0   1.452296957559429 
  1911.0   1.1746746053425114 
  1912.0   1.1764198277101034 
  1913.0   1.2966132594779385 
  1914.0   1.3053131211481852 
  1915.0   1.3615044330860835 
  1916.0   1.528006655896525 
  1917.0   1.529584661218413 
  1918.0   1.2704696307739745 
  1919.0   1.3658574499937994 
  1920.0   1.2184253672837122 
  1921.0   1.3504869222382867 
  1922.0   1.6879388196162717 
  1923.0   1.6112637088891884 
  1924.0   1.762724942230384 
  1925.0   1.7294735266781203 
  1926.0   1.4645828812718493 
  1927.0   1.5703404961317884 
  1928.0   1.518877261249567 
  1929.0   1.5353656317748878 
  1930.0   1.3080498043855733 
  1931.0   1.0499171645089038 
  1932.0   1.3832652862789094 
  1933.0   1.3528707137803158 
  1934.0   1.3574341853171987 
  1935.0   1.3373153280151853 
  1936.0   1.4377086447714114 
  1937.0   1.451821637108841 
  1938.0   1.4479453505878248 
  1939.0   1.487831518443982 
  1940.0   1.1808001486003967 
  1941.0   1.2901067977899316 
  1942.0   1.313954687191358 
  1943.0   1.5808940411356935 
  1944.0   1.7160147542125477 
  1945.0   1.4272911577754608 
  1946.0   1.4878185454330053 
  1947.0   1.4543330127197356 
  1948.0   1.431502164707861 
  1949.0   1.3749282393043745 
  1950.0   1.4832483414463398 
  1951.0   1.4843895976417696 
  1952.0   1.61464307988254 
  1953.0   1.3327621741175564 
  1954.0   1.4811440517414638 
  1955.0   1.3435541457902076 
  1956.0   1.6413940255765453 
  1957.0   1.7525915293868333 
  1958.0   1.6059218948156548 
  1959.0   1.3956148517749145 
  1960.0   1.4209843237917474 
  1961.0   1.5553435948106598 
  1962.0   1.4290786630341568 
  1963.0   1.401590547650635 
  1964.0   1.438834482273934 
  1965.0   1.5049329553521873 
  1966.0   1.6422304702472317 
  1967.0   1.8568062457957941 
  1968.0   1.8917903363303445 
  1969.0   1.9221437461012818 
  1970.0   1.8924555719776937 
  1971.0   1.8722013761179233 
  1972.0   1.7213883117781634 
  1973.0   1.6484568328301592 
  1974.0   1.4859549284295448 
  1975.0   1.485725019774453 
  1976.0   1.5467977135325899 
  1977.0   1.410910694420191 
  1978.0   1.433464028158366 
  1979.0   1.499136353326312 
  1980.0   1.5621754984813294 
  1981.0   1.6802632246479339 
  1982.0   1.6450283538677322 
  1983.0   1.7234670552674367 
  1984.0   1.9248581878019524 
  1985.0   1.72811783210879 
  1986.0   1.820108942949261 
  1987.0   1.9506745534426924 
  1988.0   2.0515843197193084 
  1989.0   1.6928320521690796 
  1990.0   1.690989748991322 
  1991.0   1.8767305074908291 
  1992.0   1.7992388686854424 
  1993.0   1.7279785604257019 
  1994.0   1.4321545958128556 
  1995.0   1.5294350457683508 
  1996.0   1.3841601493163824 
  1997.0   1.587622681231545 
  1998.0   1.8122629564768613 
  1999.0   1.9538784703060381 
  2000.0   2.0100729368088794 
  2001.0   1.9593526871671478 
  2002.0   1.8718128538682173 
  2003.0   1.595843123574495 
  2004.0   1.6854626778195654 
  2005.0   1.735305452818066 
  2006.0   1.8035238716406505 
  2007.0   1.9770293666970655 
  2008.0   2.0541011096746007 
  2009.0   2.033278446202552 
  2010.0   1.9416111074720668 
  2011.0   2.1441500827079674 
  2012.0   1.9529604911830412 
  2013.0   1.703428283399896 
  2014.0   1.6945689617276762 
