  1850.0   6.4274444697777465e-15 
  1851.0   1.2764303903111618e-14 
  1852.0   1.2045119477136687e-14 
  1853.0   1.126280929176248e-14 
  1854.0   1.0832966259240182e-14 
  1855.0   1.463979981546778e-14 
  1856.0   1.417589954112267e-14 
  1857.0   9.87407687983007e-15 
  1858.0   7.625262448985507e-15 
  1859.0   7.075447719310113e-15 
  1860.0   1.5991894105142448e-14 
  1861.0   1.6564768457407996e-14 
  1862.0   2.35876821938451e-14 
  1863.0   2.8845055228702046e-14 
  1864.0   2.991726549122399e-14 
  1865.0   4.045724885072126e-14 
  1866.0   3.950713122063543e-14 
  1867.0   2.956367829063643e-14 
  1868.0   2.302564764956694e-14 
  1869.0   1.8415106938644484e-14 
  1870.0   2.4457736249711387e-14 
  1871.0   3.2964322395071036e-14 
  1872.0   3.320180370875442e-14 
  1873.0   2.5045021693015493e-14 
  1874.0   2.5716733680876785e-14 
  1875.0   2.5150487209163786e-14 
  1876.0   2.919963568837167e-14 
  1877.0   2.889517111175997e-14 
  1878.0   3.799451712943407e-14 
  1879.0   3.4673213363725236e-14 
  1880.0   6.561363228178844e-14 
  1881.0   3.11164132127791e-13 
  1882.0   3.855156424774955e-13 
  1883.0   5.264620971864219e-13 
  1884.0   5.675659133986282e-13 
  1885.0   5.763003970643092e-13 
  1886.0   6.544924304343505e-13 
  1887.0   6.900829051415371e-13 
  1888.0   6.591757354911452e-13 
  1889.0   4.501521988874597e-13 
  1890.0   6.297729985651028e-13 
  1891.0   8.103565928631514e-13 
  1892.0   5.052101161624672e-13 
  1893.0   1.1593923904686118e-12 
  1894.0   1.7376218296442216e-12 
  1895.0   1.6367215411914779e-12 
  1896.0   1.0583429656259153e-12 
  1897.0   6.017326530337441e-13 
  1898.0   4.558171489279049e-13 
  1899.0   3.9374650303914686e-13 
  1900.0   3.6240610289554764e-13 
  1901.0   3.742418145117425e-13 
  1902.0   4.384593965590948e-13 
  1903.0   4.1212341192891435e-13 
  1904.0   3.863506549540184e-13 
  1905.0   3.502159432900034e-13 
  1906.0   3.3763996345294503e-13 
  1907.0   2.9781116012506453e-13 
  1908.0   2.850858185342196e-13 
  1909.0   3.095030753147476e-13 
  1910.0   4.0152828957903767e-13 
  1911.0   5.257482811944781e-13 
  1912.0   5.725468121642939e-13 
  1913.0   5.64333771530591e-13 
  1914.0   5.803925452331477e-13 
  1915.0   5.947638312800231e-13 
  1916.0   5.889876215542375e-13 
  1917.0   6.135504296987131e-13 
  1918.0   6.135725753851685e-13 
  1919.0   6.023924973958948e-13 
  1920.0   6.395228588204193e-13 
  1921.0   6.925507897617386e-13 
  1922.0   7.173922492880735e-13 
  1923.0   7.176387236822259e-13 
  1924.0   6.324381570582132e-13 
  1925.0   5.990747352110429e-13 
  1926.0   5.745379157516183e-13 
  1927.0   6.32994704677955e-13 
  1928.0   5.674301999603203e-13 
  1929.0   4.352514217553941e-13 
  1930.0   3.548416803584151e-13 
  1931.0   4.027906861669965e-13 
  1932.0   5.297135108070606e-13 
  1933.0   5.205725050220455e-13 
  1934.0   5.377971090559367e-13 
  1935.0   5.453523228630376e-13 
  1936.0   4.613684455552925e-13 
  1937.0   4.617865627831008e-13 
  1938.0   4.711979214684509e-13 
  1939.0   5.509411006317506e-13 
  1940.0   5.495317709208808e-13 
  1941.0   6.302861266306029e-13 
  1942.0   6.164855934370788e-13 
  1943.0   6.431494064006895e-13 
  1944.0   6.963737766782738e-13 
  1945.0   8.318474962698001e-13 
  1946.0   7.181530082506975e-13 
  1947.0   4.913773234130902e-13 
  1948.0   4.466113507291825e-13 
  1949.0   5.621447701517663e-13 
  1950.0   1.0567877216280476e-12 
  1951.0   1.2868489679126478e-12 
  1952.0   1.1089941107701313e-12 
  1953.0   1.070854189409535e-12 
  1954.0   1.0315719198666669e-12 
  1955.0   1.0734293819641354e-12 
  1956.0   1.1338284102540394e-12 
  1957.0   9.443453529504103e-13 
  1958.0   9.438093335943468e-13 
  1959.0   1.0572131056240824e-12 
  1960.0   8.384839169290392e-13 
  1961.0   1.2781180129687942e-12 
  1962.0   1.829508768180013e-12 
  1963.0   2.101922681381113e-12 
  1964.0   2.375062375591954e-12 
  1965.0   2.556717430349745e-12 
  1966.0   3.2137375999469585e-12 
  1967.0   4.2562805120755994e-12 
  1968.0   4.448366140738429e-12 
  1969.0   4.211653941776662e-12 
  1970.0   3.036504002451916e-12 
  1971.0   1.686464372395028e-12 
  1972.0   1.1670004178125275e-12 
  1973.0   9.144125907682627e-13 
  1974.0   7.63177231448089e-13 
  1975.0   6.665552132185506e-13 
  1976.0   5.947889359394543e-13 
  1977.0   5.422673514359222e-13 
  1978.0   4.905452157819691e-13 
  1979.0   4.4410789644202074e-13 
  1980.0   4.674215717490539e-13 
  1981.0   4.768269195229805e-13 
  1982.0   4.2088415138209737e-13 
  1983.0   3.7987152111701685e-13 
  1984.0   3.1823971966934936e-13 
  1985.0   3.0026928075837167e-13 
  1986.0   2.991942257683551e-13 
  1987.0   3.0924104133256365e-13 
  1988.0   2.9225543484757453e-13 
  1989.0   2.4683641513246467e-13 
  1990.0   2.09248918505841e-13 
  1991.0   1.8487770012292303e-13 
  1992.0   2.4229194179162095e-13 
  1993.0   3.3117708258149804e-13 
  1994.0   3.353606970616074e-13 
  1995.0   3.3873242552117917e-13 
  1996.0   3.2872041447408473e-13 
  1997.0   3.238710878232037e-13 
  1998.0   2.8468418524921727e-13 
  1999.0   2.928539601443627e-13 
  2000.0   4.0905249531136453e-13 
  2001.0   8.943449706554914e-13 
  2002.0   8.464102197393237e-13 
  2003.0   4.348455419166739e-13 
  2004.0   2.403350440776682e-13 
  2005.0   1.6745951466659685e-13 
  2006.0   3.181205800251919e-13 
  2007.0   6.041208766006264e-13 
  2008.0   3.411945570736288e-13 
  2009.0   1.0049683520033979e-12 
  2010.0   1.4123467818851845e-12 
  2011.0   8.561299120418136e-13 
  2012.0   4.0141245441166496e-13 
  2013.0   2.0006518444369494e-13 
  2014.0   2.853698521525116e-13 
