  1850.0   -1.0108957939449656 
  1851.0   -0.3069292751536355 
  1852.0   -0.48702037801205084 
  1853.0   0.1955411703611581 
  1854.0   1.7396733942048972 
  1855.0   -1.0707848436716798 
  1856.0   -0.9472083214416552 
  1857.0   0.37618482355984767 
  1858.0   0.10787030496865344 
  1859.0   -0.4113851138207264 
  1860.0   0.7560054658534834 
  1861.0   0.04374777216824461 
  1862.0   0.3239219821080353 
  1863.0   -1.0373079509856873 
  1864.0   -0.30494410482442535 
  1865.0   0.9605040482663321 
  1866.0   0.42388440853740145 
  1867.0   -0.7804608452376882 
  1868.0   -0.014341411002464078 
  1869.0   0.42714943435565367 
  1870.0   0.5155065838431548 
  1871.0   -0.17736208486333552 
  1872.0   0.42396616447341917 
  1873.0   -0.9012464337037399 
  1874.0   -0.17120382176347035 
  1875.0   -0.3324730564881003 
  1876.0   0.5600775853520459 
  1877.0   0.5693698839510568 
  1878.0   -0.24181264318989606 
  1879.0   0.3422653466375517 
  1880.0   0.17884411407017944 
  1881.0   -0.9744896462702579 
  1882.0   -0.4588040356148019 
  1883.0   1.1030344236840008 
  1884.0   0.6321030566469829 
  1885.0   -0.3193500472421793 
  1886.0   -0.9266652402691659 
  1887.0   -0.2680539155384117 
  1888.0   0.3473545871197673 
  1889.0   -0.06197574217760592 
  1890.0   -0.19126525788940987 
  1891.0   0.4713940800371219 
  1892.0   -0.47506518754408417 
  1893.0   -0.2622257045255979 
  1894.0   0.6327096498936972 
  1895.0   0.3931257433730334 
  1896.0   -0.8270054218270746 
  1897.0   0.1829200213239071 
  1898.0   -0.26125769182273534 
  1899.0   0.5708707214995368 
  1900.0   -0.1847875155493198 
  1901.0   0.1856425920282172 
  1902.0   -0.18846424402403997 
  1903.0   1.029709531820459 
  1904.0   0.4928615701825192 
  1905.0   -0.14618511477096338 
  1906.0   -1.2447416432207878 
  1907.0   0.06438083596218666 
  1908.0   -0.6245929164997727 
  1909.0   0.18251036849860822 
  1910.0   0.0357443668722405 
  1911.0   0.17641035547471348 
  1912.0   -1.028431485918867 
  1913.0   0.680216917161602 
  1914.0   0.6548307930861191 
  1915.0   0.27698036867338477 
  1916.0   -0.9034307110668904 
  1917.0   0.02180378129669909 
  1918.0   -0.097348785210845 
  1919.0   -0.3679404384443322 
  1920.0   -0.6951479382086879 
  1921.0   0.34925841022842946 
  1922.0   0.4694945389288609 
  1923.0   0.6389193277733254 
  1924.0   -0.1582391764523149 
  1925.0   -0.45175833247242503 
  1926.0   -0.2923829741204824 
  1927.0   0.8361511659738086 
  1928.0   -0.9761884570148108 
  1929.0   -0.13091152420034685 
  1930.0   0.28911305378264407 
  1931.0   0.2677959349146634 
  1932.0   -0.7948525235839458 
  1933.0   0.14827421424338064 
  1934.0   -0.9031832557411675 
  1935.0   -0.08479668720838403 
  1936.0   0.5810084025973588 
  1937.0   0.5283108045566064 
  1938.0   -0.9618380971568774 
  1939.0   -0.12131010959910891 
  1940.0   -0.35996388465227636 
  1941.0   0.9059103448769362 
  1942.0   -0.37938714740999524 
  1943.0   -0.09912330608590338 
  1944.0   -0.17939654810167452 
  1945.0   0.009358992378893607 
  1946.0   -0.2637940327697739 
  1947.0   1.1037866420038627 
  1948.0   -0.04394739586950448 
  1949.0   -0.7995578815485573 
  1950.0   -0.18980962443431665 
  1951.0   0.9392022438882766 
  1952.0   -0.6202524989036166 
  1953.0   0.4002998530981087 
  1954.0   -0.8534350933716196 
  1955.0   -0.664851038140461 
  1956.0   0.3780303089288336 
  1957.0   0.06551914820960505 
  1958.0   -0.24431020636534703 
  1959.0   0.3385933763025283 
  1960.0   -0.11861603042402427 
  1961.0   0.1380224744941821 
  1962.0   -0.15719790046044052 
  1963.0   0.05919464304823659 
  1964.0   -0.2550299530843324 
  1965.0   -0.24317632784491577 
  1966.0   -0.4340733058971849 
  1967.0   0.007939287245630257 
  1968.0   0.7907086820893146 
  1969.0   -0.1694123944758484 
  1970.0   -0.14446427697317485 
  1971.0   -0.0689858686671088 
  1972.0   -0.2561883589757561 
  1973.0   -0.48669972565128783 
  1974.0   0.5058265314819043 
  1975.0   0.2441051036105678 
  1976.0   -0.28381146950272 
  1977.0   -0.20098403709802742 
  1978.0   1.2479324907039004 
  1979.0   0.223935768297427 
  1980.0   -0.8265597124680394 
  1981.0   -0.8426531391250007 
  1982.0   0.3920916690536942 
  1983.0   0.002289203312733154 
  1984.0   -0.32044277914866687 
  1985.0   -0.3933712197388477 
  1986.0   0.49890440415146803 
  1987.0   -0.41956035041661366 
  1988.0   0.39151920069693996 
  1989.0   -0.34651759782013764 
  1990.0   0.12267391195529047 
  1991.0   -0.1415214750798341 
  1992.0   0.7462070388010872 
  1993.0   0.1769679502105294 
  1994.0   -0.23474363098739248 
  1995.0   -0.3289881774376544 
  1996.0   -0.20847859699651566 
  1997.0   0.18663767127761358 
  1998.0   0.19719811169200854 
  1999.0   0.0026065080008658486 
  2000.0   0.3258665764190585 
  2001.0   -0.7292623719799316 
  2002.0   0.7178692344632646 
  2003.0   -0.33540873695929174 
  2004.0   -0.4049724227311105 
  2005.0   0.09137463161704074 
  2006.0   0.463353443844755 
  2007.0   -0.5020815553309005 
  2008.0   0.7295652286737375 
  2009.0   0.7531989029835077 
  2010.0   0.11474781925596234 
  2011.0   -1.361252321443207 
  2012.0   0.08925849961753873 
  2013.0   0.6188184052792021 
  2014.0   -0.04451126219751668 
