  1850.0   24.44546795803597 
  1851.0   24.450518197284552 
  1852.0   24.450414240449764 
  1853.0   24.445959799930222 
  1854.0   24.436588751851517 
  1855.0   24.44372237605287 
  1856.0   24.44810440360306 
  1857.0   24.418116465656016 
  1858.0   24.439154085889303 
  1859.0   24.477599162299455 
  1860.0   24.45075856185415 
  1861.0   24.432536858228108 
  1862.0   24.42109782433431 
  1863.0   24.459038906034312 
  1864.0   24.475287108295962 
  1865.0   24.472730472127648 
  1866.0   24.453054318838618 
  1867.0   24.40370815074899 
  1868.0   24.402305228289617 
  1869.0   24.42043438905179 
  1870.0   24.44189712850307 
  1871.0   24.399108908880546 
  1872.0   24.361327831928506 
  1873.0   24.36202811879292 
  1874.0   24.338567340761944 
  1875.0   24.315021178883914 
  1876.0   24.336217495293173 
  1877.0   24.325765981666617 
  1878.0   24.32739842754433 
  1879.0   24.365018802085277 
  1880.0   24.409535019863462 
  1881.0   24.398779916736906 
  1882.0   24.39299057493817 
  1883.0   24.421407562901017 
  1884.0   24.468488518514672 
  1885.0   24.511086568774818 
  1886.0   24.53663885605374 
  1887.0   24.581648245036774 
  1888.0   24.624289490276045 
  1889.0   24.67011245301935 
  1890.0   24.720596144925857 
  1891.0   24.726187597373162 
  1892.0   24.70326738346644 
  1893.0   24.700090444176954 
  1894.0   24.75843054277807 
  1895.0   24.78283057263771 
  1896.0   24.793569580002817 
  1897.0   24.817527331977125 
  1898.0   24.855908751320662 
  1899.0   24.87769144430721 
  1900.0   24.856877557247984 
  1901.0   24.83477218536339 
  1902.0   24.836418262892053 
  1903.0   24.844293226004062 
  1904.0   24.816993862751872 
  1905.0   24.785197532362602 
  1906.0   24.779239666348538 
  1907.0   24.767197656704134 
  1908.0   24.778374748247835 
  1909.0   24.770938967930437 
  1910.0   24.77437373253502 
  1911.0   24.797673092623484 
  1912.0   24.836812549399898 
  1913.0   24.846143147918852 
  1914.0   24.84902778136164 
  1915.0   24.872509382692797 
  1916.0   24.845712337787884 
  1917.0   24.81624221596575 
  1918.0   24.832201085409157 
  1919.0   24.823997521602024 
  1920.0   24.812785290071577 
  1921.0   24.748899314956688 
  1922.0   24.726331048715096 
  1923.0   24.737334299610087 
  1924.0   24.716171944381188 
  1925.0   24.681978094019684 
  1926.0   24.716279962447974 
  1927.0   24.70609043880075 
  1928.0   24.726964417575562 
  1929.0   24.76120807999133 
  1930.0   24.73870147913885 
  1931.0   24.74586869766939 
  1932.0   24.756701073504576 
  1933.0   24.733125294920413 
  1934.0   24.66863327448533 
  1935.0   24.607938098828225 
  1936.0   24.60611404250035 
  1937.0   24.625324080592975 
  1938.0   24.598299853739594 
  1939.0   24.59174628117975 
  1940.0   24.632361325897687 
  1941.0   24.652143410675084 
  1942.0   24.623655252949796 
  1943.0   24.563175931740158 
  1944.0   24.56176932817371 
  1945.0   24.582045300998047 
  1946.0   24.575809205890227 
  1947.0   24.54880246013203 
  1948.0   24.53048093668711 
  1949.0   24.515646678322188 
  1950.0   24.521435443736365 
  1951.0   24.552631344857947 
  1952.0   24.501270443980346 
  1953.0   24.444911523344086 
  1954.0   24.472337591897883 
  1955.0   24.512211670025163 
  1956.0   24.52308551837284 
  1957.0   24.517559382935335 
  1958.0   24.500341126800596 
  1959.0   24.514968809021365 
  1960.0   24.562949954776318 
  1961.0   24.585954363009183 
  1962.0   24.56466726007789 
  1963.0   24.55387522634526 
  1964.0   24.5348804477732 
  1965.0   24.509475829464915 
  1966.0   24.467316879169452 
  1967.0   24.468511441665758 
  1968.0   24.45742550218693 
  1969.0   24.41272284948136 
  1970.0   24.38327297838082 
  1971.0   24.385178176330207 
  1972.0   24.379635123091983 
  1973.0   24.357031962063548 
  1974.0   24.353147638796496 
  1975.0   24.39541769358887 
  1976.0   24.407950272107094 
  1977.0   24.41953557181517 
  1978.0   24.418532872539995 
  1979.0   24.416595159453102 
  1980.0   24.381294833703492 
  1981.0   24.3362719315447 
  1982.0   24.339774576725436 
  1983.0   24.416090713099265 
  1984.0   24.47343827061211 
  1985.0   24.53212912627445 
  1986.0   24.62881209633055 
  1987.0   24.65799982258328 
  1988.0   24.653599723335912 
  1989.0   24.636850811094117 
  1990.0   24.605034969115227 
  1991.0   24.64935574668118 
  1992.0   24.693805731765387 
  1993.0   24.69060795758911 
  1994.0   24.65958083510928 
  1995.0   24.621266597398538 
  1996.0   24.563190735417905 
  1997.0   24.48638203007318 
  1998.0   24.4880127773142 
  1999.0   24.526970896615882 
  2000.0   24.526467867858038 
  2001.0   24.49029961393385 
  2002.0   24.507277027146678 
  2003.0   24.535755538312554 
  2004.0   24.576788708197334 
  2005.0   24.582112921648843 
  2006.0   24.566065362888487 
  2007.0   24.560927310114685 
  2008.0   24.627917668845274 
  2009.0   24.711738210211102 
  2010.0   24.658605665325037 
  2011.0   24.62541143621298 
  2012.0   24.67368192223825 
  2013.0   24.67587816780489 
  2014.0   24.68924104825292 
