  1850.0   0.0020586442055312063 
  1851.0   0.0026152828971187847 
  1852.0   0.003106259180877838 
  1853.0   0.0036375705173896746 
  1854.0   0.003945445703013493 
  1855.0   0.004173711456570151 
  1856.0   0.004388556411753552 
  1857.0   0.004514452920398452 
  1858.0   0.004615329584726304 
  1859.0   0.004710674069416019 
  1860.0   0.0048080996217391 
  1861.0   0.004881327165733675 
  1862.0   0.005043127892924198 
  1863.0   0.005147501851091884 
  1864.0   0.005256382167369893 
  1865.0   0.005372072246103515 
  1866.0   0.005484126839544756 
  1867.0   0.005602314006818734 
  1868.0   0.005780826376046588 
  1869.0   0.005856605789501366 
  1870.0   0.00597680662609581 
  1871.0   0.006322181051953354 
  1872.0   0.006669984732486568 
  1873.0   0.007025683088290478 
  1874.0   0.0073533071094539805 
  1875.0   0.007581023771546866 
  1876.0   0.00785767666778374 
  1877.0   0.008091601564763008 
  1878.0   0.00830837045619243 
  1879.0   0.008528932800495109 
  1880.0   0.008618892528639547 
  1881.0   0.008946115665297258 
  1882.0   0.009232592402643512 
  1883.0   0.009443400304157495 
  1884.0   0.009716998600338127 
  1885.0   0.00992954303916319 
  1886.0   0.010076328323166739 
  1887.0   0.010205008044602684 
  1888.0   0.010414549509558486 
  1889.0   0.01054071424887873 
  1890.0   0.01066980053690738 
  1891.0   0.011851335673026707 
  1892.0   0.012949385427919805 
  1893.0   0.013894649934899968 
  1894.0   0.014689400546982033 
  1895.0   0.015420962668891612 
  1896.0   0.016138867058248442 
  1897.0   0.01674153956857406 
  1898.0   0.017160935449183852 
  1899.0   0.01761228066645413 
  1900.0   0.01789735347995055 
  1901.0   0.018359671697805096 
  1902.0   0.0186609391981551 
  1903.0   0.01884054830626855 
  1904.0   0.019057101587243302 
  1905.0   0.019240808693492473 
  1906.0   0.019447402766327324 
  1907.0   0.01966754367712793 
  1908.0   0.01987808437244535 
  1909.0   0.020113440942606805 
  1910.0   0.02022966873285445 
  1911.0   0.021420761920294715 
  1912.0   0.022402635755667564 
  1913.0   0.023257131716063303 
  1914.0   0.024104752872979703 
  1915.0   0.024989537103776542 
  1916.0   0.02553554984419516 
  1917.0   0.026175973471639646 
  1918.0   0.026596603286780186 
  1919.0   0.027017003256146897 
  1920.0   0.027333893656656387 
  1921.0   0.028051406533961713 
  1922.0   0.028679190001416464 
  1923.0   0.02944307616608673 
  1924.0   0.030035654054003894 
  1925.0   0.030599873580585406 
  1926.0   0.03126833406218873 
  1927.0   0.03180985098556858 
  1928.0   0.03216838383724376 
  1929.0   0.03252817867524554 
  1930.0   0.03291435828680558 
  1931.0   0.03295580282128007 
  1932.0   0.033083426255649084 
  1933.0   0.03309181716893779 
  1934.0   0.03314171129771877 
  1935.0   0.03314116357097489 
  1936.0   0.03314332554028809 
  1937.0   0.03332685288543416 
  1938.0   0.033412831996412706 
  1939.0   0.033545223808299475 
  1940.0   0.03363395615393732 
  1941.0   0.034852516294503234 
  1942.0   0.03599542630781067 
  1943.0   0.03692088123637337 
  1944.0   0.03794988986062203 
  1945.0   0.03893809512719634 
  1946.0   0.039650179470263884 
  1947.0   0.04034092344566586 
  1948.0   0.0410162912004967 
  1949.0   0.04144523219438533 
  1950.0   0.041999748139441885 
  1951.0   0.045995603217730045 
  1952.0   0.04961157047644597 
  1953.0   0.05279080420303439 
  1954.0   0.05543696783799126 
  1955.0   0.05819801091440127 
  1956.0   0.06052059146373866 
  1957.0   0.06291113538983449 
  1958.0   0.06494712702366436 
  1959.0   0.06661494476832777 
  1960.0   0.06822404917886724 
  1961.0   0.06837754562366424 
  1962.0   0.06839667134278121 
  1963.0   0.06868718029945858 
  1964.0   0.06888500532681054 
  1965.0   0.06933569980298247 
  1966.0   0.06986092087709439 
  1967.0   0.07039855803846434 
  1968.0   0.07087420308257952 
  1969.0   0.07146961377072551 
  1970.0   0.0720531920261235 
  1971.0   0.06764229130634009 
  1972.0   0.06366843715115754 
  1973.0   0.05980472467855149 
  1974.0   0.05640042533315342 
  1975.0   0.05337514286875619 
  1976.0   0.050599685170779174 
  1977.0   0.048339865732711866 
  1978.0   0.04673604174695872 
  1979.0   0.045412311554821796 
  1980.0   0.04489581749553521 
  1981.0   0.0443110515933493 
  1982.0   0.0435141697314868 
  1983.0   0.042841913561570244 
  1984.0   0.042392180261562676 
  1985.0   0.041918892833811304 
  1986.0   0.041340402251714425 
  1987.0   0.04061104645533964 
  1988.0   0.03993407931668956 
  1989.0   0.03915139676166032 
  1990.0   0.03832575729487611 
  1991.0   0.03633221624505344 
  1992.0   0.034883164585871915 
  1993.0   0.03364807588125404 
  1994.0   0.03268787956273584 
  1995.0   0.03179482327735425 
  1996.0   0.031021358617454215 
  1997.0   0.030606858780909327 
  1998.0   0.030093718343652553 
  1999.0   0.02973372896343143 
  2000.0   0.02943308673780341 
  2001.0   0.04116943731237682 
  2002.0   0.039750874322722556 
  2003.0   0.038016419467739725 
  2004.0   0.04027776241617959 
  2005.0   0.04791478988565841 
  2006.0   0.04540523054793814 
  2007.0   0.04395231600002596 
  2008.0   0.040970515092814665 
  2009.0   0.052114768550265075 
  2010.0   0.04850340507407225 
  2011.0   0.07067544449065938 
  2012.0   0.06592506120859108 
  2013.0   0.06540652847627863 
  2014.0   0.0637703272608942 
