  1850.0   1.0334060903919965e-13 
  1851.0   4.443887997831998e-12 
  1852.0   4.8277752620681705e-12 
  1853.0   5.072718647791717e-12 
  1854.0   5.300338443673188e-12 
  1855.0   5.8177667756509935e-12 
  1856.0   5.9367230817941864e-12 
  1857.0   6.0950488747798045e-12 
  1858.0   6.117159187360088e-12 
  1859.0   6.1153922642270234e-12 
  1860.0   6.515779485258177e-12 
  1861.0   8.551313594015988e-12 
  1862.0   8.752531824117775e-12 
  1863.0   8.833963346278305e-12 
  1864.0   8.922039391462996e-12 
  1865.0   9.311127606510525e-12 
  1866.0   1.008916651340384e-11 
  1867.0   9.81043275607188e-12 
  1868.0   1.0000120201659934e-11 
  1869.0   1.0299359771635888e-11 
  1870.0   9.956612903835727e-12 
  1871.0   1.3663629932284085e-11 
  1872.0   1.3688418489975592e-11 
  1873.0   1.4394751191042803e-11 
  1874.0   1.3899873436553717e-11 
  1875.0   1.4358618533315257e-11 
  1876.0   1.5085181306804472e-11 
  1877.0   1.4582514559705306e-11 
  1878.0   1.4480289770728415e-11 
  1879.0   1.5060403676500146e-11 
  1880.0   1.488132005935577e-11 
  1881.0   1.9904435191330228e-11 
  1882.0   2.0734047476084764e-11 
  1883.0   2.055940676953753e-11 
  1884.0   2.1051720506991058e-11 
  1885.0   2.1130384848018017e-11 
  1886.0   2.2411198428548294e-11 
  1887.0   2.2479710443974453e-11 
  1888.0   2.2555382852272245e-11 
  1889.0   2.1861190390344445e-11 
  1890.0   2.3457255928049576e-11 
  1891.0   3.0151316361447656e-11 
  1892.0   3.1012794544710675e-11 
  1893.0   3.163920025398428e-11 
  1894.0   3.2973327380306696e-11 
  1895.0   3.390994517437238e-11 
  1896.0   3.416000086939321e-11 
  1897.0   3.441464500277991e-11 
  1898.0   3.415398614834433e-11 
  1899.0   3.5511838129598106e-11 
  1900.0   3.480383937666685e-11 
  1901.0   3.7139334176378685e-11 
  1902.0   3.801772896360347e-11 
  1903.0   3.904892261895321e-11 
  1904.0   4.026242736172505e-11 
  1905.0   3.8602504724781726e-11 
  1906.0   3.7332499541401405e-11 
  1907.0   3.841633003291904e-11 
  1908.0   4.017216903238274e-11 
  1909.0   4.2959923665309865e-11 
  1910.0   4.051515569287646e-11 
  1911.0   5.3657319764370626e-11 
  1912.0   5.312153852310877e-11 
  1913.0   5.5066394093497035e-11 
  1914.0   5.330026531233053e-11 
  1915.0   5.3724094504074263e-11 
  1916.0   5.828367635300671e-11 
  1917.0   5.906541797421417e-11 
  1918.0   5.794971354214948e-11 
  1919.0   5.8115193790433385e-11 
  1920.0   6.409088334836991e-11 
  1921.0   6.31468049155623e-11 
  1922.0   6.222691516020128e-11 
  1923.0   6.581210544737444e-11 
  1924.0   6.77103350275948e-11 
  1925.0   6.764667819603682e-11 
  1926.0   7.061450635285279e-11 
  1927.0   7.074893403914493e-11 
  1928.0   7.190739441127162e-11 
  1929.0   7.240379402781303e-11 
  1930.0   7.083987525897192e-11 
  1931.0   7.07015857535924e-11 
  1932.0   7.526139394778131e-11 
  1933.0   7.06942293729788e-11 
  1934.0   7.450625199905349e-11 
  1935.0   8.259189951955395e-11 
  1936.0   6.756583418202318e-11 
  1937.0   7.825052855651463e-11 
  1938.0   7.135848819764979e-11 
  1939.0   7.305158740477008e-11 
  1940.0   7.198487888782871e-11 
  1941.0   8.802482316926692e-11 
  1942.0   1.0394614101014382e-10 
  1943.0   9.971017166486852e-11 
  1944.0   9.884348071449896e-11 
  1945.0   8.695178893370808e-11 
  1946.0   8.72185092800676e-11 
  1947.0   9.038218982144982e-11 
  1948.0   9.238640839836131e-11 
  1949.0   9.951297331767523e-11 
  1950.0   8.047367759835912e-11 
  1951.0   1.2529585166049295e-10 
  1952.0   1.4519880059804218e-10 
  1953.0   1.4460047556047964e-10 
  1954.0   1.3909814935085525e-10 
  1955.0   1.4512745044295846e-10 
  1956.0   1.57461069582544e-10 
  1957.0   1.622369313306523e-10 
  1958.0   1.7253173590226809e-10 
  1959.0   1.6672509645514723e-10 
  1960.0   1.579234202805315e-10 
  1961.0   1.363639433332542e-10 
  1962.0   1.2071909700338497e-10 
  1963.0   1.2799627333348594e-10 
  1964.0   1.2128820069299255e-10 
  1965.0   1.2758715455125942e-10 
  1966.0   1.303140239450481e-10 
  1967.0   1.1154587109154713e-10 
  1968.0   1.3092551760496084e-10 
  1969.0   1.3783431474332032e-10 
  1970.0   1.452136541543902e-10 
  1971.0   1.3403935415858072e-10 
  1972.0   9.600268189272626e-11 
  1973.0   1.1157695407640183e-10 
  1974.0   8.369758608250353e-11 
  1975.0   9.501663253652602e-11 
  1976.0   9.350450404169698e-11 
  1977.0   1.7992130846228833e-10 
  1978.0   1.2533703008691937e-10 
  1979.0   9.40061083327927e-11 
  1980.0   9.534171736488461e-11 
  1981.0   1.1770266921306764e-10 
  1982.0   9.30257684022171e-11 
  1983.0   1.2786769381989408e-10 
  1984.0   1.3041834158236678e-10 
  1985.0   1.1960468799830647e-10 
  1986.0   1.1491875644079586e-10 
  1987.0   7.159590198211844e-11 
  1988.0   1.061958923458751e-10 
  1989.0   1.450252397747711e-10 
  1990.0   1.1322084812738161e-10 
  1991.0   1.2082314679461588e-10 
  1992.0   1.5550828787104278e-10 
  1993.0   1.0928956040653158e-10 
  1994.0   9.405398321502212e-11 
  1995.0   1.0940549012740114e-10 
  1996.0   1.0425314801436335e-10 
  1997.0   8.168951070809224e-11 
  1998.0   1.2205906465463854e-10 
  1999.0   1.514042741628275e-10 
  2000.0   1.1007602328599553e-10 
  2001.0   2.151959297962612e-10 
  2002.0   1.472785122936715e-10 
  2003.0   1.312738028741263e-10 
  2004.0   1.3073953912560503e-10 
  2005.0   1.4795422204041618e-10 
  2006.0   1.5424348700893847e-10 
  2007.0   1.5191384787685583e-10 
  2008.0   8.3393874746741e-11 
  2009.0   2.2570735001804618e-10 
  2010.0   1.385820537658591e-10 
  2011.0   2.967627082919358e-10 
  2012.0   1.3718721965963068e-10 
  2013.0   1.3636420280541727e-10 
  2014.0   1.4315990442296073e-10 
