  1850.0   9.937416249589926 
  1851.0   10.007520105804959 
  1852.0   10.114095117608578 
  1853.0   10.06399142832215 
  1854.0   9.870044100696779 
  1855.0   9.913930103778393 
  1856.0   9.904473358278768 
  1857.0   9.985233299067232 
  1858.0   10.238503051144777 
  1859.0   9.814325724664585 
  1860.0   9.85292885354168 
  1861.0   10.101675086805415 
  1862.0   10.078608125966724 
  1863.0   9.894633096527588 
  1864.0   10.065535176618667 
  1865.0   10.347427284364326 
  1866.0   10.074375689792799 
  1867.0   9.893650112484684 
  1868.0   10.011545703434797 
  1869.0   9.81931647396031 
  1870.0   9.772693686910117 
  1871.0   9.784484274178082 
  1872.0   9.848557488908007 
  1873.0   9.648214781313717 
  1874.0   9.717614228231016 
  1875.0   10.000310290548754 
  1876.0   9.807071175458045 
  1877.0   9.757674536338746 
  1878.0   9.736229325576275 
  1879.0   9.830237292299454 
  1880.0   10.0468068600476 
  1881.0   9.722231103431778 
  1882.0   9.648302837524936 
  1883.0   9.753852398689395 
  1884.0   10.19838756100125 
  1885.0   9.746425815091554 
  1886.0   9.977642067367205 
  1887.0   9.774155418721701 
  1888.0   9.661530417068683 
  1889.0   10.010966796264144 
  1890.0   9.809101132411833 
  1891.0   9.826448732104327 
  1892.0   10.169795044839185 
  1893.0   9.904592457385297 
  1894.0   9.785529531020794 
  1895.0   9.816165940860264 
  1896.0   9.921052884391251 
  1897.0   9.887767066345086 
  1898.0   9.762727020397682 
  1899.0   10.051878037093152 
  1900.0   10.165766066534003 
  1901.0   10.014342813507882 
  1902.0   10.603156554538828 
  1903.0   10.247968149134053 
  1904.0   10.617004597959934 
  1905.0   10.896947960608845 
  1906.0   10.439017685500096 
  1907.0   10.282790178524971 
  1908.0   10.363690150149079 
  1909.0   10.177699526702671 
  1910.0   10.417853034055945 
  1911.0   10.273932540806506 
  1912.0   10.04621843654001 
  1913.0   10.19652795860843 
  1914.0   10.16513500848982 
  1915.0   9.912599504938248 
  1916.0   10.067803779576336 
  1917.0   10.076768421162026 
  1918.0   10.226367994108692 
  1919.0   10.179927197173125 
  1920.0   10.010825045700031 
  1921.0   10.025093912148813 
  1922.0   9.869311737611115 
  1923.0   9.791938490706837 
  1924.0   9.913301087611869 
  1925.0   9.887749587950545 
  1926.0   9.907480969031608 
  1927.0   9.678830134080465 
  1928.0   9.50398892884523 
  1929.0   9.542690771069953 
  1930.0   9.675345952500985 
  1931.0   9.407524312965519 
  1932.0   9.420096208860869 
  1933.0   9.593234667054952 
  1934.0   9.519855040398582 
  1935.0   9.291648738789188 
  1936.0   9.24962974810988 
  1937.0   9.370567245507647 
  1938.0   9.355515976528853 
  1939.0   9.618790253511788 
  1940.0   9.354348853468416 
  1941.0   9.001551502025771 
  1942.0   9.164008445151486 
  1943.0   9.32616081988304 
  1944.0   9.024868561758153 
  1945.0   9.287258928120556 
  1946.0   8.896270147025666 
  1947.0   8.680368266340745 
  1948.0   8.518273057455449 
  1949.0   8.579333230826107 
  1950.0   8.74904494747204 
  1951.0   8.375787376165638 
  1952.0   8.2121599548382 
  1953.0   7.95673930771065 
  1954.0   7.774353759725402 
  1955.0   7.67089413007491 
  1956.0   7.781357556408898 
  1957.0   7.2107539399676455 
  1958.0   6.785609209078963 
  1959.0   6.628605902442053 
  1960.0   6.366666390673546 
  1961.0   6.177585282654199 
  1962.0   6.2163891587409275 
  1963.0   6.363851554321835 
  1964.0   6.142861781344101 
  1965.0   6.422167629997724 
  1966.0   5.9788538983397785 
  1967.0   5.973869994327572 
  1968.0   6.133181631078697 
  1969.0   5.837524335754235 
  1970.0   6.038414944453939 
  1971.0   5.9543071920257225 
  1972.0   6.1312284542036695 
  1973.0   6.228305066577638 
  1974.0   6.037765223445106 
  1975.0   6.327805932230615 
  1976.0   6.210890515881936 
  1977.0   6.138744310938203 
  1978.0   5.898656429339314 
  1979.0   5.987637785056749 
  1980.0   5.952497065443471 
  1981.0   5.9869352422683475 
  1982.0   6.029007945606774 
  1983.0   6.221567293684782 
  1984.0   6.051256063549649 
  1985.0   6.183382765789496 
  1986.0   6.197824790581403 
  1987.0   6.353491710814606 
  1988.0   6.596515525359209 
  1989.0   6.397339113910963 
  1990.0   6.265424697782808 
  1991.0   6.329267878525295 
  1992.0   6.601076694597555 
  1993.0   6.857438719036411 
  1994.0   7.010444087156237 
  1995.0   6.81102009400771 
  1996.0   6.689862040935377 
  1997.0   6.691300804242668 
  1998.0   6.662715939369441 
  1999.0   6.5869221811768535 
  2000.0   6.625547283234942 
  2001.0   6.774252301761765 
  2002.0   7.755172414522208 
  2003.0   7.472976223166323 
  2004.0   7.06250797618529 
  2005.0   7.141074047782154 
  2006.0   7.4314327716312185 
  2007.0   7.462031814334435 
  2008.0   7.595057478794664 
  2009.0   7.416794759761212 
  2010.0   7.6255791775102 
  2011.0   7.518044225093046 
  2012.0   7.660439871985682 
  2013.0   7.527926619037695 
  2014.0   7.769857576429022 
