  1850.0   -0.0697076344691985 
  1851.0   -0.06542022199223253 
  1852.0   0.0789633903513917 
  1853.0   8.099766290872314e-05 
  1854.0   -0.05078507189566074 
  1855.0   0.10150052650746574 
  1856.0   0.053167711974630764 
  1857.0   -0.10075574085245703 
  1858.0   -0.03407559230791006 
  1859.0   0.1315472261715323 
  1860.0   0.1291646436279364 
  1861.0   -0.026630068404001013 
  1862.0   -0.061185557600024934 
  1863.0   -0.14087706741107417 
  1864.0   -0.10849848219457701 
  1865.0   0.08340586730541764 
  1866.0   0.04872112827020537 
  1867.0   0.0142494621183561 
  1868.0   -0.01531139531900995 
  1869.0   -0.10476419198089142 
  1870.0   0.06923761941073275 
  1871.0   0.03268482510542491 
  1872.0   0.012774606817944716 
  1873.0   0.05850196738319241 
  1874.0   0.09692591622839594 
  1875.0   -0.06725296776532065 
  1876.0   -0.043647246108726154 
  1877.0   -0.07395019972669134 
  1878.0   0.06793208559383661 
  1879.0   -0.048527849448218294 
  1880.0   -0.028637231072682984 
  1881.0   -0.03294003821990078 
  1882.0   0.12110103474820451 
  1883.0   -0.013511267427921707 
  1884.0   -0.03659373701929856 
  1885.0   0.0010972066484786866 
  1886.0   0.015377667099337883 
  1887.0   -0.052746017197988125 
  1888.0   -0.053159297971132585 
  1889.0   -0.03478768229938589 
  1890.0   0.03612716366404113 
  1891.0   0.03211086561538753 
  1892.0   -0.13001895352340956 
  1893.0   0.11141843418439593 
  1894.0   -0.00013184531066254678 
  1895.0   -0.03005183836138663 
  1896.0   0.0720788100534842 
  1897.0   -0.007673657116729345 
  1898.0   -0.06438651537386983 
  1899.0   0.025682668696049533 
  1900.0   0.018679977380915695 
  1901.0   0.04133343444762441 
  1902.0   0.0197218202022579 
  1903.0   -0.05502467429256146 
  1904.0   -0.08127804374001964 
  1905.0   -0.11564832689476916 
  1906.0   0.012438066448771637 
  1907.0   0.04781910103227824 
  1908.0   0.05402411583037991 
  1909.0   -0.022485740075521267 
  1910.0   -0.10161460823200992 
  1911.0   0.16230434919038245 
  1912.0   0.013006812122307605 
  1913.0   -0.01470046216913482 
  1914.0   0.00421604522156791 
  1915.0   0.007008911788248564 
  1916.0   -0.07904381603677478 
  1917.0   0.05969226479652847 
  1918.0   -0.0016472699839706819 
  1919.0   -0.040623503703003085 
  1920.0   -0.04597447847116285 
  1921.0   -0.039885982395083654 
  1922.0   -0.07632564827878233 
  1923.0   0.0881462250718143 
  1924.0   0.018134733174072045 
  1925.0   0.07392234724122039 
  1926.0   0.01922018802273928 
  1927.0   -0.09282243227131357 
  1928.0   -0.005179340119698196 
  1929.0   -0.018362646923146524 
  1930.0   0.012108229896550462 
  1931.0   0.04950087882083367 
  1932.0   -0.002690198043249811 
  1933.0   0.06373698059625221 
  1934.0   0.07719816908090196 
  1935.0   -0.08181942258244262 
  1936.0   -0.15582471382403984 
  1937.0   -0.05950024561370906 
  1938.0   -0.027709157775102383 
  1939.0   0.09971765057377341 
  1940.0   -0.11756417063381765 
  1941.0   0.05662292909448965 
  1942.0   0.10893694164423257 
  1943.0   0.018195713483563945 
  1944.0   -0.03071252300178996 
  1945.0   -0.07610612143526121 
  1946.0   -0.07477088413404512 
  1947.0   0.03307009352602176 
  1948.0   -0.05010650646371587 
  1949.0   -0.09431415628787186 
  1950.0   -0.05583676585412652 
  1951.0   0.0006936888757733298 
  1952.0   0.10489227595416473 
  1953.0   -0.016950852865135747 
  1954.0   -0.08647082905248331 
  1955.0   -0.18553828075590473 
  1956.0   0.05463911111328194 
  1957.0   0.05425642036994335 
  1958.0   -0.04161733327499926 
  1959.0   -0.0512359041553368 
  1960.0   0.09727237763883935 
  1961.0   -0.0002570386183981187 
  1962.0   -0.14557739353894308 
  1963.0   0.014362089008346828 
  1964.0   -0.0891509831947629 
  1965.0   -0.014815250569615674 
  1966.0   -0.054381907514418924 
  1967.0   0.03281030931081065 
  1968.0   0.11389430257231366 
  1969.0   -0.011043958992379959 
  1970.0   -0.052103881237117386 
  1971.0   -0.08828327590412954 
  1972.0   0.1394404127328748 
  1973.0   0.07088421214379324 
  1974.0   -0.034977572036350976 
  1975.0   0.07132435621568575 
  1976.0   0.08327227820345401 
  1977.0   0.0025199281763215687 
  1978.0   0.0001919048970000823 
  1979.0   0.019118784499771384 
  1980.0   0.029842068744231284 
  1981.0   -0.049299311211292364 
  1982.0   -0.022474444858775377 
  1983.0   -0.18877226881610595 
  1984.0   0.09879939060610646 
  1985.0   0.13507825329226028 
  1986.0   0.005075041916735175 
  1987.0   0.09411838106025885 
  1988.0   0.0380451917485328 
  1989.0   0.11319824075234591 
  1990.0   0.00010244351270179884 
  1991.0   -0.05765659879520394 
  1992.0   0.017965530990205744 
  1993.0   0.13377570306724795 
  1994.0   0.11698402479583178 
  1995.0   -0.05218787977525365 
  1996.0   -0.06318461196256862 
  1997.0   0.026838776181730604 
  1998.0   0.03884335469783477 
  1999.0   0.08931850171498812 
  2000.0   -0.024609692470070055 
  2001.0   -0.014553471994801035 
  2002.0   0.22797425291682866 
  2003.0   0.12195613137568878 
  2004.0   -0.11060340399142195 
  2005.0   -0.07141843559080303 
  2006.0   0.21154153457331734 
  2007.0   -0.04656035584583938 
  2008.0   -0.11666469224244697 
  2009.0   -0.02448550979011027 
  2010.0   0.10613487525646345 
  2011.0   -0.05600851003480558 
  2012.0   0.09406245325508408 
  2013.0   -0.017420618641410663 
  2014.0   0.03164848082782908 
