  1850.0   1.1290716069108615 
  1851.0   1.3167446552550215 
  1852.0   1.4109696802105627 
  1853.0   1.4743592510210253 
  1854.0   1.4173125056688363 
  1855.0   1.7147312042956182 
  1856.0   1.5515907259540067 
  1857.0   1.2952889266498537 
  1858.0   1.3478498395342522 
  1859.0   1.6464332984745467 
  1860.0   1.88000319362049 
  1861.0   1.5135494312011832 
  1862.0   1.4864607695792542 
  1863.0   1.2133966924255688 
  1864.0   1.2537326680322949 
  1865.0   1.6495117118144873 
  1866.0   1.5926812481038342 
  1867.0   1.494843656173693 
  1868.0   1.39963744789597 
  1869.0   1.3897179752212219 
  1870.0   1.5578841630039437 
  1871.0   1.5451819214476232 
  1872.0   1.4470649070232773 
  1873.0   1.5253165631204273 
  1874.0   1.7369309870684169 
  1875.0   1.2852516232270677 
  1876.0   1.4370307420784627 
  1877.0   1.288367942126246 
  1878.0   1.5482269329004155 
  1879.0   1.324881047898265 
  1880.0   1.3068250289118744 
  1881.0   1.388457936507897 
  1882.0   1.6510334790384433 
  1883.0   1.4921005426751506 
  1884.0   1.3430836179948713 
  1885.0   1.4231253818701715 
  1886.0   1.4247989147262794 
  1887.0   1.3768273911829063 
  1888.0   1.2716374174095624 
  1889.0   1.3660111131838089 
  1890.0   1.4460707891641151 
  1891.0   1.4789011967405306 
  1892.0   1.231596642538471 
  1893.0   1.657094201284425 
  1894.0   1.3431071551638571 
  1895.0   1.433744432905616 
  1896.0   1.5472653540225263 
  1897.0   1.4397567975410839 
  1898.0   1.4676462141224527 
  1899.0   1.3995119561523588 
  1900.0   1.5548498751585325 
  1901.0   1.4839187945820234 
  1902.0   1.4395547098292283 
  1903.0   1.2731515335837968 
  1904.0   1.2677318452818465 
  1905.0   1.1612289217418479 
  1906.0   1.3524188286249172 
  1907.0   1.477927240714815 
  1908.0   1.540705111707323 
  1909.0   1.4311721658599321 
  1910.0   1.3843069000016106 
  1911.0   1.7077607915470796 
  1912.0   1.442424939120624 
  1913.0   1.4394434511412797 
  1914.0   1.6163783082762537 
  1915.0   1.6706308675998338 
  1916.0   1.503591128720932 
  1917.0   1.7514776818660398 
  1918.0   1.592112707925616 
  1919.0   1.537118721963801 
  1920.0   1.4233892170268767 
  1921.0   1.4812518807092363 
  1922.0   1.3425336053960917 
  1923.0   1.5838151840751782 
  1924.0   1.4733744043250614 
  1925.0   1.6564603322394889 
  1926.0   1.586566959846776 
  1927.0   1.3150923439507731 
  1928.0   1.5201035027930934 
  1929.0   1.3926614985818095 
  1930.0   1.5046704111882998 
  1931.0   1.6293962389420313 
  1932.0   1.492645133863518 
  1933.0   1.7047748301887051 
  1934.0   1.7727812706099264 
  1935.0   1.4222783182567307 
  1936.0   1.3766784311369156 
  1937.0   1.2864044601049751 
  1938.0   1.4627142183393345 
  1939.0   1.5869839950386335 
  1940.0   1.3085425834306241 
  1941.0   1.678196859279316 
  1942.0   1.7747657644428236 
  1943.0   1.6780276459398749 
  1944.0   1.4401910873884392 
  1945.0   1.4793710573119008 
  1946.0   1.4180385394099548 
  1947.0   1.607340718450832 
  1948.0   1.4075043995533238 
  1949.0   1.2705468129021857 
  1950.0   1.4494143458790505 
  1951.0   1.3998107617042885 
  1952.0   1.7360567057848824 
  1953.0   1.6351908118590586 
  1954.0   1.2507802672091732 
  1955.0   1.1629926635506755 
  1956.0   1.6374099777593605 
  1957.0   1.5337131533281712 
  1958.0   1.465852780460303 
  1959.0   1.4737754559323888 
  1960.0   1.8523181818298953 
  1961.0   1.544061572318129 
  1962.0   1.4622592296843409 
  1963.0   1.5023740756044859 
  1964.0   1.4456350695470723 
  1965.0   1.4685147561795453 
  1966.0   1.3166528569656606 
  1967.0   1.5481513441033097 
  1968.0   1.9414266643488693 
  1969.0   1.5811509800265482 
  1970.0   1.4319358433965537 
  1971.0   1.4175843193430877 
  1972.0   1.8854390206301865 
  1973.0   1.7776658379214267 
  1974.0   1.5423212608693604 
  1975.0   1.9176879318797662 
  1976.0   1.8286263620265149 
  1977.0   1.7467618220520351 
  1978.0   1.7686467950163385 
  1979.0   1.7802919046669614 
  1980.0   1.7438718115925933 
  1981.0   1.5784580327815636 
  1982.0   1.5432169393043675 
  1983.0   1.2871646307473654 
  1984.0   1.689973745392151 
  1985.0   1.7676907272999296 
  1986.0   1.6460428883936056 
  1987.0   1.8588870802393487 
  1988.0   1.849899407857126 
  1989.0   1.9192731830446133 
  1990.0   1.632117988086561 
  1991.0   1.5217540170907158 
  1992.0   1.729519408772909 
  1993.0   1.8459726345448448 
  1994.0   1.8943938106376745 
  1995.0   1.4820349070082786 
  1996.0   1.538598739730673 
  1997.0   1.5625926294276353 
  1998.0   1.6546557890969589 
  1999.0   1.8245350729997158 
  2000.0   1.5906638948768308 
  2001.0   1.6953655307982574 
  2002.0   2.1384419450231382 
  2003.0   1.9898647517474164 
  2004.0   1.545203733710043 
  2005.0   1.9104325578004888 
  2006.0   2.113032274227456 
  2007.0   1.6738887151077575 
  2008.0   1.2638217729177017 
  2009.0   1.6889155880768238 
  2010.0   1.7946120858000334 
  2011.0   1.5933164952568324 
  2012.0   1.880818541897522 
  2013.0   1.6419157557508064 
  2014.0   1.8032415718177202 
