  1850.0   1.8196053449467482 
  1851.0   2.084203621821008 
  1852.0   1.730384694478865 
  1853.0   1.631834422547805 
  1854.0   1.3598907427561395 
  1855.0   2.0943989997891634 
  1856.0   1.3375941954674002 
  1857.0   2.6548054272690655 
  1858.0   2.4797019017546065 
  1859.0   1.9923787895689418 
  1860.0   1.6611837018956037 
  1861.0   1.9168623312737068 
  1862.0   1.8001330131177729 
  1863.0   1.5829135128934089 
  1864.0   1.4901256142865271 
  1865.0   2.4802127908558615 
  1866.0   1.9129689661274616 
  1867.0   1.705308370752017 
  1868.0   1.3841592467857604 
  1869.0   1.8515646555687821 
  1870.0   1.8881919525508073 
  1871.0   1.5098793775429247 
  1872.0   1.6715087835165594 
  1873.0   1.398487543383194 
  1874.0   1.2830937314804305 
  1875.0   1.3272113159439203 
  1876.0   2.136967786922625 
  1877.0   1.5333910296914448 
  1878.0   2.203951958936172 
  1879.0   1.7199096033833938 
  1880.0   1.8198166200211534 
  1881.0   1.6654408658921778 
  1882.0   1.866135042197631 
  1883.0   1.9158903070644873 
  1884.0   1.8417737212303127 
  1885.0   2.158476814066934 
  1886.0   1.545656299858086 
  1887.0   1.5399370657726295 
  1888.0   1.7284140070318144 
  1889.0   1.5293500673532936 
  1890.0   1.3335600032002557 
  1891.0   2.688474489951111 
  1892.0   2.018341860777734 
  1893.0   1.8604307688249175 
  1894.0   2.5570668064172244 
  1895.0   1.9791091579926392 
  1896.0   1.9496904188948019 
  1897.0   1.665897416408139 
  1898.0   1.6622996876447964 
  1899.0   1.1389885484074895 
  1900.0   1.5685953079214816 
  1901.0   1.5826688957083264 
  1902.0   2.335001864583944 
  1903.0   1.9315905799719653 
  1904.0   1.8099544878831986 
  1905.0   2.1640732664947504 
  1906.0   1.6204519872839034 
  1907.0   1.4842794723400428 
  1908.0   1.7740299092349157 
  1909.0   2.5184421266506987 
  1910.0   1.5133807377391446 
  1911.0   1.6828199795504477 
  1912.0   1.6607218462639997 
  1913.0   1.379812422680001 
  1914.0   1.7370880342907582 
  1915.0   1.4461604299735864 
  1916.0   1.6237704350666724 
  1917.0   1.7771638454098888 
  1918.0   1.5540745787146684 
  1919.0   1.6492150606698173 
  1920.0   1.978497810331478 
  1921.0   1.436786195065097 
  1922.0   1.968425951138183 
  1923.0   1.8509959688058848 
  1924.0   1.3939151422796503 
  1925.0   1.2868064371096497 
  1926.0   1.3104835949828346 
  1927.0   2.352098890723922 
  1928.0   1.6656750711243458 
  1929.0   1.9402318981879516 
  1930.0   1.870995314466178 
  1931.0   1.2970262703453586 
  1932.0   1.5461303645920423 
  1933.0   2.5658427811677726 
  1934.0   1.8622718959069173 
  1935.0   1.6866686645176174 
  1936.0   2.273668039468047 
  1937.0   1.46272472097515 
  1938.0   1.7827649448259546 
  1939.0   1.902230111654387 
  1940.0   1.913484468550601 
  1941.0   2.211770894388666 
  1942.0   1.5492349466442867 
  1943.0   1.9504814141637163 
  1944.0   1.6319828381513708 
  1945.0   1.3749879421296258 
  1946.0   1.498705215267837 
  1947.0   2.2464797852776868 
  1948.0   1.549080965159698 
  1949.0   1.3454824167159103 
  1950.0   2.804568664002581 
  1951.0   1.4991610155619104 
  1952.0   1.043497462803186 
  1953.0   2.109262166288921 
  1954.0   1.4048383890576552 
  1955.0   1.6770481105956387 
  1956.0   2.296610399908572 
  1957.0   1.7549122874915914 
  1958.0   1.5098474696385535 
  1959.0   1.8754931023841996 
  1960.0   2.9408439496198375 
  1961.0   2.285689001884977 
  1962.0   1.4143882073753444 
  1963.0   1.1900660484323151 
  1964.0   2.39451399453341 
  1965.0   1.1573992109760276 
  1966.0   1.162703829769516 
  1967.0   2.4155207406845167 
  1968.0   1.5255408485298771 
  1969.0   1.3719684951738058 
  1970.0   1.615250577639453 
  1971.0   1.5644982650927453 
  1972.0   1.5452287182412998 
  1973.0   1.4907689076462347 
  1974.0   1.5313538652112872 
  1975.0   2.0030829834395756 
  1976.0   1.189048105409436 
  1977.0   1.3557512972881842 
  1978.0   1.9457841174934232 
  1979.0   1.668385986484066 
  1980.0   1.510646754275331 
  1981.0   1.715659686413759 
  1982.0   2.192400308447516 
  1983.0   1.6271188707685282 
  1984.0   1.5171753150909861 
  1985.0   2.2433387905326696 
  1986.0   1.7262608744238235 
  1987.0   1.951525992299576 
  1988.0   1.5588628948488152 
  1989.0   1.2922466231895122 
  1990.0   1.5781265098619137 
  1991.0   1.949804692235725 
  1992.0   1.3745214572310747 
  1993.0   1.8015131472326307 
  1994.0   2.0553646700043626 
  1995.0   2.034363731642733 
  1996.0   1.2506837416418943 
  1997.0   1.7079216322159028 
  1998.0   1.3884483915508512 
  1999.0   1.550225525948884 
  2000.0   1.9249477034762847 
  2001.0   1.656259384645339 
  2002.0   1.4667280851179423 
  2003.0   1.599619180380667 
  2004.0   1.5672639747844324 
  2005.0   1.367198201430973 
  2006.0   1.3749362599583712 
  2007.0   2.246843041840841 
  2008.0   1.5219271944850066 
  2009.0   1.6932464494640136 
  2010.0   1.3325735228536855 
  2011.0   1.3634137321396507 
  2012.0   1.8902865960957922 
  2013.0   1.5827459431715407 
  2014.0   1.5325238693837004 
