  1850.0   1.4018541814655532 
  1851.0   1.9690096900066478 
  1852.0   1.6523058949803078 
  1853.0   1.1996478656189902 
  1854.0   1.58113124654484 
  1855.0   1.8323537711521223 
  1856.0   1.3787995749808142 
  1857.0   1.4893311772743765 
  1858.0   1.3671577016946739 
  1859.0   1.2818605107080778 
  1860.0   1.3220851689147124 
  1861.0   1.7303054040706851 
  1862.0   1.380013522697645 
  1863.0   1.4073969911232205 
  1864.0   1.5775165019737076 
  1865.0   1.362521930192629 
  1866.0   1.2503179503460182 
  1867.0   1.4829232716301322 
  1868.0   1.6353739865630326 
  1869.0   1.9370317472190512 
  1870.0   1.3725991477605113 
  1871.0   1.1413119305913513 
  1872.0   1.445022384788699 
  1873.0   1.8173969562129475 
  1874.0   1.5344906707703188 
  1875.0   1.3317040256024877 
  1876.0   1.7851465924472407 
  1877.0   1.4146026455650123 
  1878.0   1.5354465282699408 
  1879.0   1.31763170983712 
  1880.0   1.013604331002162 
  1881.0   1.407875664654986 
  1882.0   1.6366439191861057 
  1883.0   1.616159159848372 
  1884.0   1.2383820412643094 
  1885.0   1.1130201657378875 
  1886.0   1.7827064702944209 
  1887.0   1.8974879039910706 
  1888.0   0.9724920084421151 
  1889.0   1.7964509095436032 
  1890.0   1.7682637780972383 
  1891.0   1.8002113572731613 
  1892.0   1.1977391284773728 
  1893.0   1.2343672174377027 
  1894.0   1.420395519060925 
  1895.0   1.273729598909088 
  1896.0   1.8517320615148694 
  1897.0   1.6556376988356682 
  1898.0   1.7227726833812913 
  1899.0   1.4761224612855819 
  1900.0   1.0282390813824942 
  1901.0   1.9792443846399872 
  1902.0   1.855321262889797 
  1903.0   1.4628461012900082 
  1904.0   1.308329885598313 
  1905.0   1.5185258213968056 
  1906.0   1.544507131985497 
  1907.0   1.422767173624657 
  1908.0   1.3069152185980415 
  1909.0   1.742467558294126 
  1910.0   1.3760155113449704 
  1911.0   1.5000905987334712 
  1912.0   2.0185986640538927 
  1913.0   2.1112311774647337 
  1914.0   1.2134032374387185 
  1915.0   1.193990851494793 
  1916.0   1.5637470389777235 
  1917.0   1.6948823964820279 
  1918.0   1.483992028639966 
  1919.0   1.215614761610183 
  1920.0   1.5828302452386998 
  1921.0   2.011319618251248 
  1922.0   1.1958783334338852 
  1923.0   1.1065573428024518 
  1924.0   1.515943118776818 
  1925.0   2.1346031024475027 
  1926.0   2.09880289303309 
  1927.0   1.5268293227217677 
  1928.0   1.3570783758789478 
  1929.0   1.2434265857373923 
  1930.0   1.7898119215684318 
  1931.0   1.4088654784571923 
  1932.0   1.0810960191051893 
  1933.0   1.419849176634672 
  1934.0   1.4105858421973936 
  1935.0   1.1994563472062376 
  1936.0   1.7881285766417707 
  1937.0   1.5148983653295038 
  1938.0   1.2668593802230839 
  1939.0   1.377031024809263 
  1940.0   1.3662014754795893 
  1941.0   1.983754048953493 
  1942.0   1.575570855869457 
  1943.0   1.3367063043416714 
  1944.0   1.4497640426889964 
  1945.0   2.309718245974051 
  1946.0   1.6235011040254164 
  1947.0   1.4288371488728016 
  1948.0   1.1793896614532504 
  1949.0   1.327245156975741 
  1950.0   1.2435806999219388 
  1951.0   1.435765957517998 
  1952.0   1.2981073078472865 
  1953.0   1.1374780654794088 
  1954.0   0.9755013956559053 
  1955.0   1.558840949160739 
  1956.0   1.7936780180099572 
  1957.0   1.4810757815068782 
  1958.0   0.8712459629151873 
  1959.0   1.1244968372355812 
  1960.0   1.318518938497028 
  1961.0   1.521089195865629 
  1962.0   1.1750304172589816 
  1963.0   1.3664527705921137 
  1964.0   1.5577246798217346 
  1965.0   1.5182734351300495 
  1966.0   1.1402507320177928 
  1967.0   1.0861893314974835 
  1968.0   1.3801374202905061 
  1969.0   1.8074288639501368 
  1970.0   1.937196585371825 
  1971.0   1.558554751534516 
  1972.0   1.017963535302765 
  1973.0   1.0574228933712764 
  1974.0   1.7147539832249363 
  1975.0   1.9073173566605957 
  1976.0   1.3926534218541002 
  1977.0   1.1594115655601327 
  1978.0   1.2687718531295733 
  1979.0   1.5515384669524148 
  1980.0   1.600747095588277 
  1981.0   1.6552857330348698 
  1982.0   1.2102864949392336 
  1983.0   1.7338355312373421 
  1984.0   1.9613426047598912 
  1985.0   1.8854565483953998 
  1986.0   1.358994308263006 
  1987.0   1.3998154708590675 
  1988.0   1.5691289278889067 
  1989.0   1.3172759110837644 
  1990.0   1.0244441486413167 
  1991.0   1.4277937932710585 
  1992.0   2.6403581366933215 
  1993.0   1.4546610417878083 
  1994.0   1.2718349263875839 
  1995.0   1.4366147765623036 
  1996.0   1.4770264350571225 
  1997.0   1.6930036130605042 
  1998.0   1.3996156557097312 
  1999.0   1.7914827168048486 
  2000.0   1.2163743076528664 
  2001.0   1.0782518367017848 
  2002.0   1.2904534181990104 
  2003.0   1.4740591922393242 
  2004.0   0.9830011801114306 
  2005.0   1.2390976321291745 
  2006.0   1.7151394185968418 
  2007.0   1.6069067718042975 
  2008.0   1.2000737110113857 
  2009.0   1.521108120183733 
  2010.0   1.372660840401735 
  2011.0   1.6561938924242836 
  2012.0   1.343424561232716 
  2013.0   1.2729628698780338 
  2014.0   2.177784950559796 
