  1850.0   2.6287671003148096 
  1851.0   2.798889412716876 
  1852.0   2.7436923305393663 
  1853.0   2.679714583906172 
  1854.0   2.79648637808856 
  1855.0   2.880755312899993 
  1856.0   2.855615686794899 
  1857.0   2.6040224201433966 
  1858.0   2.6894104500381033 
  1859.0   2.873619152537898 
  1860.0   2.774410782567423 
  1861.0   2.783320456286348 
  1862.0   2.6169329394719076 
  1863.0   2.6359093506591025 
  1864.0   2.6771571693900764 
  1865.0   2.630547143011413 
  1866.0   2.6092927186983785 
  1867.0   2.5163929825585534 
  1868.0   2.7461686483582106 
  1869.0   2.7138242791366363 
  1870.0   2.6602252489684877 
  1871.0   2.778864492460696 
  1872.0   2.8747272315362733 
  1873.0   2.740067501241763 
  1874.0   2.89659458513293 
  1875.0   2.832506147173631 
  1876.0   2.764718681678686 
  1877.0   3.0066277713239877 
  1878.0   2.515431188891657 
  1879.0   2.8478433640565686 
  1880.0   2.6436857640673037 
  1881.0   2.7695446972519417 
  1882.0   2.6293241102866696 
  1883.0   2.579390097137908 
  1884.0   2.4928058127233053 
  1885.0   2.5617630136212792 
  1886.0   2.8109154377353107 
  1887.0   2.771256962320888 
  1888.0   2.628361470239658 
  1889.0   2.771297901023845 
  1890.0   2.788451827194385 
  1891.0   2.8581183584712195 
  1892.0   2.6775424546642483 
  1893.0   2.911776253769997 
  1894.0   2.799280374828589 
  1895.0   2.837262542081697 
  1896.0   2.9048716938691452 
  1897.0   2.8790025254291547 
  1898.0   2.8288585407478535 
  1899.0   2.92584328752376 
  1900.0   2.7698282153135576 
  1901.0   2.8451562107779944 
  1902.0   2.8111022081816417 
  1903.0   2.8866923255783545 
  1904.0   2.842994450004721 
  1905.0   2.7900732045327645 
  1906.0   2.7498683342945847 
  1907.0   2.5984090792914207 
  1908.0   2.679017608699271 
  1909.0   2.5680555825892495 
  1910.0   2.5628797139128947 
  1911.0   2.6935740918254316 
  1912.0   2.5655344599056247 
  1913.0   3.0154273640247125 
  1914.0   2.8069422064882983 
  1915.0   2.752357387708146 
  1916.0   2.7594816617183016 
  1917.0   2.976202673905573 
  1918.0   2.7599656793882796 
  1919.0   3.084750683204527 
  1920.0   2.922884410149241 
  1921.0   3.0325453268429747 
  1922.0   2.969538032970406 
  1923.0   2.76608465550582 
  1924.0   2.741102807638985 
  1925.0   2.856765358323575 
  1926.0   2.9989399060412785 
  1927.0   2.95262480643968 
  1928.0   2.8466799988824545 
  1929.0   2.9931028953501 
  1930.0   2.8776807695464592 
  1931.0   2.8579321090416414 
  1932.0   2.8223788438167317 
  1933.0   2.8807029762155567 
  1934.0   2.988630323585415 
  1935.0   2.980533965661268 
  1936.0   3.030697716420662 
  1937.0   2.9746851058622643 
  1938.0   2.8149768098430186 
  1939.0   3.161160501432063 
  1940.0   2.91158132406298 
  1941.0   3.0694868877506853 
  1942.0   2.9009096246715047 
  1943.0   2.801855551283229 
  1944.0   2.9842416010533 
  1945.0   2.926881569224864 
  1946.0   2.857200281013187 
  1947.0   2.9204304020406977 
  1948.0   2.851662367899708 
  1949.0   3.03054526344789 
  1950.0   3.072969934357718 
  1951.0   2.779957039109003 
  1952.0   3.0057263113054558 
  1953.0   3.3307790139476023 
  1954.0   3.136001481657129 
  1955.0   2.8145487480752767 
  1956.0   3.100418219509151 
  1957.0   3.3452485842063973 
  1958.0   3.3656957029508945 
  1959.0   3.1288314674355244 
  1960.0   2.998483565346061 
  1961.0   3.0247926416448 
  1962.0   3.392784537076073 
  1963.0   3.3524776370379845 
  1964.0   3.0672735816701766 
  1965.0   2.808063179909332 
  1966.0   3.1199434554016534 
  1967.0   3.1425228078733536 
  1968.0   3.1070408701844303 
  1969.0   3.1796757984014556 
  1970.0   3.188570721952905 
  1971.0   3.1515621002187744 
  1972.0   3.2635636948152276 
  1973.0   3.0416841379767625 
  1974.0   3.27994665431953 
  1975.0   3.0911251202253713 
  1976.0   3.240771006113178 
  1977.0   3.04727230730085 
  1978.0   3.4064043532767116 
  1979.0   3.535530423257372 
  1980.0   3.0796349709907807 
  1981.0   3.540996915985774 
  1982.0   3.229725318714471 
  1983.0   3.290818710127767 
  1984.0   3.3911091035440415 
  1985.0   3.396910309508302 
  1986.0   3.32195402617727 
  1987.0   3.2466724332267054 
  1988.0   3.276695475496719 
  1989.0   3.429590219908557 
  1990.0   3.5029090461464882 
  1991.0   3.231183865669943 
  1992.0   3.39728018316828 
  1993.0   3.561122867901915 
  1994.0   3.4320228782638695 
  1995.0   3.2075128402172153 
  1996.0   3.3526701429142642 
  1997.0   3.2029133248561896 
  1998.0   3.2104621281436354 
  1999.0   3.7010278409050605 
  2000.0   3.4490915295701017 
  2001.0   3.457390831089123 
  2002.0   3.412145612984849 
  2003.0   3.5678678946839906 
  2004.0   3.3965818424134855 
  2005.0   3.6339407865337674 
  2006.0   3.4241561851694287 
  2007.0   3.3674659634425135 
  2008.0   3.525649082940132 
  2009.0   3.540383440846018 
  2010.0   3.1374166642413757 
  2011.0   3.7200358395764446 
  2012.0   3.7695721959561577 
  2013.0   3.50220229518432 
  2014.0   3.77576506760168 
