  1850.0   6.453605885702755e-10 
  1851.0   2.1825913592852596e-10 
  1852.0   -1.8058700915902058e-10 
  1853.0   -2.675957489164025e-10 
  1854.0   -6.355852876085399e-10 
  1855.0   4.711907341006174e-10 
  1856.0   -3.543427094751045e-10 
  1857.0   6.793443480458198e-10 
  1858.0   4.4043686344007253e-10 
  1859.0   -1.3799011456384471e-09 
  1860.0   7.203050459501189e-10 
  1861.0   1.740933450907294e-10 
  1862.0   -1.5673276272765439e-13 
  1863.0   -5.415576193701789e-10 
  1864.0   2.754547725330283e-10 
  1865.0   1.1110249632477865e-09 
  1866.0   -9.402443941227988e-10 
  1867.0   -1.9518810393211137e-10 
  1868.0   -3.310459893595982e-10 
  1869.0   -3.0281268407118017e-10 
  1870.0   -4.199339099928725e-12 
  1871.0   -3.126385503044009e-10 
  1872.0   3.3822564507141393e-10 
  1873.0   -8.6695834470488e-10 
  1874.0   4.891879191341645e-10 
  1875.0   7.724524839614084e-10 
  1876.0   -4.3463982434993774e-10 
  1877.0   1.6708722049771358e-10 
  1878.0   -6.557516581689167e-10 
  1879.0   3.7412778351401753e-10 
  1880.0   6.660450168440602e-10 
  1881.0   -1.0456291953860637e-09 
  1882.0   -4.776292064552599e-10 
  1883.0   1.409425735512041e-09 
  1884.0   3.836199974512265e-10 
  1885.0   -6.25980125590351e-10 
  1886.0   2.3393483540450855e-10 
  1887.0   -6.600266914988671e-10 
  1888.0   -1.3109326612744348e-10 
  1889.0   6.951863436204217e-10 
  1890.0   -7.672389704796613e-10 
  1891.0   1.0409948654612465e-09 
  1892.0   6.458825741615649e-10 
  1893.0   -7.618222572418732e-10 
  1894.0   -5.048095769794374e-10 
  1895.0   -3.085238455296528e-10 
  1896.0   8.408658252091387e-10 
  1897.0   -6.264957008795989e-10 
  1898.0   -1.6079036813323654e-10 
  1899.0   1.560486955235567e-09 
  1900.0   -2.879089796411497e-10 
  1901.0   4.704853389601828e-11 
  1902.0   2.0532597138893087e-09 
  1903.0   -1.3964188542004205e-09 
  1904.0   2.0866579821958527e-09 
  1905.0   7.679324301779968e-10 
  1906.0   -9.244827162808018e-10 
  1907.0   -4.703925245507374e-10 
  1908.0   -3.1905866610793913e-10 
  1909.0   -4.0557897977165117e-10 
  1910.0   8.846947983979642e-10 
  1911.0   -6.656601941885107e-10 
  1912.0   -4.571610288735785e-10 
  1913.0   7.995091719092938e-10 
  1914.0   -6.518603939547896e-10 
  1915.0   -1.8332985316001454e-11 
  1916.0   2.921030266697243e-10 
  1917.0   5.47926971594966e-11 
  1918.0   3.8681474050974726e-10 
  1919.0   4.855116237322499e-12 
  1920.0   -2.6421343897189885e-10 
  1921.0   -7.608063862056362e-11 
  1922.0   -5.232421713471799e-10 
  1923.0   9.685480328040214e-11 
  1924.0   -2.6616510414206996e-10 
  1925.0   4.150335140217711e-10 
  1926.0   -5.098337664982211e-11 
  1927.0   -4.630732567907321e-10 
  1928.0   -2.08555511543569e-10 
  1929.0   -6.21134066868925e-11 
  1930.0   5.715754936026842e-10 
  1931.0   -9.005725450354483e-10 
  1932.0   5.467481671606514e-10 
  1933.0   4.5245872457821367e-11 
  1934.0   5.423534378580293e-10 
  1935.0   -8.663939284709147e-10 
  1936.0   1.3372871703723017e-10 
  1937.0   1.4322402067685363e-10 
  1938.0   9.961183607413379e-10 
  1939.0   4.2646476864001017e-10 
  1940.0   -5.40868386811775e-10 
  1941.0   -5.950957073665572e-10 
  1942.0   6.464395842101618e-10 
  1943.0   4.737068066687354e-10 
  1944.0   -7.714753478014854e-10 
  1945.0   1.584528873337756e-09 
  1946.0   -1.1055596104645444e-09 
  1947.0   -6.150191713123049e-10 
  1948.0   -4.169323559646469e-10 
  1949.0   2.2402380813141955e-10 
  1950.0   3.2841927102123956e-10 
  1951.0   -2.7518609844376887e-10 
  1952.0   -8.208550860081419e-10 
  1953.0   6.569909020379765e-11 
  1954.0   -1.0962888012373054e-09 
  1955.0   1.363763522360134e-09 
  1956.0   7.067203543370683e-10 
  1957.0   -1.3473554114699982e-09 
  1958.0   -8.894728695754126e-10 
  1959.0   -6.026176955921815e-10 
  1960.0   -1.6010690554361937e-10 
  1961.0   -9.594131857443407e-10 
  1962.0   5.025447982734499e-10 
  1963.0   -2.4769734783914505e-11 
  1964.0   8.886623041104863e-11 
  1965.0   1.3423269764158457e-09 
  1966.0   -1.3291042002252686e-09 
  1967.0   3.3342106670862403e-10 
  1968.0   3.734449832186267e-10 
  1969.0   -4.51867910056033e-10 
  1970.0   8.387845363685782e-10 
  1971.0   8.213596729011698e-10 
  1972.0   1.163809909930677e-09 
  1973.0   5.406575774795616e-10 
  1974.0   5.447901952097997e-10 
  1975.0   1.2481179254468208e-09 
  1976.0   2.4531426496362166e-10 
  1977.0   -7.322996053395866e-10 
  1978.0   -1.8746155669120105e-10 
  1979.0   3.461852617543247e-10 
  1980.0   8.370356927006433e-11 
  1981.0   -2.7342235021772645e-11 
  1982.0   2.478177608442158e-10 
  1983.0   8.135312227755691e-10 
  1984.0   -4.916868778866972e-10 
  1985.0   8.743320828347842e-10 
  1986.0   4.481561929371757e-10 
  1987.0   1.493705256067446e-10 
  1988.0   8.788692938237156e-10 
  1989.0   -3.2145383542041096e-10 
  1990.0   -4.626561361166691e-10 
  1991.0   6.02356533436139e-10 
  1992.0   1.1146315123140899e-09 
  1993.0   2.1944377472872457e-09 
  1994.0   -8.31882644317018e-11 
  1995.0   1.3916878107659825e-10 
  1996.0   3.9754236157375384e-11 
  1997.0   -1.821646484126927e-11 
  1998.0   -3.5689964953275697e-10 
  1999.0   -1.0923638848505968e-10 
  2000.0   3.179294659965649e-10 
  2001.0   7.769057716606888e-10 
  2002.0   2.355529216233752e-09 
  2003.0   -4.4117204412090393e-10 
  2004.0   -1.0607755982907909e-09 
  2005.0   5.211118601134588e-10 
  2006.0   4.905686766246396e-10 
  2007.0   -2.2746290589314542e-10 
  2008.0   -2.545300046255433e-10 
  2009.0   -6.668590927389694e-10 
  2010.0   -8.193967866277372e-11 
  2011.0   -1.9333480558301064e-10 
  2012.0   6.169870640003142e-10 
  2013.0   -2.903972123090474e-10 
  2014.0   6.500363111225024e-10 
