  1850.0   5.073393484623252 
  1851.0   4.672194702464595 
  1852.0   4.522371863633318 
  1853.0   4.28183524476653 
  1854.0   4.723593494687236 
  1855.0   5.061706286461548 
  1856.0   4.050822517124858 
  1857.0   4.560922640258579 
  1858.0   5.638988341202729 
  1859.0   4.653336618242572 
  1860.0   4.392027385717872 
  1861.0   3.761908198015188 
  1862.0   5.28935827836154 
  1863.0   4.974710565083802 
  1864.0   4.690811501384211 
  1865.0   4.423618377607429 
  1866.0   3.9944682771841116 
  1867.0   4.328364529327961 
  1868.0   5.020047482033974 
  1869.0   5.332253118630127 
  1870.0   4.170900670855436 
  1871.0   3.604973754417157 
  1872.0   4.763108467233384 
  1873.0   4.374085227393183 
  1874.0   4.073100301663682 
  1875.0   5.095465170260204 
  1876.0   4.578511536815728 
  1877.0   4.449091075393107 
  1878.0   4.954782307121712 
  1879.0   5.624654406188945 
  1880.0   4.536499463237422 
  1881.0   4.504749632203673 
  1882.0   4.4755694789620195 
  1883.0   5.187399090041515 
  1884.0   5.363266486536704 
  1885.0   5.016132856504795 
  1886.0   5.199204238032712 
  1887.0   5.216114309887165 
  1888.0   5.322351826364116 
  1889.0   5.617144999627599 
  1890.0   5.2581572165784225 
  1891.0   4.323874176368188 
  1892.0   4.379275612142191 
  1893.0   5.384473489710294 
  1894.0   5.563993689493854 
  1895.0   4.943469610172848 
  1896.0   5.0694162963954845 
  1897.0   5.3290737409656455 
  1898.0   5.385916095794622 
  1899.0   4.232436647544972 
  1900.0   4.4323177494011885 
  1901.0   4.375691152591533 
  1902.0   5.20720577891605 
  1903.0   4.3316999949600135 
  1904.0   4.293240212149409 
  1905.0   4.7715360536012055 
  1906.0   4.5853739001917555 
  1907.0   4.896289351158883 
  1908.0   4.867400644346032 
  1909.0   4.96268966927601 
  1910.0   5.061433830645299 
  1911.0   5.559870704060232 
  1912.0   5.195742093044613 
  1913.0   4.770511447708209 
  1914.0   5.398231112586987 
  1915.0   4.594757470648057 
  1916.0   4.390859834455278 
  1917.0   4.774329517108412 
  1918.0   4.741405922544528 
  1919.0   4.8610439130870775 
  1920.0   4.104905431699854 
  1921.0   4.108197295420148 
  1922.0   4.907204044796098 
  1923.0   5.120208128360897 
  1924.0   4.175242351583999 
  1925.0   5.47378284326717 
  1926.0   5.014654347500633 
  1927.0   5.318841050373213 
  1928.0   5.5533577760053445 
  1929.0   4.479763975411318 
  1930.0   4.920464674237813 
  1931.0   5.0896438315458825 
  1932.0   5.027904981116796 
  1933.0   4.044223878412914 
  1934.0   3.657907315413489 
  1935.0   4.461142661673253 
  1936.0   5.558483252165682 
  1937.0   4.528542980784161 
  1938.0   4.3197937442296634 
  1939.0   5.632139033396076 
  1940.0   5.403125904881403 
  1941.0   5.089884960263885 
  1942.0   3.760794577290018 
  1943.0   4.478912024946217 
  1944.0   4.908396431767004 
  1945.0   4.982586540586784 
  1946.0   4.864445454486534 
  1947.0   4.316843218195743 
  1948.0   4.4557516060139974 
  1949.0   4.623085238349895 
  1950.0   5.68286137822651 
  1951.0   4.130700034504534 
  1952.0   3.690179690354247 
  1953.0   4.921902957306192 
  1954.0   5.674456296489754 
  1955.0   5.569887176350294 
  1956.0   4.842612870139308 
  1957.0   4.684415653981266 
  1958.0   4.8333531140227475 
  1959.0   5.7832693733947975 
  1960.0   5.649779942176578 
  1961.0   4.491854350042628 
  1962.0   4.793559026298915 
  1963.0   4.3608849731689325 
  1964.0   4.832901162059572 
  1965.0   3.999601381252551 
  1966.0   4.810243720163445 
  1967.0   5.0489508762699735 
  1968.0   4.3607156818342565 
  1969.0   4.510659781958789 
  1970.0   4.867873989288786 
  1971.0   5.2743852904482305 
  1972.0   4.729400452495701 
  1973.0   4.598471571219799 
  1974.0   5.644945062246664 
  1975.0   5.490348262417167 
  1976.0   5.230722772804793 
  1977.0   5.09554962603172 
  1978.0   4.999015844764814 
  1979.0   4.72420914810027 
  1980.0   3.856183576163515 
  1981.0   4.454395914577941 
  1982.0   6.29339048268872 
  1983.0   6.19113177077088 
  1984.0   5.768997186130874 
  1985.0   6.7643334979910845 
  1986.0   5.884800248222571 
  1987.0   5.434673926020433 
  1988.0   4.535595431803337 
  1989.0   4.2749450518620575 
  1990.0   5.538602468127162 
  1991.0   5.765259217768889 
  1992.0   5.635965512635201 
  1993.0   4.577084191695093 
  1994.0   4.544852926806019 
  1995.0   4.188250858107481 
  1996.0   4.189677785603141 
  1997.0   4.7353589013679 
  1998.0   6.131115114688106 
  1999.0   5.94400407516104 
  2000.0   4.504650795148703 
  2001.0   5.406416841910386 
  2002.0   5.8667231459031735 
  2003.0   6.085472667766189 
  2004.0   5.968248975863986 
  2005.0   4.954220077674991 
  2006.0   4.756084262368493 
  2007.0   6.370878130638135 
  2008.0   7.248153642305674 
  2009.0   5.0861736481365805 
  2010.0   4.0428129849150505 
  2011.0   6.338566429794434 
  2012.0   5.698915169650376 
  2013.0   5.5306136154613 
  2014.0   5.493920929448012 
