  1850.0   295.98356926978636 
  1851.0   296.5059229712388 
  1852.0   296.02311715748135 
  1853.0   296.2527734432641 
  1854.0   295.72368060521666 
  1855.0   296.2923173910791 
  1856.0   295.97487485259654 
  1857.0   295.96483424558005 
  1858.0   295.96098502072726 
  1859.0   295.9696887065314 
  1860.0   296.33350285539564 
  1861.0   296.5846658871867 
  1862.0   295.8767184641848 
  1863.0   295.9878645262994 
  1864.0   296.15671609932355 
  1865.0   296.01246232659105 
  1866.0   295.5432450574638 
  1867.0   295.67092995618907 
  1868.0   296.2925832173598 
  1869.0   296.07724799469696 
  1870.0   295.7144545463344 
  1871.0   296.0103058579156 
  1872.0   296.7307346150926 
  1873.0   295.8188880663224 
  1874.0   295.8140480540193 
  1875.0   295.90893767738254 
  1876.0   296.1195788847704 
  1877.0   296.0216132766953 
  1878.0   296.11611188400786 
  1879.0   295.7927822122417 
  1880.0   296.0781624610288 
  1881.0   295.92339039705746 
  1882.0   296.59876979311144 
  1883.0   296.33215544389714 
  1884.0   295.7878480043224 
  1885.0   295.7231073231558 
  1886.0   295.61518134369663 
  1887.0   295.7295538718842 
  1888.0   295.44519482365934 
  1889.0   295.6616412024177 
  1890.0   295.8593018106072 
  1891.0   295.4177690379446 
  1892.0   296.8927552904253 
  1893.0   296.16403320527155 
  1894.0   295.8410441064202 
  1895.0   295.7800154934159 
  1896.0   295.8967679886659 
  1897.0   296.31049535144433 
  1898.0   295.8059812647534 
  1899.0   296.1485157220795 
  1900.0   296.0634996232706 
  1901.0   295.98222937173324 
  1902.0   296.57849264712496 
  1903.0   296.04621013357325 
  1904.0   296.1564334471431 
  1905.0   295.80835277822104 
  1906.0   296.1934390292218 
  1907.0   296.09665236811526 
  1908.0   296.04323590122726 
  1909.0   295.85101655930566 
  1910.0   295.8381358897227 
  1911.0   296.8392461961677 
  1912.0   296.8306745480575 
  1913.0   296.1169987290574 
  1914.0   295.90822729215074 
  1915.0   296.30730684153065 
  1916.0   296.0043061939736 
  1917.0   296.64470121220165 
  1918.0   296.15717094398775 
  1919.0   295.46330245971865 
  1920.0   296.5584889222432 
  1921.0   296.6033236932359 
  1922.0   295.9406647199862 
  1923.0   295.852284344715 
  1924.0   295.9572576877118 
  1925.0   295.53177981495554 
  1926.0   296.02709160767296 
  1927.0   296.531316588488 
  1928.0   296.53882280580046 
  1929.0   296.3492384202227 
  1930.0   296.2027393197586 
  1931.0   296.2671199893277 
  1932.0   295.72551128547354 
  1933.0   296.24790885868475 
  1934.0   295.700953581366 
  1935.0   296.7495105851393 
  1936.0   296.9636762338401 
  1937.0   296.18517552441085 
  1938.0   296.555016307498 
  1939.0   296.1521763229084 
  1940.0   296.74176346076143 
  1941.0   296.72223777162424 
  1942.0   296.27981508964 
  1943.0   296.157945102898 
  1944.0   296.7035251449832 
  1945.0   296.0712491564267 
  1946.0   296.3120307068918 
  1947.0   296.45018295985153 
  1948.0   296.40678906185224 
  1949.0   296.25110899802536 
  1950.0   296.5189574089727 
  1951.0   296.1807218336553 
  1952.0   296.66592774199074 
  1953.0   296.53620052819986 
  1954.0   296.22277768351506 
  1955.0   295.897252858568 
  1956.0   296.51718200296574 
  1957.0   296.4468314749894 
  1958.0   295.9595911815894 
  1959.0   296.69657162379 
  1960.0   296.4026481069852 
  1961.0   297.45459508867185 
  1962.0   296.11107860382015 
  1963.0   295.97095896174324 
  1964.0   296.20966514977493 
  1965.0   296.04420109813884 
  1966.0   296.61136080222195 
  1967.0   296.7449581875284 
  1968.0   296.04920178184733 
  1969.0   296.01880611751363 
  1970.0   296.0349227502019 
  1971.0   295.5777891950149 
  1972.0   295.8750665192168 
  1973.0   296.92107878243445 
  1974.0   296.0849886681093 
  1975.0   296.15968134851545 
  1976.0   296.87779396454647 
  1977.0   296.0707440632019 
  1978.0   296.04390274400663 
  1979.0   296.5792753465673 
  1980.0   296.4803210182844 
  1981.0   296.8643927114765 
  1982.0   296.2110844349677 
  1983.0   296.0985144197798 
  1984.0   296.6734809438408 
  1985.0   296.7775491321043 
  1986.0   296.59904494534413 
  1987.0   296.72095520928167 
  1988.0   296.31734594798354 
  1989.0   296.85325020052574 
  1990.0   296.8573575466406 
  1991.0   297.59014999548435 
  1992.0   296.8063244586307 
  1993.0   296.21836383600674 
  1994.0   296.12100463188796 
  1995.0   296.4698666792295 
  1996.0   296.62267129574724 
  1997.0   296.8600735752851 
  1998.0   296.8870034206508 
  1999.0   296.56079397100893 
  2000.0   296.4041604464105 
  2001.0   297.32055413364066 
  2002.0   297.0284350645131 
  2003.0   296.8886599219505 
  2004.0   297.0380900309551 
  2005.0   297.19426726190085 
  2006.0   296.60922186398864 
  2007.0   296.8559572199769 
  2008.0   297.27252113061314 
  2009.0   297.00439121788384 
  2010.0   297.43557741048795 
  2011.0   296.8542183066939 
  2012.0   296.9300686226274 
  2013.0   297.62465394668567 
  2014.0   297.42168070056357 
