  1850.0   1.3250478079157928 
  1851.0   2.257625113969732 
  1852.0   1.7303353602300828 
  1853.0   0.9724886179963856 
  1854.0   1.7871977597389193 
  1855.0   1.9668691775526306 
  1856.0   1.3821508467110741 
  1857.0   1.5021443944183337 
  1858.0   1.3120920671351834 
  1859.0   1.3201990291607721 
  1860.0   1.2255566731286054 
  1861.0   1.647275976834042 
  1862.0   1.3978121836437014 
  1863.0   1.464536799037561 
  1864.0   1.5936900431915861 
  1865.0   1.1076947690848902 
  1866.0   1.1836583009433344 
  1867.0   1.441736517309398 
  1868.0   1.6476952557685844 
  1869.0   1.7488657898754685 
  1870.0   1.570871827373007 
  1871.0   1.083843915640032 
  1872.0   1.2556195863366602 
  1873.0   1.741326619537341 
  1874.0   1.6392561635621083 
  1875.0   1.175437504027441 
  1876.0   1.694205979227581 
  1877.0   1.3723237875276433 
  1878.0   1.515359939732282 
  1879.0   1.391852568527309 
  1880.0   1.0173381065783837 
  1881.0   1.2353440503008781 
  1882.0   1.578826442900124 
  1883.0   1.7146637596589653 
  1884.0   1.2559331905865192 
  1885.0   1.1286182290122306 
  1886.0   1.832911477868244 
  1887.0   1.9193705332624964 
  1888.0   0.9613314044326013 
  1889.0   1.645762146595041 
  1890.0   1.7913012992991129 
  1891.0   1.7705970410303087 
  1892.0   1.2267168402318585 
  1893.0   1.0815826723740463 
  1894.0   1.2029133261627696 
  1895.0   1.1654893329594926 
  1896.0   1.5725385240095702 
  1897.0   1.6582951811769822 
  1898.0   2.149500491257803 
  1899.0   1.358170844128144 
  1900.0   1.0574005197161844 
  1901.0   1.803569324228193 
  1902.0   2.128458629134125 
  1903.0   1.514910354593918 
  1904.0   1.1719607822674412 
  1905.0   1.1930693610931882 
  1906.0   1.8688247823500335 
  1907.0   1.5295392849689033 
  1908.0   1.371740603773192 
  1909.0   1.6185067052586792 
  1910.0   1.2142621868233567 
  1911.0   1.329335051287043 
  1912.0   1.9258565732855912 
  1913.0   2.187818106108664 
  1914.0   1.2282465086474694 
  1915.0   1.1666743679689235 
  1916.0   1.5251930387385901 
  1917.0   1.589267421136356 
  1918.0   1.4796682293638954 
  1919.0   1.0735733715186173 
  1920.0   1.465814349811658 
  1921.0   2.144858000953202 
  1922.0   1.260888514255257 
  1923.0   0.9027569059278332 
  1924.0   1.3496881046502023 
  1925.0   2.00626607850626 
  1926.0   2.276066128131535 
  1927.0   1.506465074249896 
  1928.0   1.199309445287656 
  1929.0   1.1836849552235327 
  1930.0   1.566633108581476 
  1931.0   1.3813574895263927 
  1932.0   0.8845267313085275 
  1933.0   1.2604644226889483 
  1934.0   1.308862137009975 
  1935.0   1.03741799847313 
  1936.0   1.6290568454044316 
  1937.0   1.3817708510309805 
  1938.0   1.0941523244430924 
  1939.0   1.1782280451418279 
  1940.0   1.0947046350909095 
  1941.0   1.674672183291769 
  1942.0   1.8010768880417591 
  1943.0   1.2010308643296623 
  1944.0   1.3911867745295279 
  1945.0   1.9265585349604926 
  1946.0   1.9794371897133414 
  1947.0   1.258417772955381 
  1948.0   1.0482703423074775 
  1949.0   1.2219976059324948 
  1950.0   0.9894555239305485 
  1951.0   1.1496487334989323 
  1952.0   1.199618285415786 
  1953.0   0.8293019783982862 
  1954.0   0.8183226020250733 
  1955.0   1.2390740149147395 
  1956.0   1.643620383949871 
  1957.0   1.453239041007995 
  1958.0   0.7944595446627165 
  1959.0   0.8687929019681426 
  1960.0   0.896946931491937 
  1961.0   1.2505093120114632 
  1962.0   0.9374367087249247 
  1963.0   1.0506229988284914 
  1964.0   1.3791344289189633 
  1965.0   1.4461279940200682 
  1966.0   0.9447146584573988 
  1967.0   0.8765262247320978 
  1968.0   1.0957258156651446 
  1969.0   1.492544579445542 
  1970.0   1.697279187437098 
  1971.0   1.510190567687748 
  1972.0   0.8498443496072571 
  1973.0   0.7899836294434542 
  1974.0   1.4082313116533691 
  1975.0   1.8263100930888474 
  1976.0   1.3612380651311244 
  1977.0   1.0589967741656914 
  1978.0   1.0704252229712796 
  1979.0   1.3456036795022732 
  1980.0   1.4994350908094596 
  1981.0   1.601155753417221 
  1982.0   1.1629576527680565 
  1983.0   1.5782360841389174 
  1984.0   1.6944431785951743 
  1985.0   2.0128260174249775 
  1986.0   1.315798661502099 
  1987.0   1.266944394467266 
  1988.0   1.4342302366658037 
  1989.0   1.2978660066377277 
  1990.0   0.8821650176832301 
  1991.0   1.3273248456002602 
  1992.0   2.4175838806869514 
  1993.0   1.6256525512261493 
  1994.0   1.1814262414958656 
  1995.0   1.3342528779662957 
  1996.0   1.3279206836763124 
  1997.0   1.6310298784764488 
  1998.0   1.325245213151345 
  1999.0   1.6448452309846846 
  2000.0   1.149858370942235 
  2001.0   0.9871258006312801 
  2002.0   1.3651182562549824 
  2003.0   1.4799783218167522 
  2004.0   0.9821192037113725 
  2005.0   1.1229799165677674 
  2006.0   1.6317304814357452 
  2007.0   1.8657385029028173 
  2008.0   1.2260458055444927 
  2009.0   1.4783794846813187 
  2010.0   1.418212338144669 
  2011.0   1.6164204684961478 
  2012.0   1.511996093206995 
  2013.0   1.3405965690324544 
  2014.0   2.2964717204032623 
