  1850.0   1.2603059318512266 
  1851.0   1.8130796360944927 
  1852.0   1.920261497145334 
  1853.0   1.6833680268601723 
  1854.0   1.5229703037723061 
  1855.0   1.5984378465695626 
  1856.0   1.3726098284252959 
  1857.0   1.3088438742051558 
  1858.0   1.720158895760587 
  1859.0   1.3445677511351553 
  1860.0   1.6815779956551318 
  1861.0   1.972240560093318 
  1862.0   1.9558788343004234 
  1863.0   1.676444079800098 
  1864.0   1.486591960577413 
  1865.0   1.1535385974910406 
  1866.0   1.6760347314865596 
  1867.0   1.1331411301760068 
  1868.0   1.246401576335958 
  1869.0   1.3619444177748867 
  1870.0   1.3845916522953807 
  1871.0   1.3881630295119614 
  1872.0   1.6794282048821487 
  1873.0   1.5193721064308394 
  1874.0   1.4129035488211639 
  1875.0   1.6253980107204187 
  1876.0   1.7338558251339506 
  1877.0   1.4333255154003157 
  1878.0   1.383844986190916 
  1879.0   1.2496673436628485 
  1880.0   1.866310430265445 
  1881.0   1.9369817377612597 
  1882.0   1.5269696018486854 
  1883.0   0.9564099250038294 
  1884.0   1.4116888258315776 
  1885.0   1.2337071742788643 
  1886.0   1.6432233524141706 
  1887.0   1.418247265545529 
  1888.0   1.878705107398194 
  1889.0   1.928940982418942 
  1890.0   1.4549345947407988 
  1891.0   1.5277299693896218 
  1892.0   1.885035016975544 
  1893.0   1.6180376172348048 
  1894.0   1.3609667658153553 
  1895.0   1.4970787438156021 
  1896.0   1.341014696891729 
  1897.0   1.5796423286995247 
  1898.0   1.2393065429401386 
  1899.0   1.3840277784534993 
  1900.0   1.353755715718166 
  1901.0   1.3513542294306677 
  1902.0   1.823545493594852 
  1903.0   1.415590590790228 
  1904.0   1.3330782647256187 
  1905.0   1.69661390151904 
  1906.0   1.2995038516575121 
  1907.0   1.4654668639710562 
  1908.0   1.6647287765921774 
  1909.0   1.400909195370683 
  1910.0   1.3179481742535388 
  1911.0   1.3795369097369317 
  1912.0   1.5192203153733175 
  1913.0   1.4678140268563102 
  1914.0   1.335872091182527 
  1915.0   1.4395104900117166 
  1916.0   1.636671256526329 
  1917.0   1.5730969288563785 
  1918.0   1.4551454192063906 
  1919.0   1.6210207876506575 
  1920.0   1.5529598841269365 
  1921.0   1.506773875211073 
  1922.0   1.5109750346127566 
  1923.0   1.7202689918911704 
  1924.0   1.2091955741971578 
  1925.0   1.733575664255041 
  1926.0   1.6206311006224865 
  1927.0   1.6308769648220411 
  1928.0   1.3901523921434027 
  1929.0   1.8126238040654172 
  1930.0   1.6771080976150965 
  1931.0   1.186099152460103 
  1932.0   1.4634761454681255 
  1933.0   1.6493986963682277 
  1934.0   1.7413730401944163 
  1935.0   1.293496265322947 
  1936.0   1.4860043865926733 
  1937.0   1.750503760234394 
  1938.0   1.5205542551224882 
  1939.0   1.6018791096396925 
  1940.0   1.8278286000860455 
  1941.0   1.624442598404579 
  1942.0   1.6351374444808402 
  1943.0   1.4035610417479167 
  1944.0   1.2678466764513103 
  1945.0   1.8623487269121763 
  1946.0   1.5594967870006087 
  1947.0   2.0173241693548123 
  1948.0   1.6924237833570286 
  1949.0   1.3652048617688883 
  1950.0   1.4174694653807507 
  1951.0   1.4911285137668242 
  1952.0   1.2614489108532958 
  1953.0   1.5826706973408742 
  1954.0   1.508106558809564 
  1955.0   1.298427966356526 
  1956.0   1.4635563542645478 
  1957.0   1.423780067250633 
  1958.0   1.515521391800464 
  1959.0   2.190880092635741 
  1960.0   2.1413356922683144 
  1961.0   1.6451027428018048 
  1962.0   1.7123122961040655 
  1963.0   1.3000986087565953 
  1964.0   1.3284666689575864 
  1965.0   1.8536947690191004 
  1966.0   1.458617524908505 
  1967.0   1.3677606188634075 
  1968.0   1.2183099234482848 
  1969.0   2.0527494270402493 
  1970.0   1.778360592265445 
  1971.0   1.7068566147528441 
  1972.0   1.5930256351763665 
  1973.0   1.0702687932279586 
  1974.0   1.4273997291300717 
  1975.0   2.0958617612197505 
  1976.0   1.65948553495288 
  1977.0   1.7321896582616192 
  1978.0   1.6339744978106352 
  1979.0   1.6457055411533235 
  1980.0   1.7299907466557276 
  1981.0   1.1505805754239267 
  1982.0   1.4417076469376935 
  1983.0   2.114099977129765 
  1984.0   1.6732942970299407 
  1985.0   1.5504119317448222 
  1986.0   2.0529367615779073 
  1987.0   2.0740177418206693 
  1988.0   1.726949792820789 
  1989.0   1.5881004825777003 
  1990.0   2.2772386681104977 
  1991.0   2.022040700178039 
  1992.0   1.5540237310959877 
  1993.0   1.3691970893620893 
  1994.0   2.10095704371049 
  1995.0   1.8921497613157414 
  1996.0   1.6770716313207445 
  1997.0   1.7971794525474134 
  1998.0   2.1085795447857922 
  1999.0   1.9470220348486318 
  2000.0   1.5668591236891485 
  2001.0   1.5096396277422268 
  2002.0   1.9084971945391056 
  2003.0   1.7535807034301463 
  2004.0   1.5812551703061906 
  2005.0   2.3130697118218144 
  2006.0   2.0257308373915057 
  2007.0   2.0827900002888606 
  2008.0   1.7712948112050708 
  2009.0   2.2300665343023867 
  2010.0   2.100537201117654 
  2011.0   1.7134984891154739 
  2012.0   1.3709435767930562 
  2013.0   2.1615612321341926 
  2014.0   2.409798556305432 
