  1850.0   0.7101540837460567 
  1851.0   0.680117260892055 
  1852.0   0.713035669256468 
  1853.0   0.7356468563656483 
  1854.0   0.7449082501977632 
  1855.0   0.7558567791140716 
  1856.0   0.7752230112393886 
  1857.0   0.7746979946025012 
  1858.0   0.8859178424395286 
  1859.0   0.8486194830144272 
  1860.0   0.8601822927077012 
  1861.0   0.8408729413615873 
  1862.0   0.8373420044011641 
  1863.0   0.8804069078690658 
  1864.0   0.7821527757490346 
  1865.0   0.7072015337066271 
  1866.0   0.6274319524050597 
  1867.0   0.7185157363737205 
  1868.0   0.7717244722141074 
  1869.0   0.8337151468100819 
  1870.0   0.888430989670709 
  1871.0   0.9118483292249248 
  1872.0   0.922828696904327 
  1873.0   0.917047614375095 
  1874.0   0.8462469435541212 
  1875.0   0.8132149735317735 
  1876.0   0.7753360210555267 
  1877.0   0.7097101493912046 
  1878.0   0.7943673813094245 
  1879.0   0.8092878745467397 
  1880.0   0.8431633145683174 
  1881.0   0.7660377301328133 
  1882.0   0.7502342762820294 
  1883.0   0.7694807028803149 
  1884.0   0.8066854280022092 
  1885.0   0.8678922548739647 
  1886.0   0.8799673267595164 
  1887.0   0.8524906274115183 
  1888.0   0.8084584048541719 
  1889.0   0.8203601599802995 
  1890.0   0.7965451286895486 
  1891.0   0.8508170424657165 
  1892.0   0.8646755081734482 
  1893.0   0.8072418486750825 
  1894.0   0.8418197529711094 
  1895.0   0.833373342059555 
  1896.0   0.8429800369257597 
  1897.0   0.8353246770097114 
  1898.0   0.8087376215574074 
  1899.0   0.7740442510244607 
  1900.0   0.797433501029334 
  1901.0   0.7929101881072046 
  1902.0   0.8066718741546628 
  1903.0   0.8020141276905435 
  1904.0   0.8019320652967397 
  1905.0   0.832084900917679 
  1906.0   0.836068054360131 
  1907.0   0.8384546392757738 
  1908.0   0.8355755284558035 
  1909.0   0.8233595283829057 
  1910.0   0.8246244885635482 
  1911.0   0.7330873046429672 
  1912.0   0.6995410992429705 
  1913.0   0.7159282136186416 
  1914.0   0.7181444198477703 
  1915.0   0.739882252646407 
  1916.0   0.7856221457639092 
  1917.0   0.8469622561544617 
  1918.0   0.7867475112648974 
  1919.0   0.7991585450432894 
  1920.0   0.7076461252023006 
  1921.0   0.7267852291570508 
  1922.0   0.8112338641010268 
  1923.0   0.8336394863237605 
  1924.0   0.8895801173031143 
  1925.0   0.9231718540434065 
  1926.0   0.8915340677000517 
  1927.0   0.9361762276457352 
  1928.0   0.8395501161590196 
  1929.0   0.846543940553727 
  1930.0   0.7943476684267734 
  1931.0   0.6500375077268381 
  1932.0   0.6893410600497466 
  1933.0   0.7583421696195477 
  1934.0   0.7929951344780339 
  1935.0   0.7673979220978591 
  1936.0   0.7657441576870742 
  1937.0   0.8224979040667575 
  1938.0   0.8315614475146735 
  1939.0   0.8346990674396251 
  1940.0   0.7399436034215899 
  1941.0   0.7483552719272079 
  1942.0   0.6964158894548803 
  1943.0   0.7822678617507335 
  1944.0   0.8665960191010372 
  1945.0   0.8505491858225611 
  1946.0   0.8686801267013317 
  1947.0   0.7889866102131814 
  1948.0   0.8016750912796482 
  1949.0   0.766939426420732 
  1950.0   0.8511084049250821 
  1951.0   0.8320912286527736 
  1952.0   0.8386352776818432 
  1953.0   0.7827524811033928 
  1954.0   0.8072976320977426 
  1955.0   0.7653407203664268 
  1956.0   0.8371881830339429 
  1957.0   0.8612230933274688 
  1958.0   0.8643708492131231 
  1959.0   0.870641858581795 
  1960.0   0.8030595642055421 
  1961.0   0.7876845263083153 
  1962.0   0.7727783945882462 
  1963.0   0.8070285008010455 
  1964.0   0.8068376856731027 
  1965.0   0.8194304455918907 
  1966.0   0.8364060885136673 
  1967.0   0.8534126508619082 
  1968.0   0.9310953680060712 
  1969.0   0.9653470916539358 
  1970.0   0.9433148368364022 
  1971.0   0.9535237533529125 
  1972.0   0.9323782483384037 
  1973.0   0.9171055397637888 
  1974.0   0.8873347314982072 
  1975.0   0.8129281208890944 
  1976.0   0.8377640683666705 
  1977.0   0.7852102186880834 
  1978.0   0.8261153661051736 
  1979.0   0.840292413827873 
  1980.0   0.8395498893764192 
  1981.0   0.8818276674142861 
  1982.0   0.8840604272611078 
  1983.0   0.9448525576893249 
  1984.0   0.961908624772498 
  1985.0   0.9639392075813682 
  1986.0   0.9612714678912266 
  1987.0   0.9920261683706868 
  1988.0   1.0173609884807175 
  1989.0   0.995041553973672 
  1990.0   0.9542824717306275 
  1991.0   0.9020590308087709 
  1992.0   0.9025097222062063 
  1993.0   0.9691935929549453 
  1994.0   0.8601186219499168 
  1995.0   0.8719598409857382 
  1996.0   0.8030723705709788 
  1997.0   0.841063863495555 
  1998.0   0.9180922365436648 
  1999.0   0.9838357763679341 
  2000.0   1.0476698042336556 
  2001.0   1.0572986973921925 
  2002.0   1.0280475989518707 
  2003.0   0.9525787848512101 
  2004.0   0.9407751001525412 
  2005.0   0.9563742952609987 
  2006.0   0.9667091378394993 
  2007.0   1.0203891381700665 
  2008.0   1.0746958417351495 
  2009.0   1.0827730638990447 
  2010.0   1.070672421762338 
  2011.0   1.1020649414037795 
  2012.0   1.126510242333176 
  2013.0   0.9653759230811663 
  2014.0   0.9382050917579418 
