  1850.0   3.364022100776155e-10 
  1851.0   2.600824572409764e-10 
  1852.0   -1.83023792198342e-09 
  1853.0   -2.672844163376432e-10 
  1854.0   5.123577530849445e-10 
  1855.0   1.4398074637212774e-09 
  1856.0   -7.263991886263384e-10 
  1857.0   -8.578077590750332e-10 
  1858.0   -2.5307916136973236e-10 
  1859.0   3.783361195572254e-10 
  1860.0   5.97810410607832e-10 
  1861.0   -7.170774348889112e-10 
  1862.0   -1.6154480715845225e-09 
  1863.0   4.813579398914656e-10 
  1864.0   -1.1955076482466929e-09 
  1865.0   1.152204707253342e-09 
  1866.0   5.836221841695855e-10 
  1867.0   4.3144512198078304e-11 
  1868.0   -2.526937277927271e-10 
  1869.0   4.4549912764893884e-10 
  1870.0   1.5707843363606118e-09 
  1871.0   2.87474248649172e-10 
  1872.0   -3.3062690811373415e-10 
  1873.0   2.4511063854682627e-10 
  1874.0   5.39082965666937e-10 
  1875.0   -5.031932934708887e-10 
  1876.0   9.452892356831723e-10 
  1877.0   -1.2566249665820047e-09 
  1878.0   -2.705000029010666e-10 
  1879.0   -3.3324148416754784e-10 
  1880.0   1.6295933502735368e-09 
  1881.0   -5.155295242273248e-10 
  1882.0   -4.1001739056612433e-10 
  1883.0   1.8849336655030003e-10 
  1884.0   4.995555224000176e-10 
  1885.0   -1.3464479587064616e-10 
  1886.0   1.3384934710193646e-11 
  1887.0   -1.692027660531225e-10 
  1888.0   -1.191007186367789e-09 
  1889.0   -5.07130819186538e-10 
  1890.0   3.221615895848005e-10 
  1891.0   -1.980411422190393e-09 
  1892.0   -4.159830479400989e-10 
  1893.0   1.0723877338379454e-09 
  1894.0   2.065722430835662e-12 
  1895.0   -4.540692469085143e-11 
  1896.0   -9.537156165255429e-11 
  1897.0   -1.0385268532804818e-09 
  1898.0   3.6074784092414253e-10 
  1899.0   7.270876753841877e-10 
  1900.0   -2.454064396396705e-10 
  1901.0   5.772393098190198e-10 
  1902.0   1.0682232749338343e-09 
  1903.0   -1.1230058247018547e-09 
  1904.0   6.065477274943368e-10 
  1905.0   2.3220159122149208e-11 
  1906.0   6.068532453494152e-10 
  1907.0   -1.2168228815723551e-09 
  1908.0   -5.866799360180612e-10 
  1909.0   9.9199169241767e-10 
  1910.0   -1.7737743768579091e-10 
  1911.0   3.6037015302843175e-10 
  1912.0   3.920204640318538e-11 
  1913.0   -2.537107494365136e-10 
  1914.0   -9.610572642790607e-10 
  1915.0   -3.491882683731649e-10 
  1916.0   4.097282967604595e-10 
  1917.0   2.3900373572912506e-10 
  1918.0   -5.209284906872479e-10 
  1919.0   7.908126912424329e-10 
  1920.0   1.785886842311227e-10 
  1921.0   6.678640141513779e-10 
  1922.0   1.0426736665715404e-09 
  1923.0   -5.605952754891567e-10 
  1924.0   -2.664692214790923e-10 
  1925.0   2.3414598667642556e-10 
  1926.0   -1.1501327955983047e-09 
  1927.0   7.593084227969608e-10 
  1928.0   -9.135215295146725e-10 
  1929.0   -1.5986670296353044e-10 
  1930.0   -3.250466892518534e-10 
  1931.0   8.461432540043501e-10 
  1932.0   3.915562182542772e-10 
  1933.0   -2.0402644199507879e-10 
  1934.0   -6.119973671075328e-12 
  1935.0   9.84828213003651e-10 
  1936.0   -3.4516257392622043e-10 
  1937.0   1.141548207315259e-09 
  1938.0   1.022902029994723e-09 
  1939.0   6.384003310657215e-11 
  1940.0   -4.964451966844962e-10 
  1941.0   -5.336057079943461e-10 
  1942.0   -1.2111199509093716e-09 
  1943.0   1.215695529550139e-09 
  1944.0   -7.521008849068447e-10 
  1945.0   1.5292985497347087e-09 
  1946.0   2.8316961733938315e-10 
  1947.0   -2.980952166790764e-11 
  1948.0   -8.730477654152652e-10 
  1949.0   7.7754620447292e-11 
  1950.0   1.5768332811793114e-09 
  1951.0   6.968448011380649e-10 
  1952.0   -2.7632326949964023e-10 
  1953.0   -2.956812236301859e-10 
  1954.0   -5.732252882345625e-11 
  1955.0   6.925326946414251e-10 
  1956.0   6.408502807537632e-11 
  1957.0   -3.0667802711967055e-10 
  1958.0   -1.0203470317079862e-09 
  1959.0   2.025676201844348e-09 
  1960.0   -2.40687669044483e-10 
  1961.0   -2.5850405530869466e-10 
  1962.0   3.295700511222751e-10 
  1963.0   1.4142737144136373e-10 
  1964.0   1.3677123085834346e-09 
  1965.0   1.272614341535601e-10 
  1966.0   2.732048481510804e-10 
  1967.0   1.1722761509493188e-09 
  1968.0   9.702871274249338e-11 
  1969.0   -1.3923485807334926e-09 
  1970.0   -3.38889472269508e-10 
  1971.0   1.858239574087214e-10 
  1972.0   1.1031887188413535e-09 
  1973.0   -4.549478783509032e-11 
  1974.0   -9.212014077531264e-10 
  1975.0   -1.0903475538226129e-09 
  1976.0   -4.296018167280126e-10 
  1977.0   -1.302902775312067e-10 
  1978.0   -1.2867133523330036e-09 
  1979.0   3.5149052790390455e-10 
  1980.0   1.625803947766226e-09 
  1981.0   -1.232780796119701e-09 
  1982.0   4.892435439403552e-10 
  1983.0   -1.7968654085396937e-09 
  1984.0   2.3918945668685307e-10 
  1985.0   -1.3653555617317786e-10 
  1986.0   -3.575505298923438e-11 
  1987.0   6.875768375947e-10 
  1988.0   1.0800920386315005e-09 
  1989.0   5.239895254590176e-10 
  1990.0   -9.48608910262831e-11 
  1991.0   2.0443718474148503e-09 
  1992.0   1.040990804236185e-09 
  1993.0   1.0473051587713652e-10 
  1994.0   4.681564780015473e-10 
  1995.0   4.631549303682436e-10 
  1996.0   2.601153134114366e-10 
  1997.0   9.967016514436775e-10 
  1998.0   -1.1476110246458516e-09 
  1999.0   6.146223821836537e-10 
  2000.0   1.4814222698993468e-10 
  2001.0   -5.779556376645908e-10 
  2002.0   4.2473960749320924e-10 
  2003.0   1.0921990225231425e-10 
  2004.0   -6.851854078570097e-10 
  2005.0   -4.787235591104393e-10 
  2006.0   4.465694306582062e-10 
  2007.0   -2.005775690609615e-10 
  2008.0   -2.4214911840838657e-10 
  2009.0   7.645169278022692e-11 
  2010.0   -5.258649225003543e-10 
  2011.0   -2.050262559008713e-10 
  2012.0   -1.6581654660111012e-10 
  2013.0   -2.774459288983349e-10 
  2014.0   -1.30812089576932e-10 
