  1850.0   1.6704711072055738 
  1851.0   1.6253005037130512 
  1852.0   1.485468294673288 
  1853.0   1.4003839559280506 
  1854.0   1.4150597972070544 
  1855.0   1.5036440647219733 
  1856.0   1.7939864214095163 
  1857.0   1.5796008216537212 
  1858.0   1.392260437605931 
  1859.0   1.4932331023824892 
  1860.0   1.5132089511855653 
  1861.0   1.4204649468496997 
  1862.0   1.6098599281147432 
  1863.0   1.6528357264961806 
  1864.0   1.5410912222376356 
  1865.0   1.36360698416275 
  1866.0   1.337978760051374 
  1867.0   1.587104172582707 
  1868.0   1.6172013683159667 
  1869.0   1.4991383356456167 
  1870.0   1.4952294899936336 
  1871.0   1.5622321250511202 
  1872.0   1.585400386523441 
  1873.0   1.5549654734268754 
  1874.0   1.5878339916762603 
  1875.0   1.4711317926887504 
  1876.0   1.451589785165553 
  1877.0   1.4726720101882984 
  1878.0   1.575058511911399 
  1879.0   1.7013837372714955 
  1880.0   1.6148172913883945 
  1881.0   1.6055091973439877 
  1882.0   1.642069745472282 
  1883.0   1.4977390483958508 
  1884.0   1.4172113619756803 
  1885.0   1.658908477343506 
  1886.0   1.71875739959735 
  1887.0   1.6179798014556583 
  1888.0   1.46226975012368 
  1889.0   1.4433314982542214 
  1890.0   1.5272359661344086 
  1891.0   1.5309035317040693 
  1892.0   1.4675900866963545 
  1893.0   1.4967224909706904 
  1894.0   1.3997936275367544 
  1895.0   1.4342740895162471 
  1896.0   1.5670617045097215 
  1897.0   1.568026419660019 
  1898.0   1.4293492958367642 
  1899.0   1.451188380860482 
  1900.0   1.4589536176520161 
  1901.0   1.5669529519906318 
  1902.0   1.5688376679298 
  1903.0   1.5879344007110263 
  1904.0   1.599027813719478 
  1905.0   1.6925568456319209 
  1906.0   1.7517019385717612 
  1907.0   1.671189381646259 
  1908.0   1.4800152410203808 
  1909.0   1.4563209072836794 
  1910.0   1.4185845278487768 
  1911.0   1.4663911777419565 
  1912.0   1.435064673304945 
  1913.0   1.4199343700237572 
  1914.0   1.415884528672802 
  1915.0   1.588235645449836 
  1916.0   1.7227349524000473 
  1917.0   1.7108525136905555 
  1918.0   1.5431823431825649 
  1919.0   1.5095926575231067 
  1920.0   1.4737584678459246 
  1921.0   1.4188547897925259 
  1922.0   1.35199362449889 
  1923.0   1.454714237642972 
  1924.0   1.5542972421073935 
  1925.0   1.6433496133774204 
  1926.0   1.5417307495789834 
  1927.0   1.4902597704447504 
  1928.0   1.513501720600579 
  1929.0   1.6161744376154867 
  1930.0   1.4523960986249966 
  1931.0   1.4014944771434816 
  1932.0   1.4950377180732564 
  1933.0   1.5054333121231913 
  1934.0   1.4240386401225442 
  1935.0   1.4445718297572152 
  1936.0   1.3455647945353295 
  1937.0   1.3865253333129997 
  1938.0   1.5258946146976624 
  1939.0   1.5158245770022354 
  1940.0   1.366155717612256 
  1941.0   1.3931060602436893 
  1942.0   1.4265854839216026 
  1943.0   1.5519927992842248 
  1944.0   1.4234327140622982 
  1945.0   1.3749525097532256 
  1946.0   1.4097337207204692 
  1947.0   1.4426035072855352 
  1948.0   1.462160062541813 
  1949.0   1.6552872986819462 
  1950.0   1.5679177730722464 
  1951.0   1.4446413185816975 
  1952.0   1.4438386650081767 
  1953.0   1.6686872438239695 
  1954.0   1.621591234095339 
  1955.0   1.589443400131222 
  1956.0   1.4282457641986643 
  1957.0   1.3415626944869365 
  1958.0   1.4943830945336978 
  1959.0   1.4741355919772061 
  1960.0   1.4070410640158388 
  1961.0   1.522715546139099 
  1962.0   1.5242033682369935 
  1963.0   1.5537214490878823 
  1964.0   1.602990939102665 
  1965.0   1.5927352933392334 
  1966.0   1.5709834382844654 
  1967.0   1.4840000611767248 
  1968.0   1.4260647567869633 
  1969.0   1.41835655537203 
  1970.0   1.6078935467690303 
  1971.0   1.585084168285003 
  1972.0   1.5454238091773318 
  1973.0   1.5435525168197612 
  1974.0   1.4378040689054736 
  1975.0   1.4121320185912416 
  1976.0   1.545509365654256 
  1977.0   1.5215218535303616 
  1978.0   1.4521261758728532 
  1979.0   1.4798443359066382 
  1980.0   1.8265262572842285 
  1981.0   1.707334401393411 
  1982.0   1.4749656915428393 
  1983.0   1.4030003529869908 
  1984.0   1.4842828103050825 
  1985.0   1.4746769369499273 
  1986.0   1.4136956772434808 
  1987.0   1.421194369786798 
  1988.0   1.5402315213611606 
  1989.0   1.3963691997484486 
  1990.0   1.421101900307622 
  1991.0   1.3968785769063494 
  1992.0   1.4496140050045843 
  1993.0   1.4965214656102022 
  1994.0   1.6236004363722578 
  1995.0   1.6201925161028692 
  1996.0   1.4910540061488522 
  1997.0   1.43840448676516 
  1998.0   1.449058518365772 
  1999.0   1.501504304843982 
  2000.0   1.5716982034878315 
  2001.0   1.5256937590270043 
  2002.0   1.5747458354348154 
  2003.0   1.489943142896399 
  2004.0   1.6127003036046779 
  2005.0   1.5565172698311343 
  2006.0   1.4407743063311331 
  2007.0   1.4938621345755423 
  2008.0   1.602995284857417 
  2009.0   1.5502541055943588 
  2010.0   1.7234610354505027 
  2011.0   1.927920687382187 
  2012.0   1.8347908829685404 
  2013.0   1.6231861787240598 
  2014.0   1.6108064805079574 
