  1850.0   3.1004938746499238 
  1851.0   2.7297980654339007 
  1852.0   2.844922822259369 
  1853.0   3.0993442187388927 
  1854.0   3.0798611198873918 
  1855.0   2.9430752091082772 
  1856.0   2.876654245721983 
  1857.0   2.8432597251176213 
  1858.0   2.963854565547749 
  1859.0   3.1292175211211157 
  1860.0   2.9247836101986504 
  1861.0   2.7310983056890685 
  1862.0   2.7981021699014974 
  1863.0   2.90211967483696 
  1864.0   2.8498265728979764 
  1865.0   2.9608850704727665 
  1866.0   3.228781472586982 
  1867.0   3.1843938661539886 
  1868.0   3.060570994184531 
  1869.0   2.8617190014567235 
  1870.0   2.943813967638091 
  1871.0   3.046669567035587 
  1872.0   2.943449999822105 
  1873.0   3.0980598503125916 
  1874.0   3.2366156605905445 
  1875.0   2.9961909949943473 
  1876.0   2.890191886438374 
  1877.0   3.183527795151411 
  1878.0   3.0109864736773213 
  1879.0   3.224738767591411 
  1880.0   2.938232552725915 
  1881.0   3.1513266934925483 
  1882.0   2.8157560233956676 
  1883.0   2.952183219429201 
  1884.0   2.9290512024136146 
  1885.0   2.9222682920395653 
  1886.0   3.155240707798392 
  1887.0   3.0306885011912534 
  1888.0   3.0612675864270145 
  1889.0   3.1966791231744303 
  1890.0   3.206544453254113 
  1891.0   3.0119595341945966 
  1892.0   2.6470823405357033 
  1893.0   2.768319055989073 
  1894.0   2.9606676400830425 
  1895.0   2.976634461968388 
  1896.0   3.181197872832262 
  1897.0   2.840558475415117 
  1898.0   2.8457414763507214 
  1899.0   2.821993007247377 
  1900.0   2.9148742952367255 
  1901.0   3.002412937211661 
  1902.0   2.8426194348326757 
  1903.0   3.1088871237242284 
  1904.0   2.9572026580399706 
  1905.0   3.159867670288571 
  1906.0   3.114778131686077 
  1907.0   2.8580009230567875 
  1908.0   2.896544224464909 
  1909.0   3.1770133423213034 
  1910.0   2.9914364079203026 
  1911.0   2.645471411178494 
  1912.0   2.607471514289957 
  1913.0   2.7376665639009565 
  1914.0   3.074867435636844 
  1915.0   2.9591585788205697 
  1916.0   2.94700036419813 
  1917.0   2.8794432557041767 
  1918.0   3.0788437714806904 
  1919.0   3.1499816131526717 
  1920.0   3.0075408035886433 
  1921.0   2.97450692460142 
  1922.0   2.997733474112685 
  1923.0   3.182083014733641 
  1924.0   3.164693848507236 
  1925.0   3.115372695599902 
  1926.0   3.0520916099754465 
  1927.0   2.6791954689592052 
  1928.0   2.4858412853197445 
  1929.0   2.8211304324712705 
  1930.0   2.8722721999016643 
  1931.0   2.8606514895945585 
  1932.0   2.9962823213121554 
  1933.0   2.972232383204061 
  1934.0   2.994654167468835 
  1935.0   2.687447948264301 
  1936.0   2.601196941882807 
  1937.0   2.9470627043342446 
  1938.0   2.860587292275055 
  1939.0   2.704398996131929 
  1940.0   2.707516214326207 
  1941.0   2.872305946997684 
  1942.0   3.007626456899645 
  1943.0   2.984875472091481 
  1944.0   2.8810783368530504 
  1945.0   3.005085997141616 
  1946.0   3.0896777762311767 
  1947.0   2.979328028622109 
  1948.0   3.047984047927985 
  1949.0   2.983229000613338 
  1950.0   2.8208611874992187 
  1951.0   3.0110551594436874 
  1952.0   2.660394416648001 
  1953.0   2.550422882722527 
  1954.0   2.818252365106686 
  1955.0   2.9740432494916296 
  1956.0   2.7674033161973286 
  1957.0   2.7443543868055476 
  1958.0   3.0457661348063945 
  1959.0   2.8994569729926134 
  1960.0   2.7826636447074984 
  1961.0   2.733339624183056 
  1962.0   3.1579363244408127 
  1963.0   3.215873380602979 
  1964.0   2.922433433869601 
  1965.0   2.857518130841278 
  1966.0   2.801732994572889 
  1967.0   2.654826748506525 
  1968.0   2.9264961644160157 
  1969.0   2.7975883131353867 
  1970.0   2.6632374012294258 
  1971.0   3.0058524691870043 
  1972.0   3.0039705883534946 
  1973.0   2.6546325254225285 
  1974.0   2.9430690825278614 
  1975.0   2.9944789965046077 
  1976.0   2.92109620699351 
  1977.0   3.127838114710596 
  1978.0   2.944076450483012 
  1979.0   2.7602321753837926 
  1980.0   2.8818533400189197 
  1981.0   2.8129996463479614 
  1982.0   3.0279077258730736 
  1983.0   3.052102914656081 
  1984.0   2.7934522621865328 
  1985.0   2.612245832153869 
  1986.0   2.779802821236398 
  1987.0   3.045339835567429 
  1988.0   3.062849504518706 
  1989.0   2.832063145389926 
  1990.0   2.7605838271432646 
  1991.0   2.501416892915447 
  1992.0   2.57450085938587 
  1993.0   2.858821089476872 
  1994.0   2.8076367385942844 
  1995.0   2.437374709657501 
  1996.0   2.7714645464752086 
  1997.0   2.8630113038639053 
  1998.0   2.7918660832874447 
  1999.0   3.0630046226324943 
  2000.0   2.8222796316845002 
  2001.0   2.619210040679806 
  2002.0   2.6589759652739287 
  2003.0   2.764694949098152 
  2004.0   2.5679884437779807 
  2005.0   2.8691259476591937 
  2006.0   3.203733981119826 
  2007.0   3.1265270789772868 
  2008.0   2.8460956757421876 
  2009.0   2.7478038331129198 
  2010.0   2.616833174420093 
  2011.0   2.7732430720763377 
  2012.0   2.7357927254323924 
  2013.0   2.584457666742673 
  2014.0   2.6086798922951577 
