  2015.0   209.27493877138238 
  2016.0   208.99632723202285 
  2017.0   208.74181796100132 
  2018.0   208.53832635783598 
  2019.0   208.16192709896774 
  2020.0   207.89022371199763 
  2021.0   207.70761602226355 
  2022.0   207.46333969410605 
  2023.0   207.16567124387348 
  2024.0   206.91332009292347 
  2025.0   206.78930507783312 
  2026.0   206.62595573070354 
  2027.0   206.37607830353394 
  2028.0   205.95948129309812 
  2029.0   205.75518639511597 
  2030.0   205.56206990232107 
  2031.0   205.35252251988803 
  2032.0   205.08816249472946 
  2033.0   204.99159198968334 
  2034.0   204.86155996545324 
  2035.0   204.63381824487655 
  2036.0   204.3082516272961 
  2037.0   203.97999620005513 
  2038.0   203.70891679542774 
  2039.0   203.38029099568135 
  2040.0   203.1948716943612 
  2041.0   203.05279606835674 
  2042.0   202.9147725104579 
  2043.0   202.7732262108032 
  2044.0   202.6544765651666 
  2045.0   202.49334270200475 
  2046.0   202.2793637726862 
  2047.0   202.24283174872807 
  2048.0   202.13103864635028 
  2049.0   201.97856781413128 
  2050.0   201.73358632060533 
  2051.0   201.48097712132426 
  2052.0   201.39722324371712 
  2053.0   201.25762478395572 
  2054.0   201.15427093823735 
  2055.0   201.06386087437042 
  2056.0   201.07447237333605 
  2057.0   200.9758976766428 
  2058.0   200.9017144071061 
  2059.0   200.81672914053377 
  2060.0   200.6481013695527 
  2061.0   200.52463685430467 
  2062.0   200.52816137104048 
  2063.0   200.44454400307495 
  2064.0   200.30128857578296 
  2065.0   200.18992599061988 
  2066.0   200.15632441257404 
  2067.0   199.9995881104733 
  2068.0   199.82380135022575 
  2069.0   199.8499953812933 
  2070.0   199.76472470108263 
  2071.0   199.75013049328717 
  2072.0   199.78481793997247 
  2073.0   199.7931962195906 
  2074.0   199.70949899701193 
  2075.0   199.6302910188858 
  2076.0   199.68482314915266 
  2077.0   199.54444980947483 
  2078.0   199.62587503481913 
  2079.0   199.58884588823392 
  2080.0   199.66034351628844 
  2081.0   199.47799380930738 
  2082.0   199.2506808047083 
  2083.0   199.20883581821985 
  2084.0   199.15367067449043 
  2085.0   199.08886160557415 
  2086.0   199.02169450451743 
  2087.0   198.92094247988368 
  2088.0   198.83943528104666 
  2089.0   198.87051970350223 
  2090.0   198.83511092768788 
  2091.0   198.8605071561328 
  2092.0   198.65165381422042 
  2093.0   198.73786271326682 
  2094.0   198.57811381515086 
  2095.0   198.58943014638305 
  2096.0   198.5873072775441 
  2097.0   198.37041215571256 
  2098.0   198.2953665366155 
  2099.0   198.31833597064355 
  2100.0   198.32447047232773 
