  2015.0   3.680222771768767 
  2016.0   3.5229957556537292 
  2017.0   3.6650273270271545 
  2018.0   3.9098498135202524 
  2019.0   3.82706042509009 
  2020.0   3.6208184530996324 
  2021.0   3.7724356821003475 
  2022.0   3.8784868629932845 
  2023.0   3.853536540083748 
  2024.0   3.8738667658668264 
  2025.0   3.90800864075511 
  2026.0   3.785527263452926 
  2027.0   3.5342241177326765 
  2028.0   3.7228784895887825 
  2029.0   3.9276780062827044 
  2030.0   3.8619411966098856 
  2031.0   3.7745967683269424 
  2032.0   3.863063085720213 
  2033.0   3.812971067770099 
  2034.0   4.010960500661362 
  2035.0   4.1024331752897485 
  2036.0   4.0156632957791505 
  2037.0   3.815001586187718 
  2038.0   3.9308075098685027 
  2039.0   4.047087629293588 
  2040.0   4.229289564980727 
  2041.0   4.1291697911988186 
  2042.0   3.949092130558212 
  2043.0   3.9274434485613154 
  2044.0   3.8781079554099347 
  2045.0   3.980113239461075 
  2046.0   3.936147758234377 
  2047.0   4.045350407970624 
  2048.0   4.068068523983033 
  2049.0   4.0380668926233465 
  2050.0   3.949099515291933 
  2051.0   3.8858608834183137 
  2052.0   3.720267122653799 
  2053.0   3.794789771502079 
  2054.0   3.9781616590666102 
  2055.0   4.097408745194778 
  2056.0   4.039705557368326 
  2057.0   3.9034964673827077 
  2058.0   3.8573145296146256 
  2059.0   3.738273123970084 
  2060.0   3.7390280754303458 
  2061.0   3.850931300815298 
  2062.0   3.8460818267245998 
  2063.0   3.8839167614489325 
  2064.0   3.93609208476741 
  2065.0   3.860644073085999 
  2066.0   3.998086068748436 
  2067.0   4.050655013929775 
  2068.0   3.960070814473147 
  2069.0   3.834845509529844 
  2070.0   3.847507265272702 
  2071.0   3.893028769488676 
  2072.0   3.8520224514980157 
  2073.0   3.8198221455443515 
  2074.0   4.007717877410658 
  2075.0   4.053272267235419 
  2076.0   4.15953972563213 
  2077.0   4.210725960805746 
  2078.0   4.164898914417418 
  2079.0   3.93197964151195 
  2080.0   4.03322619841904 
  2081.0   4.1630602693099 
  2082.0   4.0837030270754555 
  2083.0   3.8871176580871327 
  2084.0   3.998793885989144 
  2085.0   4.275645204832733 
  2086.0   4.387410308060505 
  2087.0   4.19748103931828 
  2088.0   3.9744587446925106 
  2089.0   4.047633545389808 
  2090.0   4.0865004842561055 
  2091.0   4.071422010101391 
  2092.0   4.138219474128348 
  2093.0   3.961305106016151 
  2094.0   3.889250183459725 
  2095.0   4.007505687413561 
  2096.0   3.9949635439359583 
  2097.0   3.7883285286834876 
  2098.0   3.7970572895764976 
  2099.0   3.8628885520727607 
  2100.0   4.0056942637551565 
