  2015.0   4.256447552055874 
  2016.0   3.90189327755538 
  2017.0   3.893914174639772 
  2018.0   4.100658507313132 
  2019.0   4.312569753659163 
  2020.0   4.156724406850877 
  2021.0   3.780101385156407 
  2022.0   4.0314679935114786 
  2023.0   4.144108841755247 
  2024.0   3.988333997096842 
  2025.0   3.610254869698965 
  2026.0   4.257153957498247 
  2027.0   4.028491180984564 
  2028.0   4.085477527014345 
  2029.0   3.6010089927366935 
  2030.0   4.185536293775033 
  2031.0   4.102356783424483 
  2032.0   4.032927244772004 
  2033.0   3.738059089894837 
  2034.0   4.063149859977397 
  2035.0   4.076203524968467 
  2036.0   4.078733178649848 
  2037.0   3.884175478740704 
  2038.0   3.98480225795323 
  2039.0   4.2278248665547045 
  2040.0   4.237627533974179 
  2041.0   3.8774036499822144 
  2042.0   3.669015005977718 
  2043.0   4.119728793845926 
  2044.0   3.8972484298398156 
  2045.0   3.6469449289181948 
  2046.0   4.034922903723481 
  2047.0   3.945538914104214 
  2048.0   3.7974090318504126 
  2049.0   4.008509257302954 
  2050.0   3.7147383452798377 
  2051.0   3.4830708552441214 
  2052.0   3.7154953798095915 
  2053.0   3.881070266863716 
  2054.0   4.09718238367525 
  2055.0   4.545489113533653 
  2056.0   3.9585189268681886 
  2057.0   3.8417273739740128 
  2058.0   3.812283730737478 
  2059.0   3.8192517565279482 
  2060.0   3.545778949944864 
  2061.0   3.6227800846660134 
  2062.0   3.8380216962637865 
  2063.0   3.9146854258958537 
  2064.0   3.374261195948335 
  2065.0   3.632380359874151 
  2066.0   4.240207102462702 
  2067.0   3.9322980255347626 
  2068.0   3.5605978863924315 
  2069.0   3.805397181320632 
  2070.0   4.231765837007393 
  2071.0   4.015058216730647 
  2072.0   3.5700502800886387 
  2073.0   3.55694016952969 
  2074.0   3.8109482120354827 
  2075.0   3.9621303051940675 
  2076.0   4.030455473915653 
  2077.0   3.985749628185229 
  2078.0   3.848739632628397 
  2079.0   3.917470866909273 
  2080.0   3.8389576303614956 
  2081.0   3.918359836433004 
  2082.0   3.660529530414634 
  2083.0   3.778090741057323 
  2084.0   3.6620431257155945 
  2085.0   3.6823776426542723 
  2086.0   3.1868153295075046 
  2087.0   3.3908778050521535 
  2088.0   3.18022417879374 
  2089.0   3.4720174073782273 
  2090.0   3.252834475610803 
  2091.0   4.026894359315669 
  2092.0   3.5814797284587025 
  2093.0   3.480316140470196 
  2094.0   3.274073177236955 
  2095.0   3.651395338997494 
  2096.0   3.245923858632265 
  2097.0   3.49682499769455 
  2098.0   3.5265493526035554 
  2099.0   3.7130378969305293 
  2100.0   3.412297197040261 
