  2015.0   12.479144353402553 
  2016.0   11.892615862691871 
  2017.0   11.940142540523638 
  2018.0   12.217200826120598 
  2019.0   12.379611010666327 
  2020.0   12.385366944066837 
  2021.0   12.464109550360403 
  2022.0   12.411705268337998 
  2023.0   12.575675654734454 
  2024.0   12.482220662660314 
  2025.0   12.017957421471895 
  2026.0   12.189342298627496 
  2027.0   12.412351518345188 
  2028.0   12.875654082776512 
  2029.0   12.226871221502947 
  2030.0   12.186600371353402 
  2031.0   12.323439402183347 
  2032.0   12.956697895632743 
  2033.0   12.655874583420712 
  2034.0   12.192954772272007 
  2035.0   12.359763357261846 
  2036.0   12.993055750701677 
  2037.0   12.979591006458396 
  2038.0   12.848401706664855 
  2039.0   12.502396210517302 
  2040.0   12.38835425215171 
  2041.0   12.852316716917613 
  2042.0   13.426602277305967 
  2043.0   12.81382390284148 
  2044.0   12.7228863058129 
  2045.0   12.992391959726044 
  2046.0   13.739913879836857 
  2047.0   13.054138204073073 
  2048.0   12.73740124495687 
  2049.0   13.103484608817988 
  2050.0   13.795783759252338 
  2051.0   13.426461321436484 
  2052.0   12.977184803648965 
  2053.0   12.93581377811359 
  2054.0   13.4570203838481 
  2055.0   14.076947774732558 
  2056.0   13.586397810456988 
  2057.0   13.194232012630506 
  2058.0   13.528941911097295 
  2059.0   14.27623935197156 
  2060.0   13.652795764651797 
  2061.0   13.183519268807025 
  2062.0   13.589517337641823 
  2063.0   14.090093078699658 
  2064.0   13.502392850752184 
  2065.0   13.424399436893788 
  2066.0   13.968879536208005 
  2067.0   14.630667938442825 
  2068.0   13.818329217973833 
  2069.0   13.685749085141389 
  2070.0   13.913748341862602 
  2071.0   14.57311974433359 
  2072.0   14.052148514408714 
  2073.0   13.787740375340324 
  2074.0   14.086183806841186 
  2075.0   14.420689362822973 
  2076.0   14.801667047885978 
  2077.0   14.295335544487182 
  2078.0   13.930457873877193 
  2079.0   14.374993624293047 
  2080.0   14.854741228057048 
  2081.0   15.143308074898615 
  2082.0   14.599182249289038 
  2083.0   14.51628610834322 
  2084.0   14.785360185675186 
  2085.0   15.408368449855107 
  2086.0   15.206825680602533 
  2087.0   14.588629084947987 
  2088.0   14.783540315181039 
  2089.0   15.690845500281407 
  2090.0   14.895094055611422 
  2091.0   14.69795851774773 
  2092.0   15.180860359184384 
  2093.0   15.650551953329252 
  2094.0   15.19497818003867 
  2095.0   15.006444454453002 
  2096.0   15.329236700235432 
  2097.0   16.053572980550463 
  2098.0   15.344229453907364 
  2099.0   14.971364039044623 
  2100.0   15.462552883866973 
