  2015.0   310.0921610610554 
  2016.0   309.59782401595976 
  2017.0   310.0213930037489 
  2018.0   310.62844919419933 
  2019.0   310.73295773252437 
  2020.0   310.52290044067854 
  2021.0   310.36888701725064 
  2022.0   310.71261704079143 
  2023.0   310.5205774847871 
  2024.0   308.78722063134705 
  2025.0   308.88811648233974 
  2026.0   310.2764150466085 
  2027.0   310.2187651321044 
  2028.0   309.4088341825558 
  2029.0   308.08451212709883 
  2030.0   308.6155809604552 
  2031.0   309.38733420032554 
  2032.0   309.55793883131383 
  2033.0   309.58432946463006 
  2034.0   309.56124267445347 
  2035.0   309.8890196354592 
  2036.0   310.35073895801656 
  2037.0   308.7124494826195 
  2038.0   307.7024801533631 
  2039.0   308.7739899763884 
  2040.0   309.3691864437964 
  2041.0   310.74957844477836 
  2042.0   311.31220460427073 
  2043.0   311.5383326730737 
  2044.0   311.9306969577989 
  2045.0   312.4647146780261 
  2046.0   312.7619855750453 
  2047.0   312.238594126067 
  2048.0   312.15551303619856 
  2049.0   311.6039620046255 
  2050.0   311.9049119024142 
  2051.0   312.0471493166739 
  2052.0   311.15262000909405 
  2053.0   310.2690539823858 
  2054.0   310.1227394834838 
  2055.0   309.69486927516016 
  2056.0   308.9401632070235 
  2057.0   307.36312514035376 
  2058.0   305.4101540787376 
  2059.0   305.08528377974636 
  2060.0   303.57084839619455 
  2061.0   302.70633511898166 
  2062.0   301.7639144275995 
  2063.0   301.5964946267663 
  2064.0   303.3480961868235 
  2065.0   304.3576163087227 
  2066.0   304.93440400243617 
  2067.0   303.3400034983221 
  2068.0   302.8794947336161 
  2069.0   302.15467209815193 
  2070.0   301.82268573512886 
  2071.0   301.08665096299217 
  2072.0   300.4962737639486 
  2073.0   299.47642012688596 
  2074.0   297.2042781418822 
  2075.0   296.9479785913072 
  2076.0   297.6914470926158 
  2077.0   296.40512693139783 
  2078.0   293.6049363366785 
  2079.0   291.9576599706773 
  2080.0   292.6532243371293 
  2081.0   291.7228878911965 
  2082.0   291.9757862829686 
  2083.0   291.5105324069158 
  2084.0   289.3273332922431 
  2085.0   289.2167034649705 
  2086.0   288.6162560919227 
  2087.0   288.82722372305665 
  2088.0   288.8652030604432 
  2089.0   287.40792334068755 
  2090.0   288.40319953521856 
  2091.0   290.6625511417073 
  2092.0   291.46780360304166 
  2093.0   289.13037334227283 
  2094.0   286.94944685108067 
  2095.0   285.1456914839918 
  2096.0   284.26831401178237 
  2097.0   281.97894367190526 
  2098.0   279.86553448598664 
  2099.0   279.7219670657761 
  2100.0   278.5758597837735 
