  2015.0   6.013339777217388e-10 
  2016.0   6.292918862423573e-10 
  2017.0   6.414877796879777e-10 
  2018.0   6.421145635948129e-10 
  2019.0   6.540121697671711e-10 
  2020.0   6.686370391126736e-10 
  2021.0   6.657487920337224e-10 
  2022.0   6.70759015152896e-10 
  2023.0   6.525800623915547e-10 
  2024.0   6.538173086125985e-10 
  2025.0   6.681872848548954e-10 
  2026.0   6.705811513119124e-10 
  2027.0   6.948118627359914e-10 
  2028.0   6.769185643797322e-10 
  2029.0   6.90766992537741e-10 
  2030.0   6.924134132936301e-10 
  2031.0   7.118894441953572e-10 
  2032.0   6.945512681990535e-10 
  2033.0   6.853267682318977e-10 
  2034.0   6.935795864880596e-10 
  2035.0   7.028983166315206e-10 
  2036.0   7.217652752504612e-10 
  2037.0   7.070978242347026e-10 
  2038.0   7.1950540557968e-10 
  2039.0   7.325116390405666e-10 
  2040.0   7.462397587540117e-10 
  2041.0   7.52461431752312e-10 
  2042.0   7.540584363762095e-10 
  2043.0   7.561457856898628e-10 
  2044.0   7.543931544642558e-10 
  2045.0   7.386667943744366e-10 
  2046.0   7.397603722778461e-10 
  2047.0   7.340291407616674e-10 
  2048.0   7.446695308732259e-10 
  2049.0   7.60466169084064e-10 
  2050.0   7.77196003129089e-10 
  2051.0   7.86765721596272e-10 
  2052.0   7.9214990608815e-10 
  2053.0   8.017984135777119e-10 
  2054.0   7.880132363809496e-10 
  2055.0   7.83663525460005e-10 
  2056.0   7.87410655400211e-10 
  2057.0   7.978949137988094e-10 
  2058.0   7.939066619273327e-10 
  2059.0   8.161715475925211e-10 
  2060.0   8.099482466080968e-10 
  2061.0   8.17819326135229e-10 
  2062.0   8.469866182952368e-10 
  2063.0   8.608984174355575e-10 
  2064.0   8.509222966925508e-10 
  2065.0   8.356648327704423e-10 
  2066.0   8.482043337876075e-10 
  2067.0   8.721974072327879e-10 
  2068.0   8.432015463696287e-10 
  2069.0   8.276466295013371e-10 
  2070.0   8.543602622459843e-10 
  2071.0   8.832084280987617e-10 
  2072.0   8.87179122906967e-10 
  2073.0   8.800526419402606e-10 
  2074.0   8.857692010056084e-10 
  2075.0   8.797004876995358e-10 
  2076.0   8.762361480827479e-10 
  2077.0   8.792790934630277e-10 
  2078.0   8.796037731313193e-10 
  2079.0   8.771926882830704e-10 
  2080.0   8.919056529425812e-10 
  2081.0   8.675314759848451e-10 
  2082.0   8.718827580981885e-10 
  2083.0   8.835053717365255e-10 
  2084.0   8.875528996004245e-10 
  2085.0   8.803320174819282e-10 
  2086.0   9.138456695655552e-10 
  2087.0   9.316665504440331e-10 
  2088.0   9.511291644917162e-10 
  2089.0   9.402300553147295e-10 
  2090.0   9.525333528618576e-10 
  2091.0   9.432970947113121e-10 
  2092.0   9.18143387393978e-10 
  2093.0   9.315352284686022e-10 
  2094.0   9.082917370439726e-10 
  2095.0   9.032916444831391e-10 
  2096.0   9.145253631184507e-10 
  2097.0   9.346729306966057e-10 
  2098.0   9.443990714380336e-10 
  2099.0   9.619663205663837e-10 
  2100.0   9.607154845746673e-10 
