  2015.0   -1.6841287594869922e-09 
  2016.0   -1.8141500324252784e-09 
  2017.0   -2.0023675028426864e-09 
  2018.0   -1.86718274913917e-09 
  2019.0   -1.838490335475742e-09 
  2020.0   -1.8303603985200657e-09 
  2021.0   -1.9086339140946364e-09 
  2022.0   -1.8889995166189546e-09 
  2023.0   -1.89098733182052e-09 
  2024.0   -1.884327353223841e-09 
  2025.0   -1.8554276595150476e-09 
  2026.0   -1.825891872730003e-09 
  2027.0   -1.8581677252380662e-09 
  2028.0   -1.895838153235671e-09 
  2029.0   -1.9746199317590602e-09 
  2030.0   -1.8592219919345578e-09 
  2031.0   -1.99855679411366e-09 
  2032.0   -2.0570396703856475e-09 
  2033.0   -2.0484270465413854e-09 
  2034.0   -2.018604381346374e-09 
  2035.0   -2.014396638918585e-09 
  2036.0   -1.848458616431169e-09 
  2037.0   -1.8846317966793704e-09 
  2038.0   -2.1451405244259495e-09 
  2039.0   -2.173986031661826e-09 
  2040.0   -2.173797181625737e-09 
  2041.0   -2.216037398348451e-09 
  2042.0   -2.207256990270306e-09 
  2043.0   -2.2114944979754953e-09 
  2044.0   -2.2093964765787002e-09 
  2045.0   -2.2193203129284693e-09 
  2046.0   -2.242593574805535e-09 
  2047.0   -2.241880614242812e-09 
  2048.0   -2.0989705605209892e-09 
  2049.0   -2.3930686927174207e-09 
  2050.0   -2.3789090658995935e-09 
  2051.0   -2.282057608257071e-09 
  2052.0   -2.3592647497307224e-09 
  2053.0   -2.366728743634093e-09 
  2054.0   -2.3616556710424865e-09 
  2055.0   -2.4157776508998122e-09 
  2056.0   -2.445447420608773e-09 
  2057.0   -2.4893898171620255e-09 
  2058.0   -2.388158371616339e-09 
  2059.0   -2.376528942618013e-09 
  2060.0   -2.3924391066060838e-09 
  2061.0   -2.464044546279836e-09 
  2062.0   -2.52195841588455e-09 
  2063.0   -2.35498838451943e-09 
  2064.0   -2.4801137809271834e-09 
  2065.0   -2.497694978722171e-09 
  2066.0   -2.5507592960106433e-09 
  2067.0   -2.676057459086359e-09 
  2068.0   -2.4570732139005827e-09 
  2069.0   -2.644569668671124e-09 
  2070.0   -2.5505543668838922e-09 
  2071.0   -2.6179385374824368e-09 
  2072.0   -2.638848589287053e-09 
  2073.0   -2.4467099151737264e-09 
  2074.0   -2.5621158334748274e-09 
  2075.0   -2.7726578779995963e-09 
  2076.0   -2.719171741193031e-09 
  2077.0   -2.6702817431203353e-09 
  2078.0   -2.7435664089445566e-09 
  2079.0   -2.698841379165677e-09 
  2080.0   -2.7987677310256476e-09 
  2081.0   -2.721700561340866e-09 
  2082.0   -2.944844576743462e-09 
  2083.0   -2.8683584794685535e-09 
  2084.0   -2.8553660540154906e-09 
  2085.0   -2.9449289508936166e-09 
  2086.0   -2.859787345629984e-09 
  2087.0   -2.7843356483492314e-09 
  2088.0   -2.8240991580154934e-09 
  2089.0   -3.071060479610088e-09 
  2090.0   -3.133418048188367e-09 
  2091.0   -3.005472496587653e-09 
  2092.0   -2.9898082082565875e-09 
  2093.0   -3.191258102895026e-09 
  2094.0   -3.0786511901812618e-09 
  2095.0   -3.0578092197935883e-09 
  2096.0   -3.1171488514968426e-09 
  2097.0   -3.173708872871363e-09 
  2098.0   -2.986005539742075e-09 
  2099.0   -3.0823101172503635e-09 
  2100.0   -3.0755135709002362e-09 
