  2015.0   2.807673475241773 
  2016.0   2.765690880688019 
  2017.0   2.8248421344337484 
  2018.0   2.8872246854497705 
  2019.0   2.861393821777656 
  2020.0   2.8712572082515817 
  2021.0   2.94755034746453 
  2022.0   3.0234527958838893 
  2023.0   3.058922135191814 
  2024.0   2.996462935376686 
  2025.0   2.9796929242634063 
  2026.0   2.9745648252235197 
  2027.0   3.065360753573429 
  2028.0   3.061754560397407 
  2029.0   3.076486557227669 
  2030.0   3.117216305964885 
  2031.0   3.111901483876891 
  2032.0   3.1637263562099127 
  2033.0   3.1844871825740135 
  2034.0   3.217198195715797 
  2035.0   3.2606691271972714 
  2036.0   3.2721237684183513 
  2037.0   3.1595074031904953 
  2038.0   3.131118303148025 
  2039.0   3.19702907780931 
  2040.0   3.248330404200584 
  2041.0   3.333260902775371 
  2042.0   3.2827573845876135 
  2043.0   3.2106509265240324 
  2044.0   3.2503598783911736 
  2045.0   3.236513798461123 
  2046.0   3.31662489057304 
  2047.0   3.2997511149979735 
  2048.0   3.3375920780790835 
  2049.0   3.3848160602445336 
  2050.0   3.4902181318971337 
  2051.0   3.457202994064068 
  2052.0   3.4842855969010436 
  2053.0   3.5205817587989334 
  2054.0   3.4979902214920346 
  2055.0   3.4591239503122146 
  2056.0   3.4513022679206347 
  2057.0   3.4526100799955426 
  2058.0   3.5148835195935013 
  2059.0   3.5423660016831477 
  2060.0   3.5758591111831217 
  2061.0   3.4864981422445016 
  2062.0   3.479503739747556 
  2063.0   3.5949219655788966 
  2064.0   3.6801959288925805 
  2065.0   3.6383179446584895 
  2066.0   3.5982032597841065 
  2067.0   3.608195421822122 
  2068.0   3.6104302120672367 
  2069.0   3.596773448075786 
  2070.0   3.637585034952297 
  2071.0   3.7477710789342895 
  2072.0   3.663341469163972 
  2073.0   3.673065659695945 
  2074.0   3.74890040910992 
  2075.0   3.7739345625523213 
  2076.0   3.680972093724191 
  2077.0   3.720966390869262 
  2078.0   3.872709255459405 
  2079.0   4.014749121057184 
  2080.0   4.056728712016411 
  2081.0   4.064579033254647 
  2082.0   4.089353400646233 
  2083.0   4.026284813832054 
  2084.0   3.919477930360731 
  2085.0   3.9333090408742417 
  2086.0   3.9171888535766066 
  2087.0   3.930333719899281 
  2088.0   4.012591554517503 
  2089.0   3.964266880252172 
  2090.0   3.9639359774335863 
  2091.0   3.995699902200157 
  2092.0   3.9792625068959064 
  2093.0   3.971327209621588 
  2094.0   3.929144524190027 
  2095.0   3.8090333495154822 
  2096.0   3.928156972430653 
  2097.0   4.0850575346732985 
  2098.0   4.161092632601176 
  2099.0   4.045464480021006 
  2100.0   3.9886201118697753 
