  2015.0   0.25405945072195574 
  2016.0   -0.9805526205417368 
  2017.0   -0.4124019514663711 
  2018.0   0.8489249201961239 
  2019.0   0.7727017825100969 
  2020.0   -0.2928983744876283 
  2021.0   -0.44998087802442605 
  2022.0   -0.9266318442504418 
  2023.0   0.3143208440019592 
  2024.0   -0.3861333348766504 
  2025.0   1.0247557362444648 
  2026.0   0.2055398566450295 
  2027.0   0.806393096088236 
  2028.0   0.4554088999041148 
  2029.0   -0.5923596319590599 
  2030.0   0.2608137325809169 
  2031.0   -0.35958410531027735 
  2032.0   -1.258955221961782 
  2033.0   1.7398770154783707 
  2034.0   -0.2143087332198188 
  2035.0   0.6614177542855031 
  2036.0   -2.1234494348684394 
  2037.0   0.9935698561947555 
  2038.0   1.179978675366295 
  2039.0   0.7207726254244254 
  2040.0   1.2520163895732117 
  2041.0   1.6974990712840523 
  2042.0   -0.01911597133890494 
  2043.0   -0.1916994608063316 
  2044.0   0.8766815098515583 
  2045.0   0.2211772845708933 
  2046.0   0.8998413352210447 
  2047.0   -1.1862175553297813 
  2048.0   -0.1303680509417109 
  2049.0   -1.019724404168915 
  2050.0   0.49069886739049845 
  2051.0   0.7434642496933805 
  2052.0   0.8972535049996003 
  2053.0   0.6562571865578982 
  2054.0   1.0358273094694157 
  2055.0   0.709363501073882 
  2056.0   0.11545500013211961 
  2057.0   0.6900514294801462 
  2058.0   -0.505982625120285 
  2059.0   0.19148201352873936 
  2060.0   -1.2081181557617426 
  2061.0   0.8778400649815034 
  2062.0   2.8739381780162088 
  2063.0   1.4292258223542198 
  2064.0   0.0024990122459500074 
  2065.0   0.06514386884465971 
  2066.0   0.2091089130856422 
  2067.0   -0.753043127047349 
  2068.0   -1.8241079362355854 
  2069.0   1.8514614393153135 
  2070.0   1.9015157623860708 
  2071.0   0.8356855780012485 
  2072.0   -0.5255424451294257 
  2073.0   0.6900824414325452 
  2074.0   1.3304426716044098 
  2075.0   -0.836288401785821 
  2076.0   0.20214176264480976 
  2077.0   0.6489712867671945 
  2078.0   -0.2964763727078502 
  2079.0   -1.7698713420048966 
  2080.0   -1.0994009352298442 
  2081.0   2.2989177827243896 
  2082.0   0.45363015813675034 
  2083.0   0.6067876915267256 
  2084.0   -1.279027654473403 
  2085.0   0.8153288369602506 
  2086.0   0.40817793055313395 
  2087.0   0.6591461596625116 
  2088.0   -4.913728971045061 
  2089.0   0.5195450840773594 
  2090.0   1.2612985361335007 
  2091.0   1.9698355422320752 
  2092.0   -2.2600053147786254 
  2093.0   -2.291324617234729 
  2094.0   1.3750491730586154 
  2095.0   1.4853464559225615 
  2096.0   -0.3451551737887155 
  2097.0   -0.7816964143568883 
  2098.0   0.4291693863706599 
  2099.0   1.20061046355794 
  2100.0   -0.8496174917272545 
