  2015.0   4.099598600336374 
  2016.0   4.3208340492975745 
  2017.0   4.318121951302722 
  2018.0   3.8276741469137825 
  2019.0   3.9292760117960177 
  2020.0   3.9657696383875627 
  2021.0   3.670243835951123 
  2022.0   3.9558721564081667 
  2023.0   4.175006916724208 
  2024.0   4.062480189196449 
  2025.0   3.9743706705981787 
  2026.0   4.02403876620171 
  2027.0   3.8331716485363443 
  2028.0   4.0804211966935116 
  2029.0   4.188859131441815 
  2030.0   3.939226760832664 
  2031.0   3.9046494313157853 
  2032.0   3.911668412043353 
  2033.0   4.0686776841363965 
  2034.0   3.784998870137016 
  2035.0   4.0400700213337695 
  2036.0   4.076004366026337 
  2037.0   4.079939946062449 
  2038.0   4.072356203089357 
  2039.0   3.987811218400112 
  2040.0   3.8811204409412547 
  2041.0   3.7423857696449123 
  2042.0   3.826498809894405 
  2043.0   3.7881772548217567 
  2044.0   3.8510350351185183 
  2045.0   3.877864159487706 
  2046.0   3.895961807679522 
  2047.0   4.168644885451845 
  2048.0   3.87161459589678 
  2049.0   3.5024942798816645 
  2050.0   3.897108210843887 
  2051.0   3.9715017442313822 
  2052.0   3.997101487455141 
  2053.0   3.8305318392817926 
  2054.0   3.8697847293760614 
  2055.0   4.064083281848793 
  2056.0   4.061321579833768 
  2057.0   3.8965630037515746 
  2058.0   4.138910306722769 
  2059.0   3.951232881306615 
  2060.0   4.085790380541696 
  2061.0   4.0908835672523365 
  2062.0   3.870515508263277 
  2063.0   3.9852601910110175 
  2064.0   3.89267987043826 
  2065.0   3.848375084810431 
  2066.0   3.9137397139532673 
  2067.0   3.996243696316985 
  2068.0   4.15543257083006 
  2069.0   4.0959195695284665 
  2070.0   4.071450446299047 
  2071.0   3.6254656616961007 
  2072.0   3.898596046225547 
  2073.0   3.6028476733533745 
  2074.0   3.863573520352034 
  2075.0   4.031974642851374 
  2076.0   3.7531897159675007 
  2077.0   3.998418086278341 
  2078.0   3.8458174766510536 
  2079.0   3.9846899588560576 
  2080.0   3.783818807788832 
  2081.0   3.931644343257105 
  2082.0   3.938376502520795 
  2083.0   3.652222120347299 
  2084.0   3.9078054357771874 
  2085.0   3.8348335866732324 
  2086.0   3.9223269973915875 
  2087.0   3.9869063911219573 
  2088.0   3.994795389466011 
  2089.0   3.984463393717303 
  2090.0   3.8028906325519194 
  2091.0   3.7574023729193815 
  2092.0   3.9807218147587204 
  2093.0   3.928438422332947 
  2094.0   3.7701426512791554 
  2095.0   3.927473587712315 
  2096.0   3.7952185500408446 
  2097.0   3.7959223200532954 
  2098.0   3.9446775445813156 
  2099.0   3.7298602772414124 
  2100.0   3.8363717219003033 
