  2015.0   33.65146606383976 
  2016.0   32.79489053004022 
  2017.0   33.50697211810457 
  2018.0   32.09028949928355 
  2019.0   31.86031443152585 
  2020.0   33.83312891485095 
  2021.0   35.06177571202522 
  2022.0   33.29699214919758 
  2023.0   33.21705088708831 
  2024.0   33.42382084535065 
  2025.0   34.86663638959203 
  2026.0   35.34239112609802 
  2027.0   33.67973312489643 
  2028.0   32.362607593173585 
  2029.0   34.93004941364766 
  2030.0   35.251808921859 
  2031.0   34.530972717357514 
  2032.0   33.429135126839405 
  2033.0   35.228757434242226 
  2034.0   34.85071737477762 
  2035.0   34.48828778056405 
  2036.0   32.69449346878482 
  2037.0   32.642839953200166 
  2038.0   34.97175926968782 
  2039.0   34.95972852336099 
  2040.0   37.313154730325216 
  2041.0   36.824759137979676 
  2042.0   37.21031755309196 
  2043.0   36.13882570474098 
  2044.0   36.00465110370932 
  2045.0   34.8046524327666 
  2046.0   36.85370294180012 
  2047.0   38.55595908611757 
  2048.0   36.773793444278596 
  2049.0   35.89696979517333 
  2050.0   34.32099379197445 
  2051.0   37.15534090516587 
  2052.0   38.84574489634148 
  2053.0   36.88965070409799 
  2054.0   37.53911337907459 
  2055.0   37.859744267044285 
  2056.0   39.39596636798213 
  2057.0   37.77923075999109 
  2058.0   38.00945775668296 
  2059.0   37.8610006238011 
  2060.0   36.723525182674805 
  2061.0   37.80757342383772 
  2062.0   40.43872290539319 
  2063.0   39.10749888839569 
  2064.0   39.02813815854604 
  2065.0   38.79209925173872 
  2066.0   39.91551946775399 
  2067.0   39.2871770592471 
  2068.0   38.99179664056308 
  2069.0   41.5023339186775 
  2070.0   40.47125001454194 
  2071.0   41.150955219987935 
  2072.0   40.71179233866653 
  2073.0   41.412728415406995 
  2074.0   40.90141879456925 
  2075.0   41.17927233653688 
  2076.0   42.56742911684254 
  2077.0   38.945506077240836 
  2078.0   41.246916215558535 
  2079.0   39.43899454572668 
  2080.0   41.56008589087115 
  2081.0   40.1050234699002 
  2082.0   39.69137541090936 
  2083.0   43.20025353674762 
  2084.0   41.62962982064413 
  2085.0   41.3804763725011 
  2086.0   41.66447348479296 
  2087.0   41.2051857236261 
  2088.0   43.51519112332005 
  2089.0   43.883174902807696 
  2090.0   42.23109277284355 
  2091.0   42.938963461759464 
  2092.0   39.120558573237574 
  2093.0   43.8257234025708 
  2094.0   40.35260148282558 
  2095.0   46.59490119745716 
  2096.0   44.80893655914709 
  2097.0   40.82033300755374 
  2098.0   42.441348600519596 
  2099.0   45.254824905643765 
  2100.0   47.0449537661575 
