  2015.0   17.75476628656256 
  2016.0   18.34727057625956 
  2017.0   18.033512300033387 
  2018.0   17.42285725059799 
  2019.0   18.711502140067893 
  2020.0   19.296930698602253 
  2021.0   19.072636663122285 
  2022.0   19.013526805342373 
  2023.0   17.94608143847324 
  2024.0   18.042339743064833 
  2025.0   18.769046832521962 
  2026.0   18.801731504113015 
  2027.0   18.846478976114387 
  2028.0   18.34071084884831 
  2029.0   18.36640379125457 
  2030.0   19.089466086156172 
  2031.0   18.748245732319436 
  2032.0   18.863967358380922 
  2033.0   18.96654535156416 
  2034.0   18.492412750305032 
  2035.0   19.51734539064099 
  2036.0   19.49236593556923 
  2037.0   18.549076021888688 
  2038.0   19.975864210861786 
  2039.0   19.25363037808253 
  2040.0   19.204759939196055 
  2041.0   18.963419943448702 
  2042.0   19.092864062181206 
  2043.0   19.470215732518703 
  2044.0   18.587937810460158 
  2045.0   19.867940705892302 
  2046.0   18.80370002903763 
  2047.0   18.79080970674275 
  2048.0   19.046021705313574 
  2049.0   19.069005573761935 
  2050.0   18.655178282901097 
  2051.0   18.898704266282593 
  2052.0   20.023485850583125 
  2053.0   20.35633272670657 
  2054.0   20.986831582273016 
  2055.0   21.066002043737594 
  2056.0   20.551680668435335 
  2057.0   20.349202929195435 
  2058.0   20.77628444406647 
  2059.0   20.34454033626255 
  2060.0   20.882001560347014 
  2061.0   19.630074531098412 
  2062.0   19.276843887612092 
  2063.0   19.799253562072266 
  2064.0   19.59876033905297 
  2065.0   19.786725951062593 
  2066.0   19.337557685955613 
  2067.0   20.799776467536386 
  2068.0   19.787540694115435 
  2069.0   19.94569465103785 
  2070.0   19.438599890647765 
  2071.0   20.069508031194953 
  2072.0   19.747298776782845 
  2073.0   20.186550850363172 
  2074.0   20.432018206487168 
  2075.0   20.17228025111665 
  2076.0   20.162275041452396 
  2077.0   18.929306230150427 
  2078.0   20.377642420052418 
  2079.0   20.372092644061453 
  2080.0   20.404439676945447 
  2081.0   21.118440835630906 
  2082.0   20.36016685442863 
  2083.0   19.91864834950241 
  2084.0   20.926941210162123 
  2085.0   20.25098143018862 
  2086.0   20.921126817647544 
  2087.0   20.78257725144022 
  2088.0   20.68143368332664 
  2089.0   20.81893186722004 
  2090.0   20.288248996966505 
  2091.0   21.34095758606664 
  2092.0   20.79205279646441 
  2093.0   21.303847498283318 
  2094.0   20.497931659842656 
  2095.0   21.402016934364113 
  2096.0   21.297740892425228 
  2097.0   21.332310659425307 
  2098.0   20.707269185352054 
  2099.0   20.93661939247147 
  2100.0   21.935727409844926 
