  2015.0   34.55773370947552 
  2016.0   34.68185574587641 
  2017.0   34.77915356362229 
  2018.0   35.02421177032653 
  2019.0   34.98614274613119 
  2020.0   35.13190717877219 
  2021.0   35.48165265929918 
  2022.0   35.4877997907174 
  2023.0   35.29508857065131 
  2024.0   35.303940858312345 
  2025.0   35.50649299087313 
  2026.0   35.46304326490813 
  2027.0   35.48894129615588 
  2028.0   35.329142615870076 
  2029.0   35.47930690026113 
  2030.0   35.4283743615623 
  2031.0   35.563494328717795 
  2032.0   35.49227893303082 
  2033.0   35.56504475851837 
  2034.0   35.594492307048256 
  2035.0   35.32118029415495 
  2036.0   35.372768733781626 
  2037.0   35.63576914995388 
  2038.0   35.61979092299375 
  2039.0   35.80193240514354 
  2040.0   35.84277105208272 
  2041.0   35.90328905941166 
  2042.0   35.99198243741364 
  2043.0   35.93193450224764 
  2044.0   35.78766087711995 
  2045.0   35.69943483714423 
  2046.0   35.6104840799011 
  2047.0   35.550263286930544 
  2048.0   35.52502047975943 
  2049.0   35.804238355248124 
  2050.0   35.44682061514803 
  2051.0   35.3365981655763 
  2052.0   35.460063267585156 
  2053.0   35.18572226825382 
  2054.0   35.35474960082734 
  2055.0   35.153666375592294 
  2056.0   35.238961080628016 
  2057.0   35.41851175073645 
  2058.0   35.293252945998084 
  2059.0   35.443703462724756 
  2060.0   35.382589625835905 
  2061.0   35.47515606578375 
  2062.0   35.3939433098481 
  2063.0   35.302534670519705 
  2064.0   35.33355301807163 
  2065.0   35.22794186497253 
  2066.0   35.21989240360845 
  2067.0   35.085418229499304 
  2068.0   35.065850288843556 
  2069.0   34.99003244790413 
  2070.0   34.94405408413927 
  2071.0   35.21338791542149 
  2072.0   35.08511773492939 
  2073.0   35.1758521044381 
  2074.0   34.908488936002236 
  2075.0   34.66883356134152 
  2076.0   34.89302597465977 
  2077.0   34.68531889059646 
  2078.0   34.64524312335071 
  2079.0   34.65470714742561 
  2080.0   34.55260735743061 
  2081.0   34.343967706719184 
  2082.0   34.23669563295462 
  2083.0   34.255127808518786 
  2084.0   34.03139621666844 
  2085.0   33.847694323277565 
  2086.0   33.73983857920189 
  2087.0   33.69810835107566 
  2088.0   33.62881395750247 
  2089.0   33.45099653300876 
  2090.0   33.32650590203571 
  2091.0   33.25879277948361 
  2092.0   33.06312408737561 
  2093.0   33.03225763232033 
  2094.0   33.02019203671871 
  2095.0   33.04067218982634 
  2096.0   32.99602974216793 
  2097.0   32.599749445949996 
  2098.0   32.60488112232409 
  2099.0   32.66858929965892 
  2100.0   32.53733488416972 
