  2015.0   2.5423865810747754 
  2016.0   2.4655508282872227 
  2017.0   2.5177117160018536 
  2018.0   2.5125260973941432 
  2019.0   2.4491515884984065 
  2020.0   2.52090857067765 
  2021.0   2.523485011282594 
  2022.0   2.528252169928067 
  2023.0   2.467276532708466 
  2024.0   2.4933286506443255 
  2025.0   2.479225894097191 
  2026.0   2.452676046013216 
  2027.0   2.50558331347552 
  2028.0   2.4838932462161005 
  2029.0   2.491589931987684 
  2030.0   2.4591636516986273 
  2031.0   2.5242958331301235 
  2032.0   2.495221798286184 
  2033.0   2.548182750140115 
  2034.0   2.5094640290264887 
  2035.0   2.449815244532666 
  2036.0   2.535601728778227 
  2037.0   2.49825318538844 
  2038.0   2.493481711685702 
  2039.0   2.534299851557811 
  2040.0   2.5072049373354734 
  2041.0   2.458773972381917 
  2042.0   2.5191115147216263 
  2043.0   2.498688018026611 
  2044.0   2.4692139802000566 
  2045.0   2.5322256013565845 
  2046.0   2.490369961624451 
  2047.0   2.433630963696466 
  2048.0   2.5111656905281197 
  2049.0   2.4992377393730267 
  2050.0   2.5053487886979267 
  2051.0   2.4861000905765507 
  2052.0   2.501483441790116 
  2053.0   2.4867957187801073 
  2054.0   2.5300990724142474 
  2055.0   2.4750763049488165 
  2056.0   2.523906217881758 
  2057.0   2.525221930849692 
  2058.0   2.482550932677814 
  2059.0   2.47568353726944 
  2060.0   2.484024146625874 
  2061.0   2.490458705319262 
  2062.0   2.4954206774223704 
  2063.0   2.427528655732764 
  2064.0   2.4725681362709206 
  2065.0   2.4859372214030118 
  2066.0   2.4959927435732574 
  2067.0   2.5081943648517395 
  2068.0   2.47150725995648 
  2069.0   2.4919747950806457 
  2070.0   2.557558820773812 
  2071.0   2.500391052886785 
  2072.0   2.435626889588078 
  2073.0   2.4339225023146986 
  2074.0   2.47548760479644 
  2075.0   2.4470942801854227 
  2076.0   2.453486978363057 
  2077.0   2.483966193344341 
  2078.0   2.492941367917037 
  2079.0   2.5081680496881202 
  2080.0   2.498233805951766 
  2081.0   2.5402919730086104 
  2082.0   2.42881463576848 
  2083.0   2.4803571786275755 
  2084.0   2.4797887631995303 
  2085.0   2.4185175641384564 
  2086.0   2.4264797523558252 
  2087.0   2.4579885848149488 
  2088.0   2.4534620612027376 
  2089.0   2.5275919245320617 
  2090.0   2.4535888217423576 
  2091.0   2.4593186212530753 
  2092.0   2.453918755442814 
  2093.0   2.4500709034521293 
  2094.0   2.4778810312193054 
  2095.0   2.454768899816002 
  2096.0   2.399091137343099 
  2097.0   2.428171072980504 
  2098.0   2.4325393746237967 
  2099.0   2.4851155702284187 
  2100.0   2.3578571535027333 
