  2015.0   15.406786082141789 
  2016.0   14.13205940330349 
  2017.0   15.172372291448703 
  2018.0   13.188342504355845 
  2019.0   13.667402993031045 
  2020.0   15.409770272287828 
  2021.0   16.228241482948185 
  2022.0   14.299528824525023 
  2023.0   14.419807415727098 
  2024.0   14.80635922495086 
  2025.0   15.887192335373951 
  2026.0   16.216794247856416 
  2027.0   14.068669369331007 
  2028.0   13.417255536022966 
  2029.0   16.186602757021777 
  2030.0   15.855906130926437 
  2031.0   14.919944013597286 
  2032.0   14.405833290446475 
  2033.0   15.908655373954275 
  2034.0   15.280969068784492 
  2035.0   14.835339472454836 
  2036.0   13.394982861380376 
  2037.0   13.612027743098729 
  2038.0   15.575542710706104 
  2039.0   15.735667529596919 
  2040.0   17.634860913471254 
  2041.0   16.729922539470007 
  2042.0   17.06651508934182 
  2043.0   15.623096828089029 
  2044.0   15.737092080983164 
  2045.0   14.733310133352346 
  2046.0   17.020830390435993 
  2047.0   17.950514706732708 
  2048.0   15.912735031051064 
  2049.0   15.246965079338574 
  2050.0   13.839252629697535 
  2051.0   17.329831065372513 
  2052.0   18.029202927429505 
  2053.0   15.95186019654932 
  2054.0   16.828268225992783 
  2055.0   17.081516206442682 
  2056.0   18.117980144898432 
  2057.0   16.420649382448058 
  2058.0   16.53013468874207 
  2059.0   16.52768187071401 
  2060.0   15.574546048270337 
  2061.0   17.107168906981524 
  2062.0   19.042721349023683 
  2063.0   17.203963888996306 
  2064.0   17.26255866592002 
  2065.0   17.273583873084192 
  2066.0   18.029869847621896 
  2067.0   17.2756612229096 
  2068.0   17.365002987988778 
  2069.0   19.230037143677915 
  2070.0   18.286028138681747 
  2071.0   18.996930321001752 
  2072.0   18.018576197461524 
  2073.0   18.843063286061128 
  2074.0   18.149890568101647 
  2075.0   18.64280491488059 
  2076.0   19.57335988262785 
  2077.0   16.387786758681827 
  2078.0   18.617037237104974 
  2079.0   16.662635173539627 
  2080.0   18.803552255338385 
  2081.0   17.286052188772587 
  2082.0   17.300834032400452 
  2083.0   20.30259457675795 
  2084.0   18.569993891243517 
  2085.0   18.15324137180443 
  2086.0   18.469509715179772 
  2087.0   17.93052478699548 
  2088.0   20.475115309462936 
  2089.0   19.943631336532384 
  2090.0   18.508356395352727 
  2091.0   19.189254140801445 
  2092.0   16.14134331820967 
  2093.0   20.51748124877611 
  2094.0   16.999564894485207 
  2095.0   23.043328116509027 
  2096.0   20.207451790760402 
  2097.0   17.01040575350842 
  2098.0   18.754138856335192 
  2099.0   21.396417400295075 
  2100.0   22.407387939015763 
