  2015.0   128.4592090204338 
  2016.0   128.1292483638353 
  2017.0   128.61433031113947 
  2018.0   128.69562894560966 
  2019.0   129.08212419835314 
  2020.0   128.46290384317152 
  2021.0   127.8176813418767 
  2022.0   127.2495155358594 
  2023.0   127.086823990532 
  2024.0   126.8417160479874 
  2025.0   127.59027533194863 
  2026.0   127.41105771982056 
  2027.0   126.73521673083006 
  2028.0   126.94561804386483 
  2029.0   126.42499961295933 
  2030.0   126.90069020975835 
  2031.0   127.41133455057509 
  2032.0   126.11914189888753 
  2033.0   126.3013879836689 
  2034.0   126.41621004776198 
  2035.0   125.88139495225481 
  2036.0   126.0130522066025 
  2037.0   126.46352193237917 
  2038.0   126.80228432730817 
  2039.0   126.96661541339333 
  2040.0   126.15294621117991 
  2041.0   126.76839797773034 
  2042.0   126.96409558788676 
  2043.0   127.10934742285109 
  2044.0   127.73046770412222 
  2045.0   127.45967871926047 
  2046.0   127.54650588547932 
  2047.0   127.33696181273723 
  2048.0   127.47949175729086 
  2049.0   127.48881175930612 
  2050.0   128.35938380544957 
  2051.0   128.24129252054104 
  2052.0   128.14310911470315 
  2053.0   128.0855390328319 
  2054.0   128.4727852063735 
  2055.0   128.27817503870884 
  2056.0   128.35656760058905 
  2057.0   128.20235475288476 
  2058.0   128.85762539178972 
  2059.0   129.75947310287393 
  2060.0   129.149687357869 
  2061.0   128.4622391574017 
  2062.0   129.57578677805702 
  2063.0   128.63554069880104 
  2064.0   128.91561702241344 
  2065.0   130.11999788413186 
  2066.0   130.35856450546112 
  2067.0   129.88227405016775 
  2068.0   129.85555243244065 
  2069.0   129.91007362363604 
  2070.0   129.72729470132086 
  2071.0   129.5281421584114 
  2072.0   129.842651544775 
  2073.0   129.6184472737981 
  2074.0   129.97822594288118 
  2075.0   129.56890417922372 
  2076.0   129.59981081537669 
  2077.0   129.39713513853238 
  2078.0   129.57232304242146 
  2079.0   129.12856254400572 
  2080.0   129.25845808615722 
  2081.0   130.49032469196587 
  2082.0   130.69029532822978 
  2083.0   130.54522177256683 
  2084.0   130.5619415799256 
  2085.0   130.93626323245377 
  2086.0   131.41018008086863 
  2087.0   131.85511029328148 
  2088.0   131.76195904352338 
  2089.0   131.89072312176353 
  2090.0   132.24434877319672 
  2091.0   132.5818164126042 
  2092.0   131.1164944713953 
  2093.0   131.59589067727316 
  2094.0   131.78830039961994 
  2095.0   133.08349958635324 
  2096.0   133.15035356129704 
  2097.0   133.1933070900644 
  2098.0   132.93651491464198 
  2099.0   133.12175638922432 
  2100.0   133.6988018675052 
