  2015.0   24.018975632985367 
  2016.0   24.42728918956861 
  2017.0   24.86828194582354 
  2018.0   25.349760722033295 
  2019.0   25.036977857610136 
  2020.0   24.671497295436335 
  2021.0   23.70007298978873 
  2022.0   25.050566319126396 
  2023.0   24.87313132789302 
  2024.0   24.674228067888297 
  2025.0   24.794857704314484 
  2026.0   24.15747335646852 
  2027.0   24.84843934285246 
  2028.0   25.249554754733083 
  2029.0   24.858150398219834 
  2030.0   24.731506225803443 
  2031.0   24.872054137735898 
  2032.0   23.23252050999444 
  2033.0   25.36371750439353 
  2034.0   24.44329556951716 
  2035.0   25.092910352529294 
  2036.0   24.901110155155486 
  2037.0   25.388515691148154 
  2038.0   25.523148721917607 
  2039.0   25.09705874207468 
  2040.0   25.232149353543758 
  2041.0   25.957067241111005 
  2042.0   25.715669587105427 
  2043.0   25.444274802734892 
  2044.0   25.98525253176247 
  2045.0   26.599802291565695 
  2046.0   25.94242506567943 
  2047.0   25.452721399431873 
  2048.0   25.703313470899513 
  2049.0   26.034540506228513 
  2050.0   27.0954194610944 
  2051.0   26.488242266899753 
  2052.0   26.451498236318606 
  2053.0   26.32990800671897 
  2054.0   27.091718614433056 
  2055.0   26.28747906629646 
  2056.0   26.1218285981206 
  2057.0   25.71110049599006 
  2058.0   26.359252562827805 
  2059.0   27.387248892219212 
  2060.0   25.82041855129298 
  2061.0   26.182646728887566 
  2062.0   27.60267395839415 
  2063.0   25.542605220927847 
  2064.0   26.426219164683953 
  2065.0   27.683136252003777 
  2066.0   27.21303873879959 
  2067.0   27.059634179202856 
  2068.0   26.11671544040624 
  2069.0   28.038798960217676 
  2070.0   26.910527131830737 
  2071.0   26.960320955484644 
  2072.0   26.08010357255216 
  2073.0   26.255503862634573 
  2074.0   26.295463012983667 
  2075.0   26.416208219985634 
  2076.0   26.44894660919781 
  2077.0   26.759597566827484 
  2078.0   26.64606806801249 
  2079.0   25.84466712188651 
  2080.0   26.547846575357806 
  2081.0   28.420685191653668 
  2082.0   28.044468915154628 
  2083.0   27.885736936834892 
  2084.0   27.157991846371008 
  2085.0   27.682228010489606 
  2086.0   28.795242687472697 
  2087.0   28.798018149647028 
  2088.0   28.30577661580772 
  2089.0   27.959079066299914 
  2090.0   28.569312839825233 
  2091.0   28.912911555973047 
  2092.0   27.868984859461616 
  2093.0   28.73854726743604 
  2094.0   28.82668539408981 
  2095.0   29.26017146599251 
  2096.0   29.02268781627311 
  2097.0   28.917421817876207 
  2098.0   28.05509840044787 
  2099.0   28.488886645034203 
  2100.0   28.385510838480805 
