  2015.0   5.2280447057855906 
  2016.0   4.953584716974311 
  2017.0   5.027505516968343 
  2018.0   4.985641027248375 
  2019.0   4.8363050377677785 
  2020.0   5.126821168028901 
  2021.0   5.124466467458677 
  2022.0   4.913023078808189 
  2023.0   4.997150551518416 
  2024.0   5.038224093147638 
  2025.0   4.966953398641342 
  2026.0   4.937253547015716 
  2027.0   4.983254659768173 
  2028.0   5.034159108603812 
  2029.0   4.948805334963763 
  2030.0   4.7771871495508105 
  2031.0   5.040550273404706 
  2032.0   5.0673078573806265 
  2033.0   5.231876042394244 
  2034.0   5.045185398221846 
  2035.0   4.896125828930869 
  2036.0   5.24675883971748 
  2037.0   5.0310669566392825 
  2038.0   4.970635318451973 
  2039.0   5.08184798758718 
  2040.0   5.254583396569091 
  2041.0   4.904420961300013 
  2042.0   5.015426987443106 
  2043.0   4.99116443933706 
  2044.0   5.0174479306701185 
  2045.0   5.295244750665851 
  2046.0   5.036312779847527 
  2047.0   4.802207741409123 
  2048.0   5.151003672445047 
  2049.0   5.243594290821341 
  2050.0   5.150666845208612 
  2051.0   4.997216110510323 
  2052.0   5.054960043061895 
  2053.0   4.99189385346983 
  2054.0   5.307741995365387 
  2055.0   5.064527791394832 
  2056.0   5.325488496269406 
  2057.0   5.258342291866028 
  2058.0   5.103603507546398 
  2059.0   5.011213675827353 
  2060.0   5.008231138126322 
  2061.0   4.935027329290014 
  2062.0   5.040069901531342 
  2063.0   4.818089350244753 
  2064.0   5.033984712060209 
  2065.0   5.013219296679951 
  2066.0   5.097985115011881 
  2067.0   5.089058945890795 
  2068.0   5.002065560711061 
  2069.0   4.991217086156805 
  2070.0   5.35465225211964 
  2071.0   5.148027734218522 
  2072.0   4.863130266501804 
  2073.0   4.7831092990391335 
  2074.0   4.994504459778871 
  2075.0   4.879725824191504 
  2076.0   5.0330318252132065 
  2077.0   5.160765532107437 
  2078.0   5.28032406744517 
  2079.0   5.011549357994605 
  2080.0   5.0367732202751325 
  2081.0   5.267787522352824 
  2082.0   4.908863899894666 
  2083.0   5.049480675494422 
  2084.0   5.31784110061333 
  2085.0   4.765443928224796 
  2086.0   4.949527679557286 
  2087.0   4.896092907427561 
  2088.0   5.083231811944565 
  2089.0   5.258800400700377 
  2090.0   4.94879672469749 
  2091.0   4.985437767642257 
  2092.0   4.873948444812657 
  2093.0   4.997327464070302 
  2094.0   5.200253362244422 
  2095.0   4.933486504852189 
  2096.0   4.7496783698615195 
  2097.0   4.995859603058459 
  2098.0   5.015934203187197 
  2099.0   5.190366803041247 
  2100.0   4.660981460930581 
