  2015.0   8.449048507328768e-10 
  2016.0   8.817195238205033e-10 
  2017.0   8.298564045545812e-10 
  2018.0   9.125215989253685e-10 
  2019.0   9.271367244723311e-10 
  2020.0   9.326484557794448e-10 
  2021.0   8.986546494546361e-10 
  2022.0   9.012802325398068e-10 
  2023.0   9.175563209177466e-10 
  2024.0   9.329395495501268e-10 
  2025.0   9.429857841400808e-10 
  2026.0   9.057815720217636e-10 
  2027.0   9.253635183382567e-10 
  2028.0   9.847049301541848e-10 
  2029.0   9.028170602072449e-10 
  2030.0   9.284956960067569e-10 
  2031.0   8.954816615739425e-10 
  2032.0   9.135240705430752e-10 
  2033.0   9.147280404722128e-10 
  2034.0   9.883280826953785e-10 
  2035.0   1.0545953292619683e-09 
  2036.0   9.840361096492282e-10 
  2037.0   9.273764476404233e-10 
  2038.0   9.97647438986578e-10 
  2039.0   9.705662381964397e-10 
  2040.0   9.631717571582062e-10 
  2041.0   9.44255754185053e-10 
  2042.0   8.927992212872148e-10 
  2043.0   1.1409843657649535e-09 
  2044.0   9.951028230429944e-10 
  2045.0   1.0088172584802976e-09 
  2046.0   9.870288893994885e-10 
  2047.0   1.0028516885579924e-09 
  2048.0   1.0034692218206147e-09 
  2049.0   1.0475784680426576e-09 
  2050.0   1.1430330458643503e-09 
  2051.0   1.1339207478564053e-09 
  2052.0   1.0498502791907982e-09 
  2053.0   1.0477368092287285e-09 
  2054.0   1.1707460671494357e-09 
  2055.0   1.0911276757626698e-09 
  2056.0   1.0827639464159142e-09 
  2057.0   1.0831037627193402e-09 
  2058.0   1.0948309804845178e-09 
  2059.0   1.145482708250047e-09 
  2060.0   1.0822387053325923e-09 
  2061.0   1.0960218985770989e-09 
  2062.0   1.2594896864931486e-09 
  2063.0   1.180585935977307e-09 
  2064.0   1.0672478865045063e-09 
  2065.0   1.1131552566081406e-09 
  2066.0   1.2731219269679169e-09 
  2067.0   1.2676119992265116e-09 
  2068.0   1.1709480498248064e-09 
  2069.0   1.1116353464313535e-09 
  2070.0   1.1188862586227053e-09 
  2071.0   1.1653828976176055e-09 
  2072.0   1.1871002911130158e-09 
  2073.0   1.2143540342224167e-09 
  2074.0   1.0917132896270932e-09 
  2075.0   1.1358875362158242e-09 
  2076.0   1.2301055171974996e-09 
  2077.0   1.1254720359847816e-09 
  2078.0   1.12400462218923e-09 
  2079.0   1.1617796533178994e-09 
  2080.0   1.2001296286311878e-09 
  2081.0   1.2510788273633981e-09 
  2082.0   1.1945183175048704e-09 
  2083.0   1.1132135634128246e-09 
  2084.0   1.246391335416246e-09 
  2085.0   1.3411216337889881e-09 
  2086.0   1.1986394254997934e-09 
  2087.0   1.1991522504297524e-09 
  2088.0   1.2393474919210222e-09 
  2089.0   1.391864229785211e-09 
  2090.0   1.2314388004146196e-09 
  2091.0   1.1881060145255653e-09 
  2092.0   1.139981076023739e-09 
  2093.0   1.3090917039356945e-09 
  2094.0   1.2571885018934526e-09 
  2095.0   1.2040536597641813e-09 
  2096.0   1.2538542943252582e-09 
  2097.0   1.2751777777970036e-09 
  2098.0   1.3610582162820417e-09 
  2099.0   1.3418919706571171e-09 
  2100.0   1.325746354274411e-09 
