  2015.0   0.5562184413512762 
  2016.0   0.5434176467194343 
  2017.0   0.5311074884196256 
  2018.0   0.5190424090314899 
  2019.0   0.5081501744543329 
  2020.0   0.497634569167313 
  2021.0   0.48548041337784087 
  2022.0   0.4740262951303113 
  2023.0   0.46295016280344387 
  2024.0   0.45224517023649274 
  2025.0   0.4426465587870755 
  2026.0   0.4315176012375231 
  2027.0   0.42126416543820233 
  2028.0   0.4111064793003899 
  2029.0   0.4013474207352844 
  2030.0   0.3920914194864688 
  2031.0   0.3817496681656276 
  2032.0   0.3720920705743836 
  2033.0   0.36280237031199863 
  2034.0   0.354093130283652 
  2035.0   0.34582552652243903 
  2036.0   0.33656022355648024 
  2037.0   0.3280106651429941 
  2038.0   0.3201033794689784 
  2039.0   0.3127607402565659 
  2040.0   0.3059462239890545 
  2041.0   0.2984335965366069 
  2042.0   0.2914276232240672 
  2043.0   0.2847395157043723 
  2044.0   0.2783815852998104 
  2045.0   0.2723833528909064 
  2046.0   0.26559981323731585 
  2047.0   0.25924873687665356 
  2048.0   0.25323059102115963 
  2049.0   0.24768091142638135 
  2050.0   0.24253635354893396 
  2051.0   0.23669042777934973 
  2052.0   0.2312381346713654 
  2053.0   0.22620624868574177 
  2054.0   0.22145145659993354 
  2055.0   0.2170663038348719 
  2056.0   0.21290532861641986 
  2057.0   0.2093322878150804 
  2058.0   0.20612073362498598 
  2059.0   0.20348010325465382 
  2060.0   0.20111563017850187 
  2061.0   0.19828356067188985 
  2062.0   0.19604535316148633 
  2063.0   0.1943226516304531 
  2064.0   0.193122568040191 
  2065.0   0.19242805898592588 
  2066.0   0.18761209836922127 
  2067.0   0.18319739248159084 
  2068.0   0.17911687456490213 
  2069.0   0.17540033016051135 
  2070.0   0.1720506974454708 
  2071.0   0.16782811895663624 
  2072.0   0.16410496666948085 
  2073.0   0.16092521481144206 
  2074.0   0.15816892878197666 
  2075.0   0.15580218906752832 
  2076.0   0.15301654453187133 
  2077.0   0.15069971165648316 
  2078.0   0.14877922139732302 
  2079.0   0.14720148134540653 
  2080.0   0.14601233225604407 
  2081.0   0.14496347230005646 
  2082.0   0.14425432780104588 
  2083.0   0.14387589189162234 
  2084.0   0.14376528959009163 
  2085.0   0.14397003235691028 
  2086.0   0.14283546480234677 
  2087.0   0.14229384993385444 
  2088.0   0.14207948740485496 
  2089.0   0.142047591851513 
  2090.0   0.14233384202822563 
  2091.0   0.14070900882316648 
  2092.0   0.13967240687748753 
  2093.0   0.13907241183329586 
  2094.0   0.13881282549718038 
  2095.0   0.13893698160778198 
  2096.0   0.14033453527631967 
  2097.0   0.14220848970411681 
  2098.0   0.14430428362602482 
  2099.0   0.14672074043042155 
  2100.0   0.1495027882690709 
