  2015.0   4.360851816174592e-10 
  2016.0   3.399115972625805e-10 
  2017.0   3.3674614154640606e-10 
  2018.0   3.7211929445512974e-10 
  2019.0   3.816279083282091e-10 
  2020.0   3.33159920603101e-10 
  2021.0   2.8167877175271936e-10 
  2022.0   2.9735090648876516e-10 
  2023.0   2.7787139009530685e-10 
  2024.0   2.6392399939319895e-10 
  2025.0   2.6236642776008513e-10 
  2026.0   2.1059810783151121e-10 
  2027.0   2.1627522311278477e-10 
  2028.0   2.1530341561686054e-10 
  2029.0   2.1203484633634925e-10 
  2030.0   2.0954478451135174e-10 
  2031.0   2.101301011944149e-10 
  2032.0   2.073827182562593e-10 
  2033.0   2.0766066584471087e-10 
  2034.0   2.045522059325345e-10 
  2035.0   1.9649330032359045e-10 
  2036.0   1.9251926142028052e-10 
  2037.0   1.9311417276424654e-10 
  2038.0   1.918076414137545e-10 
  2039.0   1.9411241541897292e-10 
  2040.0   1.9646585282621152e-10 
  2041.0   1.7344756473616174e-10 
  2042.0   1.7803867244175516e-10 
  2043.0   1.795312980039599e-10 
  2044.0   1.7816641903720345e-10 
  2045.0   1.778926974498753e-10 
  2046.0   1.9128955694527845e-10 
  2047.0   1.9168867924000553e-10 
  2048.0   1.9327668777963162e-10 
  2049.0   1.9392558217741488e-10 
  2050.0   1.8955003160401246e-10 
  2051.0   2.0847447719341843e-10 
  2052.0   2.181740891907973e-10 
  2053.0   2.178973684316205e-10 
  2054.0   2.1860639139314868e-10 
  2055.0   2.2464352718419964e-10 
  2056.0   1.871993654609825e-10 
  2057.0   1.8743857991500906e-10 
  2058.0   1.886220442708368e-10 
  2059.0   1.8826930718397312e-10 
  2060.0   1.8739381085262851e-10 
  2061.0   1.757147148183715e-10 
  2062.0   1.7396308994243014e-10 
  2063.0   1.71615091662719e-10 
  2064.0   1.7274978629034222e-10 
  2065.0   1.7062228437014254e-10 
  2066.0   1.9995205770280647e-10 
  2067.0   2.018200992976941e-10 
  2068.0   2.049505265703902e-10 
  2069.0   2.0671637907548697e-10 
  2070.0   2.0862048694455905e-10 
  2071.0   2.1992434469953961e-10 
  2072.0   2.2646287525280883e-10 
  2073.0   2.3146753738484278e-10 
  2074.0   2.349600266655716e-10 
  2075.0   2.3859186250235087e-10 
  2076.0   2.57049234771403e-10 
  2077.0   2.5711487931531255e-10 
  2078.0   2.5991647895454773e-10 
  2079.0   2.615069745010051e-10 
  2080.0   2.6260807589578867e-10 
  2081.0   2.5326352215169476e-10 
  2082.0   2.5407630342916463e-10 
  2083.0   2.549354257054622e-10 
  2084.0   2.5615378169859644e-10 
  2085.0   2.5820911666317873e-10 
  2086.0   2.3202944111140888e-10 
  2087.0   2.3281342489209825e-10 
  2088.0   2.3142047543847338e-10 
  2089.0   2.313001994663543e-10 
  2090.0   2.3001510727053906e-10 
  2091.0   2.552542793133924e-10 
  2092.0   2.574028945577576e-10 
  2093.0   2.592010937781959e-10 
  2094.0   2.594330251822869e-10 
  2095.0   2.5885575448403543e-10 
  2096.0   2.694497849972019e-10 
  2097.0   2.7083151982436457e-10 
  2098.0   2.7256368086070246e-10 
  2099.0   2.7577865612172826e-10 
  2100.0   2.770313805751554e-10 
