  2015.0   2.780439406157305 
  2016.0   2.773544778366373 
  2017.0   2.7909028143743426 
  2018.0   2.8038598919126945 
  2019.0   2.7975059019268596 
  2020.0   2.8018819726445603 
  2021.0   2.7882304734349104 
  2022.0   2.783581668236228 
  2023.0   2.7749377528419914 
  2024.0   2.7722718041564614 
  2025.0   2.7588184486098584 
  2026.0   2.804584777239369 
  2027.0   2.7935685031209507 
  2028.0   2.792516489602627 
  2029.0   2.789807780138265 
  2030.0   2.8120244118480513 
  2031.0   2.810362503999057 
  2032.0   2.8324819954050082 
  2033.0   2.812943515213716 
  2034.0   2.837765912127737 
  2035.0   2.8667194345488105 
  2036.0   2.8682942284950315 
  2037.0   2.8397112383434178 
  2038.0   2.8306236954557624 
  2039.0   2.8481446724354584 
  2040.0   2.8698869729546113 
  2041.0   2.898212869535576 
  2042.0   2.900728462151249 
  2043.0   2.875005971579944 
  2044.0   2.8975064739742886 
  2045.0   2.92370474292476 
  2046.0   2.926195913241281 
  2047.0   2.875493403898151 
  2048.0   2.860077828384332 
  2049.0   2.876315597526712 
  2050.0   2.898237394051649 
  2051.0   2.8598182814485074 
  2052.0   2.889381269614265 
  2053.0   2.9093419392675863 
  2054.0   2.9047179481210192 
  2055.0   2.927668740611481 
  2056.0   2.896307281677739 
  2057.0   2.9000916781998187 
  2058.0   2.891237138792799 
  2059.0   2.905266413953982 
  2060.0   2.8952769301503785 
  2061.0   2.912499878171169 
  2062.0   2.93840334173636 
  2063.0   2.945724149518314 
  2064.0   2.926134833667072 
  2065.0   2.950029912628528 
  2066.0   2.9773977440050143 
  2067.0   2.9806125089266127 
  2068.0   2.981508252726866 
  2069.0   3.001850626035235 
  2070.0   2.976174887309598 
  2071.0   2.9839188183197134 
  2072.0   2.981464955061739 
  2073.0   2.9972858711545953 
  2074.0   2.9945511198712094 
  2075.0   3.0227195324262794 
  2076.0   3.021365644755492 
  2077.0   3.0342236744196933 
  2078.0   3.024590557795819 
  2079.0   3.0376204682660752 
  2080.0   3.061875991478108 
  2081.0   3.02140480240306 
  2082.0   3.007706311985177 
  2083.0   3.0361400400079357 
  2084.0   3.049668528324352 
  2085.0   3.07402279193829 
  2086.0   3.0300469547226307 
  2087.0   3.0179791506950067 
  2088.0   3.032883385774206 
  2089.0   3.0404793323081596 
  2090.0   3.005235998797296 
  2091.0   3.031744008305847 
  2092.0   3.051743220448707 
  2093.0   3.054917846588576 
  2094.0   3.0481734239086977 
  2095.0   3.03836745288807 
  2096.0   3.0574748390258613 
  2097.0   3.0705499678074633 
  2098.0   3.022052951187124 
  2099.0   3.0310650367942333 
  2100.0   3.0873029770993674 
