  2015.0   30.420429858200723 
  2016.0   29.713496739083116 
  2017.0   30.923618936904465 
  2018.0   31.667631619177765 
  2019.0   31.83045362094874 
  2020.0   31.449299321184743 
  2021.0   31.78547026482017 
  2022.0   31.450376882760757 
  2023.0   32.74482318862953 
  2024.0   32.27254074577776 
  2025.0   32.922493084835644 
  2026.0   33.57281631021762 
  2027.0   33.3056183616368 
  2028.0   32.96176197442022 
  2029.0   32.976521605445676 
  2030.0   33.20546115425017 
  2031.0   32.21435216243238 
  2032.0   32.43457748540308 
  2033.0   32.96848572423024 
  2034.0   32.24135727925378 
  2035.0   32.2601937159278 
  2036.0   32.65013376788572 
  2037.0   33.92312594149471 
  2038.0   34.30880668847048 
  2039.0   34.38095436335257 
  2040.0   33.816776292163276 
  2041.0   33.678071247394335 
  2042.0   34.291616534578935 
  2043.0   33.71803672029363 
  2044.0   33.75748299342009 
  2045.0   34.64713762151552 
  2046.0   34.731861624509435 
  2047.0   34.68769839176099 
  2048.0   34.347061918680275 
  2049.0   34.48566783478586 
  2050.0   34.54340215441399 
  2051.0   35.22090168747354 
  2052.0   35.001741030365864 
  2053.0   35.25585886170588 
  2054.0   35.08539900055371 
  2055.0   34.22502951155804 
  2056.0   34.03903029652757 
  2057.0   34.74424849885655 
  2058.0   35.32910470118928 
  2059.0   35.81417332813391 
  2060.0   36.14740582758255 
  2061.0   35.921131361976705 
  2062.0   35.92037636957572 
  2063.0   35.942280863062564 
  2064.0   36.1351850318474 
  2065.0   36.59162813002401 
  2066.0   36.68597231822739 
  2067.0   37.19858673464107 
  2068.0   37.270474017968574 
  2069.0   36.4771268664097 
  2070.0   37.29751405117791 
  2071.0   36.57853324421859 
  2072.0   36.55572697345138 
  2073.0   36.26478917405854 
  2074.0   36.776361699310606 
  2075.0   36.140922971329566 
  2076.0   36.438074859886385 
  2077.0   37.53763903649683 
  2078.0   37.31467778151726 
  2079.0   36.98092578174392 
  2080.0   35.74891444643831 
  2081.0   36.563180731880735 
  2082.0   36.79122332481122 
  2083.0   36.58535443736929 
  2084.0   37.41709123741993 
  2085.0   37.477917813598246 
  2086.0   38.21075543320719 
  2087.0   37.41105290722299 
  2088.0   37.71747727658475 
  2089.0   35.83353347851718 
  2090.0   37.8366153297968 
  2091.0   36.85343845367259 
  2092.0   37.46185365643181 
  2093.0   38.42324167609485 
  2094.0   38.60384738581026 
  2095.0   39.10073518137652 
  2096.0   38.969729310357415 
  2097.0   39.007731668913074 
  2098.0   38.87665064868922 
  2099.0   37.63175273683823 
  2100.0   37.406558547865366 
