  2015.0   192.05839207764632 
  2016.0   191.77201917769494 
  2017.0   191.5254066782676 
  2018.0   191.1206152727717 
  2019.0   190.64356523267736 
  2020.0   190.6541094109369 
  2021.0   191.03367996086837 
  2022.0   191.40033028223849 
  2023.0   191.52868990994514 
  2024.0   191.40329487155824 
  2025.0   190.7658667808421 
  2026.0   190.51796982585597 
  2027.0   190.21751014043977 
  2028.0   190.11352795132493 
  2029.0   189.90357164010916 
  2030.0   190.24685419509746 
  2031.0   190.02356661400606 
  2032.0   189.28433766420494 
  2033.0   189.34903680454894 
  2034.0   189.19602459319677 
  2035.0   188.85712016032875 
  2036.0   189.08650164128133 
  2037.0   189.46518312864472 
  2038.0   189.40971929207146 
  2039.0   189.43535597248504 
  2040.0   189.29888713520316 
  2041.0   189.16008286666096 
  2042.0   189.36497310499226 
  2043.0   189.2335440114314 
  2044.0   189.09036734720345 
  2045.0   188.95165121964774 
  2046.0   188.61756537630046 
  2047.0   187.98602342061608 
  2048.0   187.5864747646417 
  2049.0   187.3365338274043 
  2050.0   186.89870957355504 
  2051.0   186.62327198842527 
  2052.0   186.8236049721937 
  2053.0   186.91361377639126 
  2054.0   187.53524445919132 
  2055.0   188.1539401923822 
  2056.0   188.9312102997361 
  2057.0   189.47112206070057 
  2058.0   189.35093812358306 
  2059.0   189.27065278078916 
  2060.0   189.43264898818694 
  2061.0   189.71602040307442 
  2062.0   189.55502676190386 
  2063.0   189.1580837303428 
  2064.0   188.86907038434768 
  2065.0   188.1700649680623 
  2066.0   188.00965067647613 
  2067.0   187.89069384277036 
  2068.0   187.93414644778093 
  2069.0   187.54219199220924 
  2070.0   186.75408873823937 
  2071.0   186.75142810790697 
  2072.0   186.7351732926351 
  2073.0   186.2436480903869 
  2074.0   186.32120085203894 
  2075.0   186.53123808174553 
  2076.0   186.41967053253603 
  2077.0   185.85038251944616 
  2078.0   185.23032282873322 
  2079.0   184.95512405598834 
  2080.0   184.87217051241046 
  2081.0   184.39123919229897 
  2082.0   184.48347501229816 
  2083.0   184.6522803050701 
  2084.0   184.36961386974406 
  2085.0   184.07456537018177 
  2086.0   184.1204682709197 
  2087.0   184.5571701648819 
  2088.0   184.78915129273193 
  2089.0   184.60112431009043 
  2090.0   183.95194617546258 
  2091.0   183.51127261629142 
  2092.0   183.47173172084703 
  2093.0   183.528779060067 
  2094.0   183.22059487461246 
  2095.0   182.85517748835323 
  2096.0   183.13010170307544 
  2097.0   182.8384216067532 
  2098.0   182.30427291371905 
  2099.0   181.9088717881237 
  2100.0   181.76549571531325 
