  2015.0   346.13351008538166 
  2016.0   347.13735085768695 
  2017.0   347.82116483092824 
  2018.0   348.342580830611 
  2019.0   347.4939540642169 
  2020.0   348.1738761980285 
  2021.0   348.4320216401957 
  2022.0   348.05414235327544 
  2023.0   348.3379727639855 
  2024.0   349.44523792300424 
  2025.0   349.9829621553008 
  2026.0   349.79802430635823 
  2027.0   349.64105869887936 
  2028.0   349.6264827801438 
  2029.0   350.87788128016075 
  2030.0   351.11768870860453 
  2031.0   350.7815372897744 
  2032.0   350.50173107158275 
  2033.0   351.1424551889777 
  2034.0   350.91585889982406 
  2035.0   350.45284354262986 
  2036.0   351.6548464896142 
  2037.0   352.4481308910074 
  2038.0   353.01744153329804 
  2039.0   353.5292563637849 
  2040.0   353.5473419942902 
  2041.0   353.18427563427844 
  2042.0   353.45104665740337 
  2043.0   353.10633068367457 
  2044.0   353.217795051392 
  2045.0   353.88988949644335 
  2046.0   353.8880046859868 
  2047.0   354.04855030128664 
  2048.0   354.5439350704094 
  2049.0   354.1133582062629 
  2050.0   353.40112600841866 
  2051.0   354.2476481675473 
  2052.0   354.3385351342901 
  2053.0   354.54478130623323 
  2054.0   355.1525867782555 
  2055.0   355.05600068135993 
  2056.0   355.770976595128 
  2057.0   356.36955709399547 
  2058.0   356.1432784279983 
  2059.0   356.89175790952186 
  2060.0   356.99837886800424 
  2061.0   357.55193740438193 
  2062.0   357.9660025309152 
  2063.0   357.82758373364885 
  2064.0   358.15060708300484 
  2065.0   357.8253733077295 
  2066.0   358.15949454284566 
  2067.0   358.21290924779566 
  2068.0   358.4699875676019 
  2069.0   358.6246637619955 
  2070.0   358.8583208129749 
  2071.0   359.3663935037008 
  2072.0   358.9176416991756 
  2073.0   358.47397546304313 
  2074.0   358.09961526448734 
  2075.0   358.02910249162585 
  2076.0   358.24617377085406 
  2077.0   357.5438590398408 
  2078.0   358.104286578359 
  2079.0   357.25349351711844 
  2080.0   357.08437521132004 
  2081.0   356.34001310330495 
  2082.0   356.76713635810927 
  2083.0   356.3599820447156 
  2084.0   354.6721663324399 
  2085.0   354.7809751592035 
  2086.0   354.6606620461367 
  2087.0   354.9216306511092 
  2088.0   354.3168585595369 
  2089.0   353.85506925368 
  2090.0   353.3868567860798 
  2091.0   353.484818967999 
  2092.0   353.2766269439417 
  2093.0   353.1631427585925 
  2094.0   352.75529832376776 
  2095.0   352.10667541553477 
  2096.0   351.58905093482036 
  2097.0   350.9406488558787 
  2098.0   350.8621200031974 
  2099.0   350.567540737157 
  2100.0   350.09927384190735 
