  2015.0   290.9384282319937 
  2016.0   291.1100305254505 
  2017.0   291.06997704054135 
  2018.0   291.13390592634005 
  2019.0   291.1675230394384 
  2020.0   291.26129988310714 
  2021.0   291.3738594491607 
  2022.0   291.4370049743415 
  2023.0   291.5181051908039 
  2024.0   291.67446194509137 
  2025.0   291.67897957019875 
  2026.0   291.71785697539286 
  2027.0   291.8562855346339 
  2028.0   291.86947753525476 
  2029.0   292.0475655246558 
  2030.0   292.18690060637726 
  2031.0   292.1990559610716 
  2032.0   292.3314518498779 
  2033.0   292.4465036468743 
  2034.0   292.4766774353674 
  2035.0   292.5776798703494 
  2036.0   292.7258847575462 
  2037.0   292.8026317661159 
  2038.0   292.86150255476355 
  2039.0   292.8858333039332 
  2040.0   293.083591165837 
  2041.0   293.1535872087396 
  2042.0   293.23203956442194 
  2043.0   293.33629608557715 
  2044.0   293.3489443565344 
  2045.0   293.3606091726731 
  2046.0   293.4574992805099 
  2047.0   293.6157370838475 
  2048.0   293.75117595692944 
  2049.0   293.81588311846446 
  2050.0   293.78116167022796 
  2051.0   293.8522548878587 
  2052.0   293.9984979509229 
  2053.0   294.12227696632823 
  2054.0   294.1344398139437 
  2055.0   294.2565157894589 
  2056.0   294.4045571086246 
  2057.0   294.54313736066274 
  2058.0   294.61517068750123 
  2059.0   294.5977015065924 
  2060.0   294.68426630903775 
  2061.0   294.8904955182151 
  2062.0   294.8502596745082 
  2063.0   294.9605304975179 
  2064.0   295.1461736579889 
  2065.0   295.14839867726835 
  2066.0   295.1050820919429 
  2067.0   295.22176553875687 
  2068.0   295.29996814215104 
  2069.0   295.33716169637927 
  2070.0   295.34794854991577 
  2071.0   295.5753143082298 
  2072.0   295.67013185261305 
  2073.0   295.8017346715086 
  2074.0   295.83681137865653 
  2075.0   295.9769546892304 
  2076.0   296.03552360907054 
  2077.0   296.1193119298428 
  2078.0   296.1856518917087 
  2079.0   296.329048234989 
  2080.0   296.419668132978 
  2081.0   296.34220608073844 
  2082.0   296.24629250404155 
  2083.0   296.3809967926244 
  2084.0   296.5395401363325 
  2085.0   296.6676217108034 
  2086.0   296.6499723457836 
  2087.0   296.6754076736867 
  2088.0   296.7841242810087 
  2089.0   296.9246161046682 
  2090.0   296.96720649546626 
  2091.0   296.8963272743034 
  2092.0   297.0523637833831 
  2093.0   297.179752443684 
  2094.0   297.30231767461123 
  2095.0   297.29522543008267 
  2096.0   297.32660547940867 
  2097.0   297.4274684705911 
  2098.0   297.5673916252314 
  2099.0   297.66082052687585 
  2100.0   297.70610663944524 
