  2015.0   297.1172377410051 
  2016.0   296.826621474635 
  2017.0   296.72568942982645 
  2018.0   297.08839223604167 
  2019.0   297.15391863448644 
  2020.0   297.0425847057675 
  2021.0   297.05115137387065 
  2022.0   296.9550416347291 
  2023.0   297.59761519625715 
  2024.0   297.9027689297522 
  2025.0   296.72611317321713 
  2026.0   297.0371458366086 
  2027.0   297.78980848812904 
  2028.0   298.18367563638697 
  2029.0   297.93272560073746 
  2030.0   297.07270211917603 
  2031.0   297.4380372814172 
  2032.0   297.87389813984504 
  2033.0   297.608069438692 
  2034.0   297.39648769444625 
  2035.0   297.42483131974785 
  2036.0   297.88671247967034 
  2037.0   298.75599722917093 
  2038.0   297.7896498082688 
  2039.0   297.5796513171865 
  2040.0   297.74689827604146 
  2041.0   297.5020809645329 
  2042.0   298.1377930037314 
  2043.0   297.8515410211409 
  2044.0   297.71841581615394 
  2045.0   297.4736407418147 
  2046.0   298.2216568787339 
  2047.0   298.3380694040137 
  2048.0   298.2693068972593 
  2049.0   298.1968797033589 
  2050.0   298.2540685890992 
  2051.0   298.28188233047547 
  2052.0   298.56327250049753 
  2053.0   298.73213000213997 
  2054.0   298.6537894163679 
  2055.0   298.603984297606 
  2056.0   299.13411744129945 
  2057.0   299.2108282359992 
  2058.0   299.25430278097025 
  2059.0   298.8769098284825 
  2060.0   299.39807833224495 
  2061.0   299.1413231119943 
  2062.0   299.43540627640897 
  2063.0   298.6684042020597 
  2064.0   298.48349260701474 
  2065.0   299.00241167785526 
  2066.0   299.44467010310814 
  2067.0   299.86638486722296 
  2068.0   299.3010083773918 
  2069.0   299.6698002743213 
  2070.0   299.431167963364 
  2071.0   299.7408492883377 
  2072.0   299.5098393073496 
  2073.0   299.96010114488894 
  2074.0   300.2965496754515 
  2075.0   299.1644378236375 
  2076.0   299.48719313209 
  2077.0   300.4921012922327 
  2078.0   300.72198255442595 
  2079.0   299.7432171646834 
  2080.0   299.6093156761242 
  2081.0   300.37609241789835 
  2082.0   299.68038644038825 
  2083.0   300.6984987077162 
  2084.0   300.73759517337623 
  2085.0   300.0613576527687 
  2086.0   300.33478542059675 
  2087.0   300.00047162173365 
  2088.0   300.4526489066941 
  2089.0   300.62586870178643 
  2090.0   299.8386295416042 
  2091.0   299.34154208421825 
  2092.0   300.6493603044243 
  2093.0   301.32503949119496 
  2094.0   300.9870954029377 
  2095.0   300.9973743195631 
  2096.0   300.9230675191751 
  2097.0   301.731909005545 
  2098.0   300.83258853171935 
  2099.0   301.07027465627607 
  2100.0   301.1596742556407 
