  2015.0   4.875265282978331e-10 
  2016.0   4.754433087890702e-10 
  2017.0   4.965288252792452e-10 
  2018.0   4.3539970603757803e-10 
  2019.0   4.790570317691039e-10 
  2020.0   4.4850203161676307e-10 
  2021.0   5.138562548034639e-10 
  2022.0   5.371455006589817e-10 
  2023.0   4.690316176402145e-10 
  2024.0   5.179255658740826e-10 
  2025.0   4.6074908495053304e-10 
  2026.0   4.840616133175206e-10 
  2027.0   5.36010828443613e-10 
  2028.0   5.182518080374642e-10 
  2029.0   5.193502267500443e-10 
  2030.0   4.762397457571713e-10 
  2031.0   5.475887061834451e-10 
  2032.0   5.394537676826235e-10 
  2033.0   5.101193755100704e-10 
  2034.0   4.1495761007040324e-10 
  2035.0   5.528774632432033e-10 
  2036.0   5.100196977739666e-10 
  2037.0   5.390320883759512e-10 
  2038.0   5.25337880202199e-10 
  2039.0   4.730305926463876e-10 
  2040.0   5.602395859363435e-10 
  2041.0   4.862059312135841e-10 
  2042.0   5.631370353618307e-10 
  2043.0   5.647721122564603e-10 
  2044.0   6.035144167371519e-10 
  2045.0   5.506682738248215e-10 
  2046.0   5.41035499285258e-10 
  2047.0   6.219369253092555e-10 
  2048.0   5.536402127794956e-10 
  2049.0   6.463099496478325e-10 
  2050.0   6.456032513826266e-10 
  2051.0   6.428032010354575e-10 
  2052.0   5.940593348082058e-10 
  2053.0   5.672957307696585e-10 
  2054.0   4.732149839260128e-10 
  2055.0   7.352709277881213e-10 
  2056.0   6.617663712549432e-10 
  2057.0   6.095602818442999e-10 
  2058.0   6.076168174397467e-10 
  2059.0   6.60632808966098e-10 
  2060.0   6.244413284025143e-10 
  2061.0   6.077829873698679e-10 
  2062.0   7.46681538269973e-10 
  2063.0   6.91203358383014e-10 
  2064.0   6.933285003630744e-10 
  2065.0   7.107853492831491e-10 
  2066.0   7.112912519823333e-10 
  2067.0   5.903920597245439e-10 
  2068.0   7.006805405274754e-10 
  2069.0   6.877842972095605e-10 
  2070.0   6.809735648178158e-10 
  2071.0   6.997389142149877e-10 
  2072.0   7.156550815882973e-10 
  2073.0   7.100436329676704e-10 
  2074.0   8.367469560007082e-10 
  2075.0   7.835677721522492e-10 
  2076.0   6.70256465158313e-10 
  2077.0   7.848747581880237e-10 
  2078.0   8.405033241980244e-10 
  2079.0   6.851732396882493e-10 
  2080.0   7.007056049481708e-10 
  2081.0   7.547272975665325e-10 
  2082.0   7.1691656442464e-10 
  2083.0   8.1272270622642e-10 
  2084.0   8.325602163180725e-10 
  2085.0   8.361806868733297e-10 
  2086.0   8.297026872409006e-10 
  2087.0   8.784883419095698e-10 
  2088.0   8.923924848533286e-10 
  2089.0   9.096576020224494e-10 
  2090.0   9.02328352062409e-10 
  2091.0   9.163140794921489e-10 
  2092.0   8.011533194476169e-10 
  2093.0   9.450813778724852e-10 
  2094.0   8.348683103462058e-10 
  2095.0   8.917164148750134e-10 
  2096.0   9.235484523128895e-10 
  2097.0   9.117549327644529e-10 
  2098.0   8.800197009932191e-10 
  2099.0   8.294445259006704e-10 
  2100.0   8.03241203307253e-10 
