  2015.0   -0.12065371872541326 
  2016.0   0.27132363518147185 
  2017.0   0.3975600125372291 
  2018.0   0.480201453509572 
  2019.0   -0.002113228358228804 
  2020.0   -0.10972564367318574 
  2021.0   0.04264655347555736 
  2022.0   0.22994246108686575 
  2023.0   -0.7493935177264905 
  2024.0   -1.6557121492253928 
  2025.0   1.212394519924961 
  2026.0   0.7848602336356088 
  2027.0   -0.2608065613899814 
  2028.0   -1.3720666708261486 
  2029.0   -0.9414498322708458 
  2030.0   1.0991902186176385 
  2031.0   0.680019332446406 
  2032.0   -0.15377359290066722 
  2033.0   -0.257681742485358 
  2034.0   0.4926049664104587 
  2035.0   0.3151452160388786 
  2036.0   -0.20750132741476404 
  2037.0   -2.077539188610608 
  2038.0   0.16914152299790225 
  2039.0   1.0324822349614333 
  2040.0   0.6611939286224591 
  2041.0   1.5426090683994291 
  2042.0   -0.16728618670588644 
  2043.0   0.5628773600283948 
  2044.0   0.5030464097736357 
  2045.0   0.6578360840249668 
  2046.0   -0.32902483497410956 
  2047.0   -0.46426738389819366 
  2048.0   -0.28316892115591397 
  2049.0   0.22317253588448097 
  2050.0   -0.06967240431147159 
  2051.0   -0.14653686228161072 
  2052.0   -0.8762050517404666 
  2053.0   -0.6193576325910919 
  2054.0   -0.2964536771322026 
  2055.0   -0.35439815394695934 
  2056.0   -1.1854783345511946 
  2057.0   -1.7025302473328783 
  2058.0   -1.7393679088307643 
  2059.0   0.010076709089755912 
  2060.0   -1.7753406577533088 
  2061.0   -0.5268559624298323 
  2062.0   -1.3739776723171628 
  2063.0   1.060321001186483 
  2064.0   1.6659062623260157 
  2065.0   0.9210217878603956 
  2066.0   -0.3787567922529617 
  2067.0   -1.684255523847726 
  2068.0   -0.08195856967824945 
  2069.0   -0.7097047227856258 
  2070.0   -0.23191758375972327 
  2071.0   -0.9376304636982653 
  2072.0   -0.5192317436666355 
  2073.0   -1.3563434873309734 
  2074.0   -2.253892983429596 
  2075.0   0.6740364388169934 
  2076.0   0.15714450990814818 
  2077.0   -2.0358650267335725 
  2078.0   -2.830429135368767 
  2079.0   -0.6626886986182475 
  2080.0   0.6261579822451561 
  2081.0   -1.0393440586922462 
  2082.0   0.6222867285079057 
  2083.0   -1.4537686800534178 
  2084.0   -1.8884872258854342 
  2085.0   0.3256632948636578 
  2086.0   -0.5660718236483626 
  2087.0   0.4825763804344929 
  2088.0   -0.5668762494962878 
  2089.0   -0.9332572116101888 
  2090.0   1.4420350666048447 
  2091.0   2.961973647533316 
  2092.0   -0.9530203636474476 
  2093.0   -2.7866874286378622 
  2094.0   -1.848540669077106 
  2095.0   -1.5130655411158265 
  2096.0   -0.9872558101723397 
  2097.0   -2.6915019877000232 
  2098.0   -1.2183408600086327 
  2099.0   -0.34843017284267436 
  2100.0   -0.73978720401842 
