  2015.0   297.1337807187407 
  2016.0   296.15676119280016 
  2017.0   296.1744806355465 
  2018.0   296.58198898869693 
  2019.0   296.73277354262115 
  2020.0   296.8456415143115 
  2021.0   297.13865915418415 
  2022.0   296.55986292133014 
  2023.0   297.1329634207155 
  2024.0   297.0125275785817 
  2025.0   296.4821490226058 
  2026.0   296.54092148725204 
  2027.0   297.10208047579374 
  2028.0   297.6346871356415 
  2029.0   296.6925394136993 
  2030.0   296.5378642147324 
  2031.0   296.7055914236215 
  2032.0   297.691954687042 
  2033.0   297.235770654902 
  2034.0   296.4135311429341 
  2035.0   296.4699163973386 
  2036.0   297.6707219099648 
  2037.0   297.5405353351314 
  2038.0   297.33415437158203 
  2039.0   296.66156310265114 
  2040.0   296.6790958031378 
  2041.0   297.34530408374377 
  2042.0   297.98314307366945 
  2043.0   297.07042488441243 
  2044.0   296.9790815422363 
  2045.0   297.46959900646016 
  2046.0   298.484847600035 
  2047.0   297.52310993131175 
  2048.0   297.19687145904413 
  2049.0   297.77803719978715 
  2050.0   298.8413191313715 
  2051.0   297.587494474676 
  2052.0   297.06944170750626 
  2053.0   297.3021962955747 
  2054.0   297.95715046260455 
  2055.0   298.4458759410318 
  2056.0   298.0259640954087 
  2057.0   297.51926098283957 
  2058.0   298.2849559500539 
  2059.0   298.76372997800945 
  2060.0   297.7951351198056 
  2061.0   297.35905021307934 
  2062.0   297.76782024838724 
  2063.0   298.3625027000823 
  2064.0   297.6317886729226 
  2065.0   297.4881677619591 
  2066.0   298.53740367982607 
  2067.0   298.80321283095975 
  2068.0   297.7322437321447 
  2069.0   297.5641434981306 
  2070.0   298.28737418597586 
  2071.0   298.8168899309932 
  2072.0   298.03959726714777 
  2073.0   297.61232778577755 
  2074.0   298.0512840347346 
  2075.0   298.46174562609707 
  2076.0   298.89444035007796 
  2077.0   298.0384893071667 
  2078.0   297.55840064898325 
  2079.0   298.15676457402964 
  2080.0   298.75544262047583 
  2081.0   299.2313191689159 
  2082.0   298.37057822532086 
  2083.0   298.31964699755184 
  2084.0   298.81801059897526 
  2085.0   299.27137327552515 
  2086.0   298.694895676488 
  2087.0   298.01204114664046 
  2088.0   298.75941373293625 
  2089.0   299.48451270034013 
  2090.0   298.7273460444801 
  2091.0   298.53730444075603 
  2092.0   299.19194297971137 
  2093.0   299.5845142656901 
  2094.0   298.98535661065614 
  2095.0   298.8192590297396 
  2096.0   299.4067470874115 
  2097.0   299.8430624995832 
  2098.0   299.1735888077689 
  2099.0   298.45782207697147 
  2100.0   299.20923582134236 
