  2015.0   3.378559826009341e-10 
  2016.0   2.4595319648672245e-10 
  2017.0   2.382526232655097e-10 
  2018.0   2.2922311208942355e-10 
  2019.0   2.226334521267728e-10 
  2020.0   2.1533550665842114e-10 
  2021.0   2.2672539655484637e-10 
  2022.0   2.1988306865631747e-10 
  2023.0   2.150342281346011e-10 
  2024.0   2.102176477271386e-10 
  2025.0   2.0643730557059855e-10 
  2026.0   2.0910916742895925e-10 
  2027.0   2.0707056144997756e-10 
  2028.0   2.0414610707719838e-10 
  2029.0   2.0270077314595972e-10 
  2030.0   2.0186328644709485e-10 
  2031.0   2.1054923257608628e-10 
  2032.0   2.1068986377678117e-10 
  2033.0   2.1362652675883672e-10 
  2034.0   2.1311024499785838e-10 
  2035.0   2.1476808267089602e-10 
  2036.0   2.2984154752186282e-10 
  2037.0   2.32454476486023e-10 
  2038.0   2.341118479605404e-10 
  2039.0   2.3686726140331126e-10 
  2040.0   2.369457571209097e-10 
  2041.0   1.9647318200677242e-10 
  2042.0   1.9512294220502134e-10 
  2043.0   1.9239268111816878e-10 
  2044.0   1.9080784957591326e-10 
  2045.0   1.885405313314925e-10 
  2046.0   2.0428125241426993e-10 
  2047.0   2.050994971854777e-10 
  2048.0   2.019337918906978e-10 
  2049.0   2.0163973165645076e-10 
  2050.0   2.0296520793636776e-10 
  2051.0   2.0977822614912435e-10 
  2052.0   2.1073008280928961e-10 
  2053.0   2.0980594873888124e-10 
  2054.0   2.072589456213365e-10 
  2055.0   2.082704332837215e-10 
  2056.0   2.3018009067065673e-10 
  2057.0   2.3165563662085278e-10 
  2058.0   2.3027405019723452e-10 
  2059.0   2.3207200903502319e-10 
  2060.0   2.3087210335440466e-10 
  2061.0   2.710924015852192e-10 
  2062.0   2.695373239202381e-10 
  2063.0   2.7098513284780235e-10 
  2064.0   2.742857204197177e-10 
  2065.0   2.7514692896434764e-10 
  2066.0   2.2933500990807587e-10 
  2067.0   2.2558447331174475e-10 
  2068.0   2.242488827224097e-10 
  2069.0   2.2041444208179522e-10 
  2070.0   2.1814334509356743e-10 
  2071.0   2.6243501279262423e-10 
  2072.0   2.632448513649419e-10 
  2073.0   2.639959973731417e-10 
  2074.0   2.670372258781953e-10 
  2075.0   2.664192016136378e-10 
  2076.0   2.666681864441635e-10 
  2077.0   2.639330637194587e-10 
  2078.0   2.658549980239151e-10 
  2079.0   2.64189250957499e-10 
  2080.0   2.6240722968827005e-10 
  2081.0   3.118334218111298e-10 
  2082.0   3.2011620522426736e-10 
  2083.0   3.149839999476947e-10 
  2084.0   3.1360614848554865e-10 
  2085.0   3.1376478487591254e-10 
  2086.0   3.0270552067906026e-10 
  2087.0   3.0115039749677844e-10 
  2088.0   2.9766466376609115e-10 
  2089.0   2.977164467316039e-10 
  2090.0   2.9892875521825094e-10 
  2091.0   2.376600259375396e-10 
  2092.0   2.3035309125825907e-10 
  2093.0   2.249051205025135e-10 
  2094.0   2.200775372341259e-10 
  2095.0   2.2077704994872372e-10 
  2096.0   1.9104155550887127e-10 
  2097.0   1.8667287612222474e-10 
  2098.0   1.8253550948274988e-10 
  2099.0   1.7814738415198422e-10 
  2100.0   1.7608242573040025e-10 
