  2015.0   4.587736472064007 
  2016.0   4.814229361811308 
  2017.0   4.727803139864302 
  2018.0   4.741489221943532 
  2019.0   4.745797379064412 
  2020.0   4.5204571484391955 
  2021.0   4.783984544321366 
  2022.0   4.765543163826829 
  2023.0   4.673101476060713 
  2024.0   4.697388598542123 
  2025.0   4.665734561081502 
  2026.0   4.642780839109646 
  2027.0   4.617818041121617 
  2028.0   4.703536246799861 
  2029.0   4.728162254114454 
  2030.0   4.666879950055074 
  2031.0   4.679028240398354 
  2032.0   4.866341719359104 
  2033.0   4.797549347190036 
  2034.0   5.009483903110515 
  2035.0   4.864920254075692 
  2036.0   4.953411859601888 
  2037.0   4.918891366246382 
  2038.0   4.74156716317691 
  2039.0   4.749725187113095 
  2040.0   4.857402902305722 
  2041.0   4.850639640355423 
  2042.0   4.790088371097421 
  2043.0   4.789946322188336 
  2044.0   5.013570458292653 
  2045.0   4.893563553454228 
  2046.0   4.830200354762343 
  2047.0   5.011416081806177 
  2048.0   5.142638097316169 
  2049.0   5.1196273372850465 
  2050.0   5.105165721853881 
  2051.0   5.136511564956964 
  2052.0   5.164381244917046 
  2053.0   5.180403249284156 
  2054.0   5.095689076639196 
  2055.0   5.30042871802378 
  2056.0   5.362608664005153 
  2057.0   5.359411560972572 
  2058.0   5.292875939486148 
  2059.0   5.281997884193163 
  2060.0   5.126946422993641 
  2061.0   5.207004883019828 
  2062.0   5.302692120883176 
  2063.0   5.351322040612239 
  2064.0   5.248697129523747 
  2065.0   5.546213340068513 
  2066.0   5.440564604106726 
  2067.0   5.439901059699601 
  2068.0   5.479565755959488 
  2069.0   5.485460439606132 
  2070.0   5.470145248294769 
  2071.0   5.529637720535445 
  2072.0   5.619928877173476 
  2073.0   5.571777005495059 
  2074.0   5.624514074731536 
  2075.0   5.537105310183236 
  2076.0   5.529198801796003 
  2077.0   5.61274298545008 
  2078.0   5.394104660221512 
  2079.0   5.788744140055191 
  2080.0   5.703001043577256 
  2081.0   5.61224409641013 
  2082.0   5.61711622293872 
  2083.0   5.760200084917082 
  2084.0   5.801130196302006 
  2085.0   5.824319037370563 
  2086.0   5.771193381224299 
  2087.0   5.74147922325629 
  2088.0   5.879301713969305 
  2089.0   5.772416969807228 
  2090.0   5.817512392025072 
  2091.0   5.965843737732702 
  2092.0   5.939246870871131 
  2093.0   5.942945753855332 
  2094.0   5.970611114428528 
  2095.0   5.887159739118595 
  2096.0   6.0815194009734554 
  2097.0   6.008408540589336 
  2098.0   5.911400610746769 
  2099.0   6.100442677182667 
  2100.0   6.04600296384342 
