  2015.0   3.040657035318365e-10 
  2016.0   3.786766973932953e-10 
  2017.0   2.7926729458453474e-10 
  2018.0   3.7856387883738617e-10 
  2019.0   2.1425311963722803e-10 
  2020.0   3.6674424675974926e-10 
  2021.0   3.2327993542136013e-10 
  2022.0   3.100422660210466e-10 
  2023.0   3.7224627011795323e-10 
  2024.0   3.3883679909290175e-10 
  2025.0   3.134788655466207e-10 
  2026.0   3.8113423356786995e-10 
  2027.0   2.29119466010611e-10 
  2028.0   3.7579848072208575e-10 
  2029.0   2.8748645507691827e-10 
  2030.0   3.168298789710628e-10 
  2031.0   3.1825424750380334e-10 
  2032.0   3.9920003151160413e-10 
  2033.0   2.9420368585258385e-10 
  2034.0   2.346185135878436e-10 
  2035.0   3.2730012979619067e-10 
  2036.0   3.573923008067486e-10 
  2037.0   3.5325905593297795e-10 
  2038.0   3.9098820740385947e-10 
  2039.0   2.6021693905853826e-10 
  2040.0   3.4493945909268753e-10 
  2041.0   3.250993109346663e-10 
  2042.0   2.773215716343818e-10 
  2043.0   2.392714735307497e-10 
  2044.0   3.255573322662711e-10 
  2045.0   3.664259807109025e-10 
  2046.0   2.8971280692688876e-10 
  2047.0   3.024962096133903e-10 
  2048.0   3.542234253967616e-10 
  2049.0   2.2138212051326696e-10 
  2050.0   2.512573764641035e-10 
  2051.0   3.759074482864406e-10 
  2052.0   4.592301575139833e-10 
  2053.0   4.979718053150193e-10 
  2054.0   3.474295168595426e-10 
  2055.0   4.917326238205312e-10 
  2056.0   4.61212154496233e-10 
  2057.0   5.283594137185535e-10 
  2058.0   3.986294600824803e-10 
  2059.0   5.128113001083851e-10 
  2060.0   3.4401993914006056e-10 
  2061.0   3.833125043974979e-10 
  2062.0   4.331982559201516e-10 
  2063.0   5.479294659869099e-10 
  2064.0   3.840446313854166e-10 
  2065.0   4.1895004800895104e-10 
  2066.0   5.709242648887262e-10 
  2067.0   4.3774553733243713e-10 
  2068.0   4.711543584726304e-10 
  2069.0   4.422242592422149e-10 
  2070.0   3.3834721672036546e-10 
  2071.0   4.1218570845040587e-10 
  2072.0   5.019770410228709e-10 
  2073.0   6.248447250780954e-10 
  2074.0   5.035779591490543e-10 
  2075.0   5.482302251463748e-10 
  2076.0   4.180706530127244e-10 
  2077.0   3.8240459188211384e-10 
  2078.0   4.322917974610338e-10 
  2079.0   5.009184439309654e-10 
  2080.0   5.543529824805937e-10 
  2081.0   5.133844965753038e-10 
  2082.0   6.666746003869952e-10 
  2083.0   6.164018667723993e-10 
  2084.0   5.077164847384499e-10 
  2085.0   5.229741540167998e-10 
  2086.0   4.699100754952448e-10 
  2087.0   4.634583645131164e-10 
  2088.0   4.388514488190774e-10 
  2089.0   5.264116815190526e-10 
  2090.0   3.573408155412778e-10 
  2091.0   4.849531545304398e-10 
  2092.0   6.452069471125459e-10 
  2093.0   4.986170483260502e-10 
  2094.0   6.813405284977418e-10 
  2095.0   4.5303158221913615e-10 
  2096.0   5.944099625649582e-10 
  2097.0   6.629945410146388e-10 
  2098.0   3.448151227042855e-10 
  2099.0   5.315215989565292e-10 
  2100.0   6.173263505258495e-10 
