  2015.0   16.379120581667657 
  2016.0   16.277676171129073 
  2017.0   16.047125003046588 
  2018.0   15.543154423920171 
  2019.0   15.181244497146226 
  2020.0   15.51388043058162 
  2021.0   15.714881182463703 
  2022.0   15.655707218996302 
  2023.0   16.005791215439203 
  2024.0   16.147507152092956 
  2025.0   16.398068913078628 
  2026.0   16.341144643322853 
  2027.0   16.393812251405 
  2028.0   16.02159179918457 
  2029.0   15.856135371981525 
  2030.0   15.92043780604196 
  2031.0   16.242502262775027 
  2032.0   16.20735251686449 
  2033.0   16.13081092541301 
  2034.0   16.505979638090317 
  2035.0   16.780993862563747 
  2036.0   17.107593670030223 
  2037.0   16.990519913017774 
  2038.0   16.72473594016081 
  2039.0   16.692477661613665 
  2040.0   16.734598221965843 
  2041.0   16.6967344559624 
  2042.0   16.820053237566416 
  2043.0   17.297612585281936 
  2044.0   17.366622357333924 
  2045.0   17.004074467967975 
  2046.0   16.74344104245305 
  2047.0   16.830374839119536 
  2048.0   16.82944515016026 
  2049.0   17.07063561682302 
  2050.0   17.68996788479349 
  2051.0   17.492739769970438 
  2052.0   16.90805096090157 
  2053.0   16.797636316020746 
  2054.0   16.9498690077925 
  2055.0   17.56220337487167 
  2056.0   17.971558683126965 
  2057.0   18.1404422915545 
  2058.0   17.897557046442184 
  2059.0   17.71626885181552 
  2060.0   17.83996739360598 
  2061.0   17.90839873336325 
  2062.0   17.642575272819474 
  2063.0   17.716466212734527 
  2064.0   17.840414820789746 
  2065.0   17.409623469133003 
  2066.0   17.57235520367817 
  2067.0   17.418302101872577 
  2068.0   17.56149446928196 
  2069.0   17.78377931796776 
  2070.0   17.62974271766307 
  2071.0   17.60736528239738 
  2072.0   17.697118633860036 
  2073.0   17.47124060088024 
  2074.0   17.090550093145474 
  2075.0   17.353330014298752 
  2076.0   17.3801388821057 
  2077.0   17.28756394985759 
  2078.0   17.189331452721234 
  2079.0   17.373024755842955 
  2080.0   17.547099079473615 
  2081.0   17.865852152114314 
  2082.0   17.26977504730021 
  2083.0   17.010757532019806 
  2084.0   16.78894252755662 
  2085.0   16.880991876477708 
  2086.0   16.99155416914431 
  2087.0   16.83982619687688 
  2088.0   16.711053278574045 
  2089.0   16.630108079085478 
  2090.0   17.058731696380182 
  2091.0   17.64459900053803 
  2092.0   17.363844574490113 
  2093.0   16.938577437831984 
  2094.0   16.620574236074727 
  2095.0   16.503797385788022 
  2096.0   16.494385925042106 
  2097.0   16.591629107688068 
  2098.0   16.77676600033709 
  2099.0   16.766998198388645 
  2100.0   16.6732645216251 
