  2015.0   270.4639275327638 
  2016.0   269.53548456934476 
  2017.0   271.0518424980424 
  2018.0   271.4024641495136 
  2019.0   270.1331625624362 
  2020.0   269.63732440112335 
  2021.0   271.1282723021104 
  2022.0   271.3103619693086 
  2023.0   270.0255237780868 
  2024.0   271.75198711143946 
  2025.0   271.30125582013824 
  2026.0   271.1732988380723 
  2027.0   270.24587032236764 
  2028.0   271.1356059096153 
  2029.0   271.02288192165815 
  2030.0   270.5101720672182 
  2031.0   271.0609143878903 
  2032.0   272.46593874073307 
  2033.0   272.19491522241066 
  2034.0   271.6203476119499 
  2035.0   272.7696045785161 
  2036.0   272.9480388162081 
  2037.0   272.4320252091992 
  2038.0   271.5233208567153 
  2039.0   270.6824393628925 
  2040.0   271.74608520301786 
  2041.0   273.17780123995954 
  2042.0   272.9526694230125 
  2043.0   272.01233250963435 
  2044.0   272.8109321919392 
  2045.0   272.9797567354588 
  2046.0   274.6305369336138 
  2047.0   273.12785192012973 
  2048.0   274.00778884554745 
  2049.0   272.98269835161756 
  2050.0   274.18960515933225 
  2051.0   273.8320168054218 
  2052.0   273.4888166046754 
  2053.0   273.1157047665309 
  2054.0   273.597105056134 
  2055.0   273.94374026718674 
  2056.0   273.9632424211344 
  2057.0   274.1162532743286 
  2058.0   272.9018539554458 
  2059.0   273.67238504823143 
  2060.0   273.94725078738907 
  2061.0   274.2115837562155 
  2062.0   275.31387203273226 
  2063.0   273.18098850696265 
  2064.0   273.22311663426257 
  2065.0   273.6564051788186 
  2066.0   274.33232835639734 
  2067.0   274.30347438311736 
  2068.0   275.8081630166737 
  2069.0   273.73348238824144 
  2070.0   275.2353040368512 
  2071.0   275.44119403945814 
  2072.0   275.33837387581053 
  2073.0   275.108877585951 
  2074.0   274.1072621266425 
  2075.0   274.2481040926493 
  2076.0   275.0065142698699 
  2077.0   275.43377449131265 
  2078.0   275.2538894173403 
  2079.0   274.8135256677421 
  2080.0   276.284538937273 
  2081.0   275.9042488267317 
  2082.0   276.45512236270724 
  2083.0   276.9323353467674 
  2084.0   276.90256491797714 
  2085.0   276.9012505279986 
  2086.0   276.91432999332176 
  2087.0   276.3966339872265 
  2088.0   277.0260102595176 
  2089.0   277.3566471691014 
  2090.0   276.3128640410246 
  2091.0   276.5669827243442 
  2092.0   275.6145570811841 
  2093.0   276.895830629293 
  2094.0   277.2959772536308 
  2095.0   276.54039784171385 
  2096.0   277.13120914380045 
  2097.0   277.7398115287148 
  2098.0   277.1208359083883 
  2099.0   277.08792035548765 
  2100.0   277.423855730546 
