  2015.0   0.4890554563964885 
  2016.0   0.4626176193795446 
  2017.0   0.1962510744970489 
  2018.0   0.18311847053225674 
  2019.0   0.02373873274852195 
  2020.0   0.5227182589504916 
  2021.0   -0.04792960559508865 
  2022.0   -0.027846496999557598 
  2023.0   0.376199419688755 
  2024.0   0.34138869443469066 
  2025.0   0.8933422341585898 
  2026.0   0.37262493881421466 
  2027.0   0.3226559643495894 
  2028.0   0.4439869044803953 
  2029.0   0.5448420064745988 
  2030.0   0.2604488544969225 
  2031.0   0.27051079417789003 
  2032.0   0.005474817593863001 
  2033.0   0.03146405988151141 
  2034.0   0.46302290265669366 
  2035.0   0.3255002903942389 
  2036.0   0.3669766475302927 
  2037.0   0.642176105716286 
  2038.0   0.5314400004481793 
  2039.0   0.17151046314666785 
  2040.0   0.4357149652809695 
  2041.0   0.659152607222112 
  2042.0   0.24348079454972685 
  2043.0   0.1308668755976684 
  2044.0   0.607566782785399 
  2045.0   0.9805925143128756 
  2046.0   0.47968747090876523 
  2047.0   0.11695011245588681 
  2048.0   0.2688393598868055 
  2049.0   -0.20846885580801486 
  2050.0   0.138784749923947 
  2051.0   0.7303415251291241 
  2052.0   0.6091597592965862 
  2053.0   0.23813411700211617 
  2054.0   0.022786440920254582 
  2055.0   1.2217842511632893 
  2056.0   0.7232284476121081 
  2057.0   0.40966648141877554 
  2058.0   0.22162833203472138 
  2059.0   0.3422205419723432 
  2060.0   0.7288627377827664 
  2061.0   0.17590902047005275 
  2062.0   0.621157014589178 
  2063.0   0.4769045689044959 
  2064.0   0.27241535954945273 
  2065.0   -0.04713641855289493 
  2066.0   1.061233343759457 
  2067.0   0.5302034909354084 
  2068.0   0.3705495985935973 
  2069.0   0.3203502193351201 
  2070.0   0.3625260684309824 
  2071.0   0.18087552074866659 
  2072.0   0.64933965553391 
  2073.0   0.5040766308314254 
  2074.0   0.6982974989515952 
  2075.0   0.3499324444475546 
  2076.0   -0.1670195935242557 
  2077.0   0.6639703731313966 
  2078.0   0.36629999967887916 
  2079.0   0.2230269791328869 
  2080.0   0.3695711570014443 
  2081.0   0.28298118436132436 
  2082.0   0.4737800810401599 
  2083.0   0.14897637442333336 
  2084.0   0.73787060362994 
  2085.0   0.8095094171877107 
  2086.0   0.6165229357619814 
  2087.0   0.4532349754731979 
  2088.0   0.08904226239476198 
  2089.0   -0.020580778372376093 
  2090.0   0.5496082713511133 
  2091.0   -0.11750273468671278 
  2092.0   0.5467917931487872 
  2093.0   0.36948228523914617 
  2094.0   0.7806883202112069 
  2095.0   0.5038964177424189 
  2096.0   0.004552273808256095 
  2097.0   0.2828826637712741 
  2098.0   0.4931201872220924 
  2099.0   0.6184014273776296 
  2100.0   0.3233603832374513 
