  2015.0   59.62727977815258 
  2016.0   59.870674549664194 
  2017.0   59.92622532327652 
  2018.0   60.05744974013024 
  2019.0   60.17291082056725 
  2020.0   60.545949177542816 
  2021.0   60.80420345548441 
  2022.0   61.01863425264243 
  2023.0   61.289231132077006 
  2024.0   61.305990346114314 
  2025.0   61.54660163265972 
  2026.0   62.11280830934097 
  2027.0   62.48494244687796 
  2028.0   62.76637387180861 
  2029.0   63.19614738880624 
  2030.0   63.6953531565804 
  2031.0   64.03710105098155 
  2032.0   64.38402169100048 
  2033.0   64.67237809979929 
  2034.0   64.68418561977961 
  2035.0   64.90580033036174 
  2036.0   65.42502274813194 
  2037.0   65.9075684870889 
  2038.0   66.27543146452162 
  2039.0   66.8008357344913 
  2040.0   67.37418987126875 
  2041.0   67.92289768141039 
  2042.0   68.24345893732492 
  2043.0   68.44195028783484 
  2044.0   68.51156957431154 
  2045.0   68.69898775270957 
  2046.0   69.18787338655632 
  2047.0   69.66983817329714 
  2048.0   70.1751890971341 
  2049.0   70.56499269311712 
  2050.0   71.07206535983988 
  2051.0   71.59172716000317 
  2052.0   71.8762639020253 
  2053.0   72.35736487615175 
  2054.0   73.07516132561456 
  2055.0   73.5858021699491 
  2056.0   73.68452598749442 
  2057.0   74.2713893602033 
  2058.0   74.60062007932957 
  2059.0   74.82190403096067 
  2060.0   75.35236154699697 
  2061.0   75.87151002579391 
  2062.0   76.52673940761422 
  2063.0   77.18130957697507 
  2064.0   77.88588470282109 
  2065.0   78.5128780782692 
  2066.0   78.66403145384041 
  2067.0   79.11264451580846 
  2068.0   79.5841276549903 
  2069.0   80.15338009264228 
  2070.0   80.77639658031609 
  2071.0   81.02654998894147 
  2072.0   81.50528475060524 
  2073.0   81.86564229151178 
  2074.0   82.25502095292472 
  2075.0   82.65661166924531 
  2076.0   83.3080613821599 
  2077.0   83.43811684467737 
  2078.0   83.84164727314906 
  2079.0   84.42044339595898 
  2080.0   84.77350671843 
  2081.0   85.52506971644011 
  2082.0   86.02043838426259 
  2083.0   86.09949093766186 
  2084.0   86.24828315637083 
  2085.0   86.75870901653366 
  2086.0   87.51483660304964 
  2087.0   87.99205517595563 
  2088.0   88.43335614926305 
  2089.0   88.59266753509856 
  2090.0   88.95109868092864 
  2091.0   89.61434026851329 
  2092.0   89.98505784198954 
  2093.0   90.30703784244518 
  2094.0   90.82386407900105 
  2095.0   91.58761835274598 
  2096.0   91.96119472889222 
  2097.0   92.20927251518657 
  2098.0   92.45684197054676 
  2099.0   92.72311539971115 
  2100.0   93.38605261405023 
