  2015.0   270.9656869500255 
  2016.0   272.4505105864844 
  2017.0   272.1303472555152 
  2018.0   272.5632048050876 
  2019.0   271.59903596148905 
  2020.0   271.3306934620926 
  2021.0   272.28742857579357 
  2022.0   272.38509272011873 
  2023.0   271.71881975049234 
  2024.0   271.5669982468286 
  2025.0   271.86608984095227 
  2026.0   270.9324094952009 
  2027.0   271.14149144739554 
  2028.0   271.680237165614 
  2029.0   271.93577849575917 
  2030.0   271.4877743465761 
  2031.0   271.6106930174486 
  2032.0   272.4206655637528 
  2033.0   271.44236971214633 
  2034.0   272.7825579440456 
  2035.0   272.5270845548273 
  2036.0   272.3882467518309 
  2037.0   272.47614879580334 
  2038.0   271.71050636205007 
  2039.0   271.6030352964458 
  2040.0   272.05177648283166 
  2041.0   272.1153248318322 
  2042.0   271.6969630997058 
  2043.0   271.4959504642024 
  2044.0   272.99999520722656 
  2045.0   271.7758419883516 
  2046.0   271.7107157711737 
  2047.0   272.74521680285085 
  2048.0   273.27755100148335 
  2049.0   273.02392694126087 
  2050.0   273.0260524957597 
  2051.0   273.53010227305384 
  2052.0   273.7395142617858 
  2053.0   273.2992627473487 
  2054.0   273.15664248630253 
  2055.0   274.3512746534803 
  2056.0   274.5486995174081 
  2057.0   274.1863642343057 
  2058.0   274.3254062147173 
  2059.0   273.47031051720484 
  2060.0   273.3027697243286 
  2061.0   274.34662573810414 
  2062.0   274.3330078254213 
  2063.0   274.2786453424536 
  2064.0   274.30201513263626 
  2065.0   275.3890990929148 
  2066.0   275.3562003874419 
  2067.0   274.79931234566874 
  2068.0   274.7211224666838 
  2069.0   274.7859313912089 
  2070.0   275.10282238499013 
  2071.0   274.8943708442027 
  2072.0   275.60242825228505 
  2073.0   274.9808213155631 
  2074.0   275.45207972260624 
  2075.0   274.63254927903324 
  2076.0   275.33842691347576 
  2077.0   274.7984715401864 
  2078.0   274.49161123628994 
  2079.0   276.39540843601486 
  2080.0   275.2569914894537 
  2081.0   275.340272765158 
  2082.0   275.2032691973919 
  2083.0   276.316696151442 
  2084.0   276.1103902815315 
  2085.0   276.45326452515184 
  2086.0   276.1710797610472 
  2087.0   276.1233906064429 
  2088.0   276.3008388410172 
  2089.0   275.75997099936507 
  2090.0   275.9500140314617 
  2091.0   276.85732069524323 
  2092.0   276.89221796039817 
  2093.0   276.63204082960425 
  2094.0   276.7480730622279 
  2095.0   276.2672319710105 
  2096.0   276.9211696902843 
  2097.0   277.2947945180045 
  2098.0   276.2759038339175 
  2099.0   277.17016793779817 
  2100.0   277.3976110411768 
