  2015.0   5.465637392129933e-10 
  2016.0   7.139281425764957e-10 
  2017.0   6.882018029463011e-10 
  2018.0   5.470470335314746e-11 
  2019.0   1.1424886829703228e-09 
  2020.0   4.978942998164408e-10 
  2021.0   6.56604774445069e-10 
  2022.0   8.070389822490327e-10 
  2023.0   5.926820129175595e-10 
  2024.0   4.0935975292850836e-10 
  2025.0   3.3275764043812767e-10 
  2026.0   5.71398633893301e-10 
  2027.0   5.451225900804901e-10 
  2028.0   7.90186470547756e-10 
  2029.0   6.906707435334911e-10 
  2030.0   4.979583286208996e-10 
  2031.0   6.325897715418033e-10 
  2032.0   9.77467622324654e-10 
  2033.0   7.755788877530024e-10 
  2034.0   1.0197140549857404e-09 
  2035.0   7.023716879904832e-10 
  2036.0   9.009024024173764e-10 
  2037.0   1.0849971186299115e-09 
  2038.0   1.0315387752447e-09 
  2039.0   7.258484307718685e-10 
  2040.0   6.579021613109235e-10 
  2041.0   4.067388493653658e-10 
  2042.0   7.604762361622045e-10 
  2043.0   6.426683257750934e-10 
  2044.0   1.2002423483572298e-09 
  2045.0   2.347721285195315e-10 
  2046.0   1.1518407539018472e-09 
  2047.0   5.447799614180606e-10 
  2048.0   1.0811715408889738e-09 
  2049.0   1.0049002772280712e-09 
  2050.0   6.665446464685252e-10 
  2051.0   6.733682114962532e-10 
  2052.0   4.578932312470162e-10 
  2053.0   1.463086143817034e-09 
  2054.0   5.088107811333192e-10 
  2055.0   8.820284219394463e-10 
  2056.0   1.1104527785913943e-09 
  2057.0   7.031237062577653e-10 
  2058.0   3.3619527082039236e-10 
  2059.0   8.557522618371008e-10 
  2060.0   6.807362403927969e-10 
  2061.0   9.790429987719797e-10 
  2062.0   8.611992199509833e-10 
  2063.0   4.1318856477535787e-10 
  2064.0   5.930235768810634e-10 
  2065.0   6.571428015868819e-10 
  2066.0   1.1629526266409318e-09 
  2067.0   5.254324565597727e-10 
  2068.0   6.53630371579722e-10 
  2069.0   9.509636319848197e-10 
  2070.0   9.004768162722735e-10 
  2071.0   1.4158923458232916e-10 
  2072.0   1.0441525168286183e-09 
  2073.0   8.055938703783349e-10 
  2074.0   4.899461140530577e-10 
  2075.0   4.3618673355686793e-10 
  2076.0   7.423830649282044e-10 
  2077.0   3.937829102016015e-10 
  2078.0   1.5572920981812653e-09 
  2079.0   1.243188595243225e-09 
  2080.0   8.837280270746093e-10 
  2081.0   7.008606933842572e-10 
  2082.0   1.0300551975625146e-09 
  2083.0   6.231358526864972e-10 
  2084.0   4.4251854560340687e-10 
  2085.0   5.585295465856273e-10 
  2086.0   6.438048150368828e-10 
  2087.0   7.248290108621885e-10 
  2088.0   7.889944005024017e-10 
  2089.0   6.71391740268325e-10 
  2090.0   6.790513766718329e-10 
  2091.0   1.2907756167992936e-09 
  2092.0   9.660061893104077e-10 
  2093.0   6.840910851920322e-10 
  2094.0   4.853584107543411e-10 
  2095.0   8.972311164166748e-10 
  2096.0   9.574858525314813e-11 
  2097.0   7.40297266643969e-10 
  2098.0   3.2243208441154193e-10 
  2099.0   6.696578588979332e-10 
  2100.0   1.3147946297176898e-09 
