  2015.0   0.9265556306402962 
  2016.0   0.9170924070014396 
  2017.0   0.8933179570139316 
  2018.0   0.9321824394077514 
  2019.0   0.940908810935507 
  2020.0   0.922182580816419 
  2021.0   0.9606102550980915 
  2022.0   0.9429156408649022 
  2023.0   0.9620120291460873 
  2024.0   0.9558041756569193 
  2025.0   0.9549679568209417 
  2026.0   0.9574290877254895 
  2027.0   0.9697170076288539 
  2028.0   0.9647683994128248 
  2029.0   1.0081608807555662 
  2030.0   0.9961944985704234 
  2031.0   1.0159258666624846 
  2032.0   1.0135262020902167 
  2033.0   1.0240001815750255 
  2034.0   1.0293872484163877 
  2035.0   1.029657011180193 
  2036.0   1.019644845053856 
  2037.0   1.063453139247485 
  2038.0   1.0516054141918931 
  2039.0   1.0512090322458492 
  2040.0   1.0742695061936003 
  2041.0   1.074864929338365 
  2042.0   1.0530205809315079 
  2043.0   1.067026683480135 
  2044.0   1.073630693353988 
  2045.0   1.0840376427454133 
  2046.0   1.1206967573136957 
  2047.0   1.1383903054962234 
  2048.0   1.0925198356183672 
  2049.0   1.116332713417008 
  2050.0   1.092085821996474 
  2051.0   1.1220070472655175 
  2052.0   1.1369034291076174 
  2053.0   1.1218201837080146 
  2054.0   1.140529953057769 
  2055.0   1.1459252580441388 
  2056.0   1.140314927074933 
  2057.0   1.1357764314226426 
  2058.0   1.1434216990889223 
  2059.0   1.1641502681089066 
  2060.0   1.160371367983399 
  2061.0   1.13105570689326 
  2062.0   1.1552069487576335 
  2063.0   1.2046216258844302 
  2064.0   1.1689799454265501 
  2065.0   1.1955385668928262 
  2066.0   1.168617049607538 
  2067.0   1.1907558439227712 
  2068.0   1.180554254477923 
  2069.0   1.1930708378318022 
  2070.0   1.1950866479076803 
  2071.0   1.223429031707584 
  2072.0   1.245527619227496 
  2073.0   1.202197232378318 
  2074.0   1.2117647351561707 
  2075.0   1.2045087138272808 
  2076.0   1.2414886150180253 
  2077.0   1.2353946533805322 
  2078.0   1.1976388848688846 
  2079.0   1.2415221946055268 
  2080.0   1.22064595961095 
  2081.0   1.2220785770644886 
  2082.0   1.2550636114199885 
  2083.0   1.2444338716725338 
  2084.0   1.2571869349098044 
  2085.0   1.2398012517432888 
  2086.0   1.258026242089214 
  2087.0   1.2555241657807226 
  2088.0   1.251611002148619 
  2089.0   1.2775283062000968 
  2090.0   1.2610288455243874 
  2091.0   1.2865009576470445 
  2092.0   1.281280779381817 
  2093.0   1.2745752314188907 
  2094.0   1.2831683007892591 
  2095.0   1.285007717982571 
  2096.0   1.3171440650360735 
  2097.0   1.2848514655586338 
  2098.0   1.2995409903774433 
  2099.0   1.2741137549370853 
  2100.0   1.282356584999431 
