  2015.0   525.2849858689927 
  2016.0   525.7784431108486 
  2017.0   526.3148442501016 
  2018.0   527.0499075567766 
  2019.0   527.8199525000567 
  2020.0   528.3618543971862 
  2021.0   529.0215398509425 
  2022.0   529.786725025722 
  2023.0   530.376029378708 
  2024.0   531.0705795079451 
  2025.0   532.135853415209 
  2026.0   533.1483575341199 
  2027.0   533.9468425708661 
  2028.0   534.8242746702579 
  2029.0   535.6923498395378 
  2030.0   536.7793144852028 
  2031.0   537.8266930679196 
  2032.0   538.8265191959422 
  2033.0   539.8078879314749 
  2034.0   540.7507791735528 
  2035.0   541.7910605122896 
  2036.0   542.7262797065853 
  2037.0   543.5221811472778 
  2038.0   544.5651895950225 
  2039.0   545.543105415371 
  2040.0   546.4950611228988 
  2041.0   547.6112212270937 
  2042.0   548.638616284724 
  2043.0   549.5055131192303 
  2044.0   550.5706506363406 
  2045.0   551.9811155188927 
  2046.0   553.3712024770346 
  2047.0   554.6109735878607 
  2048.0   555.7164630747491 
  2049.0   556.8995207057051 
  2050.0   558.2422913812954 
  2051.0   559.4877532021148 
  2052.0   560.3709222320609 
  2053.0   561.0431613345102 
  2054.0   562.1859643453628 
  2055.0   563.6472625307312 
  2056.0   565.0357089233346 
  2057.0   566.2740074865696 
  2058.0   567.4875603962147 
  2059.0   568.8496069143908 
  2060.0   570.1187266985768 
  2061.0   571.4706937110228 
  2062.0   573.0328846990307 
  2063.0   574.2906237162591 
  2064.0   575.4038294401946 
  2065.0   576.8356125324234 
  2066.0   578.2973352070687 
  2067.0   579.7294406688135 
  2068.0   581.1684946454701 
  2069.0   582.5754715418525 
  2070.0   584.0114577611274 
  2071.0   585.4337352069094 
  2072.0   586.671672515203 
  2073.0   588.0403718571978 
  2074.0   589.168810089825 
  2075.0   590.5032678818482 
  2076.0   591.9844024987622 
  2077.0   593.3438314390165 
  2078.0   594.3796923944421 
  2079.0   595.5962057059361 
  2080.0   596.8849668830803 
  2081.0   597.954968600801 
  2082.0   599.3070878552644 
  2083.0   600.7586197725442 
  2084.0   601.905087818373 
  2085.0   602.818040899749 
  2086.0   604.0550004840101 
  2087.0   605.2933574552833 
  2088.0   606.7262206540148 
  2089.0   608.1945215301254 
  2090.0   609.8053767355665 
  2091.0   611.359837344541 
  2092.0   612.776156430768 
  2093.0   613.8094591798905 
  2094.0   614.8693592452066 
  2095.0   616.3368901191959 
  2096.0   617.4775654639363 
  2097.0   618.5263636871354 
  2098.0   619.7120917102208 
  2099.0   620.6565422538686 
  2100.0   621.7528021052714 
