  2015.0   8.333219270643943 
  2016.0   8.386861864196744 
  2017.0   8.287599985409488 
  2018.0   8.168084464986048 
  2019.0   8.053376145758946 
  2020.0   8.096601819070907 
  2021.0   8.329296187392984 
  2022.0   8.380882531130803 
  2023.0   8.479641611416003 
  2024.0   8.58939526527991 
  2025.0   8.534657105791394 
  2026.0   8.441644698586146 
  2027.0   8.413410084064063 
  2028.0   8.533222878439695 
  2029.0   8.634493956472424 
  2030.0   8.603047252208567 
  2031.0   8.587029167946381 
  2032.0   8.511285814760829 
  2033.0   8.493274247947516 
  2034.0   8.659632882984488 
  2035.0   8.679299539498917 
  2036.0   8.756037681129383 
  2037.0   8.75405281442905 
  2038.0   8.8990744185098 
  2039.0   9.006115429815004 
  2040.0   8.995056631502456 
  2041.0   8.875755463246211 
  2042.0   8.819904543264979 
  2043.0   8.645657513173694 
  2044.0   8.640411883125378 
  2045.0   8.777854132209583 
  2046.0   8.936205090250327 
  2047.0   9.07506979036021 
  2048.0   9.152243811830125 
  2049.0   9.320212942701453 
  2050.0   9.475157823951072 
  2051.0   9.743448679204759 
  2052.0   9.818019184762896 
  2053.0   9.851263723339638 
  2054.0   9.811435540599687 
  2055.0   9.841200626377848 
  2056.0   10.039905710514455 
  2057.0   10.262267340041749 
  2058.0   10.268697264337469 
  2059.0   10.094834146182679 
  2060.0   10.092363001524788 
  2061.0   10.016822727597976 
  2062.0   9.960723732156676 
  2063.0   9.948901923221374 
  2064.0   10.207486331317636 
  2065.0   10.431632537101777 
  2066.0   10.538791069628234 
  2067.0   10.665004507393382 
  2068.0   10.722182711072797 
  2069.0   10.630042760311532 
  2070.0   10.460307616370676 
  2071.0   10.554786364899623 
  2072.0   10.572882463611615 
  2073.0   10.678708101421664 
  2074.0   10.773784798868249 
  2075.0   10.875110115470843 
  2076.0   10.967697322972201 
  2077.0   10.986284507733465 
  2078.0   10.924593408923943 
  2079.0   11.00865392422043 
  2080.0   11.1023722988112 
  2081.0   11.197800326834395 
  2082.0   11.101708177989458 
  2083.0   11.126986097480692 
  2084.0   11.188033843802959 
  2085.0   11.331164962289622 
  2086.0   11.243198999845504 
  2087.0   11.163325900378933 
  2088.0   11.33025682803925 
  2089.0   11.323725043005329 
  2090.0   11.286009506761467 
  2091.0   11.529197077884417 
  2092.0   11.67698808835632 
  2093.0   11.515696783883504 
  2094.0   11.465981825784171 
  2095.0   11.661579769631697 
  2096.0   11.728706216916425 
  2097.0   11.908124577287833 
  2098.0   12.072234110318375 
  2099.0   12.191147030434117 
  2100.0   12.057160468279784 
