  2015.0   271.9507008528597 
  2016.0   271.8682259554371 
  2017.0   273.08132562956837 
  2018.0   272.5757909236997 
  2019.0   272.3573310889605 
  2020.0   272.6085169429363 
  2021.0   272.1454175210631 
  2022.0   270.69382737743126 
  2023.0   271.6327631324012 
  2024.0   272.0096619734104 
  2025.0   272.90465626937225 
  2026.0   271.8509690684466 
  2027.0   271.65041884687327 
  2028.0   271.5112087400071 
  2029.0   272.18256073665043 
  2030.0   272.7421599725048 
  2031.0   272.4807800210139 
  2032.0   272.8143403819487 
  2033.0   271.78786624740485 
  2034.0   271.99670242608005 
  2035.0   272.5593987316922 
  2036.0   271.4673914385269 
  2037.0   271.6529806001763 
  2038.0   272.58084846854615 
  2039.0   271.8746199800915 
  2040.0   271.51298454761286 
  2041.0   272.98563650848956 
  2042.0   272.44606141626747 
  2043.0   271.87038849424977 
  2044.0   272.25511550774195 
  2045.0   272.8849751172502 
  2046.0   271.9446038784177 
  2047.0   272.8489415611185 
  2048.0   272.7257255360037 
  2049.0   271.3839875822167 
  2050.0   272.1874912669835 
  2051.0   273.3192296548668 
  2052.0   273.69643742240766 
  2053.0   272.3375836031049 
  2054.0   271.59803228271 
  2055.0   272.9501702116611 
  2056.0   273.5623779017058 
  2057.0   271.85207746118397 
  2058.0   271.95686434836034 
  2059.0   273.4199645086598 
  2060.0   273.0148561419076 
  2061.0   272.3599739364046 
  2062.0   273.35677118478606 
  2063.0   273.6067389157244 
  2064.0   273.60742017914424 
  2065.0   272.54430317231123 
  2066.0   274.3497759803647 
  2067.0   273.45627543957136 
  2068.0   274.03763894468585 
  2069.0   273.41232996801625 
  2070.0   274.13489299103304 
  2071.0   274.65014425622525 
  2072.0   273.5627679188547 
  2073.0   274.6522561537518 
  2074.0   275.1243628190264 
  2075.0   273.3653508761725 
  2076.0   272.91913747922143 
  2077.0   274.54717302864395 
  2078.0   274.67647064876166 
  2079.0   274.82684700435465 
  2080.0   275.16313816819064 
  2081.0   274.19228796658496 
  2082.0   274.8815980283055 
  2083.0   274.89777934678256 
  2084.0   274.6987211059921 
  2085.0   275.7674638768936 
  2086.0   274.6289146907103 
  2087.0   275.4895811323322 
  2088.0   275.9343915945356 
  2089.0   275.5061131870437 
  2090.0   275.19909015100194 
  2091.0   274.86131091928644 
  2092.0   274.92409088984283 
  2093.0   274.02859596940027 
  2094.0   275.5003256772107 
  2095.0   275.4366069896588 
  2096.0   274.7586424301382 
  2097.0   275.2968540537413 
  2098.0   275.63633837069887 
  2099.0   276.2446326858353 
  2100.0   274.84232538898385 
