  2015.0   10.4050336868071 
  2016.0   11.242756191838374 
  2017.0   11.580576841611844 
  2018.0   10.011617270545889 
  2019.0   10.977793441164744 
  2020.0   11.620863412684866 
  2021.0   11.415811431981847 
  2022.0   11.809678004410012 
  2023.0   11.322444583457923 
  2024.0   11.652769012925264 
  2025.0   11.118733482717579 
  2026.0   12.153425410120553 
  2027.0   11.382018250056149 
  2028.0   11.637964310139226 
  2029.0   11.71056168182174 
  2030.0   11.958876298978295 
  2031.0   11.456717432832622 
  2032.0   12.29984289367924 
  2033.0   11.829452136516815 
  2034.0   12.983725667369791 
  2035.0   12.445155634738326 
  2036.0   12.278323555131784 
  2037.0   13.300562810744283 
  2038.0   12.57842037192501 
  2039.0   12.059107044319461 
  2040.0   13.130804404739497 
  2041.0   12.419045376184826 
  2042.0   12.392838774003412 
  2043.0   13.135037991865945 
  2044.0   12.814959780356897 
  2045.0   12.554461325220622 
  2046.0   12.862816058682027 
  2047.0   12.725499605588283 
  2048.0   13.304105296910294 
  2049.0   12.949969382963427 
  2050.0   13.229891168322004 
  2051.0   13.666343299140188 
  2052.0   13.87151743164396 
  2053.0   14.666548797816086 
  2054.0   12.991408355119727 
  2055.0   13.979938059869516 
  2056.0   14.696681973846122 
  2057.0   13.45955124955562 
  2058.0   13.42580586267982 
  2059.0   14.13493439020572 
  2060.0   13.993902255981915 
  2061.0   14.821342410978655 
  2062.0   15.124915285608372 
  2063.0   14.136862054663593 
  2064.0   14.315229612023664 
  2065.0   14.132257519335019 
  2066.0   14.908577596781734 
  2067.0   14.435743562361136 
  2068.0   15.56076130601409 
  2069.0   15.735707177731864 
  2070.0   15.572783112286231 
  2071.0   14.840014554628421 
  2072.0   14.986647909652094 
  2073.0   15.733995989735494 
  2074.0   15.423017605480757 
  2075.0   15.293585736888444 
  2076.0   15.721516065357692 
  2077.0   14.770842359411697 
  2078.0   17.506229448858893 
  2079.0   16.292286343018386 
  2080.0   16.297802143421006 
  2081.0   16.299349343901156 
  2082.0   17.220793871461137 
  2083.0   16.060430142620607 
  2084.0   17.123146476505095 
  2085.0   16.477774199905983 
  2086.0   17.001214444517906 
  2087.0   16.73312048848064 
  2088.0   16.03997955581705 
  2089.0   16.287345470821563 
  2090.0   15.71304740196628 
  2091.0   16.94570643050001 
  2092.0   17.37203465553946 
  2093.0   16.54035853182881 
  2094.0   17.56738212262704 
  2095.0   17.79699472703583 
  2096.0   17.599642808037864 
  2097.0   17.910130569203208 
  2098.0   16.98210996745392 
  2099.0   18.02313476175087 
  2100.0   17.36564202341169 
