  2015.0   683.1764244772963 
  2016.0   683.2255305494213 
  2017.0   683.3760632984055 
  2018.0   683.557286470683 
  2019.0   683.7576284444661 
  2020.0   684.1643053815947 
  2021.0   684.5772058978534 
  2022.0   684.9339103528915 
  2023.0   685.308682809928 
  2024.0   685.5512228583995 
  2025.0   685.7515469901127 
  2026.0   686.1854035120375 
  2027.0   686.6536047861345 
  2028.0   687.168564091439 
  2029.0   687.510466983775 
  2030.0   687.7229600247035 
  2031.0   688.0265103686064 
  2032.0   688.3800872028828 
  2033.0   688.8120427360083 
  2034.0   689.269923005401 
  2035.0   689.7548720694646 
  2036.0   690.2272029687915 
  2037.0   690.6544215915204 
  2038.0   691.0138782250325 
  2039.0   691.3310418504725 
  2040.0   691.6674764789346 
  2041.0   691.8565286223825 
  2042.0   691.9680942711367 
  2043.0   692.293078206966 
  2044.0   692.9223480521392 
  2045.0   693.5454616733417 
  2046.0   694.2276519905209 
  2047.0   694.7694144084358 
  2048.0   695.2859846671887 
  2049.0   696.0067326532459 
  2050.0   696.7639463220949 
  2051.0   697.4507103555613 
  2052.0   697.9298675664464 
  2053.0   698.42925983794 
  2054.0   698.7690075775128 
  2055.0   699.1684060363795 
  2056.0   699.6750392322712 
  2057.0   700.1103538759404 
  2058.0   700.418756393607 
  2059.0   700.8007678108683 
  2060.0   701.1910175505994 
  2061.0   701.6683426641797 
  2062.0   702.3845957981964 
  2063.0   703.1137078750606 
  2064.0   703.9311230109042 
  2065.0   704.4949733228083 
  2066.0   704.9161079070917 
  2067.0   705.4391663330243 
  2068.0   705.8705072294158 
  2069.0   706.4446040182758 
  2070.0   707.0118522643287 
  2071.0   707.6631409468423 
  2072.0   708.2585630095529 
  2073.0   708.9385219813395 
  2074.0   709.5939309069676 
  2075.0   710.2160372642181 
  2076.0   710.8019594621038 
  2077.0   711.4608305174577 
  2078.0   712.0321479434147 
  2079.0   712.674652193144 
  2080.0   713.2088299437814 
  2081.0   713.7899927980252 
  2082.0   714.4770794215437 
  2083.0   715.0332029350784 
  2084.0   715.5620354946492 
  2085.0   716.0927776117878 
  2086.0   716.443197095585 
  2087.0   717.098244302057 
  2088.0   717.9487499225411 
  2089.0   718.4816620244748 
  2090.0   718.9368627808061 
  2091.0   719.638464639449 
  2092.0   720.1903895526091 
  2093.0   720.7989037884798 
  2094.0   721.3516588060197 
  2095.0   721.990362130803 
  2096.0   722.7507599098349 
  2097.0   723.5896325874083 
  2098.0   724.1674581375739 
  2099.0   724.6266351836392 
  2100.0   725.0332348921207 
