  2015.0   7.435381778446725 
  2016.0   6.8176945938902165 
  2017.0   7.099646428260227 
  2018.0   7.201515669052276 
  2019.0   7.107355161797447 
  2020.0   7.109896337335985 
  2021.0   7.208672455328887 
  2022.0   6.842346184893104 
  2023.0   7.195365587019044 
  2024.0   7.206658670151478 
  2025.0   7.147564284786038 
  2026.0   7.1247159413442915 
  2027.0   7.143695865823557 
  2028.0   7.159545963272214 
  2029.0   7.536459890871832 
  2030.0   7.659952242784433 
  2031.0   7.678806637414767 
  2032.0   7.374719551489384 
  2033.0   7.446667185208554 
  2034.0   7.64155829982621 
  2035.0   7.453830667293334 
  2036.0   7.897102720376573 
  2037.0   7.175271851532837 
  2038.0   7.185915491116 
  2039.0   7.597071708888202 
  2040.0   7.518430298805092 
  2041.0   7.784725113249714 
  2042.0   8.276704539459205 
  2043.0   7.934680071390325 
  2044.0   7.691477888090654 
  2045.0   7.947650018616729 
  2046.0   8.199644821828574 
  2047.0   8.275628617330447 
  2048.0   7.770361294328533 
  2049.0   8.131995205055262 
  2050.0   8.504513041019942 
  2051.0   8.654282519736709 
  2052.0   7.893889447828892 
  2053.0   8.23309015536653 
  2054.0   8.371865397610652 
  2055.0   8.531227891909447 
  2056.0   8.680806159185423 
  2057.0   8.735046054737412 
  2058.0   8.510619608833295 
  2059.0   8.707776104630328 
  2060.0   9.196720549306754 
  2061.0   8.992697387875339 
  2062.0   8.994422202272533 
  2063.0   8.652046467780309 
  2064.0   9.268434865983957 
  2065.0   9.209703587910703 
  2066.0   9.01032086473974 
  2067.0   9.135945874044236 
  2068.0   9.46155850012066 
  2069.0   9.544425533100679 
  2070.0   9.122035236962116 
  2071.0   8.98808244838747 
  2072.0   9.284608424311914 
  2073.0   9.364907005495564 
  2074.0   10.042831035543756 
  2075.0   9.43220040660534 
  2076.0   9.439978293204424 
  2077.0   9.891993209824312 
  2078.0   9.632094846762072 
  2079.0   9.427240012756952 
  2080.0   9.633897382109646 
  2081.0   9.818753730208508 
  2082.0   9.806018438249733 
  2083.0   9.234143096592714 
  2084.0   10.019344979020469 
  2085.0   9.856608594227424 
  2086.0   9.897218920395307 
  2087.0   9.614195256227912 
  2088.0   9.870752337955258 
  2089.0   10.016344422044765 
  2090.0   10.19665771512891 
  2091.0   10.040355019256124 
  2092.0   9.913730228828241 
  2093.0   10.453890939607948 
  2094.0   10.269991919194052 
  2095.0   9.932768576167541 
  2096.0   9.913548751643356 
  2097.0   10.560711042837669 
  2098.0   10.416202827300147 
  2099.0   10.290924730475576 
  2100.0   10.67897281140493 
