  2015.0   9.43183868994172 
  2016.0   8.7561356626353 
  2017.0   9.199256559565054 
  2018.0   8.971565987644931 
  2019.0   9.321977403745505 
  2020.0   9.461903866388415 
  2021.0   9.216647117070051 
  2022.0   9.761912753377278 
  2023.0   9.423723156010002 
  2024.0   9.195396386593046 
  2025.0   9.492481095948337 
  2026.0   10.1934907391957 
  2027.0   10.010198982061372 
  2028.0   10.153913472043472 
  2029.0   9.577024805147733 
  2030.0   9.960731937297568 
  2031.0   9.61238444910836 
  2032.0   10.15255154827384 
  2033.0   10.461357332689603 
  2034.0   10.160791970819808 
  2035.0   10.554691945594751 
  2036.0   10.32473775267992 
  2037.0   11.07804151509995 
  2038.0   9.774077738407223 
  2039.0   10.08053418707883 
  2040.0   10.819676560417806 
  2041.0   9.366191291169265 
  2042.0   9.515428858221991 
  2043.0   10.725366762845594 
  2044.0   10.84235571206272 
  2045.0   10.569281234726867 
  2046.0   11.68930188191405 
  2047.0   10.808109365340465 
  2048.0   11.40501118428547 
  2049.0   12.032561208824854 
  2050.0   12.18256253127633 
  2051.0   11.865282195817807 
  2052.0   12.19875229197782 
  2053.0   12.115727731825459 
  2054.0   11.711933214610523 
  2055.0   11.846874029612247 
  2056.0   11.743108810117159 
  2057.0   11.34526202674 
  2058.0   11.636026026703183 
  2059.0   12.314343139300492 
  2060.0   11.089157856568491 
  2061.0   12.741228794073406 
  2062.0   12.730203538855656 
  2063.0   13.11339663487562 
  2064.0   12.912833182814396 
  2065.0   12.788788048777722 
  2066.0   12.754841571686214 
  2067.0   12.585739286333142 
  2068.0   12.673539403951315 
  2069.0   13.174034303881871 
  2070.0   13.794582789393287 
  2071.0   13.338597761196873 
  2072.0   14.0249549053977 
  2073.0   13.548669603448886 
  2074.0   13.801237439037024 
  2075.0   13.49436265143787 
  2076.0   13.892723591121939 
  2077.0   13.770376320740246 
  2078.0   14.32295955355212 
  2079.0   14.140974235650171 
  2080.0   13.425785717376344 
  2081.0   14.115129515925872 
  2082.0   14.476568141068572 
  2083.0   13.90286062135484 
  2084.0   14.326882078388957 
  2085.0   13.90515779821339 
  2086.0   14.332589465063238 
  2087.0   14.8096642854724 
  2088.0   14.600296054682167 
  2089.0   14.91367308638056 
  2090.0   14.610880684465501 
  2091.0   15.119998421192866 
  2092.0   14.571611583525732 
  2093.0   15.42529266479279 
  2094.0   14.85453269779235 
  2095.0   15.015435047739395 
  2096.0   16.301344363841153 
  2097.0   16.047994951686707 
  2098.0   15.434544286919511 
  2099.0   15.21416710019891 
  2100.0   16.066507291404395 
