  2015.0   462.9388347490223 
  2016.0   463.5413061597129 
  2017.0   464.16261015758334 
  2018.0   464.76251999730437 
  2019.0   464.97153670279937 
  2020.0   465.3247856071361 
  2021.0   465.75867788599453 
  2022.0   466.4759152674392 
  2023.0   467.04402447915953 
  2024.0   467.60591801682546 
  2025.0   468.43511867670395 
  2026.0   469.3354410809001 
  2027.0   470.3677837911755 
  2028.0   471.1632513070812 
  2029.0   471.83036231258217 
  2030.0   472.68329209101427 
  2031.0   473.76623807090624 
  2032.0   474.69274493024636 
  2033.0   475.3845048425232 
  2034.0   476.4000584012152 
  2035.0   477.3174549092915 
  2036.0   478.13347968981856 
  2037.0   478.9831866815479 
  2038.0   480.1157850207127 
  2039.0   481.02570397153454 
  2040.0   481.9707120982884 
  2041.0   482.89108339119537 
  2042.0   483.9640185246018 
  2043.0   485.2034258679795 
  2044.0   486.23989186789305 
  2045.0   487.2491698859924 
  2046.0   488.3625330191244 
  2047.0   489.2873625007347 
  2048.0   490.32513912523416 
  2049.0   491.5086054670747 
  2050.0   492.378645814119 
  2051.0   493.3220779397373 
  2052.0   494.6104055647234 
  2053.0   495.8660479057984 
  2054.0   496.9782340949897 
  2055.0   497.65658564129484 
  2056.0   498.35731910043177 
  2057.0   499.63763885158335 
  2058.0   501.0757336457644 
  2059.0   502.37316754393214 
  2060.0   503.3114138395765 
  2061.0   504.39426234206957 
  2062.0   505.4022289244284 
  2063.0   506.20567641127894 
  2064.0   507.34467215562773 
  2065.0   508.6753891939128 
  2066.0   509.97278099946436 
  2067.0   510.95341266875334 
  2068.0   511.89509825283767 
  2069.0   513.2515962364506 
  2070.0   514.4447944805487 
  2071.0   515.4015163118839 
  2072.0   516.2439498271212 
  2073.0   517.1829422970155 
  2074.0   518.3784382650824 
  2075.0   519.3886891011449 
  2076.0   520.1126342896811 
  2077.0   521.0644295240534 
  2078.0   522.3526547366226 
  2079.0   523.4279322061693 
  2080.0   524.5513546575758 
  2081.0   525.7425908998478 
  2082.0   527.0546887144103 
  2083.0   528.2275461071596 
  2084.0   529.3075313523935 
  2085.0   530.5027582899198 
  2086.0   531.5191098918039 
  2087.0   532.3971561046701 
  2088.0   533.1957737715903 
  2089.0   534.2346208300319 
  2090.0   535.5090960951685 
  2091.0   536.6963129240581 
  2092.0   537.6798043932762 
  2093.0   538.9101929471155 
  2094.0   540.0721153463091 
  2095.0   541.3204905540981 
  2096.0   542.581517356042 
  2097.0   543.6837120620291 
  2098.0   544.9047582129944 
  2099.0   546.0457699154244 
  2100.0   546.9796160032433 
