  2015.0   6.043414238754599 
  2016.0   6.440567427490657 
  2017.0   6.6540957165877455 
  2018.0   5.772624303898539 
  2019.0   6.389739651930616 
  2020.0   6.688861136276855 
  2021.0   6.4763703532568995 
  2022.0   6.723264513743888 
  2023.0   6.3716881058115655 
  2024.0   6.5902671968591875 
  2025.0   6.348676719963881 
  2026.0   6.940827635204038 
  2027.0   6.5794775410527535 
  2028.0   6.593368923708312 
  2029.0   6.670654446185916 
  2030.0   6.7482529580783535 
  2031.0   6.510102660781858 
  2032.0   6.760994390819436 
  2033.0   6.62057534508018 
  2034.0   7.1057431159815865 
  2035.0   6.890049931628706 
  2036.0   6.890153139879084 
  2037.0   7.193657491588555 
  2038.0   6.991115721195378 
  2039.0   6.791819202318918 
  2040.0   7.184996793197835 
  2041.0   6.816830537096055 
  2042.0   6.874784244291517 
  2043.0   7.115201549615068 
  2044.0   7.040945202677341 
  2045.0   6.930946972215589 
  2046.0   7.255900100832697 
  2047.0   7.051488746031707 
  2048.0   7.331722733412792 
  2049.0   7.216092848233885 
  2050.0   7.284003900025794 
  2051.0   7.372027449553716 
  2052.0   7.484664544291572 
  2053.0   7.819839395396026 
  2054.0   7.138146975978343 
  2055.0   7.553242882697111 
  2056.0   7.785014376524099 
  2057.0   7.291500683603637 
  2058.0   7.363022778201952 
  2059.0   7.609006084910698 
  2060.0   7.572778564587913 
  2061.0   7.90753746462746 
  2062.0   7.898420715723735 
  2063.0   7.572995780320391 
  2064.0   7.772825006323877 
  2065.0   7.702730176330927 
  2066.0   7.9941822312393676 
  2067.0   7.766784546630055 
  2068.0   8.178892775029166 
  2069.0   8.17745930068848 
  2070.0   8.22873326982965 
  2071.0   7.9032636867196935 
  2072.0   8.01593633954705 
  2073.0   8.224896787517212 
  2074.0   8.208105155128841 
  2075.0   8.179626598321713 
  2076.0   8.318883905658016 
  2077.0   7.916987660740033 
  2078.0   8.945735741934428 
  2079.0   8.481778414044447 
  2080.0   8.46451258978818 
  2081.0   8.533131202530631 
  2082.0   8.737987387364212 
  2083.0   8.447742446683494 
  2084.0   8.736933028316693 
  2085.0   8.637121966997906 
  2086.0   8.729795270033838 
  2087.0   8.76632219706658 
  2088.0   8.395633913103346 
  2089.0   8.616358937321452 
  2090.0   8.387864143296042 
  2091.0   8.648214734972992 
  2092.0   9.066753623999128 
  2093.0   8.585062809911628 
  2094.0   8.99375441512932 
  2095.0   9.006225599214694 
  2096.0   8.931517655877245 
  2097.0   9.242514606815426 
  2098.0   8.81517434500102 
  2099.0   9.190796128367236 
  2100.0   8.954937341837548 
