  2015.0   8.96557623892199 
  2016.0   8.606319511180024 
  2017.0   8.409436443078935 
  2018.0   9.02992588031835 
  2019.0   9.138928671313096 
  2020.0   8.818476079579613 
  2021.0   9.429929955592986 
  2022.0   8.968233071923038 
  2023.0   9.275386261310926 
  2024.0   9.22800836553802 
  2025.0   9.032663106821285 
  2026.0   9.420989214498096 
  2027.0   9.36536773584394 
  2028.0   9.44795497807486 
  2029.0   10.098842667758568 
  2030.0   9.912576844525484 
  2031.0   10.03441926649672 
  2032.0   9.819586293641018 
  2033.0   10.283034384637208 
  2034.0   10.317449270900173 
  2035.0   10.523057225085141 
  2036.0   10.1469515951397 
  2037.0   10.768816183140633 
  2038.0   10.595815335802119 
  2039.0   10.396929378391231 
  2040.0   10.98799980098223 
  2041.0   10.909126537263543 
  2042.0   10.428169481539403 
  2043.0   10.963070670943477 
  2044.0   10.767441102308101 
  2045.0   11.065934855652639 
  2046.0   12.196342852800838 
  2047.0   12.147607927258157 
  2048.0   11.325081674659431 
  2049.0   11.545483252334071 
  2050.0   11.470587122614317 
  2051.0   11.70513054643212 
  2052.0   12.117097752164064 
  2053.0   11.74563805642778 
  2054.0   12.068250691576985 
  2055.0   12.274213787379162 
  2056.0   12.06539581970475 
  2057.0   12.014626419241615 
  2058.0   12.264606871308231 
  2059.0   12.641845779935206 
  2060.0   12.58164831764061 
  2061.0   11.790855892346352 
  2062.0   12.548932689487028 
  2063.0   13.37882032795143 
  2064.0   12.452298237007971 
  2065.0   13.051286744998917 
  2066.0   12.375404742627039 
  2067.0   12.927212492953464 
  2068.0   12.776162577415903 
  2069.0   13.30239271781502 
  2070.0   13.049419557682675 
  2071.0   13.64161196900954 
  2072.0   13.968563872178212 
  2073.0   13.18303218831192 
  2074.0   13.501833686760104 
  2075.0   13.359239885688927 
  2076.0   13.955849104099663 
  2077.0   13.979454557226527 
  2078.0   13.174416134636202 
  2079.0   14.032333580772802 
  2080.0   13.451733966499727 
  2081.0   13.980352328950293 
  2082.0   14.309437867032072 
  2083.0   14.427148118921542 
  2084.0   14.38944056400441 
  2085.0   14.12803310676736 
  2086.0   14.323390300344917 
  2087.0   14.594492616985852 
  2088.0   14.496445250827183 
  2089.0   14.758033845256927 
  2090.0   14.04516979474118 
  2091.0   14.962059897519254 
  2092.0   14.801880730956315 
  2093.0   14.543492106722297 
  2094.0   15.10851726511737 
  2095.0   15.22262751245749 
  2096.0   15.5424029980893 
  2097.0   15.031232851030783 
  2098.0   15.432915019878024 
  2099.0   14.628011253489445 
  2100.0   14.88128020966991 
