  2015.0   10.30987400837129 
  2016.0   10.50013209037182 
  2017.0   11.160253265128132 
  2018.0   10.531601425175149 
  2019.0   10.304375641362736 
  2020.0   9.660789093819071 
  2021.0   10.365140218636729 
  2022.0   11.124354863977405 
  2023.0   10.55967319588974 
  2024.0   10.762000650846547 
  2025.0   10.537355577639946 
  2026.0   11.189977993254717 
  2027.0   11.053563297424857 
  2028.0   10.840616950073962 
  2029.0   10.185916391441147 
  2030.0   10.284857813582555 
  2031.0   10.973638701818127 
  2032.0   11.575516572306471 
  2033.0   11.225958673675894 
  2034.0   10.982315762087058 
  2035.0   11.907347749645371 
  2036.0   11.777464968012607 
  2037.0   11.386159568474474 
  2038.0   11.305487156159217 
  2039.0   11.140896868843019 
  2040.0   11.469681453076241 
  2041.0   12.133924045386072 
  2042.0   12.170953438281531 
  2043.0   11.59151734230817 
  2044.0   11.891902092432943 
  2045.0   12.574417925796888 
  2046.0   12.961034959638575 
  2047.0   12.180330235581984 
  2048.0   12.488613708800463 
  2049.0   11.85229219220374 
  2050.0   12.803573017342385 
  2051.0   12.496500610702434 
  2052.0   11.720091987443196 
  2053.0   12.645141975590496 
  2054.0   12.532889300800909 
  2055.0   13.029247258305114 
  2056.0   12.423102530402842 
  2057.0   12.973074097105508 
  2058.0   11.766857570227764 
  2059.0   12.305329907181171 
  2060.0   12.99178316129169 
  2061.0   12.50906938494245 
  2062.0   13.757508887872818 
  2063.0   12.514947581174626 
  2064.0   12.385653097580024 
  2065.0   13.00147459707964 
  2066.0   12.892065794614998 
  2067.0   13.216778404067227 
  2068.0   13.765468853704071 
  2069.0   12.495774178744862 
  2070.0   12.996632947518318 
  2071.0   13.586854966086541 
  2072.0   13.739947777788032 
  2073.0   13.536753408371665 
  2074.0   13.062302724845097 
  2075.0   13.122509806016874 
  2076.0   13.61686226105761 
  2077.0   13.897612796777796 
  2078.0   13.478837076990692 
  2079.0   12.774791976468526 
  2080.0   14.1625813091154 
  2081.0   14.324100634535244 
  2082.0   13.45564665374857 
  2083.0   14.509800760463246 
  2084.0   14.562773645878059 
  2085.0   13.493816093143375 
  2086.0   13.468054631917349 
  2087.0   14.692288738414094 
  2088.0   14.62865683685755 
  2089.0   14.522637885063677 
  2090.0   14.032168064935211 
  2091.0   14.38270707860625 
  2092.0   13.829133835163427 
  2093.0   15.27784642961427 
  2094.0   14.940089661491736 
  2095.0   14.24441978565158 
  2096.0   14.1546140764654 
  2097.0   15.032120712584986 
  2098.0   14.98406953378258 
  2099.0   15.156052978433923 
  2100.0   15.018644990113382 
