  2015.0   1.2880837829786829 
  2016.0   1.2680617621366381 
  2017.0   1.287705266441872 
  2018.0   1.323213652914446 
  2019.0   1.319804390931498 
  2020.0   1.316663387345874 
  2021.0   1.3377119666382522 
  2022.0   1.3513358459898148 
  2023.0   1.3528260803976602 
  2024.0   1.331305477106168 
  2025.0   1.3161556622604216 
  2026.0   1.3106200627933475 
  2027.0   1.297926767805726 
  2028.0   1.2752476520049345 
  2029.0   1.2684655112748118 
  2030.0   1.2745032226355932 
  2031.0   1.288724559242395 
  2032.0   1.3328502072147046 
  2033.0   1.3206970348438236 
  2034.0   1.3194875048450398 
  2035.0   1.3378926297753309 
  2036.0   1.3473159791125275 
  2037.0   1.3393962633187757 
  2038.0   1.3490937862282988 
  2039.0   1.3364970984060665 
  2040.0   1.3058900249302632 
  2041.0   1.3059726710449522 
  2042.0   1.3010945898638924 
  2043.0   1.313032274399255 
  2044.0   1.3262757375198166 
  2045.0   1.3293995570081838 
  2046.0   1.342160382035353 
  2047.0   1.3247372154231989 
  2048.0   1.341523083843033 
  2049.0   1.3789677888421397 
  2050.0   1.3845448762049422 
  2051.0   1.3922108228407826 
  2052.0   1.4305773140774194 
  2053.0   1.4038656812644494 
  2054.0   1.410165850780766 
  2055.0   1.4301384663066894 
  2056.0   1.4473256624614688 
  2057.0   1.4769585767488778 
  2058.0   1.492397828798853 
  2059.0   1.4388848491249937 
  2060.0   1.3690733224441494 
  2061.0   1.3759355786552132 
  2062.0   1.4028731214443484 
  2063.0   1.4355353405228561 
  2064.0   1.4727551603045663 
  2065.0   1.4682574046970112 
  2066.0   1.4813694917849807 
  2067.0   1.4944824451474719 
  2068.0   1.5095267078283408 
  2069.0   1.5206180987150264 
  2070.0   1.5241891962953498 
  2071.0   1.4952819010616467 
  2072.0   1.5205360553060938 
  2073.0   1.5558641928757517 
  2074.0   1.5520749554988227 
  2075.0   1.5213650793591225 
  2076.0   1.5095263945372484 
  2077.0   1.47745436136748 
  2078.0   1.5055327320661525 
  2079.0   1.53908112744778 
  2080.0   1.5382562832017235 
  2081.0   1.5271883722818227 
  2082.0   1.5184199792567015 
  2083.0   1.4953964201216094 
  2084.0   1.5355619318157692 
  2085.0   1.5698803610439813 
  2086.0   1.5723464796985678 
  2087.0   1.6000146554984949 
  2088.0   1.5984488703207262 
  2089.0   1.5878996849253866 
  2090.0   1.5944817818424857 
  2091.0   1.5815926382592433 
  2092.0   1.6180358599823959 
  2093.0   1.6369781263509382 
  2094.0   1.6415215649812605 
  2095.0   1.6453015230183528 
  2096.0   1.6354701336875246 
  2097.0   1.6544702989342357 
  2098.0   1.6309605917787227 
  2099.0   1.604439694146122 
  2100.0   1.632390271315794 
