  2015.0   10.25614780523496 
  2016.0   10.018579099244802 
  2017.0   9.977878029159072 
  2018.0   10.206557283735584 
  2019.0   10.067780166488248 
  2020.0   10.91138895398245 
  2021.0   10.222341269207329 
  2022.0   11.505090390645837 
  2023.0   11.588353504624735 
  2024.0   11.279182175840067 
  2025.0   11.843155349155612 
  2026.0   11.608757094154026 
  2027.0   10.722718717745568 
  2028.0   11.155342138847145 
  2029.0   11.426364625761012 
  2030.0   12.112802016620202 
  2031.0   11.893798556073929 
  2032.0   12.494538433768538 
  2033.0   12.224928000350099 
  2034.0   11.379618335462903 
  2035.0   11.568004732496645 
  2036.0   12.091353114723256 
  2037.0   12.358584177634603 
  2038.0   12.21832061883296 
  2039.0   12.75108973557967 
  2040.0   12.102346747751275 
  2041.0   12.579721337040269 
  2042.0   12.986285578127694 
  2043.0   12.45618014851429 
  2044.0   12.662077678699232 
  2045.0   13.1032502397486 
  2046.0   12.92121123426298 
  2047.0   13.979073053050783 
  2048.0   13.560349205931482 
  2049.0   13.726583029718823 
  2050.0   13.375773614829425 
  2051.0   13.849467832469315 
  2052.0   13.720119303324466 
  2053.0   14.32298911694525 
  2054.0   13.588317573172917 
  2055.0   14.323394852660819 
  2056.0   13.947324843686152 
  2057.0   14.783981158845432 
  2058.0   14.5776248204528 
  2059.0   14.64795362850763 
  2060.0   15.226865911085063 
  2061.0   15.529525493669952 
  2062.0   15.92424811540834 
  2063.0   16.312884573124077 
  2064.0   15.491177917868937 
  2065.0   16.07699139323771 
  2066.0   16.279501791828334 
  2067.0   16.609131934638746 
  2068.0   15.978591504342486 
  2069.0   16.212200351469605 
  2070.0   15.353367552597936 
  2071.0   15.331221495144742 
  2072.0   16.194783186962695 
  2073.0   16.60346267535732 
  2074.0   15.32025533597896 
  2075.0   16.87039607573272 
  2076.0   17.285511197523963 
  2077.0   17.811607086801928 
  2078.0   17.686726870173 
  2079.0   17.539576241998542 
  2080.0   17.289844423487953 
  2081.0   17.512298121993325 
  2082.0   17.023166791195198 
  2083.0   18.30561340066126 
  2084.0   17.862375564484893 
  2085.0   18.475172695194264 
  2086.0   17.99824710579204 
  2087.0   19.13230069275909 
  2088.0   19.029174854530346 
  2089.0   19.1885292360682 
  2090.0   18.915593193774352 
  2091.0   18.99241631219005 
  2092.0   19.499485300433342 
  2093.0   19.845993469637094 
  2094.0   19.58865423450414 
  2095.0   19.644924791836385 
  2096.0   19.602024830828373 
  2097.0   19.620860645804488 
  2098.0   20.245043845791212 
  2099.0   19.810369911253332 
  2100.0   21.009391779482424 
