  2015.0   4.1534152608675636e-10 
  2016.0   4.3733108786674367e-10 
  2017.0   4.5538613468399505e-10 
  2018.0   3.987018079641384e-10 
  2019.0   4.4417060171486076e-10 
  2020.0   4.585539746044042e-10 
  2021.0   4.4899675882700613e-10 
  2022.0   4.659037903090511e-10 
  2023.0   4.538580434256877e-10 
  2024.0   4.5447784036430385e-10 
  2025.0   4.4025560404822836e-10 
  2026.0   4.870920698735482e-10 
  2027.0   4.670295865975033e-10 
  2028.0   4.6454259355700985e-10 
  2029.0   4.6289001844841103e-10 
  2030.0   4.767043113909762e-10 
  2031.0   4.612148499544614e-10 
  2032.0   4.751837422607011e-10 
  2033.0   4.776043117079374e-10 
  2034.0   5.089784122215775e-10 
  2035.0   4.856722183441844e-10 
  2036.0   4.883062371717036e-10 
  2037.0   5.114170714194414e-10 
  2038.0   5.045394621033228e-10 
  2039.0   4.823085824499002e-10 
  2040.0   5.166437028024275e-10 
  2041.0   4.894786027511216e-10 
  2042.0   4.981167601015283e-10 
  2043.0   5.196299251947332e-10 
  2044.0   5.233210020329925e-10 
  2045.0   5.069181724173195e-10 
  2046.0   5.200307221412508e-10 
  2047.0   5.136936521280084e-10 
  2048.0   5.354320385303391e-10 
  2049.0   5.392216065827562e-10 
  2050.0   5.326087598663286e-10 
  2051.0   5.399968452102158e-10 
  2052.0   5.422768472404802e-10 
  2053.0   5.723552526632425e-10 
  2054.0   5.341051892207146e-10 
  2055.0   5.518433334618528e-10 
  2056.0   5.838915632820228e-10 
  2057.0   5.429534278512854e-10 
  2058.0   5.444230408732382e-10 
  2059.0   5.633789091504927e-10 
  2060.0   5.721394898845508e-10 
  2061.0   5.906999859712572e-10 
  2062.0   5.965730390367004e-10 
  2063.0   5.730627499155061e-10 
  2064.0   5.746852322237292e-10 
  2065.0   5.81880455615645e-10 
  2066.0   6.037409721406133e-10 
  2067.0   5.913245649866829e-10 
  2068.0   6.146976972053875e-10 
  2069.0   6.183368276546151e-10 
  2070.0   6.306171401919313e-10 
  2071.0   6.117136663789105e-10 
  2072.0   6.176059214430929e-10 
  2073.0   6.355489082892714e-10 
  2074.0   6.480851162450366e-10 
  2075.0   6.365627095573612e-10 
  2076.0   6.50838128994372e-10 
  2077.0   6.140733212318569e-10 
  2078.0   6.949848480511572e-10 
  2079.0   6.588005614755047e-10 
  2080.0   6.588643069797768e-10 
  2081.0   6.736954102741481e-10 
  2082.0   6.871924980838518e-10 
  2083.0   6.606131834431717e-10 
  2084.0   6.767492808798953e-10 
  2085.0   6.778172228058532e-10 
  2086.0   6.870805456998664e-10 
  2087.0   6.936592020161251e-10 
  2088.0   6.638799985494061e-10 
  2089.0   6.844942699292507e-10 
  2090.0   6.771862625423978e-10 
  2091.0   6.911880011718793e-10 
  2092.0   7.152102354456098e-10 
  2093.0   6.98230456173096e-10 
  2094.0   7.106918659103921e-10 
  2095.0   7.141041426019721e-10 
  2096.0   7.12869433388651e-10 
  2097.0   7.27965183069666e-10 
  2098.0   7.211939174182215e-10 
  2099.0   7.314695870982778e-10 
  2100.0   7.272660499836257e-10 
