  2015.0   0.08949836256270256 
  2016.0   0.06969328932084892 
  2017.0   0.23945116775464298 
  2018.0   0.34944422836751027 
  2019.0   0.28600783268036756 
  2020.0   0.4618009936197952 
  2021.0   0.32986329422476196 
  2022.0   0.3964839074362468 
  2023.0   0.4523140491143211 
  2024.0   0.471536947458387 
  2025.0   0.5259527014768562 
  2026.0   0.5940743158686272 
  2027.0   0.6302679595846904 
  2028.0   0.2923121336625833 
  2029.0   0.3302501566078921 
  2030.0   0.19832344162821441 
  2031.0   0.20761199708898062 
  2032.0   0.5140033584785956 
  2033.0   0.47749495203389386 
  2034.0   0.3605311212446409 
  2035.0   0.5383569818553962 
  2036.0   0.3440808247622694 
  2037.0   0.49473266307683217 
  2038.0   0.6328978713987237 
  2039.0   0.5844703233614686 
  2040.0   0.43657624324659605 
  2041.0   0.562592093935415 
  2042.0   0.3202423945527565 
  2043.0   0.6661750871758638 
  2044.0   0.45161596593094605 
  2045.0   0.6979011503813017 
  2046.0   0.8853653467637388 
  2047.0   0.7232152886066787 
  2048.0   0.6177643418380356 
  2049.0   0.706872911278423 
  2050.0   0.63058957288489 
  2051.0   0.5757880701197389 
  2052.0   0.8577229486415474 
  2053.0   0.6482958462742123 
  2054.0   0.7916988453097252 
  2055.0   0.5203676855701554 
  2056.0   0.6706926260156986 
  2057.0   0.6257565251077641 
  2058.0   0.9745186732632658 
  2059.0   0.6786669440788926 
  2060.0   0.8658784352009874 
  2061.0   0.7706048579746874 
  2062.0   0.7071669948010715 
  2063.0   0.7154710756205263 
  2064.0   0.7049950242331792 
  2065.0   0.8144182468710672 
  2066.0   0.813686372359849 
  2067.0   0.51631948209164 
  2068.0   1.0745341902361794 
  2069.0   0.5495883220709187 
  2070.0   0.9343608816251469 
  2071.0   0.7250327731936124 
  2072.0   0.9586117828457693 
  2073.0   0.9724162491749622 
  2074.0   0.61954394116314 
  2075.0   0.8907961934510435 
  2076.0   0.7861860691807443 
  2077.0   0.8632958965371934 
  2078.0   0.5491702371674881 
  2079.0   0.5950688404622672 
  2080.0   0.783191165051252 
  2081.0   0.8128512715904163 
  2082.0   0.6051478135566345 
  2083.0   0.8616642573116717 
  2084.0   0.2942636461005904 
  2085.0   0.7587668570023908 
  2086.0   0.6304531710973413 
  2087.0   0.9620072919649889 
  2088.0   0.3676303876062805 
  2089.0   0.6977674830619236 
  2090.0   0.8972198576204691 
  2091.0   0.9377728616328181 
  2092.0   0.5359468306103686 
  2093.0   0.8458721566883506 
  2094.0   0.674967892591807 
  2095.0   0.6530773417386082 
  2096.0   0.7608885751349498 
  2097.0   0.7463189627142047 
  2098.0   0.8565086893600131 
  2099.0   1.014892678554069 
  2100.0   0.8966887339900995 
