  2015.0   2.178593696420284e-10 
  2016.0   1.8922254161001156e-10 
  2017.0   1.8819006910064444e-10 
  2018.0   2.3975706571175026e-10 
  2019.0   2.3210722640655446e-10 
  2020.0   2.0569366397149307e-10 
  2021.0   1.9758607193753196e-10 
  2022.0   2.1591592076905813e-10 
  2023.0   2.054110465651364e-10 
  2024.0   1.9805922464842942e-10 
  2025.0   1.902353907734776e-10 
  2026.0   2.058565615297894e-10 
  2027.0   1.9676148856560277e-10 
  2028.0   1.9729293128791284e-10 
  2029.0   2.0246016285569166e-10 
  2030.0   1.9843970006676735e-10 
  2031.0   1.9524454444294186e-10 
  2032.0   1.6863616663906567e-10 
  2033.0   1.6159832612492107e-10 
  2034.0   1.7997944895401043e-10 
  2035.0   1.9367558323008265e-10 
  2036.0   1.9746266228055268e-10 
  2037.0   2.2241980854328459e-10 
  2038.0   2.1918089759381505e-10 
  2039.0   1.9616601490275906e-10 
  2040.0   1.9368178231102498e-10 
  2041.0   1.9836038425829577e-10 
  2042.0   1.8915629687211488e-10 
  2043.0   1.9884644203239861e-10 
  2044.0   2.0975404604728518e-10 
  2045.0   2.103889790573189e-10 
  2046.0   1.944526312455891e-10 
  2047.0   1.8389593483352767e-10 
  2048.0   1.7058195740040865e-10 
  2049.0   1.867674520593884e-10 
  2050.0   2.1372578230221333e-10 
  2051.0   2.1272336557605692e-10 
  2052.0   1.878006461427803e-10 
  2053.0   1.8953093088995995e-10 
  2054.0   2.1173847001824168e-10 
  2055.0   1.9431355196186985e-10 
  2056.0   1.8230852078711631e-10 
  2057.0   1.879687645266901e-10 
  2058.0   1.7927765807510237e-10 
  2059.0   1.7014487764250725e-10 
  2060.0   1.8832375584560932e-10 
  2061.0   2.061085395398453e-10 
  2062.0   1.9267224670053777e-10 
  2063.0   1.9271098058983395e-10 
  2064.0   1.888974272854711e-10 
  2065.0   2.045993436267347e-10 
  2066.0   2.0374731659853613e-10 
  2067.0   1.7828575813776828e-10 
  2068.0   1.6945445322029916e-10 
  2069.0   1.8469655265714825e-10 
  2070.0   1.9111286875209585e-10 
  2071.0   1.9091244913359453e-10 
  2072.0   1.896310990654034e-10 
  2073.0   1.8447210306654838e-10 
  2074.0   1.8434500075601544e-10 
  2075.0   1.770994948390005e-10 
  2076.0   1.8969847784520381e-10 
  2077.0   1.749881513781658e-10 
  2078.0   1.5504361226584164e-10 
  2079.0   1.5909036435288737e-10 
  2080.0   1.586254051106274e-10 
  2081.0   1.901999163392059e-10 
  2082.0   1.9150122546281775e-10 
  2083.0   1.8260001871005374e-10 
  2084.0   1.9838257880511065e-10 
  2085.0   2.191818561092512e-10 
  2086.0   1.9525010283645077e-10 
  2087.0   1.6462124629944094e-10 
  2088.0   1.781087900779478e-10 
  2089.0   2.0842475666625032e-10 
  2090.0   2.1902535162809988e-10 
  2091.0   2.1787593704152695e-10 
  2092.0   2.268681719473691e-10 
  2093.0   2.1518662146197661e-10 
  2094.0   1.9991633658255014e-10 
  2095.0   1.9258733745988123e-10 
  2096.0   1.7781248056887275e-10 
  2097.0   1.9483359279059242e-10 
  2098.0   1.7972092150054005e-10 
  2099.0   1.9321336477828744e-10 
  2100.0   2.031059348552731e-10 
