  2015.0   246.88565251143788 
  2016.0   247.145035565196 
  2017.0   247.35334661599774 
  2018.0   247.5938300793314 
  2019.0   247.7714952318137 
  2020.0   247.86697718439027 
  2021.0   248.08696464277622 
  2022.0   248.41031010841 
  2023.0   248.93064929495142 
  2024.0   249.16845818703445 
  2025.0   249.38025116554587 
  2026.0   249.6365950457268 
  2027.0   249.94586021339254 
  2028.0   250.19082651475287 
  2029.0   250.40312816049394 
  2030.0   250.70522619956967 
  2031.0   250.98667331610278 
  2032.0   251.26355676849988 
  2033.0   251.7159670328221 
  2034.0   252.0732222618104 
  2035.0   252.3141193337332 
  2036.0   252.69186787827738 
  2037.0   252.94811447241105 
  2038.0   253.33601028574836 
  2039.0   253.6192178810313 
  2040.0   253.97749491263554 
  2041.0   254.36290647555293 
  2042.0   254.68858106203717 
  2043.0   255.07307243965172 
  2044.0   255.16550717257115 
  2045.0   255.31035543874145 
  2046.0   255.67948480049742 
  2047.0   256.0023361390932 
  2048.0   256.39166629355594 
  2049.0   256.7949373589001 
  2050.0   257.1996103677015 
  2051.0   257.62783694011955 
  2052.0   257.72475810747227 
  2053.0   258.0299882462653 
  2054.0   258.25574807555387 
  2055.0   258.5335938566883 
  2056.0   258.76833505184476 
  2057.0   258.86937230025336 
  2058.0   259.0220038860739 
  2059.0   259.33114611506016 
  2060.0   259.48984922150305 
  2061.0   259.75670986395266 
  2062.0   260.1235008601423 
  2063.0   260.3762278932365 
  2064.0   260.56853261711177 
  2065.0   260.70251129136494 
  2066.0   261.09887886565764 
  2067.0   261.4232945322502 
  2068.0   261.8328998071341 
  2069.0   262.10119368879623 
  2070.0   262.4823285595943 
  2071.0   262.56973395619536 
  2072.0   262.7935203208324 
  2073.0   263.0166108526991 
  2074.0   263.135033918442 
  2075.0   263.2244714906232 
  2076.0   263.39231886978445 
  2077.0   263.7374636363695 
  2078.0   263.9483000050399 
  2079.0   264.23662296281555 
  2080.0   264.37249704817077 
  2081.0   264.46749806831343 
  2082.0   264.4261958385908 
  2083.0   264.6920544978818 
  2084.0   264.6927161738686 
  2085.0   264.8592509435366 
  2086.0   265.1437190758758 
  2087.0   265.2326693850432 
  2088.0   265.2681195314308 
  2089.0   265.1090949811029 
  2090.0   265.3896094557756 
  2091.0   265.49560642754585 
  2092.0   265.7676506267079 
  2093.0   265.68954525229714 
  2094.0   265.6868370684724 
  2095.0   265.79464256663783 
  2096.0   265.93828722518947 
  2097.0   266.0118307844159 
  2098.0   266.1832664000848 
  2099.0   266.1447984419902 
  2100.0   266.10066091743334 
