  2015.0   1.6647647217813435 
  2016.0   1.9862400465456553 
  2017.0   1.9296538578992153 
  2018.0   1.62735255246316 
  2019.0   1.8673114622804439 
  2020.0   1.9521300568992401 
  2021.0   1.9931960710146348 
  2022.0   1.738333428074204 
  2023.0   1.8473759296364303 
  2024.0   1.7222197699193176 
  2025.0   1.9363658552370842 
  2026.0   1.9258718218714637 
  2027.0   2.1464724787718286 
  2028.0   1.860566969122475 
  2029.0   1.772321770919832 
  2030.0   2.087594616824626 
  2031.0   1.9113476614332048 
  2032.0   2.043671848656073 
  2033.0   1.8166213340920536 
  2034.0   1.951232598648696 
  2035.0   1.8592930282925986 
  2036.0   1.9022135923696022 
  2037.0   1.7978485870316403 
  2038.0   1.8867847309914119 
  2039.0   1.9049015223188328 
  2040.0   1.7952782459473557 
  2041.0   1.9031650381704146 
  2042.0   1.9921894273768121 
  2043.0   1.892604228522427 
  2044.0   1.8715345036501438 
  2045.0   2.0756387276419526 
  2046.0   1.699126771813258 
  2047.0   2.019600454154289 
  2048.0   1.971910801217689 
  2049.0   1.98598638191662 
  2050.0   2.2864748965082438 
  2051.0   1.73352791839385 
  2052.0   1.9881343985653972 
  2053.0   1.9658016679756647 
  2054.0   1.9655608135055247 
  2055.0   1.821173165005586 
  2056.0   1.7625685834944314 
  2057.0   2.186876917891419 
  2058.0   2.2095626531776964 
  2059.0   1.9359231302004754 
  2060.0   1.9825599525034479 
  2061.0   2.0283899717229277 
  2062.0   1.8214350358006033 
  2063.0   1.9498001426891096 
  2064.0   1.8622173257679813 
  2065.0   1.8491041637623415 
  2066.0   1.9772779136043794 
  2067.0   2.222156554381649 
  2068.0   1.9014530926892081 
  2069.0   2.004956267969934 
  2070.0   2.01654783018151 
  2071.0   1.8711860492268448 
  2072.0   2.040672937227984 
  2073.0   2.413512987820756 
  2074.0   1.7660449367394837 
  2075.0   2.097391001588986 
  2076.0   2.000754347790001 
  2077.0   2.058207279756289 
  2078.0   1.7823228507741495 
  2079.0   1.9624298874400021 
  2080.0   1.914619973781986 
  2081.0   1.8712980626611573 
  2082.0   2.0129521597086084 
  2083.0   1.8255766105093052 
  2084.0   1.8731796826875902 
  2085.0   2.020534814130976 
  2086.0   2.1650279215238135 
  2087.0   1.9635956414081923 
  2088.0   1.8642858934100959 
  2089.0   1.9998779776342952 
  2090.0   2.0613751361517494 
  2091.0   1.985388469520899 
  2092.0   1.9536036042731313 
  2093.0   2.055257653596901 
  2094.0   1.9048486778014486 
  2095.0   2.040761012886768 
  2096.0   2.067999876080215 
  2097.0   1.96716677353822 
  2098.0   1.9944168107743863 
  2099.0   1.8354113294038983 
  2100.0   1.8142034014667399 
