  2015.0   1.8508923646148267e-10 
  2016.0   1.438747618615257e-10 
  2017.0   1.628928718384063e-10 
  2018.0   1.4405621959121735e-10 
  2019.0   1.30144327501695e-10 
  2020.0   1.7405328907678202e-10 
  2021.0   1.691976635920355e-10 
  2022.0   1.932108768023265e-10 
  2023.0   1.509178693221411e-10 
  2024.0   1.6928447106440905e-10 
  2025.0   1.7280385090191514e-10 
  2026.0   1.2789274669323043e-10 
  2027.0   1.6820159421425986e-10 
  2028.0   1.6264581113437357e-10 
  2029.0   1.3803147345259624e-10 
  2030.0   1.595276559174735e-10 
  2031.0   1.2872641250533423e-10 
  2032.0   1.5744035566939928e-10 
  2033.0   1.591153532316442e-10 
  2034.0   2.2959001545460479e-10 
  2035.0   2.513921040979072e-10 
  2036.0   2.1135201446375634e-10 
  2037.0   1.5053765315008963e-10 
  2038.0   2.1230078612906916e-10 
  2039.0   2.1021869959481716e-10 
  2040.0   1.6949469754521924e-10 
  2041.0   1.4865605561990304e-10 
  2042.0   1.986123426083269e-10 
  2043.0   1.898292720660649e-10 
  2044.0   1.6921958063738888e-10 
  2045.0   2.277736076371594e-10 
  2046.0   1.608052188171331e-10 
  2047.0   1.989007708046252e-10 
  2048.0   2.591619836114443e-10 
  2049.0   2.1205222885553476e-10 
  2050.0   2.056749565665402e-10 
  2051.0   1.9291955132341035e-10 
  2052.0   1.6255922627754723e-10 
  2053.0   2.6326442321355503e-10 
  2054.0   2.794578497328115e-10 
  2055.0   2.82129454527973e-10 
  2056.0   2.275894223051245e-10 
  2057.0   2.511324238245114e-10 
  2058.0   2.3710792409883354e-10 
  2059.0   1.7295103954837067e-10 
  2060.0   2.328876226862316e-10 
  2061.0   2.0140293349284827e-10 
  2062.0   1.5470219495094602e-10 
  2063.0   1.9906950122151417e-10 
  2064.0   2.2225333757001304e-10 
  2065.0   2.6778219882223657e-10 
  2066.0   2.0077943249942034e-10 
  2067.0   1.8239360737609573e-10 
  2068.0   1.9269527555451323e-10 
  2069.0   1.91459503824138e-10 
  2070.0   2.2499725983076096e-10 
  2071.0   2.2576464043958766e-10 
  2072.0   1.845188056052617e-10 
  2073.0   1.9542392858757376e-10 
  2074.0   2.074969378757224e-10 
  2075.0   2.1468954972703996e-10 
  2076.0   2.369973964139314e-10 
  2077.0   2.0299896027107556e-10 
  2078.0   2.385626426269943e-10 
  2079.0   2.9964677981402237e-10 
  2080.0   3.653440281116502e-10 
  2081.0   2.933254287128764e-10 
  2082.0   3.0166242392784713e-10 
  2083.0   2.588780828592512e-10 
  2084.0   2.6763562968373343e-10 
  2085.0   2.6323436775949963e-10 
  2086.0   2.5163733453399973e-10 
  2087.0   2.3884919857679353e-10 
  2088.0   2.2199740934008702e-10 
  2089.0   2.3253404244327031e-10 
  2090.0   3.051076312072971e-10 
  2091.0   2.574791312524823e-10 
  2092.0   3.409436470348612e-10 
  2093.0   3.0460433631927505e-10 
  2094.0   2.5838282736125505e-10 
  2095.0   2.2453390347153145e-10 
  2096.0   2.7184541150684165e-10 
  2097.0   2.8400510989492554e-10 
  2098.0   2.1826836253008278e-10 
  2099.0   3.239515359531776e-10 
  2100.0   3.3295304442743084e-10 
