  2015.0   9.553681054064274 
  2016.0   9.614439420924215 
  2017.0   9.504933124372617 
  2018.0   9.65871817367414 
  2019.0   9.666579030083676 
  2020.0   9.670948945923847 
  2021.0   9.594445970571549 
  2022.0   9.674745293702314 
  2023.0   9.609879505820512 
  2024.0   9.615121900849934 
  2025.0   9.742435617274051 
  2026.0   9.72367277364237 
  2027.0   9.683038897934598 
  2028.0   9.623192896378594 
  2029.0   9.723734941595916 
  2030.0   9.74868357529159 
  2031.0   9.756867952826504 
  2032.0   9.636087246355444 
  2033.0   9.746241281681463 
  2034.0   9.788312545427312 
  2035.0   9.543602750119463 
  2036.0   9.652759030978512 
  2037.0   10.039090979773654 
  2038.0   10.001020319065095 
  2039.0   9.899301627439872 
  2040.0   9.899391116931955 
  2041.0   9.844223696701713 
  2042.0   9.800342464278211 
  2043.0   9.772544604018284 
  2044.0   9.929677692268879 
  2045.0   9.936556044001149 
  2046.0   9.901256616413132 
  2047.0   9.88985249394071 
  2048.0   9.862522480687781 
  2049.0   9.951808440729534 
  2050.0   9.885221447108455 
  2051.0   9.935135953494774 
  2052.0   9.849317617504312 
  2053.0   9.734953413620971 
  2054.0   9.911019993878813 
  2055.0   9.77420391306973 
  2056.0   9.760191511523253 
  2057.0   10.129431916069173 
  2058.0   10.031555622635246 
  2059.0   10.035778070276757 
  2060.0   10.009094416327436 
  2061.0   9.881453504822908 
  2062.0   9.952351344356538 
  2063.0   9.96870305683819 
  2064.0   9.903629287441955 
  2065.0   9.867379516786576 
  2066.0   9.800547729983025 
  2067.0   9.79411677990262 
  2068.0   9.630358539317756 
  2069.0   9.778058136999277 
  2070.0   9.680811433088278 
  2071.0   9.718600928456528 
  2072.0   9.77214767904545 
  2073.0   9.634781468021382 
  2074.0   9.645312990238187 
  2075.0   9.551148837857053 
  2076.0   9.68474858764748 
  2077.0   9.564624869738909 
  2078.0   9.53602604268853 
  2079.0   9.391842330924627 
  2080.0   9.553427730944554 
  2081.0   9.485192793223405 
  2082.0   9.392172317463539 
  2083.0   9.476293359764147 
  2084.0   9.321151278506585 
  2085.0   9.37021564710434 
  2086.0   9.348893135138027 
  2087.0   9.20296033642195 
  2088.0   9.289177333630002 
  2089.0   9.280836706485694 
  2090.0   9.182340204118926 
  2091.0   9.157822112101664 
  2092.0   9.144681343321501 
  2093.0   9.20645206611031 
  2094.0   9.26698911172475 
  2095.0   9.148336952620982 
  2096.0   9.175735047918144 
  2097.0   9.154695260225873 
  2098.0   9.12477347592639 
  2099.0   9.047182923643119 
  2100.0   9.096131327370145 
