  2015.0   1.382250282051615 
  2016.0   1.2816966010678688 
  2017.0   1.542160583172822 
  2018.0   1.4281330061484527 
  2019.0   1.3688208332832055 
  2020.0   1.2045076659097438 
  2021.0   1.375512240053833 
  2022.0   1.2970533096666421 
  2023.0   1.4580835171972222 
  2024.0   1.6811811067023377 
  2025.0   1.5296153984930299 
  2026.0   1.435676985418268 
  2027.0   1.3002223609065673 
  2028.0   1.57595055363173 
  2029.0   1.4604818805543538 
  2030.0   1.553983415722861 
  2031.0   1.3033251017641925 
  2032.0   1.6130622387261473 
  2033.0   1.5074269317637203 
  2034.0   1.2471857187239408 
  2035.0   2.0111078081411415 
  2036.0   2.2074209552951154 
  2037.0   1.6830816292410198 
  2038.0   1.5360410846410735 
  2039.0   1.4322233791204813 
  2040.0   1.3212637566545216 
  2041.0   1.4122471831389976 
  2042.0   1.457156089169247 
  2043.0   1.7406531182074778 
  2044.0   1.375206470912138 
  2045.0   1.4007782357774918 
  2046.0   1.2792231472701254 
  2047.0   1.3241040293195296 
  2048.0   1.5375495368715604 
  2049.0   1.3687697056900465 
  2050.0   1.420784170008689 
  2051.0   1.2893995267108955 
  2052.0   1.286693926491456 
  2053.0   1.7910326509638956 
  2054.0   1.4529972175572288 
  2055.0   1.9046789555929524 
  2056.0   2.160129354613012 
  2057.0   1.3711933285386189 
  2058.0   1.6125872124624359 
  2059.0   1.3668246906491879 
  2060.0   1.3279143700424052 
  2061.0   1.6266046280541164 
  2062.0   1.439873268398138 
  2063.0   1.3659174257185172 
  2064.0   1.3152451426734142 
  2065.0   1.3158352083431655 
  2066.0   1.5267498025273973 
  2067.0   1.3169809231144713 
  2068.0   1.7148175060305684 
  2069.0   1.2976824595226912 
  2070.0   1.577051773665899 
  2071.0   1.3935265768025304 
  2072.0   1.1762575771187396 
  2073.0   1.6362536608400053 
  2074.0   1.3975428807728658 
  2075.0   1.8330980188609787 
  2076.0   1.3817351749649092 
  2077.0   1.7181575975459114 
  2078.0   1.6251368299226843 
  2079.0   1.987473751154924 
  2080.0   1.3592565918748747 
  2081.0   1.6832488131729781 
  2082.0   1.7302214238814457 
  2083.0   1.296371989069311 
  2084.0   1.624674345115074 
  2085.0   1.311153108601033 
  2086.0   1.4140459410353214 
  2087.0   1.6063329652786826 
  2088.0   1.2881846179757308 
  2089.0   1.1468712391727967 
  2090.0   1.3368904472639738 
  2091.0   1.6308214172754842 
  2092.0   1.6523467484306853 
  2093.0   1.5083184994888206 
  2094.0   1.250411512147698 
  2095.0   1.4355422547113459 
  2096.0   1.3740826328431779 
  2097.0   1.3085153243894678 
  2098.0   1.297550864217066 
  2099.0   1.5633893990980803 
  2100.0   1.2196408197747401 
