  2015.0   3.0896044838243117 
  2016.0   3.4919121278511986 
  2017.0   3.659901819259795 
  2018.0   2.982429100366784 
  2019.0   3.2219095376473232 
  2020.0   3.6098899699123446 
  2021.0   3.4623904086928974 
  2022.0   2.943709426780655 
  2023.0   3.211595851039196 
  2024.0   3.492820836416 
  2025.0   3.4206060435453822 
  2026.0   3.8064016460056807 
  2027.0   3.6186612610192808 
  2028.0   3.927049222643684 
  2029.0   3.794072300357355 
  2030.0   3.917348015662254 
  2031.0   3.5565682937571332 
  2032.0   3.6186182757359457 
  2033.0   3.3638731929839274 
  2034.0   3.623052096235402 
  2035.0   3.737698649987393 
  2036.0   3.616000185221231 
  2037.0   3.5384720485032783 
  2038.0   3.8903463428707106 
  2039.0   3.3526439071335767 
  2040.0   3.775275104512141 
  2041.0   3.78686682086544 
  2042.0   3.5789665372007593 
  2043.0   4.031096916396383 
  2044.0   3.7954801955552346 
  2045.0   3.768142899249764 
  2046.0   3.548950395532595 
  2047.0   3.2572115565821855 
  2048.0   3.8358597271187556 
  2049.0   4.370285894317093 
  2050.0   3.728535401929428 
  2051.0   3.9979094350774087 
  2052.0   3.4807605972376727 
  2053.0   3.579730150220745 
  2054.0   3.93045302455097 
  2055.0   3.8106679991265406 
  2056.0   4.013519443561635 
  2057.0   3.7963122199371306 
  2058.0   3.468554707888712 
  2059.0   4.015226212015833 
  2060.0   3.8837171409316285 
  2061.0   4.116224864651162 
  2062.0   4.233123033946753 
  2063.0   3.9375138042883755 
  2064.0   4.333423283684899 
  2065.0   4.061661274255328 
  2066.0   3.928084725310507 
  2067.0   4.422240331176656 
  2068.0   3.7851689897717065 
  2069.0   3.991718213582039 
  2070.0   3.3592802771924792 
  2071.0   3.8447449798048763 
  2072.0   3.760960121255996 
  2073.0   4.060178771629454 
  2074.0   3.426482727517959 
  2075.0   4.486523243157991 
  2076.0   4.526953278117056 
  2077.0   3.815709452078902 
  2078.0   4.266623311982093 
  2079.0   4.021667847447158 
  2080.0   4.0722992372377975 
  2081.0   4.032179895370458 
  2082.0   4.731934234223042 
  2083.0   4.007955872663574 
  2084.0   4.326225536867057 
  2085.0   3.870754823926396 
  2086.0   3.5960649919619163 
  2087.0   4.454986519457838 
  2088.0   4.148341181838389 
  2089.0   4.1968992108042755 
  2090.0   4.4941000892231315 
  2091.0   4.242482463078794 
  2092.0   4.184773383334143 
  2093.0   4.6736358726092835 
  2094.0   4.685305467415184 
  2095.0   4.44041906762543 
  2096.0   4.113945742979983 
  2097.0   4.1125700044940405 
  2098.0   4.376164385846984 
  2099.0   4.549571679772226 
  2100.0   3.688337850862231 
