  2015.0   1.0133262167815582 
  2016.0   0.9777071121823949 
  2017.0   0.8267413844786617 
  2018.0   0.9052549378368905 
  2019.0   1.04524767036704 
  2020.0   1.0438819448206333 
  2021.0   0.9008226182520908 
  2022.0   1.0888443543158244 
  2023.0   1.0849185482046235 
  2024.0   1.021381181907932 
  2025.0   0.7496628279772091 
  2026.0   0.8766812833998696 
  2027.0   1.0548131232733955 
  2028.0   0.8802833451324145 
  2029.0   0.8215831486812186 
  2030.0   0.9545544383724276 
  2031.0   1.074849321714437 
  2032.0   1.0382053266781033 
  2033.0   0.8080728445138384 
  2034.0   1.0219344239969532 
  2035.0   1.0389867400023731 
  2036.0   0.927566558067829 
  2037.0   1.1729703098053668 
  2038.0   0.8411299921586746 
  2039.0   0.9241316534979652 
  2040.0   1.0688109733839342 
  2041.0   1.0763359866407487 
  2042.0   1.0416783554214277 
  2043.0   1.1063468445547728 
  2044.0   0.9631658485232629 
  2045.0   0.9122960221917713 
  2046.0   1.0502553353545652 
  2047.0   0.9795469229422277 
  2048.0   1.2162287030003103 
  2049.0   1.0447190147619998 
  2050.0   0.9286179701147085 
  2051.0   0.8580714441852102 
  2052.0   0.8741671772650664 
  2053.0   1.0748914384868984 
  2054.0   1.1545857034252933 
  2055.0   1.1322605531465966 
  2056.0   1.0012859600261765 
  2057.0   1.1255922095871214 
  2058.0   0.9753598277239771 
  2059.0   1.0462350862619378 
  2060.0   1.042977255912477 
  2061.0   1.0750226148395867 
  2062.0   1.1379375275116619 
  2063.0   1.0387552714164525 
  2064.0   1.118294604780293 
  2065.0   1.0775510881109647 
  2066.0   0.947643059170973 
  2067.0   1.140328461169031 
  2068.0   1.0544508382550508 
  2069.0   0.9902000064006024 
  2070.0   1.0440062023961936 
  2071.0   1.0329948171002878 
  2072.0   0.9708643171060809 
  2073.0   1.0117894296831558 
  2074.0   1.0791087283033003 
  2075.0   1.061417934246559 
  2076.0   0.7881300701224919 
  2077.0   0.9752029726028347 
  2078.0   1.049620333876945 
  2079.0   0.9546335827607159 
  2080.0   1.1213365359362875 
  2081.0   1.2459655268728318 
  2082.0   1.0135090693552367 
  2083.0   0.9088334455294136 
  2084.0   0.9486465177387956 
  2085.0   0.758050909634167 
  2086.0   0.9047781535184212 
  2087.0   1.1445506538253791 
  2088.0   1.1821526322028086 
  2089.0   0.9820094436682972 
  2090.0   0.8841874482909797 
  2091.0   1.1158942211400311 
  2092.0   1.093266625307368 
  2093.0   0.9728831769065795 
  2094.0   0.822181382089468 
  2095.0   1.124546960811595 
  2096.0   1.1736162917689994 
  2097.0   0.9126736778247067 
  2098.0   0.9542550053640363 
  2099.0   0.910546732406049 
  2100.0   0.9236208369641375 
