  2015.0   0.1916797210503628 
  2016.0   0.2583731428797358 
  2017.0   0.25333024734079607 
  2018.0   0.25205338354524043 
  2019.0   0.2523518765434318 
  2020.0   0.25302938393601504 
  2021.0   0.25012879314554726 
  2022.0   0.2465704432587899 
  2023.0   0.24355526052578386 
  2024.0   0.24112367092186124 
  2025.0   0.2392649971440105 
  2026.0   0.23603210613990178 
  2027.0   0.23280216844182358 
  2028.0   0.2299110203392458 
  2029.0   0.2272683192999156 
  2030.0   0.22475661788435541 
  2031.0   0.22261609371230134 
  2032.0   0.22057638339396235 
  2033.0   0.2186518074573284 
  2034.0   0.21682288387378093 
  2035.0   0.2151013958072149 
  2036.0   0.2129663175708101 
  2037.0   0.2108686541986813 
  2038.0   0.20888894468994618 
  2039.0   0.20699766930624694 
  2040.0   0.20518431716486046 
  2041.0   0.2040787901997763 
  2042.0   0.20302473010610675 
  2043.0   0.2019609258964375 
  2044.0   0.20092032497800486 
  2045.0   0.19989017865785863 
  2046.0   0.19850696788735617 
  2047.0   0.19714515305269842 
  2048.0   0.1957910288886454 
  2049.0   0.19447365548172368 
  2050.0   0.19447429428363436 
  2051.0   0.21499088572543482 
  2052.0   0.21372350448444147 
  2053.0   0.2136976740376422 
  2054.0   0.2144610510366815 
  2055.0   0.2156830667586892 
  2056.0   0.22168306969168874 
  2057.0   0.22532245211417049 
  2058.0   0.2289380886335332 
  2059.0   0.23250192669130512 
  2060.0   0.23606195181089662 
  2061.0   0.2379660483849166 
  2062.0   0.23954797908693815 
  2063.0   0.24117375858620163 
  2064.0   0.24293740902520367 
  2065.0   0.2447204297594635 
  2066.0   0.2452917845860183 
  2067.0   0.2459786942827718 
  2068.0   0.24644749793403442 
  2069.0   0.2469934606409667 
  2070.0   0.2468376413945516 
  2071.0   0.24523938511638946 
  2072.0   0.2439647699150496 
  2073.0   0.24269842905713446 
  2074.0   0.24161017580097624 
  2075.0   0.24006766751909633 
  2076.0   0.23916118191322533 
  2077.0   0.23705177125141919 
  2078.0   0.2351826330509977 
  2079.0   0.23345663711855033 
  2080.0   0.23185837607494197 
  2081.0   0.2304278233194579 
  2082.0   0.2278534177035446 
  2083.0   0.22540632756461237 
  2084.0   0.2231569447192291 
  2085.0   0.2210293738513549 
  2086.0   0.21873753938991028 
  2087.0   0.21650402608907807 
  2088.0   0.2142837921516391 
  2089.0   0.21212716683785046 
  2090.0   0.2100673503733025 
  2091.0   0.20848276247954675 
  2092.0   0.20692410415512433 
  2093.0   0.20540208831831988 
  2094.0   0.20392250352336794 
  2095.0   0.20248052963606694 
  2096.0   0.20025237182437877 
  2097.0   0.19818532694403262 
  2098.0   0.19613400106900647 
  2099.0   0.19415267640716743 
  2100.0   0.1922326618858386 
