  2015.0   2.1174235753245135e-10 
  2016.0   2.009742065360523e-10 
  2017.0   1.994468621134898e-10 
  2018.0   1.9965951775883247e-10 
  2019.0   1.9577688520448225e-10 
  2020.0   1.7847410353516265e-10 
  2021.0   1.755759689232688e-10 
  2022.0   1.7646430627713233e-10 
  2023.0   1.801840147073386e-10 
  2024.0   1.8429578441504529e-10 
  2025.0   1.795288553916674e-10 
  2026.0   1.7984952114961767e-10 
  2027.0   1.7999221131824565e-10 
  2028.0   1.7801863863283582e-10 
  2029.0   1.8174105066787386e-10 
  2030.0   1.7813268692621357e-10 
  2031.0   1.793603559399428e-10 
  2032.0   1.7684341858098375e-10 
  2033.0   1.7692603527349682e-10 
  2034.0   1.858098392788894e-10 
  2035.0   2.0069281038920072e-10 
  2036.0   2.0583047915740425e-10 
  2037.0   2.034161787702938e-10 
  2038.0   2.007089854725878e-10 
  2039.0   1.9678780593607102e-10 
  2040.0   1.9117438689143508e-10 
  2041.0   1.8805115398586146e-10 
  2042.0   1.8417090633903958e-10 
  2043.0   1.8584568202364352e-10 
  2044.0   1.8899065419307035e-10 
  2045.0   1.843923402525266e-10 
  2046.0   1.8198689867111395e-10 
  2047.0   1.8235981989103018e-10 
  2048.0   1.8884296804453292e-10 
  2049.0   1.9217358464644415e-10 
  2050.0   2.0714450795886561e-10 
  2051.0   2.1077379846365592e-10 
  2052.0   2.1527945706778057e-10 
  2053.0   2.2246826594109717e-10 
  2054.0   2.2172963866108588e-10 
  2055.0   2.2818426818674984e-10 
  2056.0   2.288296515996294e-10 
  2057.0   2.3037679694717536e-10 
  2058.0   2.2865870174946082e-10 
  2059.0   2.2932016020011063e-10 
  2060.0   2.3155562931024332e-10 
  2061.0   2.35682362142069e-10 
  2062.0   2.4454502717866155e-10 
  2063.0   2.4379068804855667e-10 
  2064.0   2.3698893371802224e-10 
  2065.0   2.2950880024338585e-10 
  2066.0   2.2728693148108562e-10 
  2067.0   2.2232222356589756e-10 
  2068.0   2.2165998580228625e-10 
  2069.0   2.2613465902877162e-10 
  2070.0   2.2430728341128577e-10 
  2071.0   2.228437165568873e-10 
  2072.0   2.191055011122318e-10 
  2073.0   2.0886732650425048e-10 
  2074.0   2.039789292649497e-10 
  2075.0   2.0142216590615653e-10 
  2076.0   1.970199778988563e-10 
  2077.0   1.9733188638832487e-10 
  2078.0   2.0008157557812574e-10 
  2079.0   2.0792659165183833e-10 
  2080.0   2.0362150270086674e-10 
  2081.0   1.994667399475095e-10 
  2082.0   2.0100211700935443e-10 
  2083.0   1.9950508813949858e-10 
  2084.0   2.0128621114774092e-10 
  2085.0   1.9803870359662591e-10 
  2086.0   1.9172067373300843e-10 
  2087.0   1.9690400999780553e-10 
  2088.0   1.9946861788803136e-10 
  2089.0   1.9410879026287374e-10 
  2090.0   1.9394734593037499e-10 
  2091.0   1.9520324742123268e-10 
  2092.0   1.984291712681283e-10 
  2093.0   2.0210730846921578e-10 
  2094.0   2.0925226425343035e-10 
  2095.0   2.1076905814042055e-10 
  2096.0   2.1257827809171298e-10 
  2097.0   2.0608278530365115e-10 
  2098.0   2.0550017610270227e-10 
  2099.0   2.1313364716950576e-10 
  2100.0   2.2500033238048965e-10 
