  2015.0   7.572896743175679 
  2016.0   7.4746413243985845 
  2017.0   7.434281776263025 
  2018.0   7.452693728587388 
  2019.0   7.524489426987418 
  2020.0   7.522470503663185 
  2021.0   7.531835753516347 
  2022.0   7.4644513382656426 
  2023.0   7.460630436038764 
  2024.0   7.479523772947326 
  2025.0   7.531394653500125 
  2026.0   7.588941281060597 
  2027.0   7.6383813327861505 
  2028.0   7.6136965317273 
  2029.0   7.545233673271154 
  2030.0   7.536587578320287 
  2031.0   7.56479672062486 
  2032.0   7.6256510892866975 
  2033.0   7.601866759743872 
  2034.0   7.506194203145164 
  2035.0   7.470977607597982 
  2036.0   7.5745077815949005 
  2037.0   7.684097873163279 
  2038.0   7.780884030989851 
  2039.0   7.813503365266163 
  2040.0   7.804599080601928 
  2041.0   7.878970935228 
  2042.0   7.934952149227204 
  2043.0   7.896486459318022 
  2044.0   7.891047985125854 
  2045.0   7.986724960788307 
  2046.0   8.03694522419433 
  2047.0   7.991438616874452 
  2048.0   7.892940805936788 
  2049.0   7.998131984656469 
  2050.0   8.085628031327424 
  2051.0   7.9901092578457895 
  2052.0   7.994309741787388 
  2053.0   8.08682433140032 
  2054.0   8.198729229489375 
  2055.0   8.241696289145331 
  2056.0   8.223115971126193 
  2057.0   8.186863642114105 
  2058.0   8.23860210587082 
  2059.0   8.248146998745966 
  2060.0   8.204829288258178 
  2061.0   8.171466094385526 
  2062.0   8.202197943615085 
  2063.0   8.277426820537826 
  2064.0   8.185574666464895 
  2065.0   8.149792251370906 
  2066.0   8.186085046810135 
  2067.0   8.206571287133958 
  2068.0   8.239315257165426 
  2069.0   8.23769775248062 
  2070.0   8.241755402432899 
  2071.0   8.300490431366642 
  2072.0   8.397375588125607 
  2073.0   8.425992099881157 
  2074.0   8.521930713390242 
  2075.0   8.514425244172449 
  2076.0   8.487782713133006 
  2077.0   8.378908976922181 
  2078.0   8.285633985728818 
  2079.0   8.292874857675958 
  2080.0   8.393480994677669 
  2081.0   8.413494575471136 
  2082.0   8.403734053779527 
  2083.0   8.430780459373052 
  2084.0   8.428038175347368 
  2085.0   8.489332928372173 
  2086.0   8.378239330657701 
  2087.0   8.139474038882314 
  2088.0   8.172229335194425 
  2089.0   8.29832473479745 
  2090.0   8.271222488338157 
  2091.0   8.220505010830522 
  2092.0   8.205214618557717 
  2093.0   8.215148328946738 
  2094.0   8.120199365288624 
  2095.0   8.22405861688691 
  2096.0   8.391959063589104 
  2097.0   8.51178108092662 
  2098.0   8.507764704419682 
  2099.0   8.427254706091217 
  2100.0   8.426055529267027 
