  2015.0   10.587090367465523 
  2016.0   10.712582607776355 
  2017.0   10.800466086210557 
  2018.0   10.74014339976431 
  2019.0   10.843921089908209 
  2020.0   11.00163626275312 
  2021.0   11.136922502878324 
  2022.0   11.316890199838355 
  2023.0   11.227381087431011 
  2024.0   11.20942144338066 
  2025.0   11.28271193981191 
  2026.0   11.445158768206925 
  2027.0   11.321114750603368 
  2028.0   10.898374595294479 
  2029.0   10.935934484884722 
  2030.0   11.163667777142637 
  2031.0   11.46747559152095 
  2032.0   11.315274399361652 
  2033.0   11.456571176246966 
  2034.0   11.778233060236348 
  2035.0   11.713960607189168 
  2036.0   11.746647641310968 
  2037.0   11.571133484039189 
  2038.0   11.63925206651379 
  2039.0   11.84430884468921 
  2040.0   11.819860371766152 
  2041.0   11.83654475475668 
  2042.0   11.474307339067519 
  2043.0   11.66790333855259 
  2044.0   12.003459603022891 
  2045.0   12.25156312988096 
  2046.0   12.04726901078521 
  2047.0   11.975578498456754 
  2048.0   12.38917351712257 
  2049.0   12.833014978299934 
  2050.0   12.517479345424379 
  2051.0   12.03322385955 
  2052.0   12.253830200718191 
  2053.0   11.99853377296357 
  2054.0   11.95891862714648 
  2055.0   12.056114833257125 
  2056.0   12.114738427526856 
  2057.0   12.242863601344888 
  2058.0   12.681140722980254 
  2059.0   13.06980551243701 
  2060.0   12.819458941910668 
  2061.0   12.45575422535967 
  2062.0   13.019569079215092 
  2063.0   13.497517155456935 
  2064.0   13.513939802150325 
  2065.0   13.093712003254765 
  2066.0   12.725389036364803 
  2067.0   12.813393524448408 
  2068.0   12.618994367193745 
  2069.0   12.378732392827368 
  2070.0   12.521050003620413 
  2071.0   12.934920258644143 
  2072.0   12.69705766558565 
  2073.0   12.718553334253656 
  2074.0   13.08608318350078 
  2075.0   13.008138582226445 
  2076.0   13.18901345265652 
  2077.0   13.563697002506593 
  2078.0   14.16578621906158 
  2079.0   14.222004234317934 
  2080.0   13.564190905631794 
  2081.0   13.527942215651539 
  2082.0   13.36983365986323 
  2083.0   13.313567052811303 
  2084.0   13.514602076970494 
  2085.0   13.73414870154603 
  2086.0   13.816880429370524 
  2087.0   14.084005544529504 
  2088.0   14.021344635652468 
  2089.0   13.69172288829247 
  2090.0   13.690181198950613 
  2091.0   13.61418452504094 
  2092.0   14.071940828673334 
  2093.0   14.203721028407275 
  2094.0   13.948118355091223 
  2095.0   13.816869773581585 
  2096.0   14.277871501698565 
  2097.0   14.922835759807878 
  2098.0   14.694946295861907 
  2099.0   14.13055949061659 
  2100.0   14.160495170522166 
