  2015.0   17.68241302885386 
  2016.0   17.87708961371923 
  2017.0   18.066037105353328 
  2018.0   18.07813120619662 
  2019.0   18.185731210437098 
  2020.0   18.45312996214533 
  2021.0   18.45911884001703 
  2022.0   18.314913394368624 
  2023.0   18.148184660950385 
  2024.0   18.578374608412155 
  2025.0   18.949395895795654 
  2026.0   19.24902983406806 
  2027.0   19.101926529261608 
  2028.0   18.86907083648855 
  2029.0   18.926380391651797 
  2030.0   19.239920482869117 
  2031.0   19.38342132408408 
  2032.0   19.230351864663913 
  2033.0   19.230464433227212 
  2034.0   19.425242626295983 
  2035.0   19.250338997524732 
  2036.0   19.655130085615983 
  2037.0   19.829841336521493 
  2038.0   19.841651234740922 
  2039.0   19.933487365289217 
  2040.0   19.925976985555934 
  2041.0   20.009804154052272 
  2042.0   20.089067730947146 
  2043.0   20.142237296775335 
  2044.0   20.188354382428894 
  2045.0   20.257713237552775 
  2046.0   20.517790055848252 
  2047.0   20.497045853176353 
  2048.0   20.46076013289811 
  2049.0   20.706367951172304 
  2050.0   20.85098222489329 
  2051.0   20.91535121072347 
  2052.0   20.86423555044566 
  2053.0   20.93030976169326 
  2054.0   21.17800693736136 
  2055.0   21.154191888649887 
  2056.0   21.27213723570147 
  2057.0   21.504157307064037 
  2058.0   21.558963114112586 
  2059.0   21.503558240165518 
  2060.0   21.431505490135454 
  2061.0   21.590969125545772 
  2062.0   21.46417645447914 
  2063.0   21.507917792001937 
  2064.0   21.44356464647768 
  2065.0   21.659718688865524 
  2066.0   21.899811163984722 
  2067.0   22.145964580365092 
  2068.0   22.019766631134765 
  2069.0   22.103007215561465 
  2070.0   22.157110934338444 
  2071.0   21.93292905914325 
  2072.0   22.093747844161577 
  2073.0   22.17437807508443 
  2074.0   22.243625583292218 
  2075.0   22.315707897186627 
  2076.0   22.57571079039604 
  2077.0   22.68252553816632 
  2078.0   22.878852299693467 
  2079.0   22.95592245741222 
  2080.0   23.054739228662616 
  2081.0   22.805737391308924 
  2082.0   22.59959400961869 
  2083.0   22.631651191188627 
  2084.0   22.96496565784357 
  2085.0   22.952660323308702 
  2086.0   22.975456263665258 
  2087.0   23.18987240172028 
  2088.0   23.25188582054535 
  2089.0   23.347541246165186 
  2090.0   23.24333730308097 
  2091.0   23.102066321913476 
  2092.0   23.206828799301874 
  2093.0   23.51759736313365 
  2094.0   23.58962608412254 
  2095.0   23.65659114477212 
  2096.0   23.756607264965183 
  2097.0   24.105329337129117 
  2098.0   24.303123982539812 
  2099.0   24.450465957615602 
  2100.0   24.121053657472103 
