  2015.0   25.421593578427036 
  2016.0   25.42680598709778 
  2017.0   25.41552942182281 
  2018.0   25.437680566548615 
  2019.0   25.4403610468055 
  2020.0   25.44813098125095 
  2021.0   25.4638068525457 
  2022.0   25.47383810842641 
  2023.0   25.51571706041932 
  2024.0   25.563777844566218 
  2025.0   25.600040147083124 
  2026.0   25.611752276934023 
  2027.0   25.653563418005337 
  2028.0   25.73506617658521 
  2029.0   25.781015341467953 
  2030.0   25.78370222956667 
  2031.0   25.755596525102145 
  2032.0   25.79534850781124 
  2033.0   25.83370684168011 
  2034.0   25.819985734247624 
  2035.0   25.86306614821171 
  2036.0   25.905960474404328 
  2037.0   25.9652017521365 
  2038.0   26.003995480434163 
  2039.0   26.008517427272206 
  2040.0   26.045018962711143 
  2041.0   26.09097666088435 
  2042.0   26.1699776405244 
  2043.0   26.193261366271365 
  2044.0   26.17868604458964 
  2045.0   26.1756087197111 
  2046.0   26.235240622373937 
  2047.0   26.288846607324672 
  2048.0   26.275691568658452 
  2049.0   26.241565260495147 
  2050.0   26.309201521506274 
  2051.0   26.43038706539827 
  2052.0   26.458327060754193 
  2053.0   26.509627023547274 
  2054.0   26.564134639991902 
  2055.0   26.581037616185665 
  2056.0   26.580228876423412 
  2057.0   26.585809317132053 
  2058.0   26.553465206618387 
  2059.0   26.51798463760127 
  2060.0   26.590529550153374 
  2061.0   26.700303892532624 
  2062.0   26.67314337918155 
  2063.0   26.632605416996864 
  2064.0   26.657378872636922 
  2065.0   26.770085038998843 
  2066.0   26.852880273771284 
  2067.0   26.88939204004064 
  2068.0   26.9309443256707 
  2069.0   27.00562324318239 
  2070.0   27.03207410517882 
  2071.0   26.973513782374727 
  2072.0   27.034278739963256 
  2073.0   27.061466720512147 
  2074.0   27.031943033553112 
  2075.0   27.067040343114957 
  2076.0   27.08617763543948 
  2077.0   27.057163104193155 
  2078.0   27.022131567594148 
  2079.0   27.054028484003297 
  2080.0   27.183025483914 
  2081.0   27.273830058161646 
  2082.0   27.350327038820147 
  2083.0   27.407962181265283 
  2084.0   27.422988884420985 
  2085.0   27.405814253305365 
  2086.0   27.44052825445111 
  2087.0   27.42722130097232 
  2088.0   27.460904163030303 
  2089.0   27.536700102289764 
  2090.0   27.5782341174071 
  2091.0   27.627828603433493 
  2092.0   27.60859181589682 
  2093.0   27.600070178947796 
  2094.0   27.676808740878624 
  2095.0   27.733897431535983 
  2096.0   27.719319514924656 
  2097.0   27.6394121111972 
  2098.0   27.67988146873003 
  2099.0   27.803899762119766 
  2100.0   27.858055433807163 
