  2015.0   1.2563705700438352 
  2016.0   1.0842137715992173 
  2017.0   1.096552226109415 
  2018.0   1.111139544760833 
  2019.0   1.0946624790899622 
  2020.0   1.0695398448752376 
  2021.0   1.104682118674299 
  2022.0   1.0902207403516406 
  2023.0   1.1993885219561835 
  2024.0   1.2010058851198404 
  2025.0   1.1438904999725168 
  2026.0   1.1303434715701037 
  2027.0   1.2474486733537469 
  2028.0   1.3443226469256757 
  2029.0   1.2020129300084257 
  2030.0   1.0994547970347908 
  2031.0   1.0671000012353242 
  2032.0   1.213381373526717 
  2033.0   1.1364773899360996 
  2034.0   1.0947604724554885 
  2035.0   1.1939061376019253 
  2036.0   1.2196180739901918 
  2037.0   1.3009699696955226 
  2038.0   1.2109428443789547 
  2039.0   1.1712060003817162 
  2040.0   1.2330277577295514 
  2041.0   1.270900733721462 
  2042.0   1.355251567431567 
  2043.0   1.144242225616241 
  2044.0   1.108240550559201 
  2045.0   1.1766610633590004 
  2046.0   1.2866811544028756 
  2047.0   1.231623333507869 
  2048.0   1.0867373037862562 
  2049.0   1.1285100775720058 
  2050.0   1.4013554982941463 
  2051.0   1.4157325807204606 
  2052.0   1.2291301672615653 
  2053.0   1.3868142600003772 
  2054.0   1.3169104893477548 
  2055.0   1.1766337864784626 
  2056.0   1.2065421944618515 
  2057.0   1.1787570609368643 
  2058.0   1.086615504696403 
  2059.0   1.1622570494226834 
  2060.0   1.4154559065296561 
  2061.0   1.3610775217296778 
  2062.0   1.0914963607872004 
  2063.0   1.1019413950823747 
  2064.0   1.3275558599980994 
  2065.0   1.3991859636855954 
  2066.0   1.4173443676205475 
  2067.0   1.3200930157573343 
  2068.0   1.462572147059903 
  2069.0   1.4763405608543307 
  2070.0   1.199934271627077 
  2071.0   1.2331031732237796 
  2072.0   1.300892897297474 
  2073.0   1.2492063940136264 
  2074.0   1.2022194344934325 
  2075.0   1.281448201900243 
  2076.0   1.216673110150696 
  2077.0   1.2036578471485546 
  2078.0   1.1117833337717935 
  2079.0   1.3236349190652883 
  2080.0   1.6056545804717157 
  2081.0   1.5015310426289823 
  2082.0   1.4617571426610574 
  2083.0   1.4063105675533223 
  2084.0   1.2579616829306806 
  2085.0   1.290721099714272 
  2086.0   1.2602788129956248 
  2087.0   1.2444661813078879 
  2088.0   1.3574231371543166 
  2089.0   1.4401549733765369 
  2090.0   1.3892030964424433 
  2091.0   1.3917109946088684 
  2092.0   1.2071213349679308 
  2093.0   1.36610518328617 
  2094.0   1.439142002510471 
  2095.0   1.4600948092475878 
  2096.0   1.188098366952357 
  2097.0   1.1894251687979935 
  2098.0   1.4962443467524773 
  2099.0   1.5928575490247512 
  2100.0   1.3999600787152975 
