  2015.0   1.5055416678209834e-10 
  2016.0   8.667778366850745e-11 
  2017.0   8.90187787341131e-11 
  2018.0   9.318144849546361e-11 
  2019.0   9.039455906387256e-11 
  2020.0   1.0891433439056998e-10 
  2021.0   4.221219813603592e-11 
  2022.0   4.281212171653079e-11 
  2023.0   4.266144509736276e-11 
  2024.0   4.463819193425399e-11 
  2025.0   4.327946611685437e-11 
  2026.0   2.5583436821499064e-11 
  2027.0   2.3575138689756485e-11 
  2028.0   2.1449192594066908e-11 
  2029.0   1.9688583308912113e-11 
  2030.0   1.6555736011470985e-11 
  2031.0   1.3578449622069017e-11 
  2032.0   1.2889152809941287e-11 
  2033.0   1.2198706206558397e-11 
  2034.0   1.1395118113896067e-11 
  2035.0   1.0312334029061906e-11 
  2036.0   1.0874640293348774e-11 
  2037.0   1.0710320290085224e-11 
  2038.0   1.0497523800068678e-11 
  2039.0   1.0375670880666139e-11 
  2040.0   1.021623848845159e-11 
  2041.0   1.2904548975815411e-11 
  2042.0   1.3260163399600627e-11 
  2043.0   1.3257582065403928e-11 
  2044.0   1.3597689800831812e-11 
  2045.0   1.2981282022237972e-11 
  2046.0   1.1930670627871557e-11 
  2047.0   1.2028808322647168e-11 
  2048.0   1.2224217901318054e-11 
  2049.0   1.1776455587443088e-11 
  2050.0   1.4773034804197895e-11 
  2051.0   2.088109999535192e-11 
  2052.0   3.0154471813918616e-11 
  2053.0   3.072018592504156e-11 
  2054.0   3.236567074419008e-11 
  2055.0   3.2626403117688885e-11 
  2056.0   6.098322359954609e-11 
  2057.0   6.345099104211556e-11 
  2058.0   6.441099565597347e-11 
  2059.0   6.625344534799169e-11 
  2060.0   6.711345570888492e-11 
  2061.0   6.067402097419581e-11 
  2062.0   6.194489029930007e-11 
  2063.0   6.255471985198389e-11 
  2064.0   6.324442726296893e-11 
  2065.0   6.390919500703133e-11 
  2066.0   6.433707148589533e-11 
  2067.0   6.393430912040769e-11 
  2068.0   6.328534678549488e-11 
  2069.0   6.406583657374305e-11 
  2070.0   6.197096527714692e-11 
  2071.0   4.5982817634451675e-11 
  2072.0   4.5100905831951406e-11 
  2073.0   4.304001501614946e-11 
  2074.0   4.3189491232086697e-11 
  2075.0   4.203988492919081e-11 
  2076.0   4.970827291794005e-11 
  2077.0   4.859184036669834e-11 
  2078.0   4.865009448124916e-11 
  2079.0   4.829738635264684e-11 
  2080.0   4.864054054136053e-11 
  2081.0   3.721594511374488e-11 
  2082.0   3.7981731563018763e-11 
  2083.0   3.768038674766645e-11 
  2084.0   3.698826280945174e-11 
  2085.0   3.757074717056061e-11 
  2086.0   4.472189374497249e-11 
  2087.0   4.435848980277425e-11 
  2088.0   4.4322044264328375e-11 
  2089.0   4.376577408064071e-11 
  2090.0   4.301771347190436e-11 
  2091.0   5.103771042256115e-11 
  2092.0   5.241384245590815e-11 
  2093.0   5.341948409534444e-11 
  2094.0   5.448682477776527e-11 
  2095.0   5.429220735976921e-11 
  2096.0   5.508828159464524e-11 
  2097.0   5.530026782925181e-11 
  2098.0   5.456268232083893e-11 
  2099.0   5.351134883071866e-11 
  2100.0   5.530935083977489e-11 
