  2015.0   1.8227224912633042 
  2016.0   1.6369566857194844 
  2017.0   1.924349065591945 
  2018.0   1.772903174535417 
  2019.0   1.7175244483360945 
  2020.0   2.4136671089451123 
  2021.0   1.6046040229892593 
  2022.0   1.3153044252873258 
  2023.0   1.519713692386216 
  2024.0   1.5949633007344697 
  2025.0   1.6868397775946185 
  2026.0   1.7116968892287074 
  2027.0   1.6066915206171097 
  2028.0   1.864513582424617 
  2029.0   1.465832402815605 
  2030.0   1.6775504775713501 
  2031.0   1.2632369178964846 
  2032.0   1.7116907892518542 
  2033.0   2.6696357181976516 
  2034.0   3.4694719401616063 
  2035.0   3.358536171913825 
  2036.0   1.8099396821551312 
  2037.0   1.4970236525153036 
  2038.0   2.0264703123347787 
  2039.0   1.6774806458923377 
  2040.0   1.5576295682176826 
  2041.0   1.4782313946358416 
  2042.0   1.4031652508356913 
  2043.0   1.3697197031882187 
  2044.0   1.8035326375433054 
  2045.0   1.6035241242399665 
  2046.0   1.4659674097486919 
  2047.0   2.2341439278291695 
  2048.0   1.85396316847546 
  2049.0   1.3394233875782153 
  2050.0   1.730586276450537 
  2051.0   1.533102649607254 
  2052.0   1.9885950682415505 
  2053.0   3.1597325007454606 
  2054.0   2.4172985867409005 
  2055.0   1.6607536045256825 
  2056.0   1.7280220820790804 
  2057.0   2.0996996450198693 
  2058.0   1.5323330853609285 
  2059.0   1.4038858697364363 
  2060.0   1.746765111790779 
  2061.0   1.2324261732577968 
  2062.0   1.370651747143688 
  2063.0   1.9235449079974551 
  2064.0   2.1786568274827767 
  2065.0   1.7733792487228812 
  2066.0   1.5850552448770476 
  2067.0   1.5792032727416314 
  2068.0   1.7708819456125395 
  2069.0   1.5090567756243851 
  2070.0   1.748257325095846 
  2071.0   1.2536110627926136 
  2072.0   1.483319975687222 
  2073.0   1.5745785339277694 
  2074.0   1.3514580890810395 
  2075.0   1.6091763130889918 
  2076.0   1.7766969649534854 
  2077.0   1.0785711548359171 
  2078.0   2.256143878878542 
  2079.0   2.790775063673469 
  2080.0   1.5241163345277315 
  2081.0   1.965816308744797 
  2082.0   2.151337348540787 
  2083.0   1.2056932111765382 
  2084.0   2.0732003933073937 
  2085.0   1.3361133917536745 
  2086.0   1.2363626051592431 
  2087.0   1.0599279383002644 
  2088.0   1.3190851807197137 
  2089.0   2.4384585049979344 
  2090.0   1.2781827805115498 
  2091.0   2.519399874553143 
  2092.0   2.1589499668409804 
  2093.0   1.0283159986329078 
  2094.0   1.5386224570294056 
  2095.0   1.3897530444570378 
  2096.0   1.297270544383212 
  2097.0   1.6947845081873785 
  2098.0   2.003053051335768 
  2099.0   2.1248382459031 
  2100.0   1.432755873257601 
