  2015.0   8.310372072687299 
  2016.0   8.182737124137395 
  2017.0   7.608894124950495 
  2018.0   7.1180844673922925 
  2019.0   7.264794918117864 
  2020.0   7.332799294979458 
  2021.0   7.244480518111717 
  2022.0   7.014269085224357 
  2023.0   7.357075921617242 
  2024.0   8.161987738622418 
  2025.0   7.602677874028905 
  2026.0   7.563779824076996 
  2027.0   7.808928561692973 
  2028.0   8.096584114969371 
  2029.0   7.846230126619368 
  2030.0   7.428904665098525 
  2031.0   7.705973887971086 
  2032.0   7.53218049676235 
  2033.0   7.179687463767393 
  2034.0   7.1134190729441835 
  2035.0   7.084856242523076 
  2036.0   7.08017227805108 
  2037.0   6.988842792853465 
  2038.0   7.1453801923303635 
  2039.0   7.388411702041821 
  2040.0   7.889668689759617 
  2041.0   7.717679022718556 
  2042.0   7.345766800909481 
  2043.0   7.913830421193832 
  2044.0   8.091292587786477 
  2045.0   7.719432184079878 
  2046.0   7.663557278761097 
  2047.0   7.341544838133279 
  2048.0   7.040841711907412 
  2049.0   6.8529562612826505 
  2050.0   7.37894364093636 
  2051.0   7.477847640743447 
  2052.0   7.582080583246326 
  2053.0   7.655422143581612 
  2054.0   7.438387100369615 
  2055.0   8.992461483005528 
  2056.0   9.369232020446912 
  2057.0   8.583399363077033 
  2058.0   8.070377103654147 
  2059.0   8.616418294369712 
  2060.0   8.041480038401874 
  2061.0   7.693125024285824 
  2062.0   7.574782968844193 
  2063.0   8.07496903098248 
  2064.0   8.092968263434463 
  2065.0   7.755349286575754 
  2066.0   7.9669918581957075 
  2067.0   9.358148854487764 
  2068.0   9.745249910289145 
  2069.0   8.64984575434555 
  2070.0   8.179294613762325 
  2071.0   8.463051524511076 
  2072.0   8.42897816148286 
  2073.0   7.872358909539171 
  2074.0   7.573414819975842 
  2075.0   7.45445936307207 
  2076.0   8.378361863922944 
  2077.0   9.158488923094238 
  2078.0   8.891633119842334 
  2079.0   9.350302659364734 
  2080.0   9.203539868117792 
  2081.0   8.5899325966405 
  2082.0   8.123984403195623 
  2083.0   8.326836586885818 
  2084.0   8.538002230176765 
  2085.0   8.152013581531804 
  2086.0   7.746573991871583 
  2087.0   7.885990776591281 
  2088.0   7.974014194248361 
  2089.0   7.699805614989567 
  2090.0   7.560114341460063 
  2091.0   7.59291893691094 
  2092.0   8.57496888091939 
  2093.0   8.763983340899422 
  2094.0   8.456985173187071 
  2095.0   8.89292878291128 
  2096.0   9.018319437927069 
  2097.0   8.470945215251778 
  2098.0   8.275669019027198 
  2099.0   7.8281630889583855 
  2100.0   7.85605129875207 
