  2015.0   0.08223809158932922 
  2016.0   0.08487154918444921 
  2017.0   0.08717834377771884 
  2018.0   0.08932198618776833 
  2019.0   0.09130376539193656 
  2020.0   0.09211233350891018 
  2021.0   0.09200076091921756 
  2022.0   0.09208889421588595 
  2023.0   0.09226274156051029 
  2024.0   0.09251441797775917 
  2025.0   0.09300485444003684 
  2026.0   0.0936808937103043 
  2027.0   0.09438087384785991 
  2028.0   0.09509704560853738 
  2029.0   0.09584124653298688 
  2030.0   0.09663151911603025 
  2031.0   0.097457729419952 
  2032.0   0.09829144908093854 
  2033.0   0.09911340550481455 
  2034.0   0.09991944741104306 
  2035.0   0.100546464392986 
  2036.0   0.10102765244987501 
  2037.0   0.10154090806186311 
  2038.0   0.10208223126123783 
  2039.0   0.10263938542870955 
  2040.0   0.10350686872535551 
  2041.0   0.10461987447471072 
  2042.0   0.10564571843741528 
  2043.0   0.1065850217361392 
  2044.0   0.1074575425274179 
  2045.0   0.10758277327671888 
  2046.0   0.10710463081611954 
  2047.0   0.10677724029683035 
  2048.0   0.10657228296170151 
  2049.0   0.10645845567961855 
  2050.0   0.10688350904891716 
  2051.0   0.1077134455368794 
  2052.0   0.10844575639410133 
  2053.0   0.10911498024858615 
  2054.0   0.10973441429006199 
  2055.0   0.1106415480142553 
  2056.0   0.11177215762818166 
  2057.0   0.11280162156758583 
  2058.0   0.11375127535050648 
  2059.0   0.11462989492807495 
  2060.0   0.11537183529374512 
  2061.0   0.11599609936230672 
  2062.0   0.11658327577915467 
  2063.0   0.11712694494315165 
  2064.0   0.11763213101610163 
  2065.0   0.1186669887053631 
  2066.0   0.12036923255929735 
  2067.0   0.12207863506806815 
  2068.0   0.12355102932925045 
  2069.0   0.12482408620025963 
  2070.0   0.12558198593579756 
  2071.0   0.12592686093345182 
  2072.0   0.12623259957501062 
  2073.0   0.12649725997606917 
  2074.0   0.12620713453495136 
  2075.0   0.1251863074873792 
  2076.0   0.12404704734519184 
  2077.0   0.12304890458371104 
  2078.0   0.12216024684377624 
  2079.0   0.12134661139353314 
  2080.0   0.12061185035019623 
  2081.0   0.11993504160109533 
  2082.0   0.11929101873158417 
  2083.0   0.11866196930453493 
  2084.0   0.11805397305444598 
  2085.0   0.11705416292815553 
  2086.0   0.1157355347307889 
  2087.0   0.11449479750835077 
  2088.0   0.1133255535396757 
  2089.0   0.11224657082571216 
  2090.0   0.11147268123230891 
  2091.0   0.11094299061358354 
  2092.0   0.11039365946725299 
  2093.0   0.10982210138854832 
  2094.0   0.10924927670812684 
  2095.0   0.1083897558467584 
  2096.0   0.10729834335016555 
  2097.0   0.10625966248120432 
  2098.0   0.10526560222965274 
  2099.0   0.104326844865235 
  2100.0   0.10071535932668088 
