  2015.0   0.3216453812025098 
  2016.0   -0.5530417083400411 
  2017.0   -0.5455657169025357 
  2018.0   -0.2154305699910758 
  2019.0   0.2469284380247058 
  2020.0   -0.1485579048345998 
  2021.0   -0.08299849992321338 
  2022.0   -0.2109707179621855 
  2023.0   0.9514167544159463 
  2024.0   0.09412678571283671 
  2025.0   -0.6833553328932982 
  2026.0   0.3519448587299071 
  2027.0   0.26975598463315337 
  2028.0   0.05710863095084715 
  2029.0   -0.4658695093410886 
  2030.0   -0.05150646381110369 
  2031.0   0.12589185728115992 
  2032.0   -0.325189310940217 
  2033.0   -0.29190890842954775 
  2034.0   -0.019872517182827246 
  2035.0   -0.0032115830924309544 
  2036.0   -0.048055511937615494 
  2037.0   -0.05904841277986102 
  2038.0   0.2757404819770471 
  2039.0   0.3975120367595028 
  2040.0   0.3013504032078722 
  2041.0   -0.5909129180816977 
  2042.0   0.0318592536386601 
  2043.0   0.7211493079010429 
  2044.0   -0.380410166836243 
  2045.0   -0.12840529986649982 
  2046.0   -0.13273383425803847 
  2047.0   -0.3693586871805901 
  2048.0   -0.34949504373040907 
  2049.0   0.22106920223643514 
  2050.0   0.4019284899965628 
  2051.0   -0.011152541008722284 
  2052.0   0.24128947928407043 
  2053.0   -0.3510429043873353 
  2054.0   0.6218379389808939 
  2055.0   1.4857459453030748 
  2056.0   -0.5239974674613246 
  2057.0   -0.9263100204550548 
  2058.0   0.30100817054514745 
  2059.0   0.15625597026679794 
  2060.0   -0.7893367267071216 
  2061.0   -0.1478533947529253 
  2062.0   0.18036687773793234 
  2063.0   0.312445424397189 
  2064.0   -0.2515459354790296 
  2065.0   -0.2511897192084125 
  2066.0   1.027185286715751 
  2067.0   1.1542482516841848 
  2068.0   -0.5591998699590981 
  2069.0   -1.018697940439493 
  2070.0   0.006529519041311571 
  2071.0   0.4431025054905012 
  2072.0   -0.727572043452308 
  2073.0   -0.09217390796356484 
  2074.0   -0.39576998247482575 
  2075.0   0.15870380245565147 
  2076.0   1.2643498898892132 
  2077.0   0.19706145334149489 
  2078.0   -0.2142037603568591 
  2079.0   0.522257055562248 
  2080.0   -0.4819912454094076 
  2081.0   -0.8788925314786299 
  2082.0   0.20191970528930434 
  2083.0   0.2837681591683013 
  2084.0   -0.24466735209286292 
  2085.0   -0.46955193212825225 
  2086.0   -0.17365709360272016 
  2087.0   0.24840498339504724 
  2088.0   -0.11100921229858443 
  2089.0   -0.2784348392906253 
  2090.0   -0.12294298941281168 
  2091.0   0.5179546221821121 
  2092.0   0.9170621559561406 
  2093.0   -0.3594170574459481 
  2094.0   0.2642861557252233 
  2095.0   0.21959814970302338 
  2096.0   -0.4595186166475858 
  2097.0   0.08816881705061186 
  2098.0   -0.74883917898359 
  2099.0   -0.005230773773982878 
  2100.0   -0.22448228922735833 
