  2015.0   39.89754378924741 
  2016.0   39.89611035348444 
  2017.0   39.69217387500214 
  2018.0   39.622215229095 
  2019.0   39.52958027120061 
  2020.0   39.56067886776217 
  2021.0   39.90927792249379 
  2022.0   40.102048371430655 
  2023.0   40.259273773767674 
  2024.0   40.18885937221274 
  2025.0   40.04521955267852 
  2026.0   40.52294205275797 
  2027.0   40.71543787270971 
  2028.0   40.71318059102216 
  2029.0   40.72844737011647 
  2030.0   41.08042156013822 
  2031.0   41.664756213706575 
  2032.0   41.52380617429903 
  2033.0   41.41065632098732 
  2034.0   41.86647638975384 
  2035.0   42.43301651105457 
  2036.0   42.42501035394195 
  2037.0   42.29594596454853 
  2038.0   42.35060774088141 
  2039.0   42.1850480078545 
  2040.0   42.19413067486275 
  2041.0   42.885286331442174 
  2042.0   43.5465057939896 
  2043.0   43.87785786372564 
  2044.0   43.69911691592902 
  2045.0   43.92497151276514 
  2046.0   43.986311443320396 
  2047.0   44.064459255712976 
  2048.0   44.59909868360414 
  2049.0   44.55341865808336 
  2050.0   44.33684846087565 
  2051.0   44.9769767975064 
  2052.0   45.477432047300326 
  2053.0   45.31143843140642 
  2054.0   45.359821911333576 
  2055.0   45.30303353024967 
  2056.0   45.37490743324406 
  2057.0   45.63458905636338 
  2058.0   46.0302279007256 
  2059.0   46.30412022736967 
  2060.0   46.616462129296956 
  2061.0   46.98659959449767 
  2062.0   46.82850250899571 
  2063.0   46.998546750643506 
  2064.0   47.18221117473966 
  2065.0   47.20592215860122 
  2066.0   47.60077739708289 
  2067.0   47.8592436983463 
  2068.0   48.09334878572595 
  2069.0   47.93851976382731 
  2070.0   47.95432445598684 
  2071.0   48.29251444433946 
  2072.0   49.04534811332601 
  2073.0   49.46959914150369 
  2074.0   49.576239269905216 
  2075.0   49.57909531438608 
  2076.0   49.76193340665712 
  2077.0   49.92391429405114 
  2078.0   50.444724438347095 
  2079.0   50.792037626973595 
  2080.0   50.91710386582325 
  2081.0   50.8271717373178 
  2082.0   50.71842820577884 
  2083.0   51.13609330876483 
  2084.0   51.6735887216405 
  2085.0   52.21515549170631 
  2086.0   52.11315678844887 
  2087.0   51.92589162762853 
  2088.0   52.04734438271318 
  2089.0   52.602726140164314 
  2090.0   52.45407484837713 
  2091.0   52.57449203241772 
  2092.0   53.307414309708214 
  2093.0   53.87467204556012 
  2094.0   54.06588929364712 
  2095.0   54.17016607687631 
  2096.0   54.47728098172313 
  2097.0   54.65795098219046 
  2098.0   54.86652928157465 
  2099.0   55.11789470996391 
  2100.0   55.58088763685597 
