  2015.0   2.5503447343480744e-11 
  2016.0   2.211072601534955e-11 
  2017.0   2.234695146345928e-11 
  2018.0   2.269740148875985e-11 
  2019.0   2.294265432021011e-11 
  2020.0   2.3070001191878254e-11 
  2021.0   2.321208025634829e-11 
  2022.0   2.3379306596831295e-11 
  2023.0   2.3496196909930208e-11 
  2024.0   2.3648595858349105e-11 
  2025.0   2.3803832895217407e-11 
  2026.0   2.396914743596682e-11 
  2027.0   2.4072802304536862e-11 
  2028.0   2.4199770347571562e-11 
  2029.0   2.435930140931123e-11 
  2030.0   2.4339082990052087e-11 
  2031.0   2.4399397355385712e-11 
  2032.0   2.461277416980482e-11 
  2033.0   2.4747614823806628e-11 
  2034.0   2.485589808067975e-11 
  2035.0   2.5092637139868097e-11 
  2036.0   2.5314853770297542e-11 
  2037.0   2.5476048512942238e-11 
  2038.0   2.5742032980670725e-11 
  2039.0   2.6020122961041784e-11 
  2040.0   2.6168895725087374e-11 
  2041.0   2.630689949107695e-11 
  2042.0   2.6530204380148337e-11 
  2043.0   2.6776730618258597e-11 
  2044.0   2.470248988064132e-11 
  2045.0   2.490043424303742e-11 
  2046.0   2.5238114419246453e-11 
  2047.0   2.5305776132439955e-11 
  2048.0   2.518582793513155e-11 
  2049.0   2.521291223080771e-11 
  2050.0   2.907210980245096e-11 
  2051.0   2.909170784357921e-11 
  2052.0   2.914022629735822e-11 
  2053.0   2.902455847208548e-11 
  2054.0   2.8907533136180183e-11 
  2055.0   2.8757734813198982e-11 
  2056.0   2.8661633815598966e-11 
  2057.0   2.8414144213777288e-11 
  2058.0   2.7926113696300108e-11 
  2059.0   2.7515542889532738e-11 
  2060.0   2.7279570408387827e-11 
  2061.0   2.7266734625848423e-11 
  2062.0   2.72842902923089e-11 
  2063.0   2.7192602476097203e-11 
  2064.0   2.3889333529739312e-11 
  2065.0   2.1133295401450346e-11 
  2066.0   2.144778837599469e-11 
  2067.0   2.1583611771681513e-11 
  2068.0   2.162285239671969e-11 
  2069.0   2.1975964747181472e-11 
  2070.0   2.2299745757582955e-11 
  2071.0   2.2364411448475176e-11 
  2072.0   2.2590736314422345e-11 
  2073.0   2.129889064769551e-11 
  2074.0   2.115498581704918e-11 
  2075.0   2.1287219752840087e-11 
  2076.0   2.141004484800164e-11 
  2077.0   2.1609987902734284e-11 
  2078.0   2.1761147925412305e-11 
  2079.0   2.185546828208881e-11 
  2080.0   2.201975907721378e-11 
  2081.0   2.2146749396583938e-11 
  2082.0   2.2226115334734626e-11 
  2083.0   2.2324141811107003e-11 
  2084.0   2.2548833118169275e-11 
  2085.0   2.276019959889724e-11 
  2086.0   2.164879144608474e-11 
  2087.0   2.198159616893464e-11 
  2088.0   2.2319878710192495e-11 
  2089.0   2.256706172682973e-11 
  2090.0   2.2816286070069232e-11 
  2091.0   2.2838939223816653e-11 
  2092.0   2.276392940012997e-11 
  2093.0   2.2855675744803705e-11 
  2094.0   2.289479554077454e-11 
  2095.0   2.3069644048125454e-11 
  2096.0   2.3199264472615624e-11 
  2097.0   2.3374989069686516e-11 
  2098.0   2.35020175270109e-11 
  2099.0   1.743530472015283e-11 
  2100.0   0.0 
