  2015.0   0.02235650334102034 
  2016.0   0.021478684290897568 
  2017.0   0.020554980030095857 
  2018.0   0.019737238563821938 
  2019.0   0.019044242884557434 
  2020.0   0.018417463638816696 
  2021.0   0.017676766740322838 
  2022.0   0.016975186281282376 
  2023.0   0.01631132060491531 
  2024.0   0.015726343783859287 
  2025.0   0.015179907220029617 
  2026.0   0.014570058588565138 
  2027.0   0.014001027786479665 
  2028.0   0.013468521711757213 
  2029.0   0.012976787572651164 
  2030.0   0.012523358102570816 
  2031.0   0.01204469523659502 
  2032.0   0.011587635007164714 
  2033.0   0.011150850670304071 
  2034.0   0.010735061487285603 
  2035.0   0.01034051638685938 
  2036.0   0.009943652722044 
  2037.0   0.009563625859452515 
  2038.0   0.009200646681250488 
  2039.0   0.008852945351169358 
  2040.0   0.008520290218428626 
  2041.0   0.00820533557992712 
  2042.0   0.007909261779065943 
  2043.0   0.007625648111408993 
  2044.0   0.007353734906268442 
  2045.0   0.007094928252357767 
  2046.0   0.006849337185834053 
  2047.0   0.006615942839222227 
  2048.0   0.006395985597916843 
  2049.0   0.006186598146500931 
  2050.0   0.005991512082252367 
  2051.0   0.00587949888419828 
  2052.0   0.005783722951013506 
  2053.0   0.005686953355018228 
  2054.0   0.005615172058273351 
  2055.0   0.005563748448469817 
  2056.0   0.005583401516880001 
  2057.0   0.005623210063890218 
  2058.0   0.005658462604838574 
  2059.0   0.005752150529380963 
  2060.0   0.005828350110779213 
  2061.0   0.005903919804359125 
  2062.0   0.0060126791909123865 
  2063.0   0.006141437234248729 
  2064.0   0.006258668907563623 
  2065.0   0.006396356379091554 
  2066.0   0.006464710816632031 
  2067.0   0.006556289948097132 
  2068.0   0.0066566956936002985 
  2069.0   0.006770125994224256 
  2070.0   0.006929153839668714 
  2071.0   0.007020298216106259 
  2072.0   0.007115888430243468 
  2073.0   0.007219007072361402 
  2074.0   0.007262072916687493 
  2075.0   0.007396774256729395 
  2076.0   0.007384182604190149 
  2077.0   0.0073802942657813396 
  2078.0   0.00741271487495853 
  2079.0   0.007446860316728517 
  2080.0   0.0074769796108384344 
  2081.0   0.007444735822408606 
  2082.0   0.0074358844840121 
  2083.0   0.007447947136347793 
  2084.0   0.007462441537789974 
  2085.0   0.007446934565209212 
  2086.0   0.007461654408344148 
  2087.0   0.00749822670806236 
  2088.0   0.007556397300865164 
  2089.0   0.0075477378213330976 
  2090.0   0.007578911936593466 
  2091.0   0.007718376261874317 
  2092.0   0.007858928248612227 
  2093.0   0.007963563068863241 
  2094.0   0.008034964258038438 
  2095.0   0.008115509797803162 
  2096.0   0.008247754094977714 
  2097.0   0.008386536471477161 
  2098.0   0.008518162954473576 
  2099.0   0.008718792291632416 
  2100.0   0.0089718606366976 
