  2015.0   1.7736527218174413e-10 
  2016.0   1.910393759177436e-10 
  2017.0   1.9007062868729361e-10 
  2018.0   1.7181211554636684e-10 
  2019.0   1.7175020396240523e-10 
  2020.0   1.5370610294717915e-10 
  2021.0   1.5643764601509145e-10 
  2022.0   1.6650276302801435e-10 
  2023.0   1.6433707268034632e-10 
  2024.0   1.689187933026108e-10 
  2025.0   1.505318652903749e-10 
  2026.0   1.8904669418311323e-10 
  2027.0   1.8208770899830444e-10 
  2028.0   1.965482277932601e-10 
  2029.0   1.9120436949758422e-10 
  2030.0   1.6042930861821811e-10 
  2031.0   2.157425082147521e-10 
  2032.0   2.1176766780504096e-10 
  2033.0   1.9867802576099233e-10 
  2034.0   1.787351041330477e-10 
  2035.0   2.2346752273695334e-10 
  2036.0   2.2943744643583624e-10 
  2037.0   2.0046352313944507e-10 
  2038.0   2.0028718805219452e-10 
  2039.0   2.0615571072428276e-10 
  2040.0   1.5837717943225042e-10 
  2041.0   1.8323854775402848e-10 
  2042.0   2.289005245450262e-10 
  2043.0   2.375544159835736e-10 
  2044.0   2.5731218001614166e-10 
  2045.0   2.4092176645907483e-10 
  2046.0   2.458027720184902e-10 
  2047.0   1.810344983501073e-10 
  2048.0   2.2954723717671881e-10 
  2049.0   2.1869880363423928e-10 
  2050.0   1.8674282714292725e-10 
  2051.0   2.2993451974163272e-10 
  2052.0   2.429540564320983e-10 
  2053.0   2.583730642774984e-10 
  2054.0   2.221209567476643e-10 
  2055.0   2.478476958082155e-10 
  2056.0   2.4378857795004794e-10 
  2057.0   2.2873186318224047e-10 
  2058.0   2.2688307254669958e-10 
  2059.0   2.532360526116144e-10 
  2060.0   2.4544033781917616e-10 
  2061.0   2.535241553295658e-10 
  2062.0   2.418640704229041e-10 
  2063.0   2.454263338306786e-10 
  2064.0   2.6580724263735986e-10 
  2065.0   2.587681803641499e-10 
  2066.0   2.704795699910255e-10 
  2067.0   2.5764715528557364e-10 
  2068.0   2.5627192367428614e-10 
  2069.0   2.7372285245130207e-10 
  2070.0   2.3068651019146785e-10 
  2071.0   2.0464938883071952e-10 
  2072.0   2.6537727238531587e-10 
  2073.0   3.068895358184879e-10 
  2074.0   3.397434480007928e-10 
  2075.0   3.4098548092638677e-10 
  2076.0   3.1902623312286023e-10 
  2077.0   2.655265758983677e-10 
  2078.0   3.385300219537019e-10 
  2079.0   3.376678913989968e-10 
  2080.0   3.7710832992575403e-10 
  2081.0   3.4051806195229387e-10 
  2082.0   2.9416688060586253e-10 
  2083.0   3.37356805676635e-10 
  2084.0   3.554099007578099e-10 
  2085.0   3.819935521630669e-10 
  2086.0   3.9566891750991477e-10 
  2087.0   3.844330636920736e-10 
  2088.0   3.7355332827448973e-10 
  2089.0   3.873313636027362e-10 
  2090.0   4.2034768638803717e-10 
  2091.0   3.5447466734916364e-10 
  2092.0   3.8088245784008726e-10 
  2093.0   3.72377706147891e-10 
  2094.0   4.69655198313192e-10 
  2095.0   4.491811283245976e-10 
  2096.0   4.485841133525549e-10 
  2097.0   4.1433604397492966e-10 
  2098.0   4.834947088625181e-10 
  2099.0   3.9174881010259954e-10 
  2100.0   4.5708379996387894e-10 
