  2015.0   1.4853645619523443 
  2016.0   1.2699284704573832 
  2017.0   0.8813980446833818 
  2018.0   1.2337974228321327 
  2019.0   1.167629779600626 
  2020.0   1.3649337580209404 
  2021.0   1.6519312856644581 
  2022.0   1.5068889813898383 
  2023.0   1.5631972007866006 
  2024.0   1.1205754031205752 
  2025.0   1.436673166730603 
  2026.0   1.6355107215032276 
  2027.0   1.4544323075254622 
  2028.0   1.3055590871030758 
  2029.0   1.4055141431265954 
  2030.0   2.1245704961610596 
  2031.0   1.569541149401607 
  2032.0   1.3134285887040207 
  2033.0   1.3615604247106974 
  2034.0   2.0233593097526796 
  2035.0   1.7588457744662143 
  2036.0   1.3323554907340058 
  2037.0   1.573383941412013 
  2038.0   1.5070691145010742 
  2039.0   1.2202681862992475 
  2040.0   1.8337950953192612 
  2041.0   1.9895477579068608 
  2042.0   2.0130838775133317 
  2043.0   1.8935794819364504 
  2044.0   1.4147877912526219 
  2045.0   1.9802142454655174 
  2046.0   1.4099625541383016 
  2047.0   2.22513006501703 
  2048.0   1.61400005191305 
  2049.0   1.6483164448728895 
  2050.0   1.8594122635271302 
  2051.0   1.8704046489517532 
  2052.0   1.8978286583535633 
  2053.0   1.4655000111214922 
  2054.0   1.95954509427854 
  2055.0   1.3520969436976422 
  2056.0   1.5466844165372224 
  2057.0   1.911070656908599 
  2058.0   2.0079548487810004 
  2059.0   1.8198167619597236 
  2060.0   2.169223539287501 
  2061.0   2.0336455209312283 
  2062.0   1.875649369237739 
  2063.0   1.7570254839329906 
  2064.0   1.9458779103153296 
  2065.0   1.8316075321192145 
  2066.0   1.8475802334067268 
  2067.0   2.1234801618961416 
  2068.0   2.0207529030971965 
  2069.0   1.4192318498884218 
  2070.0   2.003449017615952 
  2071.0   2.223294379481665 
  2072.0   2.1613102438351097 
  2073.0   2.093741452975788 
  2074.0   1.7728338307799243 
  2075.0   1.9540541741956787 
  2076.0   2.1919795893881178 
  2077.0   2.5625408514355765 
  2078.0   2.104456842395396 
  2079.0   2.3518234698846165 
  2080.0   2.1984263536582023 
  2081.0   1.8802547836108068 
  2082.0   2.004010763336094 
  2083.0   2.2555139831907627 
  2084.0   2.4417090278229234 
  2085.0   2.182462899318377 
  2086.0   1.936975490085659 
  2087.0   1.9132099311026638 
  2088.0   2.1794668757908284 
  2089.0   2.16933332079198 
  2090.0   1.6173759062433697 
  2091.0   2.680033203824786 
  2092.0   2.491888473975805 
  2093.0   2.4696042227857475 
  2094.0   2.121399293515856 
  2095.0   2.5066342887556523 
  2096.0   2.623210659828326 
  2097.0   2.278330138750443 
  2098.0   2.4108304217488885 
  2099.0   3.0015176551568885 
  2100.0   2.521005677144211 
