  2015.0   1.0563657765631036 
  2016.0   1.245975114224693 
  2017.0   1.09020848927954 
  2018.0   1.1536725849368579 
  2019.0   1.1669632855895735 
  2020.0   1.0060710029013442 
  2021.0   1.1296943296483646 
  2022.0   1.2216290229861186 
  2023.0   1.1148933545035074 
  2024.0   1.0840134604038707 
  2025.0   1.1253079968484165 
  2026.0   1.1430081443344045 
  2027.0   1.1439506238318606 
  2028.0   1.087864932990784 
  2029.0   1.2455696146206776 
  2030.0   1.2029422035507369 
  2031.0   1.2105016938800466 
  2032.0   1.161500267844687 
  2033.0   0.9892686574950778 
  2034.0   0.9135848398929138 
  2035.0   0.9599967457926607 
  2036.0   1.220726538931918 
  2037.0   1.4770423977474911 
  2038.0   1.1825242224853982 
  2039.0   1.236690716807562 
  2040.0   1.2849522208657553 
  2041.0   1.3036268139090752 
  2042.0   1.1854297986621711 
  2043.0   1.2059097151791889 
  2044.0   1.1348133665210975 
  2045.0   1.0872970670576536 
  2046.0   1.2907298820810775 
  2047.0   1.1313409253244582 
  2048.0   1.1329887914701327 
  2049.0   1.3996788048701796 
  2050.0   1.3100836115890793 
  2051.0   1.2738111785618027 
  2052.0   1.3004044980018528 
  2053.0   0.931886231473197 
  2054.0   1.0242657570645268 
  2055.0   1.3603677881895513 
  2056.0   1.4081747802412024 
  2057.0   1.16821646181206 
  2058.0   1.2286232354080493 
  2059.0   1.304117740802465 
  2060.0   1.1931027904734912 
  2061.0   1.3496875188029707 
  2062.0   1.340169470452148 
  2063.0   1.1057976674788466 
  2064.0   1.0763121394898643 
  2065.0   1.1990477459749578 
  2066.0   1.336756678269932 
  2067.0   1.3674228620617497 
  2068.0   1.3374434837386184 
  2069.0   1.3651987007247743 
  2070.0   1.2768851510892207 
  2071.0   1.5051092057646547 
  2072.0   1.3448434758864942 
  2073.0   1.33046252851507 
  2074.0   1.458584633739534 
  2075.0   1.377453236105904 
  2076.0   1.2268191067118284 
  2077.0   1.3702929234642651 
  2078.0   1.2140390266735885 
  2079.0   0.9907723479536921 
  2080.0   1.2472973793023998 
  2081.0   1.3980816460017103 
  2082.0   1.2204485345438114 
  2083.0   1.5797702990659126 
  2084.0   1.3609881497485459 
  2085.0   1.4314129131652111 
  2086.0   1.5210414402736612 
  2087.0   1.5671016674332934 
  2088.0   1.3146210785657588 
  2089.0   1.2031522514327357 
  2090.0   1.3412487557664796 
  2091.0   1.2472839589528513 
  2092.0   1.1177968761939505 
  2093.0   1.6060718951925679 
  2094.0   1.6108327113238556 
  2095.0   1.5509779526237275 
  2096.0   1.397453785162909 
  2097.0   1.29995151327066 
  2098.0   1.2870310928848356 
  2099.0   1.1700260456089284 
  2100.0   1.3726402245303595 
