  2015.0   16.449212824741306 
  2016.0   16.473531330057497 
  2017.0   16.480216440067434 
  2018.0   16.478518486158737 
  2019.0   16.39153840848148 
  2020.0   16.32679674651064 
  2021.0   16.280796553790378 
  2022.0   16.29602041229788 
  2023.0   16.26777071091639 
  2024.0   16.219362282983372 
  2025.0   16.197687904888927 
  2026.0   16.1973364781337 
  2027.0   16.221129630040092 
  2028.0   16.236047961606076 
  2029.0   16.249795004123968 
  2030.0   16.272315409995937 
  2031.0   16.27747643401282 
  2032.0   16.21673114834171 
  2033.0   16.19128144017961 
  2034.0   16.27616009192915 
  2035.0   16.38299100302607 
  2036.0   16.357149283165683 
  2037.0   16.297483798076193 
  2038.0   16.278439849383666 
  2039.0   16.274557523105084 
  2040.0   16.288523044728002 
  2041.0   16.277083154067526 
  2042.0   16.241748511407888 
  2043.0   16.256074118232082 
  2044.0   16.29187409717009 
  2045.0   16.26986030440732 
  2046.0   16.235767232914363 
  2047.0   16.25710752247381 
  2048.0   16.377132038678884 
  2049.0   16.39009022840783 
  2050.0   16.341224326936715 
  2051.0   16.3768989187069 
  2052.0   16.377380863556336 
  2053.0   16.347746160504755 
  2054.0   16.315550364971806 
  2055.0   16.28209017638538 
  2056.0   16.274333231361197 
  2057.0   16.33865704138859 
  2058.0   16.34272559773092 
  2059.0   16.328621924145477 
  2060.0   16.31690949189121 
  2061.0   16.35111274761472 
  2062.0   16.361088058093383 
  2063.0   16.301426228938872 
  2064.0   16.337391978157093 
  2065.0   16.398506742476634 
  2066.0   16.424787464406545 
  2067.0   16.441371310830696 
  2068.0   16.463496389181923 
  2069.0   16.537255596680925 
  2070.0   16.587290407502362 
  2071.0   16.57079265765116 
  2072.0   16.488655580934832 
  2073.0   16.47001533828391 
  2074.0   16.45009681574353 
  2075.0   16.466028576845325 
  2076.0   16.450049283077956 
  2077.0   16.483880871371245 
  2078.0   16.550686369531753 
  2079.0   16.620650335452005 
  2080.0   16.598481732379913 
  2081.0   16.555448859474357 
  2082.0   16.54745594513733 
  2083.0   16.494911852913233 
  2084.0   16.46210745588531 
  2085.0   16.39004827650409 
  2086.0   16.394390484146317 
  2087.0   16.521166411535585 
  2088.0   16.484182900235886 
  2089.0   16.35362375615739 
  2090.0   16.299192086829947 
  2091.0   16.277559770869 
  2092.0   16.298857071970147 
  2093.0   16.325082763108444 
  2094.0   16.404451045396854 
  2095.0   16.4187153892109 
  2096.0   16.41986773144865 
  2097.0   16.42673000398642 
  2098.0   16.46317893753873 
  2099.0   16.567814639309606 
  2100.0   16.68803253685692 
