  2015.0   1.494410330500493 
  2016.0   1.6304710987846411 
  2017.0   1.601216812269509 
  2018.0   1.5491131085672822 
  2019.0   1.2135386397112404 
  2020.0   1.3822805394206505 
  2021.0   1.4444567122244982 
  2022.0   1.5604967908190541 
  2023.0   1.3970536032712992 
  2024.0   1.5929860477772393 
  2025.0   1.668709622386338 
  2026.0   1.6441089279934955 
  2027.0   1.509324116733331 
  2028.0   1.5596779011102098 
  2029.0   1.7145795713615224 
  2030.0   1.725012664503642 
  2031.0   1.5986030713982424 
  2032.0   1.4125407846956033 
  2033.0   1.6296380684327052 
  2034.0   1.9941917953501174 
  2035.0   1.8916753526251622 
  2036.0   1.5937788330598337 
  2037.0   1.5147977883246635 
  2038.0   1.530042068110171 
  2039.0   1.5799509190158063 
  2040.0   1.67176100204535 
  2041.0   1.5811428744494473 
  2042.0   1.557751889854954 
  2043.0   1.7929083630635094 
  2044.0   1.8425254464933933 
  2045.0   1.5703119478054934 
  2046.0   1.4383338821110352 
  2047.0   1.8067899226475077 
  2048.0   2.031280368633214 
  2049.0   1.5481471548450032 
  2050.0   1.459522342168596 
  2051.0   1.7977641512543514 
  2052.0   1.7992104987432156 
  2053.0   1.7161941196653523 
  2054.0   1.5099470072823657 
  2055.0   1.45132704130272 
  2056.0   1.755478664807176 
  2057.0   1.8211904187959034 
  2058.0   1.6970627426739409 
  2059.0   1.5988660561680423 
  2060.0   1.8393222853636169 
  2061.0   1.9227178416910937 
  2062.0   1.7309769692547465 
  2063.0   1.4966366405083813 
  2064.0   1.8782561599223604 
  2065.0   2.0822067801951403 
  2066.0   1.8013830495273933 
  2067.0   1.8922280935200375 
  2068.0   1.9224045653856405 
  2069.0   2.0008261219937267 
  2070.0   1.8713238993350978 
  2071.0   1.7664994925388948 
  2072.0   1.526099043414952 
  2073.0   1.8645457319701428 
  2074.0   1.7421985433609364 
  2075.0   1.6264826687865026 
  2076.0   1.528941584918279 
  2077.0   2.0047525783934828 
  2078.0   2.2308263117746376 
  2079.0   1.95239023322925 
  2080.0   1.6154364206082659 
  2081.0   1.680625512561976 
  2082.0   1.7872897324045454 
  2083.0   1.6024322037300665 
  2084.0   1.7613044140218532 
  2085.0   1.5214874436171748 
  2086.0   1.9389811810172266 
  2087.0   2.089416748836993 
  2088.0   1.7185200004655987 
  2089.0   1.4514388681016577 
  2090.0   1.8223533734790067 
  2091.0   2.0372412972545404 
  2092.0   1.94752601250534 
  2093.0   1.9545993924401985 
  2094.0   2.248832548959599 
  2095.0   2.1503911323511447 
  2096.0   2.0256440061300216 
  2097.0   1.9252192369862768 
  2098.0   2.1159244574518468 
  2099.0   2.459784530890441 
  2100.0   2.2018997178905493 
