  2015.0   42.96968049609664 
  2016.0   43.074166815957746 
  2017.0   43.015163262592736 
  2018.0   43.04709090500486 
  2019.0   42.95798847216288 
  2020.0   43.02944713664125 
  2021.0   43.10985455185826 
  2022.0   43.26642512322042 
  2023.0   43.44648465765939 
  2024.0   43.61213799737089 
  2025.0   43.43732871456543 
  2026.0   43.33485646943684 
  2027.0   43.237350683035906 
  2028.0   43.14869134979425 
  2029.0   43.09956246054008 
  2030.0   43.35541340568619 
  2031.0   43.34962738902628 
  2032.0   43.28066018928525 
  2033.0   43.43959891477213 
  2034.0   43.52970155163067 
  2035.0   43.41087742372005 
  2036.0   43.28917339100206 
  2037.0   43.258921905987684 
  2038.0   43.25800491900407 
  2039.0   43.29939750104298 
  2040.0   43.16446951424834 
  2041.0   43.15043861317309 
  2042.0   43.26617361742979 
  2043.0   43.201380966163654 
  2044.0   43.13675622600438 
  2045.0   43.20650035412463 
  2046.0   43.12251185687303 
  2047.0   42.98842086824285 
  2048.0   42.83498870210808 
  2049.0   42.53781631309462 
  2050.0   42.25318160061704 
  2051.0   42.29668561657903 
  2052.0   42.37063628395675 
  2053.0   42.20934251067762 
  2054.0   42.384769725360094 
  2055.0   42.51721078136034 
  2056.0   42.68742881668619 
  2057.0   42.569668767177845 
  2058.0   42.298290819609335 
  2059.0   42.088138629201374 
  2060.0   42.29803652592195 
  2061.0   42.48296651034513 
  2062.0   42.553848431177 
  2063.0   42.624385999233844 
  2064.0   42.57819780551737 
  2065.0   42.289746395466906 
  2066.0   42.233529087543474 
  2067.0   42.400162142100065 
  2068.0   42.305514405460784 
  2069.0   42.10803169747282 
  2070.0   42.000269342276795 
  2071.0   42.13897853617393 
  2072.0   42.313674357102606 
  2073.0   42.26046284343892 
  2074.0   42.47132088142193 
  2075.0   42.674182918664 
  2076.0   42.63434536957532 
  2077.0   42.56460157049203 
  2078.0   42.60326914018316 
  2079.0   42.53613092146678 
  2080.0   42.526329716128124 
  2081.0   42.483517539541985 
  2082.0   42.526186825232884 
  2083.0   42.57027238690064 
  2084.0   42.467386866264945 
  2085.0   42.27298618061192 
  2086.0   42.2287400191279 
  2087.0   42.346214924523196 
  2088.0   42.295310396757735 
  2089.0   42.17848854227084 
  2090.0   41.979410232505174 
  2091.0   41.83385510534615 
  2092.0   42.022774857460824 
  2093.0   42.25548660176692 
  2094.0   42.37074945062308 
  2095.0   42.319512389769216 
  2096.0   42.53340603496699 
  2097.0   42.58020571751731 
  2098.0   42.6511543260175 
  2099.0   42.53051436971873 
  2100.0   42.5032820770614 
