  2015.0   0.07965835444865844 
  2016.0   0.11222264464285223 
  2017.0   -0.10427424349251548 
  2018.0   -0.05791825505347309 
  2019.0   -0.06084557796220438 
  2020.0   0.11885219512783798 
  2021.0   0.10264848805203819 
  2022.0   0.023848625142481577 
  2023.0   0.3055775957344867 
  2024.0   0.29012475292726714 
  2025.0   0.10189342728063533 
  2026.0   -0.1789088188319401 
  2027.0   -0.15828104369874943 
  2028.0   -0.01728180479873049 
  2029.0   0.18233788867950154 
  2030.0   0.2799963690140645 
  2031.0   0.11566219356097894 
  2032.0   0.08560345899448255 
  2033.0   -0.031913925501493474 
  2034.0   -0.17180911950066327 
  2035.0   -0.033638986829041005 
  2036.0   0.23585821772945736 
  2037.0   0.10249213871036401 
  2038.0   0.042474994026399614 
  2039.0   0.07307632534180952 
  2040.0   -0.01658539230866405 
  2041.0   0.09696960298340716 
  2042.0   0.025623167574725804 
  2043.0   -0.002256710414302998 
  2044.0   0.050124860595824404 
  2045.0   0.08250284057124203 
  2046.0   0.14717505934759353 
  2047.0   0.12301001319847141 
  2048.0   -0.0008381294691501397 
  2049.0   0.04057864543761493 
  2050.0   -0.035699918799713154 
  2051.0   0.23586016866030202 
  2052.0   0.15188228712943805 
  2053.0   -0.06874457519410795 
  2054.0   -0.06179862480982329 
  2055.0   0.08429540862313448 
  2056.0   0.04204920662255545 
  2057.0   -0.03730149877447188 
  2058.0   -0.17127574916929714 
  2059.0   0.2589044683607306 
  2060.0   0.2171787442562427 
  2061.0   -0.022156798987005493 
  2062.0   0.04556269788443687 
  2063.0   0.23767066270383744 
  2064.0   0.15587495072556776 
  2065.0   -0.04283805339242056 
  2066.0   -0.0962379864661108 
  2067.0   -0.019321434644886715 
  2068.0   -0.014678205725028617 
  2069.0   -0.09164196725533519 
  2070.0   0.03528088731399211 
  2071.0   0.14611306130804105 
  2072.0   0.08713740154335775 
  2073.0   0.09191879396308532 
  2074.0   -0.050088325065295376 
  2075.0   -0.07669177673626892 
  2076.0   0.20464857059857125 
  2077.0   0.3643099656532947 
  2078.0   0.1561046254010349 
  2079.0   -0.05703131589619121 
  2080.0   -0.08668977412991177 
  2081.0   0.020120201140139328 
  2082.0   0.010652954502459715 
  2083.0   -0.09377365123781015 
  2084.0   0.08068166869939633 
  2085.0   0.09114463216232395 
  2086.0   0.2928654722029711 
  2087.0   0.2162510213818276 
  2088.0   -0.1944045059683379 
  2089.0   0.03290305516563316 
  2090.0   0.14503560160369866 
  2091.0   0.09795829944331359 
  2092.0   -0.09058321104424415 
  2093.0   0.014788499964909987 
  2094.0   0.30744926539492284 
  2095.0   0.18721331279831324 
  2096.0   -0.25505300072599635 
  2097.0   -0.03232028769765248 
  2098.0   0.17006979750301118 
  2099.0   -0.1275145335054907 
  2100.0   0.041838321099233605 
