  2015.0   2.3291393642952354 
  2016.0   1.4837010789930407 
  2017.0   1.1248218386071784 
  2018.0   1.0941498895076989 
  2019.0   1.5839209818963855 
  2020.0   1.357021571184146 
  2021.0   1.339925588279816 
  2022.0   1.1513903637102716 
  2023.0   2.3429202906984496 
  2024.0   2.0734459127122884 
  2025.0   1.1676438074419624 
  2026.0   1.8167978801265612 
  2027.0   2.0064600842244587 
  2028.0   2.0119462951979683 
  2029.0   1.4263418510017825 
  2030.0   1.506488481773631 
  2031.0   1.7184640943687182 
  2032.0   1.3308106221895009 
  2033.0   1.1326869085165445 
  2034.0   1.280520310344322 
  2035.0   1.351808349503172 
  2036.0   1.293320073787435 
  2037.0   1.3001729652948637 
  2038.0   1.6659325036887476 
  2039.0   1.9678229649608567 
  2040.0   2.1641499324852136 
  2041.0   1.2708282561702555 
  2042.0   1.6446070772341534 
  2043.0   2.438307340466966 
  2044.0   1.6880116508783376 
  2045.0   1.6169383217604023 
  2046.0   1.5596661357588506 
  2047.0   1.2952894235005323 
  2048.0   0.9955023990610135 
  2049.0   1.5312236897411131 
  2050.0   1.9107091601205506 
  2051.0   1.759071277960503 
  2052.0   1.9342694226323451 
  2053.0   1.4461745281169012 
  2054.0   2.3251333023970386 
  2055.0   3.8000479027115035 
  2056.0   2.441872039177767 
  2057.0   1.5048270949821319 
  2058.0   2.1787012339789724 
  2059.0   2.3524591322113273 
  2060.0   1.348835083296649 
  2061.0   1.5484686102497418 
  2062.0   1.9035445543049079 
  2063.0   2.2259361753543407 
  2064.0   1.8468269134095607 
  2065.0   1.5931361730782534 
  2066.0   2.8931127088162354 
  2067.0   3.7451880534637523 
  2068.0   2.5554560826855335 
  2069.0   1.5891708395354094 
  2070.0   1.978763812681018 
  2071.0   2.5757772920845845 
  2072.0   1.5879367327978275 
  2073.0   1.8188142638510212 
  2074.0   1.3012129013115363 
  2075.0   1.746110274499228 
  2076.0   3.2125761467165157 
  2077.0   2.922510965031085 
  2078.0   2.320303884389983 
  2079.0   3.093906268891794 
  2080.0   2.308290206299321 
  2081.0   1.4727192621960725 
  2082.0   2.1441008262762002 
  2083.0   2.3381893449866733 
  2084.0   2.0367925080377525 
  2085.0   1.6405078242481794 
  2086.0   1.6810653060396799 
  2087.0   2.0699727198748747 
  2088.0   1.8807345923032863 
  2089.0   1.6437120062409825 
  2090.0   1.6287106514004654 
  2091.0   2.2849012076853334 
  2092.0   3.143806268466866 
  2093.0   2.3196322544724164 
  2094.0   2.6261921949753138 
  2095.0   2.7214380860464056 
  2096.0   2.1964285796812035 
  2097.0   2.5088867258011693 
  2098.0   1.4694059204759242 
  2099.0   1.8296869198792771 
  2100.0   1.630914945709724 
