  2015.0   0.000305283715062823 
  2016.0   0.00025901164011311585 
  2017.0   0.00024384862052282674 
  2018.0   0.00024134025428302553 
  2019.0   0.00024169955292754083 
  2020.0   0.00024445575248056384 
  2021.0   0.00023128659833015957 
  2022.0   0.00022229540522352375 
  2023.0   0.0002205598829821198 
  2024.0   0.00021501857805320877 
  2025.0   0.0005131080181242303 
  2026.0   0.0008822230947922152 
  2027.0   0.0010277925076970307 
  2028.0   0.0011564610141986734 
  2029.0   0.001278368744531836 
  2030.0   0.0013841248721440124 
  2031.0   0.0011432662294746225 
  2032.0   0.0009992348841219149 
  2033.0   0.0009024724164943548 
  2034.0   0.0008302048386833204 
  2035.0   0.0008310603033525053 
  2036.0   0.0010125036110372248 
  2037.0   0.00108897271169835 
  2038.0   0.0011137030186713166 
  2039.0   0.0011170326137526184 
  2040.0   0.0012447139250572677 
  2041.0   0.0019180014967972601 
  2042.0   0.002346967744049479 
  2043.0   0.0026026185386261425 
  2044.0   0.002729410222200356 
  2045.0   0.0026597542652958966 
  2046.0   0.0022389858067916064 
  2047.0   0.0019489487230051675 
  2048.0   0.0017493092887114906 
  2049.0   0.0015901685999425027 
  2050.0   0.0015111733078231287 
  2051.0   0.001510786729296237 
  2052.0   0.0016485122008410129 
  2053.0   0.0017226276023067858 
  2054.0   0.001898135838034936 
  2055.0   0.002197339348218099 
  2056.0   0.003317767573943838 
  2057.0   0.00464353603551984 
  2058.0   0.005435591397840715 
  2059.0   0.006492414682616194 
  2060.0   0.007794053796131362 
  2061.0   0.007650419593692824 
  2062.0   0.00764991661142728 
  2063.0   0.007785673354423818 
  2064.0   0.008040368609753585 
  2065.0   0.009066471929583 
  2066.0   0.008508234245437282 
  2067.0   0.00898205893768792 
  2068.0   0.009480090998075504 
  2069.0   0.009917059100404177 
  2070.0   0.010302933235970344 
  2071.0   0.010103772830460718 
  2072.0   0.010185988372031416 
  2073.0   0.010353702581866962 
  2074.0   0.010536338757767856 
  2075.0   0.010533070734190618 
  2076.0   0.009597145115526584 
  2077.0   0.008915196484172126 
  2078.0   0.008413341138948668 
  2079.0   0.008026593153570388 
  2080.0   0.007841899494027586 
  2081.0   0.00819513172465579 
  2082.0   0.008455073462542324 
  2083.0   0.008602733562034804 
  2084.0   0.008712408358022025 
  2085.0   0.00859903978481725 
  2086.0   0.0075272630794359485 
  2087.0   0.006782594410162719 
  2088.0   0.0063020246243173815 
  2089.0   0.005893023797849341 
  2090.0   0.005507458216782375 
  2091.0   0.005067070362888906 
  2092.0   0.004688620511661675 
  2093.0   0.004556926453613468 
  2094.0   0.004602201101837125 
  2095.0   0.0044945655491557684 
  2096.0   0.00408546950303086 
  2097.0   0.0037640156308670486 
  2098.0   0.0035084948088176904 
  2099.0   0.0032782740010879607 
  2100.0   0.003079696959772285 
