  2015.0   295.13317594389906 
  2016.0   294.87051034007203 
  2017.0   294.4682922893944 
  2018.0   294.6858368649447 
  2019.0   295.43744528900993 
  2020.0   294.3342249699791 
  2021.0   294.61606564972374 
  2022.0   294.80541879555824 
  2023.0   295.0883179522315 
  2024.0   294.5019924594267 
  2025.0   294.63044472312146 
  2026.0   294.95265246629873 
  2027.0   295.35092358741906 
  2028.0   295.19272487948325 
  2029.0   295.19125255955805 
  2030.0   294.7637523393247 
  2031.0   295.0208628675568 
  2032.0   295.60531796568813 
  2033.0   295.32372391864544 
  2034.0   295.19871066593987 
  2035.0   295.15814671217896 
  2036.0   294.86160055557235 
  2037.0   294.809257369569 
  2038.0   294.92586302876686 
  2039.0   295.31014585092106 
  2040.0   295.28724719964146 
  2041.0   295.38676515576174 
  2042.0   295.05181145937115 
  2043.0   295.39187555132156 
  2044.0   295.62351723269916 
  2045.0   295.71766860708317 
  2046.0   295.41864324976933 
  2047.0   296.01996378817944 
  2048.0   295.41219565211765 
  2049.0   295.64366366754416 
  2050.0   295.75999223973884 
  2051.0   295.50107556049 
  2052.0   295.85279055379175 
  2053.0   295.76475316000347 
  2054.0   295.59084650924905 
  2055.0   296.19734640524337 
  2056.0   295.57958554204345 
  2057.0   295.9391931786318 
  2058.0   295.87291237344874 
  2059.0   296.3437342957771 
  2060.0   295.9540493310971 
  2061.0   295.9809376320785 
  2062.0   296.7069445298708 
  2063.0   296.03915377662366 
  2064.0   296.64296270479923 
  2065.0   296.06392823436533 
  2066.0   295.54789226481404 
  2067.0   296.2196975252122 
  2068.0   296.4075762101277 
  2069.0   296.660277242914 
  2070.0   296.75639386993856 
  2071.0   296.8227864603838 
  2072.0   296.81106634283697 
  2073.0   296.7368583861642 
  2074.0   297.04814134762194 
  2075.0   296.6305900580531 
  2076.0   296.9262704597381 
  2077.0   296.81457594318596 
  2078.0   296.7598724861268 
  2079.0   296.7016567639602 
  2080.0   296.2891911658928 
  2081.0   297.0907277921054 
  2082.0   297.2374294149694 
  2083.0   296.85781283745916 
  2084.0   296.99158581162686 
  2085.0   297.0391367295001 
  2086.0   297.28210746862044 
  2087.0   297.01389857960976 
  2088.0   297.28641508696506 
  2089.0   296.85186566755795 
  2090.0   297.352790418975 
  2091.0   297.8253064040304 
  2092.0   297.56588333637336 
  2093.0   297.04379468385736 
  2094.0   297.6415875924645 
  2095.0   297.24021905500234 
  2096.0   296.9155292187823 
  2097.0   296.65168020886273 
  2098.0   296.60260892498314 
  2099.0   297.24560027491907 
  2100.0   298.15915164369943 
