  2015.0   3.743737090272487 
  2016.0   3.4849528900653057 
  2017.0   5.287374930297492 
  2018.0   5.05870803954736 
  2019.0   4.042041591663874 
  2020.0   3.1831875992290066 
  2021.0   3.681318632228675 
  2022.0   3.884163992737444 
  2023.0   5.28809045128014 
  2024.0   5.081755059935348 
  2025.0   4.336239890083946 
  2026.0   3.5839869057659035 
  2027.0   4.599815177015703 
  2028.0   5.733744838867536 
  2029.0   5.2272494851726945 
  2030.0   5.307596344313617 
  2031.0   3.6494586460592364 
  2032.0   3.586930279204637 
  2033.0   3.6916875299449488 
  2034.0   4.7649578436670685 
  2035.0   5.039701266336564 
  2036.0   4.888182449736509 
  2037.0   3.5613085958726356 
  2038.0   2.9799306978007443 
  2039.0   4.379375628730412 
  2040.0   4.576771595544959 
  2041.0   4.709323262206331 
  2042.0   4.872748056572996 
  2043.0   4.1887166174336805 
  2044.0   3.0781198072608187 
  2045.0   5.236665549130661 
  2046.0   5.62923086221669 
  2047.0   5.517568171478786 
  2048.0   4.2150891529464305 
  2049.0   3.2862960265738685 
  2050.0   5.30180255177457 
  2051.0   4.756644074753398 
  2052.0   4.041145668429117 
  2053.0   3.3036614012125787 
  2054.0   4.189946320608486 
  2055.0   5.831402501939398 
  2056.0   5.399704714247952 
  2057.0   4.713849390105599 
  2058.0   5.100361181852696 
  2059.0   4.831803729554002 
  2060.0   3.561125311000114 
  2061.0   3.8448464505950257 
  2062.0   3.8551379459656974 
  2063.0   5.419411826784216 
  2064.0   5.566170971071996 
  2065.0   5.646384723999301 
  2066.0   4.525609327020684 
  2067.0   4.074064989083749 
  2068.0   3.9688491787920452 
  2069.0   4.014245780384316 
  2070.0   5.871430109466578 
  2071.0   6.0430590683422425 
  2072.0   5.541416329503918 
  2073.0   5.5055232213786205 
  2074.0   4.177003593509914 
  2075.0   3.1896980602113696 
  2076.0   4.672200915413533 
  2077.0   5.372535345800919 
  2078.0   4.228833324581096 
  2079.0   3.5901469766550362 
  2080.0   4.030003564002674 
  2081.0   4.294683927138434 
  2082.0   5.138418262854538 
  2083.0   5.8189424877322695 
  2084.0   4.533584138286704 
  2085.0   3.4788656181095305 
  2086.0   4.2372309956926095 
  2087.0   5.872681839599609 
  2088.0   6.063542622452581 
  2089.0   5.034801098880407 
  2090.0   3.2585981940430044 
  2091.0   3.943781528565942 
  2092.0   5.081553509969475 
  2093.0   5.8254085310909955 
  2094.0   5.375910093441933 
  2095.0   4.455225978046867 
  2096.0   3.623679691859003 
  2097.0   4.491062753455471 
  2098.0   4.667032322845922 
  2099.0   4.230401726776557 
  2100.0   3.999416140788303 
