  2015.0   3.5916312661003385e-10 
  2016.0   3.019024144736609e-10 
  2017.0   2.541246084512736e-10 
  2018.0   2.1667942049966767e-10 
  2019.0   1.84987873297476e-10 
  2020.0   1.6627834764835585e-10 
  2021.0   1.4773438882120438e-10 
  2022.0   1.315626596607364e-10 
  2023.0   1.1780945964820642e-10 
  2024.0   1.0871110966534302e-10 
  2025.0   9.121268668941136e-11 
  2026.0   8.391045446792688e-11 
  2027.0   7.818531186244072e-11 
  2028.0   7.370344567851622e-11 
  2029.0   6.94669548744746e-11 
  2030.0   5.863271616832493e-11 
  2031.0   5.59549077077105e-11 
  2032.0   5.3779065963021884e-11 
  2033.0   5.1850427821590786e-11 
  2034.0   5.039373338042147e-11 
  2035.0   4.4835719290868686e-11 
  2036.0   4.3570599632343345e-11 
  2037.0   4.2632092291435516e-11 
  2038.0   4.1999172627651095e-11 
  2039.0   4.1360337487211966e-11 
  2040.0   4.606229313367085e-11 
  2041.0   4.620415180589802e-11 
  2042.0   4.642278913243212e-11 
  2043.0   4.6366466607966046e-11 
  2044.0   4.614535353544543e-11 
  2045.0   4.027007602740866e-11 
  2046.0   3.9737441527259016e-11 
  2047.0   3.9187269142201107e-11 
  2048.0   3.874335755675009e-11 
  2049.0   3.843839621425643e-11 
  2050.0   4.844483452225326e-11 
  2051.0   4.959155088049912e-11 
  2052.0   5.0475176111662724e-11 
  2053.0   5.124338407654201e-11 
  2054.0   5.1781283354135386e-11 
  2055.0   6.17104028135918e-11 
  2056.0   6.245655430487438e-11 
  2057.0   6.377506745982064e-11 
  2058.0   6.38393991754664e-11 
  2059.0   6.376347210792101e-11 
  2060.0   5.931350910371429e-11 
  2061.0   5.976983608291993e-11 
  2062.0   5.90885466770997e-11 
  2063.0   5.8055588689009737e-11 
  2064.0   5.783869690882327e-11 
  2065.0   6.114094253018451e-11 
  2066.0   6.000326215566733e-11 
  2067.0   5.858190405716138e-11 
  2068.0   5.871383539349404e-11 
  2069.0   5.915545529165728e-11 
  2070.0   4.81692617383131e-11 
  2071.0   4.718241085255845e-11 
  2072.0   4.764272385892265e-11 
  2073.0   4.5646296915302625e-11 
  2074.0   4.5536245895972186e-11 
  2075.0   4.594307312406969e-11 
  2076.0   4.5030154557954226e-11 
  2077.0   4.512491427816844e-11 
  2078.0   4.5124195677778165e-11 
  2079.0   4.463939147327019e-11 
  2080.0   4.27094320592695e-11 
  2081.0   4.2366904414012157e-11 
  2082.0   4.232644169919811e-11 
  2083.0   4.2292551413901813e-11 
  2084.0   4.272236254442069e-11 
  2085.0   3.381236624885568e-11 
  2086.0   3.257184729551187e-11 
  2087.0   3.200241376278117e-11 
  2088.0   3.182077350035352e-11 
  2089.0   3.1018753601001946e-11 
  2090.0   3.474714079392134e-11 
  2091.0   3.4436913871471405e-11 
  2092.0   3.444269380919794e-11 
  2093.0   3.5241704198200715e-11 
  2094.0   3.522587061016031e-11 
  2095.0   3.043185814898779e-11 
  2096.0   3.020762415476352e-11 
  2097.0   3.00651273632336e-11 
  2098.0   3.021057382006137e-11 
  2099.0   2.9326863808817354e-11 
  2100.0   2.422652283484062e-11 
