  2015.0   1.1810984867387032e-09 
  2016.0   9.793323592578109e-10 
  2017.0   1.182944531350816e-09 
  2018.0   1.0046817569467234e-09 
  2019.0   9.775695020523983e-10 
  2020.0   1.2779602540506032e-09 
  2021.0   1.2549578335827172e-09 
  2022.0   9.349015267053282e-10 
  2023.0   1.0719673222528796e-09 
  2024.0   1.0806162080029041e-09 
  2025.0   9.455243251922763e-10 
  2026.0   1.1828713606575763e-09 
  2027.0   1.2910585322267056e-09 
  2028.0   1.0718562720910785e-09 
  2029.0   1.116921346614832e-09 
  2030.0   9.717724760070852e-10 
  2031.0   1.3026420632698191e-09 
  2032.0   1.1577658016080587e-09 
  2033.0   1.1229572932916353e-09 
  2034.0   1.0158100165454521e-09 
  2035.0   1.0637600450697546e-09 
  2036.0   8.825361018153276e-10 
  2037.0   1.1419326017728422e-09 
  2038.0   1.0647841211431341e-09 
  2039.0   1.0296789434767652e-09 
  2040.0   9.5540240772256e-10 
  2041.0   9.257700574341324e-10 
  2042.0   1.1729758692320708e-09 
  2043.0   1.0945812652945484e-09 
  2044.0   9.602956110887132e-10 
  2045.0   1.189644594207886e-09 
  2046.0   1.1231251220921335e-09 
  2047.0   1.0875922283512346e-09 
  2048.0   1.0252129883796273e-09 
  2049.0   1.079542099984475e-09 
  2050.0   1.0326394649837007e-09 
  2051.0   1.0728086467161336e-09 
  2052.0   9.195431522375326e-10 
  2053.0   1.0865547212365751e-09 
  2054.0   1.2287774923191584e-09 
  2055.0   1.0114501452509188e-09 
  2056.0   1.2481748471117547e-09 
  2057.0   1.2180359014485008e-09 
  2058.0   9.867140583380406e-10 
  2059.0   1.2907927030722043e-09 
  2060.0   1.225949087060731e-09 
  2061.0   9.71278580645746e-10 
  2062.0   1.138766329159564e-09 
  2063.0   1.0489026083935536e-09 
  2064.0   1.0478585888690055e-09 
  2065.0   1.040772732349475e-09 
  2066.0   1.2401470602928888e-09 
  2067.0   1.0970977803810572e-09 
  2068.0   9.233340947296861e-10 
  2069.0   9.166690410608594e-10 
  2070.0   1.2536062438716006e-09 
  2071.0   1.1800714998446355e-09 
  2072.0   9.750744363956014e-10 
  2073.0   1.1794352921443248e-09 
  2074.0   1.1280415175105403e-09 
  2075.0   1.0136992752023953e-09 
  2076.0   1.052446007060262e-09 
  2077.0   9.671089248337618e-10 
  2078.0   1.3748118574954379e-09 
  2079.0   1.297205777887092e-09 
  2080.0   9.851913834442367e-10 
  2081.0   1.2515002253922916e-09 
  2082.0   1.368773056455877e-09 
  2083.0   1.121164376766312e-09 
  2084.0   9.099485526505374e-10 
  2085.0   1.0582456863838525e-09 
  2086.0   9.818841731238752e-10 
  2087.0   1.0740641525355669e-09 
  2088.0   1.239615388008076e-09 
  2089.0   9.854841718047743e-10 
  2090.0   1.3299650981674438e-09 
  2091.0   1.1460363040289519e-09 
  2092.0   1.0136750752216435e-09 
  2093.0   1.1517096510328967e-09 
  2094.0   9.6120194009304e-10 
  2095.0   1.4153855736980912e-09 
  2096.0   1.2083358564949025e-09 
  2097.0   1.0619962874258754e-09 
  2098.0   1.0933729582154987e-09 
  2099.0   1.0906830924475897e-09 
  2100.0   1.016931574831159e-09 
