  2015.0   1.4024315184097523e-09 
  2016.0   1.374737852888066e-09 
  2017.0   1.4436813825462055e-09 
  2018.0   1.4069269055201394e-09 
  2019.0   1.4119884248046354e-09 
  2020.0   1.4372614730264671e-09 
  2021.0   1.4293369323886374e-09 
  2022.0   1.414161079338035e-09 
  2023.0   1.3701545439653562e-09 
  2024.0   1.4175309367384767e-09 
  2025.0   1.4373156594169355e-09 
  2026.0   1.4382846867739343e-09 
  2027.0   1.4103881053326357e-09 
  2028.0   1.4651959614968752e-09 
  2029.0   1.5063706036361479e-09 
  2030.0   1.4522462671901441e-09 
  2031.0   1.3934352485016182e-09 
  2032.0   1.4241913681087857e-09 
  2033.0   1.4239169578619487e-09 
  2034.0   1.4446718075575314e-09 
  2035.0   1.4577358176922879e-09 
  2036.0   1.4616848258060438e-09 
  2037.0   1.4671737978796143e-09 
  2038.0   1.3927243091555324e-09 
  2039.0   1.4105568867388278e-09 
  2040.0   1.4436307917526856e-09 
  2041.0   1.4282838354988567e-09 
  2042.0   1.5018028559807667e-09 
  2043.0   1.3982750101755182e-09 
  2044.0   1.417288067360131e-09 
  2045.0   1.5055984402601176e-09 
  2046.0   1.516812944479442e-09 
  2047.0   1.4767249509990441e-09 
  2048.0   1.436828767511409e-09 
  2049.0   1.4529265001026397e-09 
  2050.0   1.4851109053371248e-09 
  2051.0   1.4513632766777209e-09 
  2052.0   1.4178891028601292e-09 
  2053.0   1.4371693424168723e-09 
  2054.0   1.4611086414938723e-09 
  2055.0   1.4344118319883853e-09 
  2056.0   1.4703502498944688e-09 
  2057.0   1.4651953734439813e-09 
  2058.0   1.46710496429717e-09 
  2059.0   1.5025218552725384e-09 
  2060.0   1.5371589343748655e-09 
  2061.0   1.4692150292949177e-09 
  2062.0   1.4565637280093878e-09 
  2063.0   1.4842632419550883e-09 
  2064.0   1.47273970187748e-09 
  2065.0   1.510134721727327e-09 
  2066.0   1.4784224377542649e-09 
  2067.0   1.5292114707820909e-09 
  2068.0   1.4348351858749645e-09 
  2069.0   1.4704359869098543e-09 
  2070.0   1.3902659845330208e-09 
  2071.0   1.4570008094687366e-09 
  2072.0   1.4652306892315224e-09 
  2073.0   1.434194830702183e-09 
  2074.0   1.488921518261944e-09 
  2075.0   1.4765098929410622e-09 
  2076.0   1.4313223325709892e-09 
  2077.0   1.4932936022596122e-09 
  2078.0   1.4035044453614994e-09 
  2079.0   1.4230527316418048e-09 
  2080.0   1.4487581932393746e-09 
  2081.0   1.4538875268416015e-09 
  2082.0   1.4267959233383067e-09 
  2083.0   1.4562514239864844e-09 
  2084.0   1.4247822625776191e-09 
  2085.0   1.5275321924471454e-09 
  2086.0   1.4213039523051066e-09 
  2087.0   1.4787894184531105e-09 
  2088.0   1.427481426704508e-09 
  2089.0   1.4333995951534612e-09 
  2090.0   1.376877792691811e-09 
  2091.0   1.4227281148543168e-09 
  2092.0   1.4129651894912076e-09 
  2093.0   1.4504982588239833e-09 
  2094.0   1.4507491437739357e-09 
  2095.0   1.4398658770536473e-09 
  2096.0   1.4622346642798254e-09 
  2097.0   1.4329561658132339e-09 
  2098.0   1.408500019491354e-09 
  2099.0   1.4128210425104445e-09 
  2100.0   1.3450868833064317e-09 
