  2015.0   6.40098592533028e-10 
  2016.0   3.455170404407508e-10 
  2017.0   3.357031415157898e-10 
  2018.0   3.165730162425441e-10 
  2019.0   2.977016879217252e-10 
  2020.0   2.514279463514749e-10 
  2021.0   1.9976223504917454e-10 
  2022.0   1.8556029245162944e-10 
  2023.0   1.5335712752172044e-10 
  2024.0   1.3125945098029252e-10 
  2025.0   1.0582363726337701e-10 
  2026.0   1.3269936009954797e-10 
  2027.0   1.3165250294227076e-10 
  2028.0   1.2753673056632165e-10 
  2029.0   1.280852711595432e-10 
  2030.0   1.2670584420200006e-10 
  2031.0   1.1496850374498704e-10 
  2032.0   1.152794976524887e-10 
  2033.0   1.1688459692440321e-10 
  2034.0   1.1835160445963553e-10 
  2035.0   1.1927396752217703e-10 
  2036.0   8.443848611343881e-11 
  2037.0   8.195716650894338e-11 
  2038.0   8.077156770622815e-11 
  2039.0   7.841774592033752e-11 
  2040.0   7.570600463695777e-11 
  2041.0   5.968965219005291e-11 
  2042.0   5.595167357027244e-11 
  2043.0   5.2051618349864183e-11 
  2044.0   4.7033538625722104e-11 
  2045.0   4.406054560523764e-11 
  2046.0   4.254912194136899e-11 
  2047.0   4.058595329209257e-11 
  2048.0   3.844495681256723e-11 
  2049.0   3.55480193600915e-11 
  2050.0   3.1679071109224167e-11 
  2051.0   3.670640127752464e-11 
  2052.0   3.618435136037309e-11 
  2053.0   3.3980593949156525e-11 
  2054.0   3.244702156107012e-11 
  2055.0   3.1407351710309434e-11 
  2056.0   6.183161344937163e-11 
  2057.0   6.437397124287926e-11 
  2058.0   6.423259454995671e-11 
  2059.0   6.548690419600441e-11 
  2060.0   6.734579067038308e-11 
  2061.0   4.5582445950129154e-11 
  2062.0   4.6696191667018176e-11 
  2063.0   5.319715065077201e-11 
  2064.0   8.562214241325981e-11 
  2065.0   1.067620668802537e-10 
  2066.0   9.864396390711285e-11 
  2067.0   1.0322791029675769e-10 
  2068.0   1.0456455777653787e-10 
  2069.0   1.0689757201394198e-10 
  2070.0   1.0870483802032775e-10 
  2071.0   1.9584228297934801e-10 
  2072.0   2.0028008622702354e-10 
  2073.0   2.081155480170362e-10 
  2074.0   2.1233456717752468e-10 
  2075.0   2.1371535010653983e-10 
  2076.0   1.7415684704565754e-10 
  2077.0   1.7750908328194263e-10 
  2078.0   1.8024777378959102e-10 
  2079.0   1.825178020849773e-10 
  2080.0   1.8461454999724254e-10 
  2081.0   2.621159577421783e-10 
  2082.0   2.643696994327841e-10 
  2083.0   2.6720671313702667e-10 
  2084.0   2.695120874669051e-10 
  2085.0   2.7329853731450994e-10 
  2086.0   1.5740906851460726e-10 
  2087.0   1.5720182277105118e-10 
  2088.0   1.5168837005096363e-10 
  2089.0   1.5188930396798955e-10 
  2090.0   1.500739824056638e-10 
  2091.0   1.0878076539620722e-10 
  2092.0   1.014798748277629e-10 
  2093.0   9.396769857649176e-11 
  2094.0   8.579037458702638e-11 
  2095.0   7.810444706260442e-11 
  2096.0   6.513356997377807e-11 
  2097.0   6.336449118770299e-11 
  2098.0   6.002569692081044e-11 
  2099.0   5.833450839673974e-11 
  2100.0   5.5756948631884e-11 
