  2015.0   1.727767525085687e-09 
  2016.0   1.5822827182921783e-09 
  2017.0   1.4823368209783365e-09 
  2018.0   1.5111629560278821e-09 
  2019.0   1.5022628039230846e-09 
  2020.0   1.442320930678245e-09 
  2021.0   1.3638074897625525e-09 
  2022.0   1.2173389717675648e-09 
  2023.0   1.1695554604854188e-09 
  2024.0   1.2652236500657758e-09 
  2025.0   1.3431545197781813e-09 
  2026.0   1.1862435508848038e-09 
  2027.0   1.1372930764591857e-09 
  2028.0   1.2952224150331177e-09 
  2029.0   1.292163877686694e-09 
  2030.0   1.1771438575463227e-09 
  2031.0   1.268571542386786e-09 
  2032.0   1.1336175282508888e-09 
  2033.0   1.2077556477438395e-09 
  2034.0   1.228359095021145e-09 
  2035.0   1.2440045798041406e-09 
  2036.0   1.0491203214527527e-09 
  2037.0   1.0215668850793e-09 
  2038.0   1.0047837818779465e-09 
  2039.0   1.338186007849268e-09 
  2040.0   1.524735786972558e-09 
  2041.0   1.2817691142971664e-09 
  2042.0   1.2287649152822213e-09 
  2043.0   1.0884801743337271e-09 
  2044.0   1.2566153502214155e-09 
  2045.0   1.3314582728600618e-09 
  2046.0   1.358417215400378e-09 
  2047.0   1.3717311783219728e-09 
  2048.0   1.1464467683817832e-09 
  2049.0   1.0390718040063395e-09 
  2050.0   1.1229256838298038e-09 
  2051.0   1.3305131949770594e-09 
  2052.0   1.4849377071551066e-09 
  2053.0   1.1459595220282195e-09 
  2054.0   9.862940494014057e-10 
  2055.0   1.3049461758632491e-09 
  2056.0   1.2856846887329e-09 
  2057.0   1.1687196559204637e-09 
  2058.0   1.1725464819480117e-09 
  2059.0   1.1966664281310598e-09 
  2060.0   1.152340733208472e-09 
  2061.0   1.3832208017235844e-09 
  2062.0   1.20248032241345e-09 
  2063.0   1.2254916799199913e-09 
  2064.0   1.1882339215819085e-09 
  2065.0   1.179721734769142e-09 
  2066.0   1.1426643557110514e-09 
  2067.0   1.3369332681555406e-09 
  2068.0   1.3924674340539838e-09 
  2069.0   1.285856388967121e-09 
  2070.0   1.1119042072585814e-09 
  2071.0   1.4582475269894575e-09 
  2072.0   1.5413467612218309e-09 
  2073.0   1.337245844430776e-09 
  2074.0   1.1836937498061546e-09 
  2075.0   1.1910570048543385e-09 
  2076.0   1.3291048180217019e-09 
  2077.0   1.2972549214748604e-09 
  2078.0   1.3298627578791133e-09 
  2079.0   1.3623014774589604e-09 
  2080.0   1.3484036976398229e-09 
  2081.0   1.2969239248540166e-09 
  2082.0   1.293219689202711e-09 
  2083.0   1.356928944304837e-09 
  2084.0   1.2181773214217924e-09 
  2085.0   1.469868682999173e-09 
  2086.0   1.6748976520440904e-09 
  2087.0   1.7039546950826598e-09 
  2088.0   1.5521005579440294e-09 
  2089.0   1.2517442688155244e-09 
  2090.0   1.358480152277329e-09 
  2091.0   1.2305131585220947e-09 
  2092.0   1.3339625252494816e-09 
  2093.0   1.2487039223300368e-09 
  2094.0   1.0958441823254208e-09 
  2095.0   1.1322308876691165e-09 
  2096.0   1.5443705241365466e-09 
  2097.0   1.5094414568516172e-09 
  2098.0   1.141473257214609e-09 
  2099.0   1.198765383514399e-09 
  2100.0   1.1352680330855384e-09 
