  2015.0   139.09912981975114 
  2016.0   138.94852645150166 
  2017.0   138.94225332510646 
  2018.0   139.38248441054228 
  2019.0   139.91845941896844 
  2020.0   140.04190576610173 
  2021.0   139.46762106831417 
  2022.0   139.0855876084386 
  2023.0   139.99061318358096 
  2024.0   140.28483520146108 
  2025.0   139.85163343955523 
  2026.0   139.70584117401424 
  2027.0   139.5715068573502 
  2028.0   139.55684767081422 
  2029.0   140.2788538256382 
  2030.0   140.57781975866274 
  2031.0   140.69599254744833 
  2032.0   140.87314726606988 
  2033.0   140.97035625399957 
  2034.0   141.10123290802963 
  2035.0   141.7818965741802 
  2036.0   142.15447437962445 
  2037.0   142.05760983315213 
  2038.0   142.15615019276572 
  2039.0   143.07073902129906 
  2040.0   143.30192018666557 
  2041.0   143.43016721200414 
  2042.0   143.95963140609035 
  2043.0   144.41386418566069 
  2044.0   144.9303685067476 
  2045.0   145.12570211137518 
  2046.0   145.25614357020524 
  2047.0   145.4871406849446 
  2048.0   146.5402469584347 
  2049.0   146.8083545580861 
  2050.0   146.702730309035 
  2051.0   146.8470698871073 
  2052.0   147.0424656296323 
  2053.0   147.7803250829886 
  2054.0   148.21049720053287 
  2055.0   148.16316058035846 
  2056.0   148.2372433740255 
  2057.0   149.0592240914054 
  2058.0   149.23356158405088 
  2059.0   149.2165485011686 
  2060.0   148.94209395799368 
  2061.0   149.4827569582059 
  2062.0   150.33033101599767 
  2063.0   150.6072820656892 
  2064.0   150.56575924424763 
  2065.0   150.4320976523874 
  2066.0   150.0319097440659 
  2067.0   150.99123270482426 
  2068.0   151.63645436464327 
  2069.0   151.57515287120066 
  2070.0   151.4776272865962 
  2071.0   151.71161566343008 
  2072.0   152.20374799413682 
  2073.0   152.4453158264228 
  2074.0   152.46340394962772 
  2075.0   153.10340963270025 
  2076.0   153.40800436767816 
  2077.0   153.28746981529503 
  2078.0   153.26715638183313 
  2079.0   153.30671813618636 
  2080.0   153.3494575442709 
  2081.0   154.25099700207605 
  2082.0   154.4676516146968 
  2083.0   154.3951394159752 
  2084.0   154.40398376049006 
  2085.0   154.52415787114077 
  2086.0   154.56617555974978 
  2087.0   154.3801655752433 
  2088.0   155.12279948954156 
  2089.0   155.48376861152266 
  2090.0   155.60278183255937 
  2091.0   155.5289063771238 
  2092.0   155.29369195022787 
  2093.0   155.29165938065663 
  2094.0   156.01585843573824 
  2095.0   156.284451241775 
  2096.0   156.19229406207705 
  2097.0   156.44360460482253 
  2098.0   156.5154181870732 
  2099.0   156.59103301760342 
  2100.0   156.96781170715232 
