  2015.0   0.15260998419984548 
  2016.0   0.1447220550683759 
  2017.0   0.13671546532661966 
  2018.0   0.12966757335453452 
  2019.0   0.12299672029089533 
  2020.0   0.11744215775993869 
  2021.0   0.11490070183251068 
  2022.0   0.11284459852692413 
  2023.0   0.11122326963345508 
  2024.0   0.11190005744644167 
  2025.0   0.11307335290716189 
  2026.0   0.11719020306264245 
  2027.0   0.12146698448538858 
  2028.0   0.1256240579303691 
  2029.0   0.12927173434180161 
  2030.0   0.13264363931834303 
  2031.0   0.13136521508960952 
  2032.0   0.13038739551058007 
  2033.0   0.12904979216857343 
  2034.0   0.12747751810058192 
  2035.0   0.12636456423676387 
  2036.0   0.12400630907823364 
  2037.0   0.12178921979994882 
  2038.0   0.11994349123216878 
  2039.0   0.11858449188447323 
  2040.0   0.11746933778877097 
  2041.0   0.11455230417334414 
  2042.0   0.11204665166578222 
  2043.0   0.1098184472178888 
  2044.0   0.1081541306639782 
  2045.0   0.10685521110932243 
  2046.0   0.10591499785345733 
  2047.0   0.10467578662644175 
  2048.0   0.10383589792271118 
  2049.0   0.10309703396379132 
  2050.0   0.10225754117725873 
  2051.0   0.10298185877439858 
  2052.0   0.10378579830822869 
  2053.0   0.10474128368948207 
  2054.0   0.10532732094846371 
  2055.0   0.10590859661176022 
  2056.0   0.10760394786905259 
  2057.0   0.10851537591109116 
  2058.0   0.10949365245971243 
  2059.0   0.10998724486886137 
  2060.0   0.110300396288647 
  2061.0   0.11025487936712698 
  2062.0   0.1107702538948075 
  2063.0   0.11140499421051095 
  2064.0   0.11196601785873657 
  2065.0   0.11272465092940784 
  2066.0   0.11160519658604813 
  2067.0   0.11113107926403631 
  2068.0   0.1104797204855465 
  2069.0   0.11009974275512023 
  2070.0   0.10950099676069 
  2071.0   0.10973231207141644 
  2072.0   0.10983157757785061 
  2073.0   0.10988302069671832 
  2074.0   0.11012458381421024 
  2075.0   0.11064890006104047 
  2076.0   0.1117269427566625 
  2077.0   0.11290295820540357 
  2078.0   0.11389005599223254 
  2079.0   0.11438973791573288 
  2080.0   0.1150835104471282 
  2081.0   0.11952608084372725 
  2082.0   0.12347155018990975 
  2083.0   0.1270254046083325 
  2084.0   0.1300048924917855 
  2085.0   0.13285280558978005 
  2086.0   0.1313372000736124 
  2087.0   0.1301051016857203 
  2088.0   0.1288816925764721 
  2089.0   0.12756298839284003 
  2090.0   0.12614094628292832 
  2091.0   0.12094624641647492 
  2092.0   0.1166201051492635 
  2093.0   0.11291084294870972 
  2094.0   0.11007489790622534 
  2095.0   0.10736032540525708 
  2096.0   0.10492762432380762 
  2097.0   0.10296625783996938 
  2098.0   0.10109097627521571 
  2099.0   0.09976648078356186 
  2100.0   0.09874134172614107 
