  2015.0   55.295788035642765 
  2016.0   55.40012199633258 
  2017.0   55.581234293311326 
  2018.0   55.711779010502866 
  2019.0   55.833030517899246 
  2020.0   56.307075786387735 
  2021.0   56.504928722432574 
  2022.0   56.410802436356924 
  2023.0   56.70528991265875 
  2024.0   56.83816626040669 
  2025.0   56.86481540517623 
  2026.0   57.24344943208292 
  2027.0   57.555087159221735 
  2028.0   57.67624257279199 
  2029.0   57.919200669889264 
  2030.0   58.074236126501226 
  2031.0   58.498125454005596 
  2032.0   58.84262755697803 
  2033.0   59.018303122620765 
  2034.0   59.105228243163765 
  2035.0   59.39658626874936 
  2036.0   59.46954591905688 
  2037.0   59.86993623919994 
  2038.0   60.13609700939999 
  2039.0   60.25191639113316 
  2040.0   60.39708384708991 
  2041.0   60.49707725942752 
  2042.0   61.01983915824452 
  2043.0   61.37182881360362 
  2044.0   61.61555457751748 
  2045.0   62.0171033491488 
  2046.0   62.34578687816224 
  2047.0   62.64903879299917 
  2048.0   62.91437867779891 
  2049.0   63.13531847804315 
  2050.0   63.401556494403955 
  2051.0   63.620340539364555 
  2052.0   63.689571584215926 
  2053.0   64.06672184959965 
  2054.0   64.33260951425349 
  2055.0   64.35175329741567 
  2056.0   64.8480699240462 
  2057.0   65.09598799587721 
  2058.0   65.10386587961102 
  2059.0   65.52348697671121 
  2060.0   65.72140324267605 
  2061.0   65.68797508122577 
  2062.0   66.0514183362876 
  2063.0   66.34815971760189 
  2064.0   66.42199684830204 
  2065.0   66.532111599699 
  2066.0   66.95396209370149 
  2067.0   67.14347643768515 
  2068.0   67.05531937437557 
  2069.0   67.10184827568007 
  2070.0   67.53079728792572 
  2071.0   67.6900470117237 
  2072.0   67.64058482986715 
  2073.0   67.96875670201464 
  2074.0   68.16725759551093 
  2075.0   68.18719847659614 
  2076.0   68.25133288528161 
  2077.0   68.11248674499437 
  2078.0   68.42427490112017 
  2079.0   68.48218056563351 
  2080.0   68.22266532608415 
  2081.0   68.38820590040386 
  2082.0   68.55593831406303 
  2083.0   68.32821396494666 
  2084.0   67.8891081633191 
  2085.0   67.87431091223318 
  2086.0   67.75916152260085 
  2087.0   67.91221157603245 
  2088.0   68.13620441543794 
  2089.0   67.94436784387106 
  2090.0   68.1011245965021 
  2091.0   68.16351557392767 
  2092.0   68.13792414772863 
  2093.0   68.28281352321932 
  2094.0   68.26659936767034 
  2095.0   68.62026419606228 
  2096.0   68.77965220927247 
  2097.0   68.770188700124 
  2098.0   68.80134708738339 
  2099.0   68.85840022174087 
  2100.0   68.88948687168704 
