  2015.0   3.4915836404576316e-09 
  2016.0   3.41339872572114e-09 
  2017.0   3.3602711799713182e-09 
  2018.0   3.3043964457308675e-09 
  2019.0   3.28065097150082e-09 
  2020.0   3.2362417883538704e-09 
  2021.0   3.243368819513789e-09 
  2022.0   3.232043962438355e-09 
  2023.0   3.2179598593532313e-09 
  2024.0   3.2113092889037186e-09 
  2025.0   3.263036841403102e-09 
  2026.0   3.2559076880583792e-09 
  2027.0   3.25386979100635e-09 
  2028.0   3.248672692646311e-09 
  2029.0   3.2622371394059993e-09 
  2030.0   3.264896425497618e-09 
  2031.0   3.2829637000637458e-09 
  2032.0   3.282285165920834e-09 
  2033.0   3.2792223095061036e-09 
  2034.0   3.279350217300266e-09 
  2035.0   3.2820661088750607e-09 
  2036.0   3.309575576098017e-09 
  2037.0   3.319723563358549e-09 
  2038.0   3.3337353894761263e-09 
  2039.0   3.3539662994744626e-09 
  2040.0   3.317506832669493e-09 
  2041.0   3.325141224356113e-09 
  2042.0   3.3065101582973553e-09 
  2043.0   3.298819791618679e-09 
  2044.0   3.298020848776481e-09 
  2045.0   3.31195896395352e-09 
  2046.0   3.298232568479136e-09 
  2047.0   3.2940926046789973e-09 
  2048.0   3.286429601078201e-09 
  2049.0   3.270788740537588e-09 
  2050.0   3.2603623041148464e-09 
  2051.0   3.273868243691703e-09 
  2052.0   3.2648956948942926e-09 
  2053.0   3.2556739473291573e-09 
  2054.0   3.2368633371717453e-09 
  2055.0   3.269890604375825e-09 
  2056.0   3.2734713835095274e-09 
  2057.0   3.2789585657652427e-09 
  2058.0   3.2863532546042843e-09 
  2059.0   3.2909863181291476e-09 
  2060.0   3.2695124626752804e-09 
  2061.0   3.283456239712608e-09 
  2062.0   3.296195305513508e-09 
  2063.0   3.3070322539070456e-09 
  2064.0   3.3121689562770975e-09 
  2065.0   3.2916811551525195e-09 
  2066.0   3.290845263163329e-09 
  2067.0   3.2836662083931516e-09 
  2068.0   3.2684153239752687e-09 
  2069.0   3.273249457931562e-09 
  2070.0   3.293326666017006e-09 
  2071.0   3.28770151925472e-09 
  2072.0   3.278693282894902e-09 
  2073.0   3.270057382309776e-09 
  2074.0   3.2726756654438824e-09 
  2075.0   3.2765322244869904e-09 
  2076.0   3.2536362480436562e-09 
  2077.0   3.241196212959701e-09 
  2078.0   3.2586760202814745e-09 
  2079.0   3.2704470298237702e-09 
  2080.0   3.2965291216286378e-09 
  2081.0   3.3108586493984998e-09 
  2082.0   3.277323043588114e-09 
  2083.0   3.219930142053502e-09 
  2084.0   3.2043875928614723e-09 
  2085.0   3.1817234789295946e-09 
  2086.0   3.1712926303504202e-09 
  2087.0   3.154819806727065e-09 
  2088.0   3.129085205141573e-09 
  2089.0   3.1092453692848085e-09 
  2090.0   3.000374914227779e-09 
  2091.0   2.946270762950541e-09 
  2092.0   2.92909621437493e-09 
  2093.0   2.9260304464527507e-09 
  2094.0   2.9039494159103636e-09 
  2095.0   2.852369374713776e-09 
  2096.0   2.812141536103551e-09 
  2097.0   2.7957942955941913e-09 
  2098.0   2.775770351818372e-09 
  2099.0   2.746783906616237e-09 
  2100.0   2.7205614775900605e-09 
