  2015.0   6.987275364811477e-10 
  2016.0   8.160466997655025e-11 
  2017.0   -3.8798234820881753e-10 
  2018.0   1.7287936084879724e-10 
  2019.0   2.83478089697924e-10 
  2020.0   1.3987668968594506e-10 
  2021.0   1.147384302323946e-09 
  2022.0   2.0238789521664451e-10 
  2023.0   9.411220154235408e-10 
  2024.0   2.1977128421262344e-09 
  2025.0   1.476076329846814e-09 
  2026.0   1.275775653356846e-09 
  2027.0   1.2374018288703216e-10 
  2028.0   1.3504877221045765e-09 
  2029.0   2.1079046889640073e-09 
  2030.0   6.396645924164926e-10 
  2031.0   1.9025848710511363e-09 
  2032.0   -3.8697416942681334e-10 
  2033.0   1.8606288326198574e-09 
  2034.0   1.9595164999826954e-09 
  2035.0   1.6655736276702434e-09 
  2036.0   7.088555058186768e-10 
  2037.0   1.2637311311301653e-09 
  2038.0   1.5708225472936784e-09 
  2039.0   8.865073481626519e-10 
  2040.0   7.146086266391949e-10 
  2041.0   9.930182905569684e-10 
  2042.0   1.3761873565490056e-09 
  2043.0   1.2916309347611606e-09 
  2044.0   5.339288082508713e-10 
  2045.0   8.626708015087317e-10 
  2046.0   1.458879276687622e-09 
  2047.0   8.489927204091282e-10 
  2048.0   1.6463066524284497e-09 
  2049.0   1.6993085020315158e-09 
  2050.0   9.230677737893992e-10 
  2051.0   1.897437087617992e-10 
  2052.0   1.290437257284721e-10 
  2053.0   1.0891692325277407e-09 
  2054.0   1.1012341519215633e-09 
  2055.0   1.2998789831505294e-09 
  2056.0   7.72982637983123e-10 
  2057.0   7.763024640490334e-10 
  2058.0   1.3236480154231517e-10 
  2059.0   8.530529017346855e-10 
  2060.0   1.1637446052740914e-09 
  2061.0   7.634243543767897e-10 
  2062.0   7.961653489078542e-11 
  2063.0   6.022020942285466e-10 
  2064.0   1.0597359403043355e-09 
  2065.0   8.073593745790895e-10 
  2066.0   7.73652121486664e-10 
  2067.0   1.2683640433422462e-09 
  2068.0   5.467830987413363e-11 
  2069.0   -4.802644255425644e-10 
  2070.0   4.537480709391518e-10 
  2071.0   6.644149809222832e-10 
  2072.0   1.4059005873085936e-11 
  2073.0   -2.7325868401870435e-10 
  2074.0   5.551610566104438e-10 
  2075.0   8.278517763219018e-10 
  2076.0   6.274372101243824e-10 
  2077.0   8.82477140049818e-10 
  2078.0   8.791734726965207e-10 
  2079.0   6.002949438716225e-10 
  2080.0   1.0471294099573714e-09 
  2081.0   1.1557782040193047e-09 
  2082.0   -1.1659959609744743e-09 
  2083.0   -9.46659183823824e-11 
  2084.0   1.3523454776500503e-09 
  2085.0   7.164063969590982e-10 
  2086.0   6.930159401737628e-10 
  2087.0   1.1167598020811853e-09 
  2088.0   3.634948784308898e-10 
  2089.0   -3.420145848865036e-10 
  2090.0   7.906624514181557e-10 
  2091.0   -5.379314183458895e-10 
  2092.0   6.493814864146503e-10 
  2093.0   9.066364323831571e-10 
  2094.0   -1.7375503677512751e-10 
  2095.0   5.456202421167111e-11 
  2096.0   1.51146311797947e-09 
  2097.0   1.1050764912320463e-10 
  2098.0   3.425115411403169e-10 
  2099.0   8.251081565783652e-10 
  2100.0   6.170566823851501e-10 
