  2015.0   28.957687073000812 
  2016.0   28.87470046241016 
  2017.0   28.854033128096628 
  2018.0   28.920561381006102 
  2019.0   28.997524447665217 
  2020.0   28.868766017345607 
  2021.0   28.708298856840365 
  2022.0   28.708640353892196 
  2023.0   28.817868903889153 
  2024.0   28.867834416700642 
  2025.0   28.679399680509988 
  2026.0   28.722829775592313 
  2027.0   28.886006340873145 
  2028.0   28.723642090206184 
  2029.0   28.67805427117912 
  2030.0   28.82816427928888 
  2031.0   28.787336979401516 
  2032.0   28.653861934909777 
  2033.0   28.59391853680996 
  2034.0   28.713618314280268 
  2035.0   28.668124156251523 
  2036.0   28.647733109452435 
  2037.0   28.731269063052046 
  2038.0   28.581284009393578 
  2039.0   28.479971264231104 
  2040.0   28.502967661985668 
  2041.0   28.601342649776946 
  2042.0   28.70688421438598 
  2043.0   28.540489601396114 
  2044.0   28.596264799856744 
  2045.0   28.72177759330124 
  2046.0   28.44541753445602 
  2047.0   28.4453550251662 
  2048.0   28.690163836187665 
  2049.0   28.583703635942957 
  2050.0   28.432502660724243 
  2051.0   28.49870905000201 
  2052.0   28.66945891455136 
  2053.0   28.478903880175054 
  2054.0   28.395583597497765 
  2055.0   28.47133854709375 
  2056.0   28.528637878446855 
  2057.0   28.447951971269976 
  2058.0   28.490020558639223 
  2059.0   28.66021994194464 
  2060.0   28.42093644241945 
  2061.0   28.29956387594565 
  2062.0   28.533933137070484 
  2063.0   28.406690366099077 
  2064.0   28.42027701832884 
  2065.0   28.642422330007772 
  2066.0   28.43510397243133 
  2067.0   28.2878137242855 
  2068.0   28.399154698808015 
  2069.0   28.618335641262664 
  2070.0   28.417711673199225 
  2071.0   28.326594841334853 
  2072.0   28.428637640092887 
  2073.0   28.687707966794342 
  2074.0   28.419862954384456 
  2075.0   28.349585731792406 
  2076.0   28.396424740244722 
  2077.0   28.4558224355748 
  2078.0   28.464732875078536 
  2079.0   28.332257515136558 
  2080.0   28.43890307474768 
  2081.0   28.590012431101194 
  2082.0   28.380629428819212 
  2083.0   28.311921418555816 
  2084.0   28.368775563344876 
  2085.0   28.53066921628793 
  2086.0   28.370049647513778 
  2087.0   28.307415136210885 
  2088.0   28.372059520047124 
  2089.0   28.376717086564785 
  2090.0   28.494535138690225 
  2091.0   28.46093721378179 
  2092.0   28.227423976887945 
  2093.0   28.231172986679233 
  2094.0   28.411945096177035 
  2095.0   28.27011017952189 
  2096.0   28.293366170887687 
  2097.0   28.447480591876896 
  2098.0   28.348799015122964 
  2099.0   28.216586292406244 
  2100.0   28.192457227780547 
