  2015.0   3.4309524282750203 
  2016.0   3.427090509722506 
  2017.0   3.4021123818673233 
  2018.0   3.4578493405004354 
  2019.0   3.3815361558661103 
  2020.0   3.4976663665153347 
  2021.0   3.5536237270191955 
  2022.0   3.465087627475493 
  2023.0   3.514946670187485 
  2024.0   3.5511867859419173 
  2025.0   3.5211945656374466 
  2026.0   3.585124408083483 
  2027.0   3.6811300816380217 
  2028.0   3.6872207111278428 
  2029.0   3.6413685207564663 
  2030.0   3.6444215384507177 
  2031.0   3.678878288470914 
  2032.0   3.767517927713247 
  2033.0   3.7748669608122793 
  2034.0   3.6982223783121277 
  2035.0   3.709159106864154 
  2036.0   3.7063607804405323 
  2037.0   3.7367225079498474 
  2038.0   3.794521319524657 
  2039.0   3.760959033188038 
  2040.0   3.694336730030875 
  2041.0   3.632941310095557 
  2042.0   3.7468540691643177 
  2043.0   3.819587483615708 
  2044.0   3.8224879463556998 
  2045.0   3.851358057332904 
  2046.0   3.894781342957502 
  2047.0   3.889570586959243 
  2048.0   3.867279177672236 
  2049.0   3.8363905047194757 
  2050.0   3.830593995153268 
  2051.0   3.844375228543707 
  2052.0   3.7592661264740777 
  2053.0   3.812314268770518 
  2054.0   3.863768370823006 
  2055.0   3.7909206995806666 
  2056.0   3.883294060652122 
  2057.0   3.9347703575598447 
  2058.0   3.8680254239043186 
  2059.0   3.9199844245082613 
  2060.0   3.9400366224601058 
  2061.0   3.8501285145791093 
  2062.0   3.8809045097160157 
  2063.0   3.9544784547624103 
  2064.0   3.884739948912711 
  2065.0   3.8031074029643253 
  2066.0   3.929165774980485 
  2067.0   3.965178624544373 
  2068.0   3.853852742385286 
  2069.0   3.7404344470108724 
  2070.0   3.85920370013395 
  2071.0   3.9035181621926998 
  2072.0   3.828723687340017 
  2073.0   3.8719459191508454 
  2074.0   3.9383633164403014 
  2075.0   3.8584408280946856 
  2076.0   3.838248917770269 
  2077.0   3.737615954948372 
  2078.0   3.811473138518336 
  2079.0   3.8487247301754204 
  2080.0   3.716516425631237 
  2081.0   3.7489004881378416 
  2082.0   3.874068625535173 
  2083.0   3.8554621805059552 
  2084.0   3.6145553686707745 
  2085.0   3.6066527463970726 
  2086.0   3.585675948666663 
  2087.0   3.6151992884625024 
  2088.0   3.7398767711138152 
  2089.0   3.67200292987824 
  2090.0   3.6558072938388224 
  2091.0   3.682344958883617 
  2092.0   3.6117408867095318 
  2093.0   3.6429860314529967 
  2094.0   3.634323010953901 
  2095.0   3.7293143412431053 
  2096.0   3.7718465538009545 
  2097.0   3.7537366820358558 
  2098.0   3.6531321465828013 
  2099.0   3.647204820088926 
  2100.0   3.5914884947716263 
