  2015.0   5.617566676315307e-10 
  2016.0   5.205419621184685e-10 
  2017.0   4.861982219811721e-10 
  2018.0   4.5623210382887454e-10 
  2019.0   4.290626426257565e-10 
  2020.0   4.049373734517519e-10 
  2021.0   3.830833783281534e-10 
  2022.0   3.6256648070236377e-10 
  2023.0   3.437040548338268e-10 
  2024.0   3.2667856360383045e-10 
  2025.0   3.126700926068934e-10 
  2026.0   3.006830952325547e-10 
  2027.0   2.889941127974152e-10 
  2028.0   2.7810179691910895e-10 
  2029.0   2.6899051671776445e-10 
  2030.0   2.619851505290605e-10 
  2031.0   2.5661394016090925e-10 
  2032.0   2.522353353085812e-10 
  2033.0   2.486799289110821e-10 
  2034.0   2.45844155337135e-10 
  2035.0   2.4414394688648247e-10 
  2036.0   2.430524474252402e-10 
  2037.0   2.418821616354342e-10 
  2038.0   2.407577599659549e-10 
  2039.0   2.3977368128961774e-10 
  2040.0   2.389170253175696e-10 
  2041.0   2.3822735694598206e-10 
  2042.0   2.3760217694064167e-10 
  2043.0   2.3698057402850586e-10 
  2044.0   2.364132417817482e-10 
  2045.0   2.358828402067586e-10 
  2046.0   2.353829264888487e-10 
  2047.0   2.3486674209408304e-10 
  2048.0   2.34304278439494e-10 
  2049.0   2.3381491931230746e-10 
  2050.0   2.3306416588679864e-10 
  2051.0   2.3239328300754533e-10 
  2052.0   2.320886873801904e-10 
  2053.0   2.3175946609082102e-10 
  2054.0   2.313682099211071e-10 
  2055.0   2.3160068461307831e-10 
  2056.0   2.3237756184845897e-10 
  2057.0   2.328815951589881e-10 
  2058.0   2.331783913964509e-10 
  2059.0   2.33256107983822e-10 
  2060.0   2.328775932131224e-10 
  2061.0   2.3226970374241379e-10 
  2062.0   2.319281244813882e-10 
  2063.0   2.3181862364768042e-10 
  2064.0   2.3172466163416019e-10 
  2065.0   2.3164106585928636e-10 
  2066.0   2.316568003357709e-10 
  2067.0   2.3157976793447384e-10 
  2068.0   2.3126011399561774e-10 
  2069.0   2.3087280764490022e-10 
  2070.0   2.3099783447210473e-10 
  2071.0   2.3157988259564145e-10 
  2072.0   2.3212724262657285e-10 
  2073.0   2.3240312840409119e-10 
  2074.0   2.3239302054669245e-10 
  2075.0   2.3727576722293745e-10 
  2076.0   2.4584758324444437e-10 
  2077.0   2.525703288040952e-10 
  2078.0   2.5775518367718316e-10 
  2079.0   2.616724297271099e-10 
  2080.0   2.6162805562034433e-10 
  2081.0   2.58790142975391e-10 
  2082.0   2.5655511818790713e-10 
  2083.0   2.54451937489416e-10 
  2084.0   2.525596309846162e-10 
  2085.0   2.4753373069690814e-10 
  2086.0   2.40257626363179e-10 
  2087.0   2.343423676039399e-10 
  2088.0   2.2937595650151323e-10 
  2089.0   2.2521842420801873e-10 
  2090.0   2.2178167974393517e-10 
  2091.0   2.1891461546685387e-10 
  2092.0   2.163932297089195e-10 
  2093.0   2.1420864409815017e-10 
  2094.0   2.1238709610724232e-10 
  2095.0   2.104416604287467e-10 
  2096.0   2.0842710714664363e-10 
  2097.0   2.066639990688358e-10 
  2098.0   2.050453574678585e-10 
  2099.0   2.035721407059933e-10 
  2100.0   1.8229340633168548e-10 
