  2015.0   0.07620753107738147 
  2016.0   0.20333957714630285 
  2017.0   0.15523700515926384 
  2018.0   0.20996628860371822 
  2019.0   0.24106655954106068 
  2020.0   0.3032484218809344 
  2021.0   0.07607267126397717 
  2022.0   0.10925869790901963 
  2023.0   0.03703933835321432 
  2024.0   0.23243843856367916 
  2025.0   0.27722056287294206 
  2026.0   -0.02845883506886748 
  2027.0   0.22357724235603896 
  2028.0   0.24131940879461872 
  2029.0   0.24168011487745186 
  2030.0   0.2146686615007259 
  2031.0   0.3473937296620631 
  2032.0   0.16241233974564653 
  2033.0   0.35413514205867747 
  2034.0   0.3664308222659348 
  2035.0   0.23453313200242015 
  2036.0   0.15522179672981046 
  2037.0   0.13210446878544174 
  2038.0   0.3531461009241055 
  2039.0   0.41000335031069907 
  2040.0   0.4069059817327551 
  2041.0   0.2785781000584248 
  2042.0   0.26462063878940395 
  2043.0   0.3190592094528246 
  2044.0   0.45932101803786207 
  2045.0   0.47495676781378704 
  2046.0   0.3677585537225673 
  2047.0   0.3612953526147267 
  2048.0   0.23797986910706453 
  2049.0   0.30941684770314354 
  2050.0   0.3662626454666288 
  2051.0   0.3996339215022323 
  2052.0   0.40897544807497827 
  2053.0   0.1582752595101238 
  2054.0   0.2794856230442467 
  2055.0   0.43197044508703525 
  2056.0   0.18358290969826985 
  2057.0   0.09664876925284972 
  2058.0   0.22915213182265398 
  2059.0   0.15094787569339876 
  2060.0   0.16721321603780387 
  2061.0   0.3495572100255026 
  2062.0   0.12144171722828341 
  2063.0   0.1760461782714002 
  2064.0   0.2233276375100786 
  2065.0   0.09107927903933909 
  2066.0   0.15749008418099017 
  2067.0   0.2771396964707631 
  2068.0   0.3098974907590981 
  2069.0   0.12716653017786378 
  2070.0   0.16830952494228593 
  2071.0   0.3496675959831316 
  2072.0   0.2332354714446807 
  2073.0   0.12224704494203477 
  2074.0   0.07533601687190462 
  2075.0   0.26008429704474645 
  2076.0   0.1641613978327455 
  2077.0   0.027363993643358234 
  2078.0   0.22603156251685513 
  2079.0   0.17811971493407444 
  2080.0   0.14962091367904046 
  2081.0   -0.14692221983148765 
  2082.0   0.02122454921283749 
  2083.0   -0.037904924489131596 
  2084.0   -0.05119784540037833 
  2085.0   0.10766429112395227 
  2086.0   0.2075039876488005 
  2087.0   0.12792384585189773 
  2088.0   -0.004306875010204034 
  2089.0   -0.10263998035245057 
  2090.0   0.03793136953915622 
  2091.0   0.09269581814058143 
  2092.0   0.15378093587046265 
  2093.0   0.07416959411508961 
  2094.0   0.03709880442153177 
  2095.0   0.10997387254619277 
  2096.0   0.29122352461811774 
  2097.0   0.10460905102398615 
  2098.0   -0.06664008211976157 
  2099.0   0.17980740495719202 
  2100.0   0.07853135917365368 
