  2015.0   4.849999192300142 
  2016.0   4.971246618430464 
  2017.0   5.1867967001590385 
  2018.0   4.725358425137737 
  2019.0   5.1096881867020025 
  2020.0   5.059178046199032 
  2021.0   4.855682638580836 
  2022.0   5.079803590279126 
  2023.0   5.015546180347035 
  2024.0   5.36667103257396 
  2025.0   5.331450624034992 
  2026.0   5.430559592774921 
  2027.0   4.618231042896301 
  2028.0   5.073507241542364 
  2029.0   5.666098174318033 
  2030.0   5.370770557021455 
  2031.0   5.078809245368462 
  2032.0   5.4461244459982625 
  2033.0   5.19270750537268 
  2034.0   5.432978830312254 
  2035.0   5.214747032175681 
  2036.0   5.122462121501732 
  2037.0   5.309796291201954 
  2038.0   5.73311867073338 
  2039.0   5.379767959049125 
  2040.0   5.266605671792501 
  2041.0   5.5996978913909246 
  2042.0   5.039545094826654 
  2043.0   5.239025239547398 
  2044.0   5.375118383597884 
  2045.0   5.175827947686099 
  2046.0   5.271748254674385 
  2047.0   5.405311377055323 
  2048.0   5.894613503814502 
  2049.0   5.91910224979593 
  2050.0   5.242023989316403 
  2051.0   5.381209394653315 
  2052.0   5.280950437658946 
  2053.0   5.658546451607062 
  2054.0   5.596837847833584 
  2055.0   5.197365937522239 
  2056.0   5.384158473303386 
  2057.0   6.059021254295181 
  2058.0   5.257859991342831 
  2059.0   5.310147312721582 
  2060.0   5.675651927749241 
  2061.0   5.942151032130347 
  2062.0   5.644223223415708 
  2063.0   4.9958413121840985 
  2064.0   5.7240542587269925 
  2065.0   6.041030892884112 
  2066.0   5.3563249240241895 
  2067.0   5.091168031724635 
  2068.0   5.760930643290935 
  2069.0   5.086065834583338 
  2070.0   5.31324347191814 
  2071.0   5.926806354633482 
  2072.0   6.060245989066413 
  2073.0   5.072693797318461 
  2074.0   5.387275489537257 
  2075.0   5.572944481948111 
  2076.0   5.749570128980983 
  2077.0   5.581406327782654 
  2078.0   5.34077563337517 
  2079.0   5.075174500476438 
  2080.0   5.543906671658412 
  2081.0   5.320616762866235 
  2082.0   5.04707142948911 
  2083.0   5.812589750625692 
  2084.0   5.600034993278127 
  2085.0   5.207182777467629 
  2086.0   5.404253366064815 
  2087.0   5.784908979765537 
  2088.0   5.305605130275536 
  2089.0   5.055096911384607 
  2090.0   5.793645300565394 
  2091.0   5.557065493842747 
  2092.0   5.188683214044492 
  2093.0   5.686195393917109 
  2094.0   5.390950206010799 
  2095.0   5.340664740721502 
  2096.0   5.580350799613787 
  2097.0   5.59411587894382 
  2098.0   4.898080477444078 
  2099.0   5.115373233847971 
  2100.0   5.771168138879306 
