  2015.0   1.4118168521064563e-10 
  2016.0   7.003990900173469e-11 
  2017.0   4.2686865572594915e-11 
  2018.0   3.1289973217152204e-11 
  2019.0   2.5816854430359362e-11 
  2020.0   2.2659296750025157e-11 
  2021.0   2.0560176728013877e-11 
  2022.0   1.8795937494322752e-11 
  2023.0   1.7255524866930255e-11 
  2024.0   1.5922554973762752e-11 
  2025.0   1.4824427256911335e-11 
  2026.0   1.3925067230325588e-11 
  2027.0   1.3141773583058936e-11 
  2028.0   1.2260622211219087e-11 
  2029.0   1.262017257288978e-11 
  2030.0   2.0130160035007293e-11 
  2031.0   1.556573389735737e-11 
  2032.0   1.1473917934239875e-11 
  2033.0   9.764543921803492e-12 
  2034.0   8.780725545750571e-12 
  2035.0   8.098419521701735e-12 
  2036.0   7.478364957909883e-12 
  2037.0   1.5589602433107223e-11 
  2038.0   2.2995687503989986e-11 
  2039.0   2.8525127665335367e-11 
  2040.0   2.8767489976030726e-11 
  2041.0   1.700559977254498e-11 
  2042.0   1.1014948667903492e-11 
  2043.0   8.672943203850539e-12 
  2044.0   7.614079024277585e-12 
  2045.0   6.927598850060818e-12 
  2046.0   6.1856143423666925e-12 
  2047.0   5.717437635982498e-12 
  2048.0   5.363553754032857e-12 
  2049.0   5.08808282829106e-12 
  2050.0   4.826617670859798e-12 
  2051.0   4.516481999846731e-12 
  2052.0   4.255871794547454e-12 
  2053.0   4.038167632552205e-12 
  2054.0   3.856533051635713e-12 
  2055.0   3.70424092083376e-12 
  2056.0   3.540784206158233e-12 
  2057.0   3.4089158505427945e-12 
  2058.0   3.321609212503599e-12 
  2059.0   3.206595342024777e-12 
  2060.0   3.09228586775691e-12 
  2061.0   3.1438332851170532e-12 
  2062.0   3.174999815674885e-12 
  2063.0   3.1029275866193784e-12 
  2064.0   2.9848990398956586e-12 
  2065.0   2.99886677411485e-12 
  2066.0   2.785365448710249e-12 
  2067.0   2.6503561293397435e-12 
  2068.0   2.573997984144224e-12 
  2069.0   2.6567399240305522e-12 
  2070.0   2.8044934156226067e-12 
  2071.0   3.4212900798061123e-12 
  2072.0   3.962212574727376e-12 
  2073.0   3.691871257153091e-12 
  2074.0   3.3846659258016212e-12 
  2075.0   3.0585960302229905e-12 
  2076.0   2.651286711321281e-12 
  2077.0   2.4006190263110923e-12 
  2078.0   2.2954561061682266e-12 
  2079.0   2.222660974095537e-12 
  2080.0   2.7181559279160547e-12 
  2081.0   4.95932726775798e-12 
  2082.0   5.3638580305032445e-12 
  2083.0   5.519638812330097e-12 
  2084.0   5.6648906705890655e-12 
  2085.0   5.650221818002398e-12 
  2086.0   4.833494907145437e-12 
  2087.0   4.41158360078107e-12 
  2088.0   3.496259143463029e-12 
  2089.0   2.9581854642054337e-12 
  2090.0   2.6309607634790547e-12 
  2091.0   2.4442616759821737e-12 
  2092.0   2.3347779873073343e-12 
  2093.0   2.221949224947752e-12 
  2094.0   2.1966197458469457e-12 
  2095.0   2.135488811595125e-12 
  2096.0   2.062281436761328e-12 
  2097.0   2.009635139136213e-12 
  2098.0   1.95728724165434e-12 
  2099.0   1.8769741481065373e-12 
  2100.0   1.8174910068341744e-12 
