  2015.0   2.7264244693169237 
  2016.0   2.7744140311040413 
  2017.0   2.7331484016443204 
  2018.0   2.6922486022330663 
  2019.0   2.7253412960979455 
  2020.0   2.5878796339762666 
  2021.0   2.691014602113822 
  2022.0   2.5249706180272993 
  2023.0   2.6532086256558585 
  2024.0   2.745243470090401 
  2025.0   2.715295483484094 
  2026.0   2.7577685735653157 
  2027.0   2.683377987111703 
  2028.0   2.7395305325725525 
  2029.0   2.7000343469749857 
  2030.0   2.6784459027294245 
  2031.0   2.7717151978929344 
  2032.0   2.7569712365328365 
  2033.0   2.824136301872179 
  2034.0   2.7567891426162947 
  2035.0   2.7466799810467184 
  2036.0   2.650968000294463 
  2037.0   2.7915085555199357 
  2038.0   2.7480007015023293 
  2039.0   2.78304710710601 
  2040.0   2.755384612669111 
  2041.0   2.7202655318677036 
  2042.0   2.8109602644806495 
  2043.0   2.753614007770661 
  2044.0   2.669413696492193 
  2045.0   2.7466629908848277 
  2046.0   2.7280473117188073 
  2047.0   2.763339480692494 
  2048.0   2.7399424305365687 
  2049.0   2.734123794597082 
  2050.0   2.7049428807384035 
  2051.0   2.7864773158011977 
  2052.0   2.714472842845647 
  2053.0   2.774671354500775 
  2054.0   2.8725344187344524 
  2055.0   2.808723236961747 
  2056.0   2.8549477813511945 
  2057.0   2.710918867235143 
  2058.0   2.82294025609193 
  2059.0   2.6913546244730258 
  2060.0   2.783024675203542 
  2061.0   2.798667811989534 
  2062.0   2.6936424869079527 
  2063.0   2.874381495263488 
  2064.0   2.762860216145209 
  2065.0   2.8039616838042973 
  2066.0   2.8944882940802414 
  2067.0   2.7826452791839427 
  2068.0   2.878515454107547 
  2069.0   2.823381684302349 
  2070.0   2.765511764046689 
  2071.0   2.845193364859028 
  2072.0   2.8127035424718665 
  2073.0   2.7864567839084953 
  2074.0   2.7667464634553705 
  2075.0   2.7954345523873734 
  2076.0   2.799651133857662 
  2077.0   2.8607800369893157 
  2078.0   2.786307128491277 
  2079.0   2.8006078475355585 
  2080.0   2.8141156731430264 
  2081.0   2.7891531621393333 
  2082.0   2.8528989761463155 
  2083.0   2.8251845134082867 
  2084.0   2.771007315264704 
  2085.0   2.859470741782399 
  2086.0   2.843078115321522 
  2087.0   2.7255454409353996 
  2088.0   2.8533472430170717 
  2089.0   2.840571980302957 
  2090.0   2.7224463254498716 
  2091.0   2.972159792426544 
  2092.0   2.87208458340857 
  2093.0   2.7420530678776296 
  2094.0   2.852506857457699 
  2095.0   2.8631326527465975 
  2096.0   2.907701334242622 
  2097.0   2.7686568747745985 
  2098.0   2.8540928135400563 
  2099.0   2.7794306060496923 
  2100.0   2.8382268708160434 
