  2015.0   3.233490665341742e-10 
  2016.0   5.841827449400614e-10 
  2017.0   5.499965128267621e-10 
  2018.0   -7.655948745870026e-10 
  2019.0   7.940034646997391e-10 
  2020.0   -6.557159097193413e-10 
  2021.0   -1.701094228076361e-11 
  2022.0   -3.1630066846921565e-10 
  2023.0   2.5916118971340874e-10 
  2024.0   1.0507994431130693e-09 
  2025.0   2.9681002470025496e-10 
  2026.0   5.313657988480741e-10 
  2027.0   -1.4414748120504174e-10 
  2028.0   7.770176496950027e-10 
  2029.0   9.717321807076926e-10 
  2030.0   1.5028151163099063e-09 
  2031.0   -9.558878982527886e-10 
  2032.0   1.5618646699821601e-09 
  2033.0   1.1088688680669077e-09 
  2034.0   2.096682279299021e-10 
  2035.0   3.0728752598968233e-10 
  2036.0   -3.780508764894249e-10 
  2037.0   3.9943361069623735e-11 
  2038.0   1.7160770277656761e-09 
  2039.0   7.858056249269885e-10 
  2040.0   -5.775029582963619e-10 
  2041.0   1.1972551696426708e-09 
  2042.0   -1.874558091210851e-10 
  2043.0   2.5740263203783853e-10 
  2044.0   -2.918708169851059e-10 
  2045.0   1.7877721802782533e-09 
  2046.0   -1.1351098149038987e-09 
  2047.0   1.7304658705026654e-09 
  2048.0   -1.0430659208473326e-09 
  2049.0   5.249665113231095e-10 
  2050.0   3.488209938395534e-10 
  2051.0   9.497759487810314e-10 
  2052.0   3.882487061530221e-10 
  2053.0   7.899639898747177e-10 
  2054.0   -3.04448444949282e-10 
  2055.0   1.1727373928633241e-09 
  2056.0   1.9935676906656802e-09 
  2057.0   2.3035273633827808e-10 
  2058.0   -1.0444876994032046e-09 
  2059.0   1.1689065057874762e-09 
  2060.0   1.596737547192386e-10 
  2061.0   3.511767625579402e-10 
  2062.0   4.969739458249438e-10 
  2063.0   -3.2897098329000974e-10 
  2064.0   1.454974554365574e-09 
  2065.0   3.0863003500741076e-10 
  2066.0   6.629769141266243e-10 
  2067.0   9.750214738062136e-10 
  2068.0   4.5870106877437724e-11 
  2069.0   4.798088182217339e-10 
  2070.0   1.1626314528584506e-09 
  2071.0   -1.292554001599931e-09 
  2072.0   1.1498423364543374e-10 
  2073.0   1.8827078622450459e-10 
  2074.0   1.6463636740693527e-10 
  2075.0   -4.777730125483637e-10 
  2076.0   4.9043250433213765e-11 
  2077.0   -9.163996611332871e-10 
  2078.0   7.885723996286244e-10 
  2079.0   -7.522612435363903e-10 
  2080.0   5.099277412573704e-10 
  2081.0   -4.1715482147763116e-10 
  2082.0   3.2849539364705524e-10 
  2083.0   3.0901395969311937e-10 
  2084.0   -1.2610543669825954e-10 
  2085.0   7.250718875801971e-11 
  2086.0   -6.722078594424888e-11 
  2087.0   3.228553045236021e-11 
  2088.0   -6.075193971975645e-10 
  2089.0   -8.98734718311631e-10 
  2090.0   3.6867256570824836e-10 
  2091.0   1.167017047578881e-11 
  2092.0   1.0923815531778821e-09 
  2093.0   -1.6149626218423139e-09 
  2094.0   -1.0145198413562248e-10 
  2095.0   4.206614360257909e-10 
  2096.0   3.2531112267351956e-10 
  2097.0   -1.3057640553521577e-09 
  2098.0   2.214245371694508e-10 
  2099.0   3.993587160079085e-10 
  2100.0   -5.127693365234021e-10 
