  2015.0   297.42274092033324 
  2016.0   297.38760315586313 
  2017.0   297.3434478053799 
  2018.0   297.46432096516287 
  2019.0   297.9902664244773 
  2020.0   297.85202530635837 
  2021.0   297.89541793712294 
  2022.0   297.85302850865156 
  2023.0   297.6970489219048 
  2024.0   297.639568322688 
  2025.0   297.78610313281257 
  2026.0   298.3526740669448 
  2027.0   298.23060387644983 
  2028.0   297.56174390214767 
  2029.0   297.76194004749453 
  2030.0   298.3113560910115 
  2031.0   297.8742513022253 
  2032.0   297.82002219463277 
  2033.0   298.3345888400965 
  2034.0   298.20912473868384 
  2035.0   297.9699111020046 
  2036.0   298.68799948619267 
  2037.0   297.8908344458052 
  2038.0   297.82267764593666 
  2039.0   298.1864427373688 
  2040.0   298.03465226153025 
  2041.0   298.14542205970463 
  2042.0   298.5680034577323 
  2043.0   297.5088905865966 
  2044.0   297.7949438736052 
  2045.0   298.349744393777 
  2046.0   298.33306937262876 
  2047.0   298.0922753201935 
  2048.0   298.1089672021099 
  2049.0   298.4948401677656 
  2050.0   298.79423496408435 
  2051.0   297.6311532307615 
  2052.0   298.2009330004098 
  2053.0   298.2889649284968 
  2054.0   298.09980066895014 
  2055.0   298.21824095405555 
  2056.0   298.54647115664824 
  2057.0   298.1548993072026 
  2058.0   298.30430722896506 
  2059.0   299.0319324724174 
  2060.0   298.5083847570113 
  2061.0   297.8570732529269 
  2062.0   298.0945913658555 
  2063.0   298.2142016012782 
  2064.0   298.65482931944206 
  2065.0   298.9736537097891 
  2066.0   298.2616273732914 
  2067.0   297.9190719231431 
  2068.0   298.81842753327123 
  2069.0   298.1026617787946 
  2070.0   297.983466312594 
  2071.0   298.8479910360712 
  2072.0   298.69111990350854 
  2073.0   297.8212483335292 
  2074.0   298.1079928991768 
  2075.0   298.43295785070154 
  2076.0   298.9078431096638 
  2077.0   299.00286828846544 
  2078.0   298.0753183591094 
  2079.0   297.8450171366232 
  2080.0   298.5188594881419 
  2081.0   298.66089543398283 
  2082.0   298.9068551688505 
  2083.0   298.49162252433734 
  2084.0   298.474745593371 
  2085.0   298.59926852990344 
  2086.0   298.12201634499627 
  2087.0   298.3164717744439 
  2088.0   299.2199073572358 
  2089.0   298.4148044515187 
  2090.0   298.37383952946954 
  2091.0   298.4072488266043 
  2092.0   298.7143675559325 
  2093.0   297.75576418466926 
  2094.0   297.7416287516715 
  2095.0   298.42847389473786 
  2096.0   299.1297690309463 
  2097.0   298.92811230116007 
  2098.0   297.8902497368889 
  2099.0   297.8073372882531 
  2100.0   298.4493924345158 
