  2015.0   6.12889953764048e-10 
  2016.0   4.951015287230543e-10 
  2017.0   6.406825830788792e-10 
  2018.0   1.2741724793480496e-09 
  2019.0   6.718600430976374e-10 
  2020.0   6.244974701737217e-10 
  2021.0   1.8075317861437957e-10 
  2022.0   4.0715595358335967e-10 
  2023.0   6.784975218250845e-10 
  2024.0   5.20577730564517e-10 
  2025.0   2.8417829262612275e-10 
  2026.0   1.214030678148619e-09 
  2027.0   5.273812538062344e-10 
  2028.0   3.948693377422317e-10 
  2029.0   6.577503094207135e-10 
  2030.0   8.688352660785072e-10 
  2031.0   5.574579126209059e-10 
  2032.0   4.0669472035395286e-10 
  2033.0   5.311962327649164e-10 
  2034.0   6.979039561123847e-10 
  2035.0   5.638320295140253e-10 
  2036.0   9.206753610205735e-10 
  2037.0   6.082389140755301e-10 
  2038.0   2.979723441091872e-10 
  2039.0   3.356655533197964e-10 
  2040.0   3.25043626802443e-10 
  2041.0   1.0376929887266324e-09 
  2042.0   6.51924560152135e-10 
  2043.0   5.370546217185707e-10 
  2044.0   1.494110008051185e-09 
  2045.0   1.091767036891902e-09 
  2046.0   2.9470613828616126e-10 
  2047.0   8.801567887511401e-10 
  2048.0   7.354055518595903e-10 
  2049.0   5.37259285108273e-10 
  2050.0   3.239277280990042e-10 
  2051.0   1.2774149496329688e-09 
  2052.0   8.273464447949008e-10 
  2053.0   4.790345611958087e-10 
  2054.0   3.706982799791294e-10 
  2055.0   4.81440925447799e-10 
  2056.0   5.521430640292484e-10 
  2057.0   4.2243320095740474e-10 
  2058.0   1.8014799125058538e-09 
  2059.0   1.1185927930031272e-09 
  2060.0   4.1417790915774847e-10 
  2061.0   1.0798777721057082e-09 
  2062.0   5.810877410148138e-10 
  2063.0   3.755958490134185e-10 
  2064.0   1.5455779296815725e-09 
  2065.0   9.983002719926102e-10 
  2066.0   5.658504053284043e-10 
  2067.0   2.5536329198940904e-10 
  2068.0   1.621903084229817e-09 
  2069.0   6.146694778372263e-10 
  2070.0   4.282857275408975e-10 
  2071.0   3.729952114315324e-10 
  2072.0   1.4514246108682493e-09 
  2073.0   1.0291327694795426e-09 
  2074.0   4.811932567185917e-10 
  2075.0   7.605108506524696e-10 
  2076.0   4.83417770802631e-10 
  2077.0   9.885326619045943e-10 
  2078.0   5.850004083889477e-10 
  2079.0   8.052116691582375e-10 
  2080.0   1.4714958068082654e-09 
  2081.0   1.1187832765691957e-09 
  2082.0   7.804594100804546e-10 
  2083.0   6.685402948486131e-10 
  2084.0   9.267240452832816e-10 
  2085.0   6.762463124048287e-10 
  2086.0   5.572871510725677e-10 
  2087.0   7.693908709792282e-10 
  2088.0   5.596192221962826e-10 
  2089.0   9.522360971360654e-10 
  2090.0   1.0982339652776643e-09 
  2091.0   7.818861073851581e-10 
  2092.0   4.6100831524355246e-10 
  2093.0   1.100142140128352e-09 
  2094.0   6.257890521802674e-10 
  2095.0   3.875863495625753e-10 
  2096.0   1.0508854831812945e-09 
  2097.0   7.379493436009723e-10 
  2098.0   5.723750845073049e-10 
  2099.0   4.512433019766811e-10 
  2100.0   5.696915354005478e-10 
