  2015.0   299.22725704183654 
  2016.0   299.1387278478403 
  2017.0   299.09431340409157 
  2018.0   299.2592905290363 
  2019.0   299.33191403302794 
  2020.0   299.2471686753602 
  2021.0   299.2445802012169 
  2022.0   299.50780087414824 
  2023.0   299.74654211631395 
  2024.0   299.32054609304924 
  2025.0   299.313952115103 
  2026.0   299.6939214115355 
  2027.0   299.63800908676046 
  2028.0   299.49586734350606 
  2029.0   299.52016034600297 
  2030.0   299.83387054604736 
  2031.0   299.55631471562253 
  2032.0   299.99267065717584 
  2033.0   299.5036129347296 
  2034.0   299.25319831658794 
  2035.0   299.59059760646966 
  2036.0   299.7583101869398 
  2037.0   300.12736752551336 
  2038.0   300.2122903671085 
  2039.0   299.71120854734374 
  2040.0   299.4233876325284 
  2041.0   299.5908226827458 
  2042.0   299.9229575507696 
  2043.0   300.2110109080679 
  2044.0   299.6970010932964 
  2045.0   299.30712571129845 
  2046.0   299.2732790960686 
  2047.0   299.54188217955476 
  2048.0   299.896470949602 
  2049.0   300.1352916287043 
  2050.0   299.7790759192749 
  2051.0   299.60439326949535 
  2052.0   299.29960729817225 
  2053.0   299.75128333139565 
  2054.0   300.08764861639696 
  2055.0   299.56932128977076 
  2056.0   299.7289190547878 
  2057.0   300.36343972661774 
  2058.0   299.8337842199314 
  2059.0   300.09503918358604 
  2060.0   300.2411782248139 
  2061.0   299.9252824119044 
  2062.0   299.95777309371806 
  2063.0   300.051176094164 
  2064.0   299.9683129729165 
  2065.0   299.93272316359196 
  2066.0   300.0736018829863 
  2067.0   300.0373912648696 
  2068.0   299.7665744044973 
  2069.0   300.137320160554 
  2070.0   300.6826542588522 
  2071.0   299.62819179111773 
  2072.0   299.8347600803805 
  2073.0   299.7237003073849 
  2074.0   300.17753910295323 
  2075.0   300.155018283665 
  2076.0   299.8815573488604 
  2077.0   300.37730686221016 
  2078.0   299.81409971334756 
  2079.0   299.7820427245114 
  2080.0   299.85891719754136 
  2081.0   300.2073463731589 
  2082.0   300.3328727324439 
  2083.0   300.0803929425938 
  2084.0   300.353831383856 
  2085.0   299.79460107830823 
  2086.0   299.42858239293304 
  2087.0   299.423039171616 
  2088.0   299.53331203015233 
  2089.0   300.2662803623504 
  2090.0   299.7856418001101 
  2091.0   300.0927518876822 
  2092.0   300.0305441043493 
  2093.0   299.91972105836845 
  2094.0   300.2683343489858 
  2095.0   300.23070626731635 
  2096.0   299.54847491150616 
  2097.0   299.4614499938636 
  2098.0   300.20609464337093 
  2099.0   299.95003025421266 
  2100.0   299.78915739462695 
