  2015.0   0.4430359731432701 
  2016.0   0.4129789165691515 
  2017.0   0.3881961926751072 
  2018.0   0.36671396238201964 
  2019.0   0.34734372063360847 
  2020.0   0.3302394242380585 
  2021.0   0.3148169520790138 
  2022.0   0.3002560109749664 
  2023.0   0.2868234653943053 
  2024.0   0.2747730788896187 
  2025.0   0.26499832362345005 
  2026.0   0.2566274629496505 
  2027.0   0.24830443251652268 
  2028.0   0.24044680827388362 
  2029.0   0.23382774847773266 
  2030.0   0.2288125653764836 
  2031.0   0.22507041721078466 
  2032.0   0.22198398107814074 
  2033.0   0.2194643345944892 
  2034.0   0.21745453319467023 
  2035.0   0.2162363369121314 
  2036.0   0.21546466707647394 
  2037.0   0.2146132995136147 
  2038.0   0.21373607711414475 
  2039.0   0.21292842063986267 
  2040.0   0.21226817934987158 
  2041.0   0.21174409137583905 
  2042.0   0.21124064348591387 
  2043.0   0.2108287043307085 
  2044.0   0.2105355666466643 
  2045.0   0.2103098993496359 
  2046.0   0.21010552559038048 
  2047.0   0.20988770141132015 
  2048.0   0.2096265677816214 
  2049.0   0.20940027690213103 
  2050.0   0.20901144592318457 
  2051.0   0.20876188015820418 
  2052.0   0.2087468719990196 
  2053.0   0.20857882384879375 
  2054.0   0.20827457714052727 
  2055.0   0.2085476900864992 
  2056.0   0.2092283351723239 
  2057.0   0.2095555035423156 
  2058.0   0.20965987981754433 
  2059.0   0.20962634045189454 
  2060.0   0.20937859002536377 
  2061.0   0.20898857085440076 
  2062.0   0.20870676699433882 
  2063.0   0.20858490561757856 
  2064.0   0.20852327769765666 
  2065.0   0.2084420799794809 
  2066.0   0.20831625381696922 
  2067.0   0.20808402431089945 
  2068.0   0.2077866543886798 
  2069.0   0.20759718320883222 
  2070.0   0.20783937777656053 
  2071.0   0.20836905118536414 
  2072.0   0.20883764425373225 
  2073.0   0.20917183142636397 
  2074.0   0.2094107508570837 
  2075.0   0.2132650486573213 
  2076.0   0.21980009886554577 
  2077.0   0.22504140988450874 
  2078.0   0.22914020158673112 
  2079.0   0.2322775847472254 
  2080.0   0.23264153331134246 
  2081.0   0.23108830638360994 
  2082.0   0.22989014074991898 
  2083.0   0.2289874606450598 
  2084.0   0.22832897449877587 
  2085.0   0.22489944239263443 
  2086.0   0.21936511124579358 
  2087.0   0.21485664675582825 
  2088.0   0.21118827175950622 
  2089.0   0.2081691908516109 
  2090.0   0.20553172595761598 
  2091.0   0.20325117878449023 
  2092.0   0.20133893706897607 
  2093.0   0.19969371514976686 
  2094.0   0.1983044783082177 
  2095.0   0.19684184621948325 
  2096.0   0.19537385895053258 
  2097.0   0.19414004606104532 
  2098.0   0.1930723770187494 
  2099.0   0.1921308321723469 
  2100.0   0.17652590125365372 
