  2015.0   29.39181139263134 
  2016.0   29.420602720048628 
  2017.0   29.224328943376836 
  2018.0   29.24163937622485 
  2019.0   29.37438706283486 
  2020.0   29.53503938313108 
  2021.0   29.58867274758659 
  2022.0   29.727754664974256 
  2023.0   29.92365322497699 
  2024.0   29.879963542249026 
  2025.0   29.783197886668844 
  2026.0   30.022090220208575 
  2027.0   30.332695756119207 
  2028.0   30.40754411169289 
  2029.0   30.44407012724655 
  2030.0   30.503975091278914 
  2031.0   30.49315266185746 
  2032.0   30.66636116811897 
  2033.0   30.676645304615676 
  2034.0   30.85693354942917 
  2035.0   31.142524994288273 
  2036.0   31.19980949115655 
  2037.0   31.326460926696722 
  2038.0   31.23733695048307 
  2039.0   31.348793872365455 
  2040.0   31.612582137255913 
  2041.0   31.77926245153823 
  2042.0   31.741708305288803 
  2043.0   32.06701659847399 
  2044.0   32.131161522334544 
  2045.0   32.15988392076516 
  2046.0   32.39486660793854 
  2047.0   32.45245760521487 
  2048.0   32.480694221163404 
  2049.0   32.54804706301794 
  2050.0   32.65072012518532 
  2051.0   32.52383886564845 
  2052.0   32.868317298261466 
  2053.0   32.96758885117853 
  2054.0   33.14256393196064 
  2055.0   33.262746400222866 
  2056.0   33.19863883193435 
  2057.0   33.22015603987661 
  2058.0   33.31265822601003 
  2059.0   33.29448474988823 
  2060.0   33.4868739343771 
  2061.0   33.7794786965325 
  2062.0   33.723280137438955 
  2063.0   33.630673750048686 
  2064.0   33.69050415941863 
  2065.0   33.72598824227103 
  2066.0   33.81848016387089 
  2067.0   34.01405181084821 
  2068.0   33.99669337193175 
  2069.0   33.974026632628956 
  2070.0   33.954455995803116 
  2071.0   33.86324799298482 
  2072.0   34.11882646384347 
  2073.0   34.29486911706987 
  2074.0   34.23865277790627 
  2075.0   34.26283600944438 
  2076.0   34.18808632982109 
  2077.0   34.109378295143124 
  2078.0   34.34282511112855 
  2079.0   34.454949096173834 
  2080.0   34.25214221729724 
  2081.0   34.168656123889704 
  2082.0   34.21993546764326 
  2083.0   34.198775722485365 
  2084.0   34.215256187800684 
  2085.0   34.165970559561174 
  2086.0   34.293654987038394 
  2087.0   34.26036226755799 
  2088.0   34.104032548433615 
  2089.0   34.27695573127615 
  2090.0   34.3447301738804 
  2091.0   34.4882425261196 
  2092.0   34.644302243817684 
  2093.0   34.41320292765253 
  2094.0   34.26463161651057 
  2095.0   34.480911156098806 
  2096.0   34.62078308645112 
  2097.0   34.641204063463036 
  2098.0   34.61387078903372 
  2099.0   34.45039897137007 
  2100.0   34.53061708947953 
