  2015.0   54.17720570827673 
  2016.0   53.26546018079985 
  2017.0   53.55815119541857 
  2018.0   54.11193321610921 
  2019.0   55.0114636508115 
  2020.0   54.64655839952724 
  2021.0   53.23660016641016 
  2022.0   53.08102048889706 
  2023.0   54.64877072449669 
  2024.0   54.65166374864203 
  2025.0   53.835922434641134 
  2026.0   53.73377361561146 
  2027.0   53.26704396810393 
  2028.0   53.49982905035076 
  2029.0   54.72996220055311 
  2030.0   54.82603113686557 
  2031.0   55.1487399284849 
  2032.0   55.20735312045934 
  2033.0   54.80165358580986 
  2034.0   55.08638034068263 
  2035.0   56.16078848118612 
  2036.0   56.21133845903749 
  2037.0   55.63896581042777 
  2038.0   55.961063252469565 
  2039.0   57.36535293053288 
  2040.0   56.89466012452326 
  2041.0   57.31981864826742 
  2042.0   57.6986502482039 
  2043.0   58.50076573684184 
  2044.0   58.715246241200546 
  2045.0   58.64872532727969 
  2046.0   58.313832093243924 
  2047.0   58.69507343223545 
  2048.0   60.29846663307542 
  2049.0   59.84557078703583 
  2050.0   59.61338067552528 
  2051.0   59.48700937844822 
  2052.0   59.7324162814248 
  2053.0   60.76245860925256 
  2054.0   61.1363490907346 
  2055.0   60.24329048840276 
  2056.0   60.60914742963586 
  2057.0   61.6943378536932 
  2058.0   61.67798564988267 
  2059.0   60.90940430422164 
  2060.0   60.40187291504059 
  2061.0   61.382315578740936 
  2062.0   62.58943063434559 
  2063.0   62.66977087643104 
  2064.0   62.28048446845403 
  2065.0   61.36818812624725 
  2066.0   60.94081791033869 
  2067.0   62.72579148955635 
  2068.0   63.38802786163435 
  2069.0   63.01041463888908 
  2070.0   62.73173830255425 
  2071.0   63.096878409918936 
  2072.0   63.69674513591622 
  2073.0   63.62726913911374 
  2074.0   63.549414792625015 
  2075.0   64.64415922395125 
  2076.0   64.46332506980623 
  2077.0   64.15250227870605 
  2078.0   63.88399836593649 
  2079.0   63.63557837358097 
  2080.0   63.7490782740244 
  2081.0   65.24352663675099 
  2082.0   65.20085612016803 
  2083.0   65.12653388588475 
  2084.0   64.87488846734821 
  2085.0   64.8968526237279 
  2086.0   64.47415086018212 
  2087.0   64.247835010032 
  2088.0   65.5941854313676 
  2089.0   65.88689677393806 
  2090.0   66.09639734457453 
  2091.0   65.34958771318216 
  2092.0   64.93604246455453 
  2093.0   65.04519326027193 
  2094.0   66.21529297780489 
  2095.0   66.28977813202478 
  2096.0   66.1469197977647 
  2097.0   66.53301359426695 
  2098.0   66.3912363620898 
  2099.0   66.48970185426111 
  2100.0   66.99201203721495 
