  2015.0   -0.06194939341435129 
  2016.0   0.08254955272874602 
  2017.0   0.15238319759511834 
  2018.0   0.0920833420938532 
  2019.0   -0.04926430969714474 
  2020.0   0.10105795354261762 
  2021.0   0.15341899261811126 
  2022.0   0.13431741724930976 
  2023.0   0.12377556883329556 
  2024.0   0.07041089310478568 
  2025.0   0.011335075380621885 
  2026.0   0.2135282274636232 
  2027.0   0.11244947474770461 
  2028.0   0.18519191589842054 
  2029.0   -0.005436619237577355 
  2030.0   0.09609972093435636 
  2031.0   0.18268438706532988 
  2032.0   0.19202256632514833 
  2033.0   0.11228227683599157 
  2034.0   -0.05116482303322087 
  2035.0   0.10453552201244157 
  2036.0   0.2569628774763785 
  2037.0   0.10998019155875038 
  2038.0   0.09087480763013463 
  2039.0   0.07120907786933289 
  2040.0   0.16514127326239764 
  2041.0   0.13437869145647743 
  2042.0   0.1961631210451889 
  2043.0   0.004754580863154084 
  2044.0   0.1473570518978161 
  2045.0   0.18864571287500095 
  2046.0   0.2660986498651225 
  2047.0   -0.01294806853622375 
  2048.0   0.0640169429839064 
  2049.0   0.1076605790021864 
  2050.0   0.12337581710680233 
  2051.0   -0.02297094337988306 
  2052.0   0.061219799750251915 
  2053.0   0.09719138517019739 
  2054.0   0.22565703307396417 
  2055.0   0.04153844599981071 
  2056.0   -0.08191260207889875 
  2057.0   0.06323682934808861 
  2058.0   0.14824277295864138 
  2059.0   -0.0005737363641790548 
  2060.0   0.06401468809864909 
  2061.0   0.015072888441734749 
  2062.0   0.16755785130700193 
  2063.0   0.02176885418138145 
  2064.0   -0.014776891494957884 
  2065.0   0.0007565683002090392 
  2066.0   0.1628789768657141 
  2067.0   0.271698777630063 
  2068.0   -0.10131856471979919 
  2069.0   0.09756296105637723 
  2070.0   0.07991649086569953 
  2071.0   0.24744332660515297 
  2072.0   0.12758341342799062 
  2073.0   0.1427268669631089 
  2074.0   -0.04269416330609014 
  2075.0   -0.011975749701426138 
  2076.0   -0.04059719079428388 
  2077.0   0.03740789645668416 
  2078.0   0.02585680084751879 
  2079.0   0.05058068774398601 
  2080.0   -0.13038414247301952 
  2081.0   0.04240508792724677 
  2082.0   -0.001109474739661294 
  2083.0   0.028814107043438543 
  2084.0   -0.19985449021039187 
  2085.0   -0.1048641867548322 
  2086.0   0.07963343988137596 
  2087.0   0.13542365707777707 
  2088.0   -0.1410832282002435 
  2089.0   0.059719806458727646 
  2090.0   0.00598068788388015 
  2091.0   -0.09252742532213062 
  2092.0   -0.10811558431429134 
  2093.0   0.12405932895381136 
  2094.0   0.007277975517973486 
  2095.0   0.06502642003495993 
  2096.0   0.044951764028171796 
  2097.0   -0.15365308136850564 
  2098.0   -0.001526552569352391 
  2099.0   0.0528536803686254 
  2100.0   0.12019784254026684 
