  2015.0   -9.226188728851648e-11 
  2016.0   1.31128222149692e-09 
  2017.0   3.399709285145099e-10 
  2018.0   5.295145122445298e-10 
  2019.0   1.074150128932937e-09 
  2020.0   2.3976148513112676e-09 
  2021.0   9.347287758688947e-10 
  2022.0   2.5076779379853103e-09 
  2023.0   1.5609589141611998e-09 
  2024.0   7.041945242728499e-11 
  2025.0   1.0558589570719509e-09 
  2026.0   1.564779235709478e-09 
  2027.0   9.836676866444252e-10 
  2028.0   1.4488304631078946e-09 
  2029.0   1.715315767378818e-09 
  2030.0   1.5900066393690495e-09 
  2031.0   1.3369027144980259e-09 
  2032.0   1.1679628243420817e-09 
  2033.0   2.4943612138165803e-10 
  2034.0   1.9653860449977224e-09 
  2035.0   -2.342121840830091e-10 
  2036.0   1.7291170072417071e-09 
  2037.0   1.9284159050237815e-09 
  2038.0   2.4048714131567107e-09 
  2039.0   8.680777217802135e-10 
  2040.0   1.4127589834099993e-09 
  2041.0   1.9027939323533054e-09 
  2042.0   7.406204201644717e-10 
  2043.0   8.673280278091255e-10 
  2044.0   2.614482643162948e-09 
  2045.0   1.6108237046046086e-09 
  2046.0   1.5155126189352616e-09 
  2047.0   -3.974800052705166e-10 
  2048.0   2.528503865495111e-09 
  2049.0   1.904077776515081e-09 
  2050.0   1.3673723960933975e-09 
  2051.0   3.054388247698022e-09 
  2052.0   1.7339647500621355e-09 
  2053.0   1.1380939471326667e-09 
  2054.0   1.8597184001161684e-09 
  2055.0   9.499453367153708e-10 
  2056.0   1.164697935862239e-09 
  2057.0   3.7885383397858716e-10 
  2058.0   3.8154332984563414e-10 
  2059.0   1.766609380063261e-09 
  2060.0   8.838011309833398e-10 
  2061.0   3.5279972799522423e-10 
  2062.0   1.5188457418053246e-09 
  2063.0   4.124396560039558e-10 
  2064.0   -3.8715150552648344e-10 
  2065.0   1.4209284497813248e-09 
  2066.0   6.969311865034635e-10 
  2067.0   5.337133593362543e-10 
  2068.0   9.944283983375706e-10 
  2069.0   1.1295154288457914e-09 
  2070.0   -2.5370780901843126e-10 
  2071.0   5.167378211868946e-10 
  2072.0   1.2245563085867028e-09 
  2073.0   7.809906152964962e-10 
  2074.0   3.242416532362091e-10 
  2075.0   -5.692934695949138e-10 
  2076.0   1.974077196416124e-10 
  2077.0   7.389374717154678e-10 
  2078.0   2.0267513792346407e-10 
  2079.0   -1.49510695909301e-09 
  2080.0   3.2502280562260216e-10 
  2081.0   9.761919775111925e-10 
  2082.0   -8.93835531709286e-11 
  2083.0   1.2407643520297868e-09 
  2084.0   -2.8142602909957143e-10 
  2085.0   -9.629853084297122e-10 
  2086.0   -1.377487883603402e-09 
  2087.0   -5.690142952983831e-10 
  2088.0   6.154101895134071e-10 
  2089.0   5.121996002792882e-10 
  2090.0   -9.538901903609385e-10 
  2091.0   3.318010402311736e-10 
  2092.0   -7.253986368489368e-10 
  2093.0   1.211565450127491e-09 
  2094.0   -1.0790692882857824e-09 
  2095.0   -3.2989992935107657e-10 
  2096.0   -9.454469698979162e-10 
  2097.0   -1.5404424192533358e-09 
  2098.0   1.1571393543131362e-09 
  2099.0   -4.901661011868247e-10 
  2100.0   -9.002285244581533e-10 
