  2015.0   3.6364049497633744 
  2016.0   3.6582650514708264 
  2017.0   3.662046669688201 
  2018.0   3.6354766193294696 
  2019.0   3.5552907453936973 
  2020.0   3.4491192633552163 
  2021.0   3.5774202612255155 
  2022.0   3.6715647457508047 
  2023.0   3.6870002640342645 
  2024.0   3.7124711892232374 
  2025.0   3.575109906334455 
  2026.0   3.654174929021426 
  2027.0   3.66286306659757 
  2028.0   3.7187197472721296 
  2029.0   3.773672086754121 
  2030.0   3.690238666133417 
  2031.0   3.5841837200332534 
  2032.0   3.7422921031313323 
  2033.0   3.833592730377049 
  2034.0   3.7853872290711363 
  2035.0   3.7743498867986056 
  2036.0   3.7359707799982074 
  2037.0   3.653293023104225 
  2038.0   3.7511789504176156 
  2039.0   3.9028849621106003 
  2040.0   3.775714071639599 
  2041.0   3.8530855567728834 
  2042.0   3.801361929689276 
  2043.0   3.6898468365120194 
  2044.0   3.790935216380515 
  2045.0   3.9018452960111225 
  2046.0   3.8414671468977724 
  2047.0   3.847901056209979 
  2048.0   3.9509700283460094 
  2049.0   3.853489488336739 
  2050.0   3.868300153794054 
  2051.0   3.920474731823691 
  2052.0   3.986046684182186 
  2053.0   3.9713998728189948 
  2054.0   4.026018209686051 
  2055.0   3.925331972580353 
  2056.0   4.020618774528469 
  2057.0   3.8912517645701072 
  2058.0   3.919178471367099 
  2059.0   3.993959670410252 
  2060.0   3.9317124683496205 
  2061.0   3.9615380190733873 
  2062.0   4.0153740213880935 
  2063.0   3.8137328815002856 
  2064.0   4.065295882721099 
  2065.0   4.087145383577285 
  2066.0   4.060032345495769 
  2067.0   4.010451687098794 
  2068.0   4.036967576733922 
  2069.0   3.9982877126486733 
  2070.0   3.981822723942006 
  2071.0   3.998798069973419 
  2072.0   4.042444635048768 
  2073.0   4.009335422083318 
  2074.0   4.062607000966835 
  2075.0   4.005873244351859 
  2076.0   4.00286470199154 
  2077.0   3.993655062173916 
  2078.0   3.8997447810726578 
  2079.0   4.020131448770076 
  2080.0   3.9767127468845036 
  2081.0   3.9785203086030947 
  2082.0   3.9616814096467454 
  2083.0   4.053422248302953 
  2084.0   3.9893174159569926 
  2085.0   3.920761683555942 
  2086.0   4.076376682941245 
  2087.0   3.99934208752933 
  2088.0   4.013085303535569 
  2089.0   3.942333134461521 
  2090.0   3.999070958432228 
  2091.0   3.97907037055303 
  2092.0   4.058563532247006 
  2093.0   4.048076272403869 
  2094.0   4.076345038474744 
  2095.0   4.132174291973513 
  2096.0   4.07211687761463 
  2097.0   3.823796925754776 
  2098.0   4.001952609731968 
  2099.0   4.045813458167573 
  2100.0   4.0312016892970615 
