  2015.0   1.584037234946002 
  2016.0   1.6601666998076197 
  2017.0   1.4758643285894029 
  2018.0   1.5178727435522041 
  2019.0   1.5927812257909235 
  2020.0   1.5493313329002383 
  2021.0   1.5524940004457843 
  2022.0   1.5898417798207998 
  2023.0   1.6230618705262798 
  2024.0   1.5660686363112597 
  2025.0   1.6750341744523618 
  2026.0   1.6770645753591844 
  2027.0   1.7519286108881087 
  2028.0   1.4415814202381543 
  2029.0   1.7427747707948804 
  2030.0   1.7109991889956264 
  2031.0   1.557846837838136 
  2032.0   1.6093458914268561 
  2033.0   1.6557941270447538 
  2034.0   1.6061219623357594 
  2035.0   1.6882142933678683 
  2036.0   1.6547389555649838 
  2037.0   1.81484562839199 
  2038.0   1.7066516131515928 
  2039.0   1.5194843440560541 
  2040.0   1.6854788562818537 
  2041.0   1.7451900963922131 
  2042.0   1.690331691926193 
  2043.0   1.7421794210219927 
  2044.0   1.615882055294832 
  2045.0   1.6012810723960336 
  2046.0   1.5609405125093432 
  2047.0   1.66137480773818 
  2048.0   1.7014504584603645 
  2049.0   1.6602898284710268 
  2050.0   1.7234214729793917 
  2051.0   1.631673958077056 
  2052.0   1.663118666342478 
  2053.0   1.7765145299543321 
  2054.0   1.7369967435760292 
  2055.0   1.6444597119930089 
  2056.0   1.8298897806185395 
  2057.0   1.713616039029549 
  2058.0   1.6699274795725212 
  2059.0   1.7586064039174816 
  2060.0   1.6881635602477354 
  2061.0   1.6478389909553115 
  2062.0   1.615247245411842 
  2063.0   1.7752919334930666 
  2064.0   1.7190382940303823 
  2065.0   1.738628412625116 
  2066.0   1.6652004143487495 
  2067.0   1.7947035738362422 
  2068.0   1.7215499340775435 
  2069.0   1.6453629017729485 
  2070.0   1.668561884192721 
  2071.0   1.5821745371980134 
  2072.0   1.5956534838956604 
  2073.0   1.754173808472249 
  2074.0   1.6176642538036954 
  2075.0   1.7135707476880893 
  2076.0   1.7261279691674762 
  2077.0   1.8691476680891432 
  2078.0   1.726490703672256 
  2079.0   1.7643111354640455 
  2080.0   1.6664554234636588 
  2081.0   1.7817854100584753 
  2082.0   1.764034805864314 
  2083.0   1.7217942486734084 
  2084.0   1.7349099996566302 
  2085.0   1.5499351068298612 
  2086.0   1.7370896429701819 
  2087.0   1.7258871507291857 
  2088.0   1.6111330276329499 
  2089.0   1.7036962768369637 
  2090.0   1.6583901468288178 
  2091.0   1.6631906480685172 
  2092.0   1.7817648856441717 
  2093.0   1.7375062313271674 
  2094.0   1.6635280194425583 
  2095.0   1.8152848150164094 
  2096.0   1.6103151245720577 
  2097.0   1.6619615123227076 
  2098.0   1.819848308387345 
  2099.0   1.608218489747145 
  2100.0   1.794086459403752 
