  2015.0   0.09041220393996525 
  2016.0   0.15831352433919682 
  2017.0   0.17783612564459889 
  2018.0   0.04672855471823251 
  2019.0   0.24380809053787453 
  2020.0   0.03086302254517212 
  2021.0   0.18117547506114268 
  2022.0   0.2402706340565855 
  2023.0   0.2867187253663481 
  2024.0   0.034761032171462106 
  2025.0   0.29590167437342096 
  2026.0   0.09420202322383397 
  2027.0   0.22446967725921088 
  2028.0   0.24653666131673305 
  2029.0   0.3403985931648982 
  2030.0   0.25236658132635953 
  2031.0   0.10435024274655073 
  2032.0   0.1413860131027059 
  2033.0   0.5578404846348488 
  2034.0   0.07326823444249549 
  2035.0   0.18064637329207697 
  2036.0   0.5661894661662054 
  2037.0   0.25759387920753535 
  2038.0   0.1853723026974667 
  2039.0   0.24102579450819153 
  2040.0   0.10316461951869825 
  2041.0   0.3630306867025648 
  2042.0   0.23894163845718458 
  2043.0   0.1922056626152072 
  2044.0   0.33881289079976346 
  2045.0   0.31842969060663384 
  2046.0   0.39074457266380835 
  2047.0   0.19970037624475742 
  2048.0   0.24119898366555909 
  2049.0   0.21368548064577886 
  2050.0   0.21794941535155363 
  2051.0   0.3366429736063664 
  2052.0   0.033837761599991 
  2053.0   0.31154914205543355 
  2054.0   0.17898130285383843 
  2055.0   0.11365032788522025 
  2056.0   0.22171032701554888 
  2057.0   0.09940303177977927 
  2058.0   0.28390548833192786 
  2059.0   0.11212989963715057 
  2060.0   0.25173663065847607 
  2061.0   0.15116588150880456 
  2062.0   0.3509282652141138 
  2063.0   0.10403804617114669 
  2064.0   0.3062423245674054 
  2065.0   0.1547371854467849 
  2066.0   0.20762584277613497 
  2067.0   -0.028224448971450437 
  2068.0   0.3056373826078188 
  2069.0   0.257664002337264 
  2070.0   0.14276663886803398 
  2071.0   0.019467012848951613 
  2072.0   0.1665925367911735 
  2073.0   -0.041722030107031405 
  2074.0   0.06655997841104418 
  2075.0   0.1536374212152646 
  2076.0   0.15426161398201718 
  2077.0   0.10392265907969427 
  2078.0   0.012784199867832666 
  2079.0   0.28759223496280395 
  2080.0   0.18840991154960143 
  2081.0   -0.013030397043562323 
  2082.0   -0.05795764995516006 
  2083.0   0.17928704364776415 
  2084.0   -0.2096905431508383 
  2085.0   0.0792091445209933 
  2086.0   0.005979339110970729 
  2087.0   -0.09708881893361629 
  2088.0   0.33481265652967857 
  2089.0   0.14803906596426397 
  2090.0   -0.07324590420623243 
  2091.0   -0.03494213210526579 
  2092.0   0.20027565253227408 
  2093.0   0.03909111322151183 
  2094.0   0.037288396918716084 
  2095.0   -0.15810857947804838 
  2096.0   -0.11683022988434509 
  2097.0   0.10822487399004518 
  2098.0   0.033890929105352206 
  2099.0   -0.08847319789906487 
  2100.0   0.028409214091809225 
