  2015.0   282.84207544358196 
  2016.0   282.45378803488313 
  2017.0   282.7655553737959 
  2018.0   282.69570390864254 
  2019.0   282.6676856355972 
  2020.0   283.09017476204025 
  2021.0   282.79317638070097 
  2022.0   283.5584836518602 
  2023.0   283.1252326242563 
  2024.0   283.29456593578334 
  2025.0   283.2186654922831 
  2026.0   283.0870935431192 
  2027.0   282.5762886625776 
  2028.0   282.7140440988239 
  2029.0   283.03168735474446 
  2030.0   282.88744828886126 
  2031.0   282.674168483303 
  2032.0   283.62738541170023 
  2033.0   283.31268677901943 
  2034.0   283.4035599316394 
  2035.0   283.4486040703933 
  2036.0   283.2166053641013 
  2037.0   283.20630142658524 
  2038.0   283.3554528141933 
  2039.0   283.87426806068953 
  2040.0   283.6388355340537 
  2041.0   283.30760739347994 
  2042.0   283.03241863467827 
  2043.0   284.18298641685965 
  2044.0   282.93377755817573 
  2045.0   283.3506555438062 
  2046.0   284.00209061879883 
  2047.0   283.5728147914441 
  2048.0   283.9311202660903 
  2049.0   283.70992709981425 
  2050.0   282.736761796805 
  2051.0   283.35706433802994 
  2052.0   283.351943073123 
  2053.0   283.1805686875985 
  2054.0   283.9188632129761 
  2055.0   283.8876965003138 
  2056.0   283.3433766142088 
  2057.0   283.6544159862675 
  2058.0   284.14934005364955 
  2059.0   284.2296048212098 
  2060.0   283.88688291412194 
  2061.0   284.03781180865485 
  2062.0   284.54779744736845 
  2063.0   284.2184261306859 
  2064.0   283.85520026889924 
  2065.0   284.2005484764914 
  2066.0   284.27707477822287 
  2067.0   284.43283428467583 
  2068.0   283.5446833744556 
  2069.0   284.4872824359338 
  2070.0   284.126322555893 
  2071.0   284.088940812467 
  2072.0   283.9401052159697 
  2073.0   283.8449255819325 
  2074.0   284.3459658102016 
  2075.0   284.68902830330467 
  2076.0   284.1212385623283 
  2077.0   284.4894555330855 
  2078.0   283.75437073037995 
  2079.0   283.6352576892115 
  2080.0   283.75252968031407 
  2081.0   283.2190620448048 
  2082.0   283.3419024514579 
  2083.0   284.1058697183499 
  2084.0   284.47563494890437 
  2085.0   283.2493907367055 
  2086.0   283.7713981709659 
  2087.0   284.1865290897782 
  2088.0   283.9891373328555 
  2089.0   283.5332929966643 
  2090.0   284.55504907972147 
  2091.0   284.0839537487706 
  2092.0   284.01725557136626 
  2093.0   283.67701285908043 
  2094.0   284.5642097936466 
  2095.0   284.23198674478186 
  2096.0   284.1166977852856 
  2097.0   283.61824748796056 
  2098.0   283.44044457929033 
  2099.0   283.6924887233578 
  2100.0   283.55404970971665 
