  2015.0   3.352864181011798e-11 
  2016.0   2.106223158619455e-11 
  2017.0   1.8029734199536998e-11 
  2018.0   1.787951453398096e-11 
  2019.0   1.540542450904838e-11 
  2020.0   1.5207393714991756e-11 
  2021.0   1.0612580087363458e-11 
  2022.0   1.0113112727535875e-11 
  2023.0   8.952011457388775e-12 
  2024.0   7.032333669363025e-12 
  2025.0   5.69301240973951e-12 
  2026.0   5.707703900851572e-12 
  2027.0   5.427362001806675e-12 
  2028.0   5.369542467615073e-12 
  2029.0   5.298812988999525e-12 
  2030.0   5.365387681703343e-12 
  2031.0   5.1195973955197655e-12 
  2032.0   5.070452210595043e-12 
  2033.0   4.913640646802876e-12 
  2034.0   4.937641035787248e-12 
  2035.0   4.7556601552927204e-12 
  2036.0   5.985409966751761e-12 
  2037.0   6.066605693561691e-12 
  2038.0   6.0123782881850555e-12 
  2039.0   6.0327307210997266e-12 
  2040.0   6.1597933981612816e-12 
  2041.0   1.3546461571804633e-11 
  2042.0   1.4185854950648938e-11 
  2043.0   1.4676266197019126e-11 
  2044.0   1.5234227324486953e-11 
  2045.0   1.5451074686777882e-11 
  2046.0   9.095440073484702e-12 
  2047.0   8.978487344835425e-12 
  2048.0   9.04262363815031e-12 
  2049.0   9.203914803407832e-12 
  2050.0   9.193113274674187e-12 
  2051.0   8.768988670874234e-12 
  2052.0   8.486666567598971e-12 
  2053.0   7.986733913121412e-12 
  2054.0   7.643839526006596e-12 
  2055.0   7.281129941591162e-12 
  2056.0   2.1565063308928884e-11 
  2057.0   2.2577465449067173e-11 
  2058.0   2.3592056924590866e-11 
  2059.0   2.4645034769264427e-11 
  2060.0   2.519885378147313e-11 
  2061.0   3.845237993089713e-11 
  2062.0   3.97203008499132e-11 
  2063.0   4.136181805679194e-11 
  2064.0   4.315498590936979e-11 
  2065.0   4.4845021610280615e-11 
  2066.0   4.223976507771555e-11 
  2067.0   4.3100426015258276e-11 
  2068.0   4.375408220621113e-11 
  2069.0   4.4420797119303376e-11 
  2070.0   4.497644904946658e-11 
  2071.0   7.046563601342675e-11 
  2072.0   7.226481837423409e-11 
  2073.0   7.340454275373747e-11 
  2074.0   7.495848610528077e-11 
  2075.0   7.654202904640783e-11 
  2076.0   8.73426409534257e-11 
  2077.0   8.973272520281137e-11 
  2078.0   9.195686114147637e-11 
  2079.0   9.382835833911821e-11 
  2080.0   9.640545679602831e-11 
  2081.0   9.289587113259356e-11 
  2082.0   9.32153185480546e-11 
  2083.0   9.373625393234964e-11 
  2084.0   9.435644565880658e-11 
  2085.0   9.513349486303597e-11 
  2086.0   7.968016909098307e-11 
  2087.0   7.897223513145308e-11 
  2088.0   7.829253237814965e-11 
  2089.0   7.805073036216246e-11 
  2090.0   7.817051624967581e-11 
  2091.0   3.7358267104550714e-11 
  2092.0   3.469542881089695e-11 
  2093.0   3.203190384091649e-11 
  2094.0   2.9436875907933696e-11 
  2095.0   2.6684847748855e-11 
  2096.0   1.8204645423591297e-11 
  2097.0   1.5957155228250232e-11 
  2098.0   1.3771868734528565e-11 
  2099.0   1.2299614368089278e-11 
  2100.0   9.314197658188168e-12 
