  2015.0   0.01801085745442588 
  2016.0   0.016137717669891492 
  2017.0   0.014193085402868798 
  2018.0   0.012891139060179723 
  2019.0   0.011259627293895643 
  2020.0   0.01019303785612858 
  2021.0   0.00927841112220189 
  2022.0   0.008513896876618297 
  2023.0   0.007932442028304558 
  2024.0   0.007518678057719875 
  2025.0   0.007203922822394837 
  2026.0   0.006941090530586255 
  2027.0   0.006685527930076958 
  2028.0   0.006422061379774719 
  2029.0   0.006142810339752295 
  2030.0   0.005873292450238667 
  2031.0   0.0055939006207784605 
  2032.0   0.0053046916849246615 
  2033.0   0.005015907353340208 
  2034.0   0.004727414254171679 
  2035.0   0.004427913063218165 
  2036.0   0.004136229487320872 
  2037.0   0.003846815734483066 
  2038.0   0.0035634789837502095 
  2039.0   0.0032722891663716173 
  2040.0   0.0029790530627386365 
  2041.0   0.0031620663814397047 
  2042.0   0.003302243971483154 
  2043.0   0.0033745779402665575 
  2044.0   0.0033954180205952545 
  2045.0   0.0034298197799292524 
  2046.0   0.003154310018669546 
  2047.0   0.0028685781649973705 
  2048.0   0.0026499937287320693 
  2049.0   0.0023985106695945174 
  2050.0   0.0021633786083045396 
  2051.0   0.0022630826449119004 
  2052.0   0.002373829675113504 
  2053.0   0.002511927953525948 
  2054.0   0.0026587837640310577 
  2055.0   0.002839626977693396 
  2056.0   0.0041530150741227465 
  2057.0   0.0053258275133884385 
  2058.0   0.006476493005128075 
  2059.0   0.0075188554056758 
  2060.0   0.008400468088216376 
  2061.0   0.009651219385532326 
  2062.0   0.010635190031204313 
  2063.0   0.01146556866505345 
  2064.0   0.012163343292901144 
  2065.0   0.01320287439534232 
  2066.0   0.013586886416600594 
  2067.0   0.014195671581415535 
  2068.0   0.014707719603794765 
  2069.0   0.015146252291696052 
  2070.0   0.015593063817638102 
  2071.0   0.017274915463832734 
  2072.0   0.01870161093084494 
  2073.0   0.01989316726603327 
  2074.0   0.020830313026430573 
  2075.0   0.021797775137280734 
  2076.0   0.023537354356697147 
  2077.0   0.02479660735391336 
  2078.0   0.025693603846573872 
  2079.0   0.026168141973085406 
  2080.0   0.02624705187257199 
  2081.0   0.0278270060028077 
  2082.0   0.029198051792927338 
  2083.0   0.030536942027322645 
  2084.0   0.03204147103906924 
  2085.0   0.03352986907871111 
  2086.0   0.03322811732647881 
  2087.0   0.0330306256141796 
  2088.0   0.03291899531531781 
  2089.0   0.03308352591357982 
  2090.0   0.03316008241343333 
  2091.0   0.030068732177684708 
  2092.0   0.027241034962008852 
  2093.0   0.024645681919840123 
  2094.0   0.022338769041456766 
  2095.0   0.02048147306446023 
  2096.0   0.01879665716445566 
  2097.0   0.01733977508419029 
  2098.0   0.016006624679437823 
  2099.0   0.014929989153433989 
  2100.0   0.014344167330853048 
