  2015.0   281.81084780133244 
  2016.0   281.45519985213036 
  2017.0   280.668518115493 
  2018.0   281.1452111519532 
  2019.0   281.46267524640473 
  2020.0   281.711096722131 
  2021.0   281.282137494912 
  2022.0   281.6031854956243 
  2023.0   282.2648206244785 
  2024.0   282.28741011919954 
  2025.0   282.0001791501793 
  2026.0   280.74962388140625 
  2027.0   280.80829667230245 
  2028.0   281.6194794536267 
  2029.0   282.0228067627831 
  2030.0   282.26475806691565 
  2031.0   282.10849301550627 
  2032.0   281.30702620345596 
  2033.0   280.7624255328109 
  2034.0   281.4929235102442 
  2035.0   281.13241374621185 
  2036.0   280.7958225854756 
  2037.0   281.025937695935 
  2038.0   281.3163819705525 
  2039.0   280.22010137238743 
  2040.0   281.6238523651534 
  2041.0   281.6160181735412 
  2042.0   280.7948267444452 
  2043.0   280.59418544271 
  2044.0   280.6859544247458 
  2045.0   281.15209841173487 
  2046.0   281.2292197654946 
  2047.0   281.4805850709671 
  2048.0   280.9562461218753 
  2049.0   282.1300931537244 
  2050.0   281.10783791775924 
  2051.0   280.88437238788777 
  2052.0   282.1946618341603 
  2053.0   281.48172261921553 
  2054.0   281.67524842521414 
  2055.0   282.0599936448162 
  2056.0   281.6554610191626 
  2057.0   281.3630999709807 
  2058.0   281.89214973568556 
  2059.0   282.4811278230562 
  2060.0   282.25210916330207 
  2061.0   281.8602070410942 
  2062.0   281.47478249536584 
  2063.0   281.7040436740657 
  2064.0   282.167242020087 
  2065.0   281.3287716553065 
  2066.0   282.09290681498766 
  2067.0   281.8228641046903 
  2068.0   282.32529184529716 
  2069.0   282.00166103560343 
  2070.0   281.7573630750512 
  2071.0   282.0647683854943 
  2072.0   280.8890587136471 
  2073.0   281.3997575159159 
  2074.0   281.6245960186443 
  2075.0   282.16401576976045 
  2076.0   282.1435467083397 
  2077.0   281.3750554118927 
  2078.0   281.35789107163447 
  2079.0   281.26434116903323 
  2080.0   281.06073067403065 
  2081.0   280.9816423343576 
  2082.0   281.6348931278016 
  2083.0   280.79274141410764 
  2084.0   281.4798173751016 
  2085.0   282.111241697802 
  2086.0   281.4559285141559 
  2087.0   281.14470413633234 
  2088.0   280.90330809541723 
  2089.0   282.3965069831093 
  2090.0   280.9627964360164 
  2091.0   281.62759712682254 
  2092.0   281.90383467530484 
  2093.0   281.44799126228116 
  2094.0   281.3128756269509 
  2095.0   280.9176640762127 
  2096.0   281.5175191638253 
  2097.0   280.77076231092263 
  2098.0   280.6658137692036 
  2099.0   280.7599781421108 
  2100.0   280.43833218711995 
