  2015.0   0.014668028237480398 
  2016.0   -0.008830265094250198 
  2017.0   0.2538837258066827 
  2018.0   0.13282175034953989 
  2019.0   0.06648338947454235 
  2020.0   0.0692250073496443 
  2021.0   0.22138687107940364 
  2022.0   0.04180357559798583 
  2023.0   0.3188395591752483 
  2024.0   0.20184210860904198 
  2025.0   0.09549686609876981 
  2026.0   0.09492250515583887 
  2027.0   0.03351282757921814 
  2028.0   0.17834195478137033 
  2029.0   0.21629695299824805 
  2030.0   0.19737178762419014 
  2031.0   0.2452240929030749 
  2032.0   -0.043951692521715054 
  2033.0   0.2906905340150005 
  2034.0   -0.153582650152572 
  2035.0   0.21013180429283884 
  2036.0   0.31447737121437114 
  2037.0   0.06674645530942146 
  2038.0   0.2922904754599712 
  2039.0   0.19891453973374187 
  2040.0   -0.06363178680263139 
  2041.0   0.2674120613041305 
  2042.0   0.05189033875547995 
  2043.0   -0.07282950172690168 
  2044.0   0.2215146407535727 
  2045.0   0.01139320032764062 
  2046.0   -0.08048499411438532 
  2047.0   0.3907927106909449 
  2048.0   0.1216080265634752 
  2049.0   0.07938217144561581 
  2050.0   0.0634367544850009 
  2051.0   0.33183501279446986 
  2052.0   0.0715500184402504 
  2053.0   0.023952815521209543 
  2054.0   0.08676364152751248 
  2055.0   0.02998127228056363 
  2056.0   0.34943171495221764 
  2057.0   0.14300193168370348 
  2058.0   0.3146698431192262 
  2059.0   0.09872108541169143 
  2060.0   -0.003701898886120189 
  2061.0   0.021132409775033136 
  2062.0   0.191621306949763 
  2063.0   0.00411594066354864 
  2064.0   0.05243275448627845 
  2065.0   0.2740974510717598 
  2066.0   0.06737053899546319 
  2067.0   0.03633794981554454 
  2068.0   0.08857403619560432 
  2069.0   0.1318562752549584 
  2070.0   0.17902884118127818 
  2071.0   0.08817166678427928 
  2072.0   -0.10549181421880559 
  2073.0   0.033079750774094946 
  2074.0   -0.09730979278978952 
  2075.0   0.16457915613230564 
  2076.0   -0.06030889361350744 
  2077.0   0.004443643038195558 
  2078.0   -0.04115842545569939 
  2079.0   0.1410482944104712 
  2080.0   0.054184461084472196 
  2081.0   -0.059312976913760175 
  2082.0   0.1250585502606871 
  2083.0   0.050791688761489935 
  2084.0   0.039489455096358914 
  2085.0   0.10800414666718158 
  2086.0   0.055332777088680014 
  2087.0   0.14200930340034218 
  2088.0   0.10914332955513834 
  2089.0   -0.020464440390668238 
  2090.0   0.12202677755358643 
  2091.0   0.11277946196913056 
  2092.0   -0.025063607135154077 
  2093.0   0.14677905097696822 
  2094.0   -0.014267023538601695 
  2095.0   0.038604990108783745 
  2096.0   -0.10371829557447831 
  2097.0   -0.004780866314011723 
  2098.0   0.33086185211190533 
  2099.0   -0.10318888456598592 
  2100.0   0.24975206876158249 
