  2015.0   2.5104114269344763e-09 
  2016.0   2.436639147071466e-09 
  2017.0   2.6748218156151316e-09 
  2018.0   2.818722455442425e-09 
  2019.0   2.5609311838109642e-09 
  2020.0   2.3035138007488983e-09 
  2021.0   2.516365827216081e-09 
  2022.0   2.4741611384691577e-09 
  2023.0   2.9189100448032943e-09 
  2024.0   2.7073974010500057e-09 
  2025.0   2.5630175325515578e-09 
  2026.0   2.5911202165417136e-09 
  2027.0   2.3822311635330445e-09 
  2028.0   2.5268634768900895e-09 
  2029.0   2.6658745924401e-09 
  2030.0   2.8362642432889637e-09 
  2031.0   2.714479182476945e-09 
  2032.0   2.221179870421711e-09 
  2033.0   2.7428557912693416e-09 
  2034.0   2.3644157247840805e-09 
  2035.0   2.529916920986097e-09 
  2036.0   2.8648503701329824e-09 
  2037.0   2.6802496317521777e-09 
  2038.0   2.8845651133792735e-09 
  2039.0   2.7883469918096998e-09 
  2040.0   2.3740016519551845e-09 
  2041.0   2.81027903743838e-09 
  2042.0   2.5707724157725105e-09 
  2043.0   2.366279581605144e-09 
  2044.0   2.6020133963698654e-09 
  2045.0   2.3224303251167316e-09 
  2046.0   2.212248205636665e-09 
  2047.0   2.7475884898034984e-09 
  2048.0   2.4420333293385072e-09 
  2049.0   2.603024105165618e-09 
  2050.0   2.7396273000609727e-09 
  2051.0   2.862089983786783e-09 
  2052.0   2.661358825774334e-09 
  2053.0   2.5283369459661163e-09 
  2054.0   2.5921220079185886e-09 
  2055.0   2.3821903166713886e-09 
  2056.0   2.7330756344659667e-09 
  2057.0   2.8821222288967356e-09 
  2058.0   3.0609881006252327e-09 
  2059.0   2.7436823886860983e-09 
  2060.0   2.697316378430154e-09 
  2061.0   2.4983255881458043e-09 
  2062.0   2.736365027514118e-09 
  2063.0   2.6925261272616868e-09 
  2064.0   2.6164605836714527e-09 
  2065.0   2.9167282699926013e-09 
  2066.0   2.7208416537775486e-09 
  2067.0   2.798291424598888e-09 
  2068.0   2.8068319715818744e-09 
  2069.0   2.9885172934773946e-09 
  2070.0   3.005237894352601e-09 
  2071.0   2.947988381938961e-09 
  2072.0   2.534099255693872e-09 
  2073.0   2.7574930770610838e-09 
  2074.0   2.5575026453296613e-09 
  2075.0   2.776129318942525e-09 
  2076.0   2.6217825806860387e-09 
  2077.0   2.7970163829128255e-09 
  2078.0   2.6118517173575037e-09 
  2079.0   2.899684632038785e-09 
  2080.0   2.98901086600225e-09 
  2081.0   2.7549447600541697e-09 
  2082.0   2.8847617644339047e-09 
  2083.0   2.9787850076674426e-09 
  2084.0   2.909591782196146e-09 
  2085.0   3.171669403517711e-09 
  2086.0   3.204618360493864e-09 
  2087.0   3.2158706481674833e-09 
  2088.0   3.2563894603511715e-09 
  2089.0   3.1409724958411895e-09 
  2090.0   3.287465833159402e-09 
  2091.0   3.1192080252883103e-09 
  2092.0   2.8914072376865716e-09 
  2093.0   3.1246841585868297e-09 
  2094.0   3.057739877324963e-09 
  2095.0   3.087346880474201e-09 
  2096.0   2.820719315817077e-09 
  2097.0   3.03034929162027e-09 
  2098.0   3.2529339628913293e-09 
  2099.0   2.934648724545578e-09 
  2100.0   2.942046682247645e-09 
