  2015.0   1.8116974924104627 
  2016.0   1.7377727477288434 
  2017.0   1.7751262614479777 
  2018.0   1.8435197446563059 
  2019.0   1.7352641519452259 
  2020.0   1.642752730186761 
  2021.0   1.7168399275277428 
  2022.0   1.7979084235777587 
  2023.0   1.8661132573595283 
  2024.0   1.8306087593268126 
  2025.0   1.8651741219932725 
  2026.0   1.8176475231155402 
  2027.0   1.81561605589237 
  2028.0   1.7498513484786413 
  2029.0   1.8299390827915383 
  2030.0   1.91988417435792 
  2031.0   1.8782930184789053 
  2032.0   1.7916169916024647 
  2033.0   1.8681154300994296 
  2034.0   1.9047507124043883 
  2035.0   1.8526438975245383 
  2036.0   1.9008702473820593 
  2037.0   1.9646900915408996 
  2038.0   1.9501462728536583 
  2039.0   2.003926404699617 
  2040.0   1.840578240902854 
  2041.0   1.8737256391300605 
  2042.0   1.8799808820709307 
  2043.0   1.9074936660584798 
  2044.0   1.853780536443441 
  2045.0   1.8704873345640534 
  2046.0   1.8067268695943723 
  2047.0   1.8317117816547503 
  2048.0   1.9311848055680239 
  2049.0   1.946284434076398 
  2050.0   2.037319983640018 
  2051.0   1.9236385547421215 
  2052.0   1.897121354225221 
  2053.0   1.9595969562027773 
  2054.0   1.9624869343874132 
  2055.0   1.858653293982407 
  2056.0   1.8689446889887442 
  2057.0   2.086453881984494 
  2058.0   2.04946727740375 
  2059.0   1.9815155190096243 
  2060.0   2.0334623994070324 
  2061.0   1.9265188515337608 
  2062.0   1.9063377176037795 
  2063.0   2.0498504069990666 
  2064.0   1.925070812673774 
  2065.0   1.9106321808676572 
  2066.0   2.015085635482772 
  2067.0   2.0120797638632597 
  2068.0   1.9790368975387767 
  2069.0   2.0475461462817255 
  2070.0   2.037669492298437 
  2071.0   1.9532815161910415 
  2072.0   1.9512049118921042 
  2073.0   1.9676801950726 
  2074.0   1.9294312701735428 
  2075.0   1.8949498547567831 
  2076.0   1.8930419099041396 
  2077.0   1.9374628380158492 
  2078.0   1.844999263148792 
  2079.0   1.9273657765396783 
  2080.0   1.961017609012317 
  2081.0   1.8985384716573799 
  2082.0   1.9346235176303328 
  2083.0   1.9377398575443958 
  2084.0   1.948122546043978 
  2085.0   2.0179542890993964 
  2086.0   2.076497034356822 
  2087.0   2.0360899992146995 
  2088.0   2.0287220868642213 
  2089.0   2.041328333191417 
  2090.0   2.0821147097832275 
  2091.0   1.9802977658830263 
  2092.0   1.9426652314550334 
  2093.0   2.0127624499962926 
  2094.0   1.9628737514948507 
  2095.0   1.970184260028492 
  2096.0   2.0357878907621503 
  2097.0   1.992030093701657 
  2098.0   1.998311824809928 
  2099.0   2.0608937518388086 
  2100.0   1.8682890647815904 
