  2015.0   4.171705638268799e-10 
  2016.0   4.769445068751017e-10 
  2017.0   4.828416780103073e-10 
  2018.0   5.297248516482587e-10 
  2019.0   4.917882143626044e-10 
  2020.0   4.876251652390965e-10 
  2021.0   5.576999166851352e-10 
  2022.0   5.105481689568044e-10 
  2023.0   4.947874182863964e-10 
  2024.0   4.779932884090507e-10 
  2025.0   5.293152106276822e-10 
  2026.0   4.5765205187537137e-10 
  2027.0   4.6017246216075315e-10 
  2028.0   4.422005172707734e-10 
  2029.0   5.134929359274015e-10 
  2030.0   5.691183271226787e-10 
  2031.0   4.481653364064478e-10 
  2032.0   4.742912661340822e-10 
  2033.0   5.11529778485662e-10 
  2034.0   4.66816187852038e-10 
  2035.0   4.933528848685699e-10 
  2036.0   4.591491047243934e-10 
  2037.0   3.9931479049275446e-10 
  2038.0   4.446893457233011e-10 
  2039.0   4.397509335397667e-10 
  2040.0   4.487128357973066e-10 
  2041.0   4.2011504960233397e-10 
  2042.0   4.412960347124743e-10 
  2043.0   4.059781039282004e-10 
  2044.0   4.1812402054442616e-10 
  2045.0   4.1672385410001017e-10 
  2046.0   4.3969568373423975e-10 
  2047.0   4.5113743702415015e-10 
  2048.0   4.716274258207693e-10 
  2049.0   4.288484067428642e-10 
  2050.0   4.3823330619919045e-10 
  2051.0   4.5820530421275886e-10 
  2052.0   4.5953334508935244e-10 
  2053.0   5.048330179768969e-10 
  2054.0   5.033999767687323e-10 
  2055.0   4.999384491461757e-10 
  2056.0   4.199801557529647e-10 
  2057.0   4.2165853948043305e-10 
  2058.0   4.0935019572143165e-10 
  2059.0   4.2078091937567244e-10 
  2060.0   4.816820951126888e-10 
  2061.0   4.6474819467318114e-10 
  2062.0   4.45702856399197e-10 
  2063.0   4.142683736897464e-10 
  2064.0   3.8853474356208045e-10 
  2065.0   3.8451371401478566e-10 
  2066.0   4.100879896768705e-10 
  2067.0   4.772716949365839e-10 
  2068.0   4.3343932400248956e-10 
  2069.0   4.336532340280047e-10 
  2070.0   3.74280570294498e-10 
  2071.0   3.7905613721531617e-10 
  2072.0   4.151062981702021e-10 
  2073.0   3.5876324037116475e-10 
  2074.0   3.892448318044505e-10 
  2075.0   3.333151081194215e-10 
  2076.0   3.8828601275967684e-10 
  2077.0   3.7588972850390905e-10 
  2078.0   3.625267117047726e-10 
  2079.0   3.971935258492941e-10 
  2080.0   3.3404689404288335e-10 
  2081.0   3.377768093557519e-10 
  2082.0   3.696145227300199e-10 
  2083.0   3.7468354342319545e-10 
  2084.0   3.48005041111593e-10 
  2085.0   3.7408002718744193e-10 
  2086.0   3.4956321447164204e-10 
  2087.0   3.6468282479649356e-10 
  2088.0   3.169534960332928e-10 
  2089.0   3.055443550814407e-10 
  2090.0   3.641707362668195e-10 
  2091.0   3.14538769086256e-10 
  2092.0   3.6708416322164976e-10 
  2093.0   3.2956118102539023e-10 
  2094.0   3.0226175542298843e-10 
  2095.0   3.372843919304671e-10 
  2096.0   3.3507227648014966e-10 
  2097.0   3.671876104407654e-10 
  2098.0   2.5830225227634513e-10 
  2099.0   3.1344421943877055e-10 
  2100.0   2.6973878378241574e-10 
