  2015.0   2.617127699735239 
  2016.0   2.850921884177192 
  2017.0   2.9118135803574368 
  2018.0   2.947969405851067 
  2019.0   2.8019425037130112 
  2020.0   3.081102283115058 
  2021.0   3.1702496477070325 
  2022.0   2.9490710588225095 
  2023.0   3.0333939449810954 
  2024.0   2.5759495372694468 
  2025.0   3.0187081056817915 
  2026.0   3.032036039487833 
  2027.0   2.897333907108713 
  2028.0   2.6044566847280928 
  2029.0   2.895459672305017 
  2030.0   2.9824470662140024 
  2031.0   2.458043174022706 
  2032.0   3.1752742271490524 
  2033.0   2.858115477907838 
  2034.0   2.736118262811822 
  2035.0   2.465687913437997 
  2036.0   2.8142945610900103 
  2037.0   2.9192308584643456 
  2038.0   2.7270018104876024 
  2039.0   2.816490609817221 
  2040.0   3.312738670976922 
  2041.0   3.060336206814767 
  2042.0   2.7811877266041125 
  2043.0   2.4759297509412512 
  2044.0   2.919162964674107 
  2045.0   2.893462719702296 
  2046.0   2.8640059738253485 
  2047.0   3.134334497781129 
  2048.0   3.1416899157124476 
  2049.0   3.1301979637766855 
  2050.0   3.0559275244510697 
  2051.0   2.6507307403190103 
  2052.0   3.136279441863081 
  2053.0   3.146530612938324 
  2054.0   3.109354085227344 
  2055.0   3.2605979055608154 
  2056.0   2.9156754084174294 
  2057.0   3.0185251362732712 
  2058.0   2.733802966113912 
  2059.0   2.974965656778195 
  2060.0   3.0218828592898936 
  2061.0   2.8351956121416655 
  2062.0   3.4626189627470407 
  2063.0   3.248250045452867 
  2064.0   2.881974833699299 
  2065.0   3.1420763473447297 
  2066.0   3.3038532427122687 
  2067.0   2.769470183924578 
  2068.0   3.11231379819879 
  2069.0   3.1448495192764083 
  2070.0   2.6938516968956767 
  2071.0   3.085510239072112 
  2072.0   3.26046695595946 
  2073.0   3.4686638373815692 
  2074.0   3.112325849113087 
  2075.0   3.1528203464573656 
  2076.0   3.07680452360766 
  2077.0   2.8823864819362894 
  2078.0   3.210432398673866 
  2079.0   2.7581602011797375 
  2080.0   3.1924950974536297 
  2081.0   2.7293588262491926 
  2082.0   2.9565797840182704 
  2083.0   3.1185684838479375 
  2084.0   3.0553057885587735 
  2085.0   3.101099294190241 
  2086.0   2.936845237827071 
  2087.0   3.2577849166198276 
  2088.0   3.2298640708817197 
  2089.0   2.912229807295769 
  2090.0   2.8688085644704087 
  2091.0   3.373394090659791 
  2092.0   2.9895817541864225 
  2093.0   3.220234722923922 
  2094.0   2.8601150203227568 
  2095.0   3.0180514441084245 
  2096.0   2.922891033501608 
  2097.0   3.3657704763725214 
  2098.0   3.2757536803437706 
  2099.0   2.9139149640145714 
  2100.0   3.030167553880185 
