  2015.0   283.63168865741466 
  2016.0   282.9092504950929 
  2017.0   282.8992275205713 
  2018.0   283.28377787899547 
  2019.0   282.345541352112 
  2020.0   283.2966297787127 
  2021.0   283.39112983148465 
  2022.0   283.6131178308166 
  2023.0   283.84891070226996 
  2024.0   283.05899216887633 
  2025.0   283.2286333220023 
  2026.0   283.5129141908385 
  2027.0   283.03884653045515 
  2028.0   283.3477145623018 
  2029.0   282.45526884787535 
  2030.0   282.86725879065455 
  2031.0   283.1121953715898 
  2032.0   282.5947980191274 
  2033.0   283.09613760418983 
  2034.0   283.3191783873368 
  2035.0   283.065984185827 
  2036.0   283.78712708739505 
  2037.0   282.5278570761044 
  2038.0   282.914913970833 
  2039.0   283.38157707982356 
  2040.0   283.1517022494816 
  2041.0   282.54746831707916 
  2042.0   283.9277632786997 
  2043.0   283.63854633588727 
  2044.0   283.51381798350775 
  2045.0   283.72776626300566 
  2046.0   283.9125363105973 
  2047.0   283.72519465818084 
  2048.0   283.4455462782528 
  2049.0   283.1129891512603 
  2050.0   283.34730469883294 
  2051.0   283.4540770253825 
  2052.0   283.983623977029 
  2053.0   283.25348013476804 
  2054.0   283.00847712467555 
  2055.0   284.04848650676655 
  2056.0   283.01188956650213 
  2057.0   283.1162699450681 
  2058.0   283.13194980726206 
  2059.0   283.61650701975685 
  2060.0   283.5001088657501 
  2061.0   283.84676268193493 
  2062.0   283.2939210298862 
  2063.0   284.43038826206373 
  2064.0   283.51574909619717 
  2065.0   283.9941108338534 
  2066.0   283.18164293326964 
  2067.0   283.45287004293016 
  2068.0   284.0887962244685 
  2069.0   284.1216074250651 
  2070.0   283.5326247887015 
  2071.0   283.7591358448497 
  2072.0   283.5641333714544 
  2073.0   283.44159503046535 
  2074.0   282.1369078098695 
  2075.0   283.86191164863584 
  2076.0   283.38549325437333 
  2077.0   283.2869216035578 
  2078.0   283.2367858435523 
  2079.0   283.4273386265849 
  2080.0   283.1136192254053 
  2081.0   283.465053386511 
  2082.0   283.7000238114417 
  2083.0   283.8327383901424 
  2084.0   284.3563067052465 
  2085.0   283.28660080946395 
  2086.0   283.4522361519819 
  2087.0   282.50666219657865 
  2088.0   283.3792439072843 
  2089.0   283.5858195018712 
  2090.0   283.376167393012 
  2091.0   282.84486657821907 
  2092.0   283.6812700645926 
  2093.0   283.67068757027033 
  2094.0   283.75203194227106 
  2095.0   283.83385108739503 
  2096.0   283.578841864453 
  2097.0   283.67452067459413 
  2098.0   282.73196935398914 
  2099.0   282.13032997844755 
  2100.0   283.5843645615506 
