  2015.0   5.0114692734989275 
  2016.0   4.950700221209647 
  2017.0   5.092402755514892 
  2018.0   5.243290173410615 
  2019.0   4.899587967836168 
  2020.0   4.659065828121041 
  2021.0   4.802436874269267 
  2022.0   5.21369644836317 
  2023.0   4.981220320732499 
  2024.0   5.349592729087391 
  2025.0   5.212472288741284 
  2026.0   5.415590017211212 
  2027.0   5.156065753448627 
  2028.0   5.309017186767034 
  2029.0   5.229325816003673 
  2030.0   5.2345291916657555 
  2031.0   5.212127757541319 
  2032.0   5.104220583770033 
  2033.0   5.251788712925996 
  2034.0   5.21125238869708 
  2035.0   5.266962101944278 
  2036.0   5.540941814839315 
  2037.0   5.264081224117988 
  2038.0   5.458735595064219 
  2039.0   5.614815498475844 
  2040.0   5.6782075613490175 
  2041.0   5.393179550653919 
  2042.0   5.500235971606775 
  2043.0   5.382191197733849 
  2044.0   5.297150753110615 
  2045.0   5.1005158051913595 
  2046.0   5.23327877278294 
  2047.0   5.281884106337433 
  2048.0   5.654877801538437 
  2049.0   5.682453182452184 
  2050.0   5.169498551566436 
  2051.0   5.43315275376043 
  2052.0   5.343582009303456 
  2053.0   5.560191116053354 
  2054.0   5.313098849536397 
  2055.0   5.129604561858611 
  2056.0   5.240730175368724 
  2057.0   4.90618600038229 
  2058.0   5.212338871593451 
  2059.0   5.314992534638178 
  2060.0   5.204160735817243 
  2061.0   5.344087567269084 
  2062.0   5.312007577996583 
  2063.0   5.374366228754579 
  2064.0   5.512934061018424 
  2065.0   5.562578057692273 
  2066.0   5.348394983908543 
  2067.0   5.2735267238941645 
  2068.0   5.30263415853031 
  2069.0   5.198176000450952 
  2070.0   5.217176274979477 
  2071.0   5.251086137570301 
  2072.0   4.930023978688496 
  2073.0   5.205303764172999 
  2074.0   5.31603120066923 
  2075.0   5.141750256844578 
  2076.0   5.605959453686183 
  2077.0   5.3083799493543955 
  2078.0   5.06596051265289 
  2079.0   5.367320448411948 
  2080.0   5.104017941729052 
  2081.0   4.807500706812541 
  2082.0   5.040924462606953 
  2083.0   5.096169712928623 
  2084.0   5.341337046945451 
  2085.0   5.160476417679585 
  2086.0   5.5038392937650675 
  2087.0   5.403774173556081 
  2088.0   5.235552247283594 
  2089.0   5.136414466370935 
  2090.0   5.139575852817375 
  2091.0   5.271741728518666 
  2092.0   5.253867286337786 
  2093.0   5.252463079794628 
  2094.0   5.1746955394564145 
  2095.0   4.984628467299253 
  2096.0   5.116037149661454 
  2097.0   5.104790937708766 
  2098.0   4.995322506867636 
  2099.0   5.1915055652921405 
  2100.0   4.6932279785015405 
