  2015.0   4.765330028328495e-10 
  2016.0   8.344185392549768e-10 
  2017.0   9.373157524381567e-10 
  2018.0   2.462908493272043e-10 
  2019.0   1.28503229028797e-09 
  2020.0   1.6266884523370966e-10 
  2021.0   9.549163653601731e-10 
  2022.0   1.266387520157839e-09 
  2023.0   1.5112001390648265e-09 
  2024.0   1.8321397245481735e-10 
  2025.0   1.5596004442725952e-09 
  2026.0   4.965078943279731e-10 
  2027.0   1.1831058716396273e-09 
  2028.0   1.2994136898118088e-09 
  2029.0   1.7941290743078943e-09 
  2030.0   1.3301412815239558e-09 
  2031.0   5.499958230790331e-10 
  2032.0   7.451991926569436e-10 
  2033.0   2.9401937975241743e-09 
  2034.0   3.861727759045379e-10 
  2035.0   9.521276438842045e-10 
  2036.0   2.9841985343446052e-09 
  2037.0   1.3576926501165468e-09 
  2038.0   9.77036464072039e-10 
  2039.0   1.270367722629879e-09 
  2040.0   5.437467928333809e-10 
  2041.0   1.913415398763158e-09 
  2042.0   1.2593828212772024e-09 
  2043.0   1.0130528576465252e-09 
  2044.0   1.7857713584606113e-09 
  2045.0   1.67833821147279e-09 
  2046.0   2.0594861803807358e-09 
  2047.0   1.0525550292077158e-09 
  2048.0   1.2712805457402773e-09 
  2049.0   1.1262659167287727e-09 
  2050.0   1.1487397147414312e-09 
  2051.0   1.774334438321437e-09 
  2052.0   1.7834771680925794e-10 
  2053.0   1.6420731021251863e-09 
  2054.0   9.43351605016831e-10 
  2055.0   5.990135143264902e-10 
  2056.0   1.1685622436759408e-09 
  2057.0   5.239207005302164e-10 
  2058.0   1.496372491543005e-09 
  2059.0   5.909998368905809e-10 
  2060.0   1.3268210186576463e-09 
  2061.0   7.967456637723129e-10 
  2062.0   1.8496275139188749e-09 
  2063.0   5.483503375685791e-10 
  2064.0   1.6141026118279346e-09 
  2065.0   8.155688327188923e-10 
  2066.0   1.094327557699073e-09 
  2067.0   -1.487617913904486e-10 
  2068.0   1.6109141616411347e-09 
  2069.0   1.3580622460794969e-09 
  2070.0   7.524760171681241e-10 
  2071.0   1.02604224704625e-10 
  2072.0   8.780544920612005e-10 
  2073.0   -2.1990310405869603e-10 
  2074.0   3.508157637852258e-10 
  2075.0   8.097723370156959e-10 
  2076.0   8.13062251878126e-10 
  2077.0   5.477421701444725e-10 
  2078.0   6.738131453889607e-11 
  2079.0   1.515804120970619e-09 
  2080.0   9.930467016800125e-10 
  2081.0   -6.867893891178851e-11 
  2082.0   -3.0547571861655694e-10 
  2083.0   9.449630642255312e-10 
  2084.0   -1.1052099145782484e-09 
  2085.0   4.174853597803424e-10 
  2086.0   3.151513067194762e-11 
  2087.0   -5.117232454443004e-10 
  2088.0   1.7646874387496818e-09 
  2089.0   7.802652470164759e-10 
  2090.0   -3.8605508057053776e-10 
  2091.0   -1.841684906670446e-10 
  2092.0   1.0555871213899933e-09 
  2093.0   2.06036406101717e-10 
  2094.0   1.9653488113504973e-10 
  2095.0   -8.333383422700312e-10 
  2096.0   -6.157737323316097e-10 
  2097.0   5.704177305303592e-10 
  2098.0   1.7862794525053923e-10 
  2099.0   -4.663131394635764e-10 
  2100.0   1.497356275960322e-10 
