  2015.0   0.276009397991157 
  2016.0   0.2757241387396219 
  2017.0   0.27613701351696424 
  2018.0   0.27673370630321725 
  2019.0   0.2781597166063239 
  2020.0   0.27966692913934155 
  2021.0   0.28166267361358227 
  2022.0   0.28344816882402574 
  2023.0   0.2857003646034157 
  2024.0   0.2883325868387104 
  2025.0   0.29092336372199273 
  2026.0   0.2938602259580633 
  2027.0   0.29690313283248054 
  2028.0   0.29917161422801297 
  2029.0   0.30193329883630615 
  2030.0   0.3048410442732928 
  2031.0   0.3078367256380459 
  2032.0   0.31036825437820076 
  2033.0   0.312961828572642 
  2034.0   0.3156214757925747 
  2035.0   0.31844872481882225 
  2036.0   0.3213449516968599 
  2037.0   0.3241526500055174 
  2038.0   0.326949815755564 
  2039.0   0.3294561434544519 
  2040.0   0.33213036554489844 
  2041.0   0.33555329243135756 
  2042.0   0.33865086057288873 
  2043.0   0.34140333833292014 
  2044.0   0.3438863133403174 
  2045.0   0.34644678537393714 
  2046.0   0.3481153736087838 
  2047.0   0.3494882251083385 
  2048.0   0.35121447789535215 
  2049.0   0.3525364484618591 
  2050.0   0.3542344219722806 
  2051.0   0.3559380071148141 
  2052.0   0.3575962972626812 
  2053.0   0.3595853339358724 
  2054.0   0.361388926000148 
  2055.0   0.3633397849892208 
  2056.0   0.3672650915376409 
  2057.0   0.3703471294850546 
  2058.0   0.3730994513245175 
  2059.0   0.3757199254821638 
  2060.0   0.37783677677779653 
  2061.0   0.38140202029138165 
  2062.0   0.38403117197325226 
  2063.0   0.3863233554571189 
  2064.0   0.38840647543251544 
  2065.0   0.3899032726006045 
  2066.0   0.3909054427348662 
  2067.0   0.39161058801183024 
  2068.0   0.3925861678647162 
  2069.0   0.39309751086820793 
  2070.0   0.3938050410684697 
  2071.0   0.39690884314140734 
  2072.0   0.40073936394743154 
  2073.0   0.4041616601866798 
  2074.0   0.4076887549094988 
  2075.0   0.4107030513697472 
  2076.0   0.41440890159110993 
  2077.0   0.4172058792559954 
  2078.0   0.41982638075673445 
  2079.0   0.42175856494002595 
  2080.0   0.4227123999740263 
  2081.0   0.4228887781079087 
  2082.0   0.42305396130040474 
  2083.0   0.4229818957305397 
  2084.0   0.4227410380028069 
  2085.0   0.4224975980245017 
  2086.0   0.42041824297086444 
  2087.0   0.4187929907170173 
  2088.0   0.41658402926641197 
  2089.0   0.4152055797430413 
  2090.0   0.4135202663412219 
  2091.0   0.4074309652936585 
  2092.0   0.4024261278751733 
  2093.0   0.3982125603396229 
  2094.0   0.3944115528279097 
  2095.0   0.390867570136734 
  2096.0   0.38663864206163284 
  2097.0   0.3833165411447693 
  2098.0   0.38023849768965184 
  2099.0   0.37725328406167014 
  2100.0   0.3748034908471803 
