  2015.0   1.3707709690941512e-09 
  2016.0   1.2209444015535768e-09 
  2017.0   1.6441666646760033e-09 
  2018.0   1.4147414640636219e-09 
  2019.0   1.4034646113743185e-09 
  2020.0   1.4878343257095762e-09 
  2021.0   1.4637812122524944e-09 
  2022.0   1.4465068604733112e-09 
  2023.0   1.508204244059298e-09 
  2024.0   1.4289994825820016e-09 
  2025.0   1.4472463194276765e-09 
  2026.0   1.4435317521898345e-09 
  2027.0   1.540211825773814e-09 
  2028.0   1.291970919703415e-09 
  2029.0   1.6438364454253005e-09 
  2030.0   1.6556644621383345e-09 
  2031.0   1.303703226167283e-09 
  2032.0   1.556643404270178e-09 
  2033.0   1.6309870401795648e-09 
  2034.0   1.3870016104738889e-09 
  2035.0   1.5836357304551298e-09 
  2036.0   1.4514999008428153e-09 
  2037.0   1.4941332734392964e-09 
  2038.0   1.4843151504382684e-09 
  2039.0   1.5335956449805126e-09 
  2040.0   1.4349886067273288e-09 
  2041.0   1.4242779548828237e-09 
  2042.0   1.3585996374782641e-09 
  2043.0   1.4723833686363665e-09 
  2044.0   1.5065948127943245e-09 
  2045.0   1.5362687081650451e-09 
  2046.0   1.63203013283692e-09 
  2047.0   1.4852070467632631e-09 
  2048.0   1.5544906755602758e-09 
  2049.0   1.4399332546842794e-09 
  2050.0   1.5049626971810962e-09 
  2051.0   1.8305433315274141e-09 
  2052.0   1.7286424945658085e-09 
  2053.0   1.7146181269071394e-09 
  2054.0   1.7031266730322398e-09 
  2055.0   1.9364255536933126e-09 
  2056.0   1.6101598767071098e-09 
  2057.0   1.8505706631198961e-09 
  2058.0   1.6976086240027937e-09 
  2059.0   1.7906200912434338e-09 
  2060.0   1.6244994600004177e-09 
  2061.0   1.7109850825685005e-09 
  2062.0   1.7469715897597616e-09 
  2063.0   1.587455625832456e-09 
  2064.0   1.7145370798960515e-09 
  2065.0   1.6966673203449382e-09 
  2066.0   1.8443120984869157e-09 
  2067.0   1.7434591941074913e-09 
  2068.0   1.6620785211367122e-09 
  2069.0   1.9383511741474857e-09 
  2070.0   1.4122017903773975e-09 
  2071.0   1.4652593139733528e-09 
  2072.0   1.6909002248149348e-09 
  2073.0   1.8117034087031048e-09 
  2074.0   1.5919943567824556e-09 
  2075.0   1.6716411812080424e-09 
  2076.0   1.774167442659108e-09 
  2077.0   1.6891464195819538e-09 
  2078.0   1.8725684130364188e-09 
  2079.0   1.6309903795528967e-09 
  2080.0   1.6734355232434272e-09 
  2081.0   1.6754662356193257e-09 
  2082.0   1.96817757357635e-09 
  2083.0   1.7837202822662583e-09 
  2084.0   1.8552347777124093e-09 
  2085.0   2.0105311091962078e-09 
  2086.0   1.75443501762093e-09 
  2087.0   1.787889280959172e-09 
  2088.0   1.8310881347597803e-09 
  2089.0   1.7219433288364699e-09 
  2090.0   1.873900863301029e-09 
  2091.0   1.896341750056068e-09 
  2092.0   1.8662524573446833e-09 
  2093.0   1.9083180650662835e-09 
  2094.0   1.5492737565281449e-09 
  2095.0   2.049229113037059e-09 
  2096.0   1.9053079351020856e-09 
  2097.0   1.736625812799413e-09 
  2098.0   1.6630604360934914e-09 
  2099.0   1.8380861728319747e-09 
  2100.0   1.7269203739840034e-09 
