  2015.0   1.6355366675298166e-09 
  2016.0   1.7343890588448011e-09 
  2017.0   1.6654525646534544e-09 
  2018.0   1.703990742756692e-09 
  2019.0   1.5077774723563036e-09 
  2020.0   1.316755857108198e-09 
  2021.0   1.5826675744927893e-09 
  2022.0   1.7882764257633831e-09 
  2023.0   1.7447834544274475e-09 
  2024.0   1.7981837085375483e-09 
  2025.0   1.9617420256021347e-09 
  2026.0   1.8432948212160803e-09 
  2027.0   1.7809140533130648e-09 
  2028.0   1.945690557059403e-09 
  2029.0   1.9255155018353905e-09 
  2030.0   1.7706230466338466e-09 
  2031.0   1.7728991445170226e-09 
  2032.0   1.7396289620897126e-09 
  2033.0   1.8138307186516983e-09 
  2034.0   1.662603394328726e-09 
  2035.0   1.6474814248827964e-09 
  2036.0   1.955682077001774e-09 
  2037.0   1.9099607567525737e-09 
  2038.0   1.8268466364013974e-09 
  2039.0   1.884031547898239e-09 
  2040.0   1.8555718589082333e-09 
  2041.0   1.8805519852813623e-09 
  2042.0   1.7818020674255626e-09 
  2043.0   1.7293342969549825e-09 
  2044.0   1.636246653969312e-09 
  2045.0   1.577104395143707e-09 
  2046.0   1.596993206880595e-09 
  2047.0   1.6783626329349904e-09 
  2048.0   1.8512415173588897e-09 
  2049.0   1.9843347471176017e-09 
  2050.0   1.7584843255615165e-09 
  2051.0   1.7423116577402097e-09 
  2052.0   1.8651644675473045e-09 
  2053.0   1.9045377040022445e-09 
  2054.0   1.9028376381782317e-09 
  2055.0   1.8309827916551332e-09 
  2056.0   1.8576304022855257e-09 
  2057.0   1.713919662150023e-09 
  2058.0   1.8279040204564145e-09 
  2059.0   1.7534188506838254e-09 
  2060.0   1.7733506557505717e-09 
  2061.0   1.7578074640013475e-09 
  2062.0   1.6902170016693117e-09 
  2063.0   1.8222171258171348e-09 
  2064.0   1.878813131841816e-09 
  2065.0   2.037829975928164e-09 
  2066.0   1.91864013678514e-09 
  2067.0   1.922241254793425e-09 
  2068.0   1.957133406079881e-09 
  2069.0   1.8943574880136067e-09 
  2070.0   1.7334550895960536e-09 
  2071.0   1.6739966635192337e-09 
  2072.0   1.518801647731388e-09 
  2073.0   1.7057153503195785e-09 
  2074.0   1.7169530354879614e-09 
  2075.0   1.8210684394630902e-09 
  2076.0   2.0409726036299624e-09 
  2077.0   2.019857902131686e-09 
  2078.0   1.917650448457943e-09 
  2079.0   1.934706013976931e-09 
  2080.0   1.993996902860891e-09 
  2081.0   1.8527943599094359e-09 
  2082.0   1.8134571988527497e-09 
  2083.0   1.8754358791378108e-09 
  2084.0   1.848338726569909e-09 
  2085.0   1.9307087924874794e-09 
  2086.0   2.09254594065193e-09 
  2087.0   2.1879568367401407e-09 
  2088.0   1.955981192782804e-09 
  2089.0   2.0088338784790393e-09 
  2090.0   2.0012261635211796e-09 
  2091.0   1.99019995476501e-09 
  2092.0   1.851547709007937e-09 
  2093.0   1.8492438836887822e-09 
  2094.0   1.894224848998862e-09 
  2095.0   1.968683191814588e-09 
  2096.0   2.000979924425133e-09 
  2097.0   1.8621291946371747e-09 
  2098.0   1.7774549147305333e-09 
  2099.0   1.6393088237565933e-09 
  2100.0   1.4681392017835156e-09 
