  2015.0   282.6126732755056 
  2016.0   281.4717044112519 
  2017.0   282.4678975576392 
  2018.0   282.3575169767898 
  2019.0   281.7752826149059 
  2020.0   282.9776771433951 
  2021.0   281.77871077482996 
  2022.0   281.71181740928574 
  2023.0   282.0570511234686 
  2024.0   282.4331180671853 
  2025.0   283.0824012484922 
  2026.0   282.7720667866345 
  2027.0   282.74072748197165 
  2028.0   283.66843106210916 
  2029.0   283.1711186176063 
  2030.0   283.312781485861 
  2031.0   282.6010935067687 
  2032.0   282.1301010358434 
  2033.0   282.9154765559658 
  2034.0   281.8614070850791 
  2035.0   282.89923614461634 
  2036.0   283.21839640339607 
  2037.0   282.6590958023344 
  2038.0   283.6158367297225 
  2039.0   282.96641801168676 
  2040.0   282.91228904423804 
  2041.0   283.77453374986015 
  2042.0   283.38456603019415 
  2043.0   282.2437281857842 
  2044.0   282.74075329310557 
  2045.0   283.0048430249416 
  2046.0   283.4693244583942 
  2047.0   283.60681432924355 
  2048.0   282.482718991765 
  2049.0   283.08556188168785 
  2050.0   282.44002914171585 
  2051.0   284.0636916674494 
  2052.0   283.1400801958322 
  2053.0   283.81141962880463 
  2054.0   282.84248772577547 
  2055.0   282.09705124061776 
  2056.0   281.9306341060491 
  2057.0   283.1213124507277 
  2058.0   282.48605496882135 
  2059.0   282.71343748238655 
  2060.0   282.8888086953069 
  2061.0   283.6677606818005 
  2062.0   283.72036109830935 
  2063.0   282.19311640088847 
  2064.0   282.34661947846223 
  2065.0   283.10706304103775 
  2066.0   282.2772883096929 
  2067.0   282.3687965768055 
  2068.0   282.80523627749125 
  2069.0   282.86295265335497 
  2070.0   283.123563065424 
  2071.0   282.931170494071 
  2072.0   282.1639308074614 
  2073.0   282.24033957993987 
  2074.0   283.09234455386655 
  2075.0   282.23923943327463 
  2076.0   283.470580579839 
  2077.0   283.0273664170586 
  2078.0   282.8564228037844 
  2079.0   282.1586569203325 
  2080.0   283.5474875873109 
  2081.0   282.89794887912745 
  2082.0   282.66170902795415 
  2083.0   283.16564299541125 
  2084.0   282.8383602440219 
  2085.0   282.28344201092386 
  2086.0   283.0061259979412 
  2087.0   282.81926322592557 
  2088.0   282.6865656655917 
  2089.0   282.92129645628575 
  2090.0   282.6940663718351 
  2091.0   283.6886211317905 
  2092.0   281.8967091878571 
  2093.0   282.4608355397017 
  2094.0   283.6529724838603 
  2095.0   282.63074407325985 
  2096.0   283.1497204971501 
  2097.0   282.39332267055113 
  2098.0   282.0063041126789 
  2099.0   282.90707814861094 
  2100.0   282.92441339453904 
