  2015.0   26.248131812200494 
  2016.0   26.34168870288592 
  2017.0   26.504261411239646 
  2018.0   26.657572786675985 
  2019.0   26.85014514915331 
  2020.0   26.99550342559722 
  2021.0   27.055744619115057 
  2022.0   27.255386246857377 
  2023.0   27.37317322297795 
  2024.0   27.656522740165226 
  2025.0   27.793930061727973 
  2026.0   27.951598113411592 
  2027.0   28.10072825755109 
  2028.0   28.298650599953508 
  2029.0   28.48975419533528 
  2030.0   28.80142882807886 
  2031.0   28.908347776164277 
  2032.0   28.95499009831252 
  2033.0   28.95708254147296 
  2034.0   29.013087736269146 
  2035.0   29.085456477703545 
  2036.0   29.122187417502754 
  2037.0   29.216972053729577 
  2038.0   29.321510993537196 
  2039.0   29.35126430430577 
  2040.0   29.378955217253278 
  2041.0   29.317442697906614 
  2042.0   29.384378379238434 
  2043.0   29.47487710626701 
  2044.0   29.43235358595593 
  2045.0   29.462764914486904 
  2046.0   29.503985561570957 
  2047.0   29.757374492698464 
  2048.0   29.881376207439192 
  2049.0   29.890781827102096 
  2050.0   29.799996027457954 
  2051.0   29.83019537884654 
  2052.0   29.88142083291278 
  2053.0   30.052278678846086 
  2054.0   30.132743626164842 
  2055.0   30.18568769571986 
  2056.0   30.31331162102074 
  2057.0   30.390524808764354 
  2058.0   30.392363920903374 
  2059.0   30.253339946063253 
  2060.0   30.177627931329784 
  2061.0   30.069944036664175 
  2062.0   30.053512996472392 
  2063.0   30.132140305287965 
  2064.0   30.169229185759832 
  2065.0   30.153561665965572 
  2066.0   30.041586106080146 
  2067.0   30.052829566153168 
  2068.0   30.07535663573551 
  2069.0   30.006535528338908 
  2070.0   30.115168094097292 
  2071.0   30.135725675615664 
  2072.0   30.14660338940168 
  2073.0   29.943856537290515 
  2074.0   29.84485164406429 
  2075.0   29.988731228693077 
  2076.0   29.920109925548967 
  2077.0   29.663488780701492 
  2078.0   29.5067715014059 
  2079.0   29.438032951720825 
  2080.0   29.300486777783775 
  2081.0   29.25357841543264 
  2082.0   29.324534249135116 
  2083.0   29.208750389421812 
  2084.0   29.072590691605434 
  2085.0   28.954678159091667 
  2086.0   28.910674291093002 
  2087.0   28.991790750982865 
  2088.0   29.055352727554304 
  2089.0   29.189855551107698 
  2090.0   29.20113368428955 
  2091.0   29.048930058238703 
  2092.0   29.06659942671424 
  2093.0   29.005471446584405 
  2094.0   28.92603830537389 
  2095.0   28.789442354056273 
  2096.0   28.74893600197711 
  2097.0   28.87153857391253 
  2098.0   28.972889687811122 
  2099.0   29.250757652360875 
  2100.0   29.332688756858058 
