  2015.0   1.6530536964195792 
  2016.0   1.775637580440902 
  2017.0   1.7742478696567083 
  2018.0   1.6518579150282828 
  2019.0   1.7567481230736686 
  2020.0   1.6971077049426908 
  2021.0   1.7240008264974198 
  2022.0   1.5609939375486623 
  2023.0   1.76859176228811 
  2024.0   1.8310558385100397 
  2025.0   1.7788109305608224 
  2026.0   1.8367886327775398 
  2027.0   1.7701584369600063 
  2028.0   1.8301345618918123 
  2029.0   1.7816962649378785 
  2030.0   1.8502476298481196 
  2031.0   1.8617550913713576 
  2032.0   1.691739926489714 
  2033.0   1.7610710898802793 
  2034.0   1.7603546396029088 
  2035.0   1.8384215575794547 
  2036.0   1.7270556205136036 
  2037.0   1.7530939238751697 
  2038.0   1.7640535090697678 
  2039.0   1.6390500066443936 
  2040.0   1.856836948462773 
  2041.0   1.759903872505745 
  2042.0   1.8282422063236567 
  2043.0   1.8776695835261221 
  2044.0   1.6865811920144915 
  2045.0   1.9126124775163773 
  2046.0   1.749874427194786 
  2047.0   1.747433185467449 
  2048.0   1.8069371967014307 
  2049.0   1.8362507861711101 
  2050.0   1.840741697451674 
  2051.0   1.6981396431887525 
  2052.0   1.7425040855728509 
  2053.0   1.6975603222745919 
  2054.0   1.6973130969813477 
  2055.0   1.702329221690538 
  2056.0   1.7303558447355731 
  2057.0   1.7450991018221762 
  2058.0   1.7746704290400648 
  2059.0   1.749070344649156 
  2060.0   1.8036511644127704 
  2061.0   1.779105995587613 
  2062.0   1.8070697842081227 
  2063.0   1.8647533841618842 
  2064.0   1.8565982735158786 
  2065.0   1.7335216182162059 
  2066.0   1.69900113860917 
  2067.0   1.8771888077623278 
  2068.0   1.7743407355597736 
  2069.0   1.8599659648796618 
  2070.0   1.7872448587518108 
  2071.0   1.7389101589925784 
  2072.0   1.8559046353083108 
  2073.0   1.771316129809569 
  2074.0   1.6343877885422027 
  2075.0   1.846471469144985 
  2076.0   1.6963820173901005 
  2077.0   1.7423692740037897 
  2078.0   1.7440943831250777 
  2079.0   1.794789225527377 
  2080.0   1.8445150509550732 
  2081.0   1.7200130213810563 
  2082.0   1.7164245519757513 
  2083.0   1.832273667486368 
  2084.0   1.6380756064566864 
  2085.0   1.8508027074744342 
  2086.0   1.7433375510216167 
  2087.0   1.7422178755054285 
  2088.0   1.7599170935290358 
  2089.0   1.80062578184868 
  2090.0   1.664661718376525 
  2091.0   1.8862335088186115 
  2092.0   1.7945406264874388 
  2093.0   1.66069007471038 
  2094.0   1.7711673183729642 
  2095.0   1.7201334162014252 
  2096.0   1.7234089586832588 
  2097.0   1.9393196491447044 
  2098.0   1.6457830857262623 
  2099.0   1.7979441369878337 
  2100.0   1.8511540297443747 
