  2015.0   1.75122843313377 
  2016.0   1.9288902848993312 
  2017.0   1.8612079829425747 
  2018.0   1.8385417684732848 
  2019.0   1.6591984050076438 
  2020.0   1.9444737801937648 
  2021.0   2.0708375782340647 
  2022.0   1.7054241403126646 
  2023.0   1.8627391093042533 
  2024.0   1.963811876453719 
  2025.0   1.9323872616173248 
  2026.0   1.9062952399089428 
  2027.0   2.1006574547207597 
  2028.0   2.0921365156907767 
  2029.0   1.978541955938994 
  2030.0   2.023960318963362 
  2031.0   1.8431437509958637 
  2032.0   1.9179194453720247 
  2033.0   1.964904669498282 
  2034.0   1.9480498837611704 
  2035.0   1.9095091609054295 
  2036.0   1.9139366686220007 
  2037.0   1.908203089887365 
  2038.0   1.993065675153386 
  2039.0   2.0471210594925617 
  2040.0   2.1161218337248933 
  2041.0   1.8458455638560147 
  2042.0   1.9886222466005588 
  2043.0   2.025507185385143 
  2044.0   2.116842522593091 
  2045.0   2.0382628220067107 
  2046.0   1.9706139151171844 
  2047.0   2.018134741099226 
  2048.0   1.9703401026124154 
  2049.0   2.108445424739643 
  2050.0   1.9913409584764064 
  2051.0   1.7562795365625425 
  2052.0   2.0708657134519237 
  2053.0   1.8229448159127495 
  2054.0   2.0145812843070328 
  2055.0   1.990123149600926 
  2056.0   1.8877335214022661 
  2057.0   2.143727283366167 
  2058.0   1.935549232777307 
  2059.0   2.042539700522037 
  2060.0   2.104371832694271 
  2061.0   1.7806483541405493 
  2062.0   2.1488452157148106 
  2063.0   2.091455040582588 
  2064.0   1.9502177937980847 
  2065.0   1.9767982972711649 
  2066.0   2.1948535331199652 
  2067.0   2.3023867113531784 
  2068.0   2.1309672352547393 
  2069.0   2.0119462331769866 
  2070.0   1.9236254604937988 
  2071.0   2.0268871297328586 
  2072.0   1.9329473068790906 
  2073.0   2.062415511487838 
  2074.0   1.9373000093003008 
  2075.0   2.1240513274263417 
  2076.0   2.0604559967283516 
  2077.0   2.0497213252250144 
  2078.0   2.224156886524867 
  2079.0   1.753305158681247 
  2080.0   1.899361154221034 
  2081.0   2.069305644599234 
  2082.0   2.0827971066297186 
  2083.0   2.343345684172447 
  2084.0   2.058186944299841 
  2085.0   1.9466685553459744 
  2086.0   1.9763397209105156 
  2087.0   2.0277120103604758 
  2088.0   1.8464322309564851 
  2089.0   1.895223911045827 
  2090.0   2.028124077435495 
  2091.0   2.0954959064800893 
  2092.0   1.8858891958437272 
  2093.0   1.929436787165602 
  2094.0   2.0996045663488454 
  2095.0   1.9883449307180698 
  2096.0   1.835416435784145 
  2097.0   1.9794244831275691 
  2098.0   1.7953263734826974 
  2099.0   2.057490071201794 
  2100.0   2.0735488194078395 
