  2015.0   60.1307091317544 
  2016.0   60.14874027759703 
  2017.0   60.16864194157353 
  2018.0   60.3745940054095 
  2019.0   60.52578327206347 
  2020.0   60.62119475419141 
  2021.0   60.64393244402187 
  2022.0   60.7505536326068 
  2023.0   60.86868595949096 
  2024.0   60.973888614631996 
  2025.0   61.151503611940605 
  2026.0   61.25010873960679 
  2027.0   61.40531538425507 
  2028.0   61.53431289653603 
  2029.0   61.684454345088376 
  2030.0   61.82169545581885 
  2031.0   61.989485504318054 
  2032.0   62.085322777272374 
  2033.0   62.23109424243796 
  2034.0   62.30474152746689 
  2035.0   62.33914211855451 
  2036.0   62.43664836143364 
  2037.0   62.54280578283214 
  2038.0   62.68097452662155 
  2039.0   62.77439491885151 
  2040.0   62.75792510898453 
  2041.0   62.79054769834117 
  2042.0   63.014544370384314 
  2043.0   63.187645197987045 
  2044.0   63.271507078417535 
  2045.0   63.362913062347644 
  2046.0   63.495692988373 
  2047.0   63.573277652133505 
  2048.0   63.63511526018551 
  2049.0   63.7582115676104 
  2050.0   63.933483331912015 
  2051.0   64.050639285682 
  2052.0   64.11502199496002 
  2053.0   64.08768646743766 
  2054.0   64.13536075588047 
  2055.0   64.25858687738805 
  2056.0   64.41259627987822 
  2057.0   64.62005426880818 
  2058.0   64.78825584401878 
  2059.0   64.89807209076808 
  2060.0   64.99663859737603 
  2061.0   65.0433489293896 
  2062.0   65.13244500347142 
  2063.0   65.26465182240817 
  2064.0   65.30321056921656 
  2065.0   65.46688805834434 
  2066.0   65.52649515329442 
  2067.0   65.5897222641957 
  2068.0   65.74487091956074 
  2069.0   65.78616094812601 
  2070.0   65.80216504658668 
  2071.0   65.89656983200997 
  2072.0   65.86923035187742 
  2073.0   66.00619029015263 
  2074.0   66.13559930896537 
  2075.0   66.25702779951062 
  2076.0   66.36386850746572 
  2077.0   66.43546184743701 
  2078.0   66.48723616075318 
  2079.0   66.47107345540263 
  2080.0   66.49023401588742 
  2081.0   66.5359336119759 
  2082.0   66.6239513997928 
  2083.0   66.66640320363896 
  2084.0   66.75622088098064 
  2085.0   66.75583388670505 
  2086.0   66.76352843335818 
  2087.0   66.85725842837195 
  2088.0   66.9799966715206 
  2089.0   66.9534289270418 
  2090.0   66.96608512956611 
  2091.0   66.98126269694399 
  2092.0   67.06030172943042 
  2093.0   67.10014467866617 
  2094.0   67.02889861771595 
  2095.0   67.04706964598024 
  2096.0   67.09411745804549 
  2097.0   67.16826232781625 
  2098.0   67.29692063098342 
  2099.0   67.34514670295896 
  2100.0   67.40861420954676 
