  2015.0   3.81177758288063 
  2016.0   3.7203076272610196 
  2017.0   3.758144093619175 
  2018.0   3.8162691898609054 
  2019.0   3.728771255242682 
  2020.0   3.7208355025205164 
  2021.0   3.8314239019108842 
  2022.0   3.9125812928207906 
  2023.0   3.9919747288762126 
  2024.0   3.810682760948244 
  2025.0   3.682795330289901 
  2026.0   3.8653247914438866 
  2027.0   3.847374430059904 
  2028.0   4.009416449529115 
  2029.0   3.9188216260850255 
  2030.0   3.951963652085659 
  2031.0   3.8567377280133788 
  2032.0   3.788572327840793 
  2033.0   3.852199353154094 
  2034.0   4.13236566594833 
  2035.0   3.9421890301120937 
  2036.0   4.009649291272679 
  2037.0   4.018956917564001 
  2038.0   4.162300497811941 
  2039.0   4.141222337441067 
  2040.0   4.30663698537006 
  2041.0   4.151515701902033 
  2042.0   4.174109836079173 
  2043.0   4.181386027771029 
  2044.0   3.987263265922883 
  2045.0   4.055438247354451 
  2046.0   4.15158238232165 
  2047.0   4.144852963092871 
  2048.0   4.189054710475243 
  2049.0   4.146298039695942 
  2050.0   3.988541416772809 
  2051.0   4.191101679839714 
  2052.0   4.3131492122489075 
  2053.0   4.191380813122064 
  2054.0   4.445042887003595 
  2055.0   4.476412941504414 
  2056.0   4.220348107283559 
  2057.0   4.2079950468036085 
  2058.0   4.21819616809959 
  2059.0   4.235822788137402 
  2060.0   4.557852252604426 
  2061.0   4.554066608729574 
  2062.0   4.494003177730456 
  2063.0   4.426134502220954 
  2064.0   4.491384238266128 
  2065.0   4.254114724623168 
  2066.0   4.322912143898295 
  2067.0   4.484705562470692 
  2068.0   4.274662061243052 
  2069.0   4.393688299245457 
  2070.0   4.4719034353561815 
  2071.0   4.310826349239713 
  2072.0   4.242859816307939 
  2073.0   4.57370986800706 
  2074.0   4.578465030526017 
  2075.0   4.353373722652772 
  2076.0   4.36909200736194 
  2077.0   4.519012426263339 
  2078.0   4.75908401699586 
  2079.0   4.4624926756474075 
  2080.0   4.419530165504751 
  2081.0   4.560123191072894 
  2082.0   4.686672194500484 
  2083.0   4.534135362175612 
  2084.0   4.453668618712967 
  2085.0   4.656131155984814 
  2086.0   4.573558938763913 
  2087.0   4.7393654123107956 
  2088.0   4.3725702453113575 
  2089.0   4.468586337828685 
  2090.0   4.768976400751646 
  2091.0   4.67045701894878 
  2092.0   4.414301751910353 
  2093.0   4.600666718799431 
  2094.0   4.454859213862899 
  2095.0   4.655082616921464 
  2096.0   4.487835152988109 
  2097.0   4.329915640460949 
  2098.0   4.544200624654104 
  2099.0   4.496242801024454 
  2100.0   4.62634226354438 
