  2015.0   21.791240986766258 
  2016.0   21.77326431408742 
  2017.0   21.82642319871373 
  2018.0   21.89233963752816 
  2019.0   21.826905697350856 
  2020.0   21.760114128023314 
  2021.0   21.8668771144629 
  2022.0   21.92108371428828 
  2023.0   22.028842883596557 
  2024.0   21.983595167292087 
  2025.0   22.00655531212146 
  2026.0   22.063549732839547 
  2027.0   22.07347484928027 
  2028.0   22.027027801237516 
  2029.0   22.054367861230894 
  2030.0   22.062873661847764 
  2031.0   22.133785732018566 
  2032.0   22.20734216361785 
  2033.0   22.32294109347924 
  2034.0   22.305862933759748 
  2035.0   22.329370964166543 
  2036.0   22.42916687584692 
  2037.0   22.470677070831172 
  2038.0   22.613023735570707 
  2039.0   22.80785504347188 
  2040.0   22.802600764886716 
  2041.0   22.918279239392913 
  2042.0   23.002385174987847 
  2043.0   23.010640964053678 
  2044.0   22.982215559665512 
  2045.0   23.02630986376488 
  2046.0   22.967162964872255 
  2047.0   22.775119669080468 
  2048.0   22.76173638852516 
  2049.0   22.7858542529508 
  2050.0   22.746731418335095 
  2051.0   22.75590842911932 
  2052.0   22.812124202013592 
  2053.0   22.93407042146867 
  2054.0   23.116631870704932 
  2055.0   23.140958583618872 
  2056.0   23.072951064441664 
  2057.0   23.138591431601917 
  2058.0   23.191373528627064 
  2059.0   23.169476450567366 
  2060.0   23.185493196277367 
  2061.0   23.265429974271076 
  2062.0   23.367414638937937 
  2063.0   23.345128820210675 
  2064.0   23.298320146814266 
  2065.0   23.274877559755687 
  2066.0   23.217323648399663 
  2067.0   23.26823955337755 
  2068.0   23.301120952608468 
  2069.0   23.176475460965527 
  2070.0   22.99394396966314 
  2071.0   23.067748089550697 
  2072.0   23.20946714592149 
  2073.0   23.431963179195645 
  2074.0   23.522268351457686 
  2075.0   23.47690472168116 
  2076.0   23.46827919226261 
  2077.0   23.517278454864666 
  2078.0   23.503341561238912 
  2079.0   23.566324239288722 
  2080.0   23.609367668086534 
  2081.0   23.59339363265171 
  2082.0   23.61929456658125 
  2083.0   23.77954149278433 
  2084.0   23.784826759781854 
  2085.0   23.614872640591216 
  2086.0   23.46801357812424 
  2087.0   23.362160615394554 
  2088.0   23.27975442400946 
  2089.0   23.133690738891868 
  2090.0   23.145631965746553 
  2091.0   23.15477008587748 
  2092.0   23.04539223421443 
  2093.0   23.119596307081196 
  2094.0   23.28448614835806 
  2095.0   23.42978420299515 
  2096.0   23.432028370630626 
  2097.0   23.371283297873482 
  2098.0   23.291635097982585 
  2099.0   23.209464485727864 
  2100.0   23.297696850331445 
