  2015.0   4.832273253439031 
  2016.0   4.920326933685837 
  2017.0   4.657433379905447 
  2018.0   4.94418397292274 
  2019.0   5.352249951001914 
  2020.0   5.182033547812655 
  2021.0   5.255384881511501 
  2022.0   5.348235126877817 
  2023.0   4.9151116478576515 
  2024.0   5.534749947918673 
  2025.0   5.206255320260904 
  2026.0   5.134157218982662 
  2027.0   5.133938075838226 
  2028.0   5.751026202030285 
  2029.0   5.213251943887901 
  2030.0   5.242887426681643 
  2031.0   5.429707083613671 
  2032.0   5.8115655733884415 
  2033.0   5.312880732072938 
  2034.0   5.4709056252116826 
  2035.0   4.992780026495201 
  2036.0   5.450191521903527 
  2037.0   5.428244537755451 
  2038.0   4.839561968301261 
  2039.0   5.005516234296661 
  2040.0   5.284797919402565 
  2041.0   4.723261148603777 
  2042.0   5.377958357175531 
  2043.0   5.664544000626396 
  2044.0   5.308222380439107 
  2045.0   5.67190110008371 
  2046.0   5.897531018041205 
  2047.0   5.718219760633171 
  2048.0   5.357581806082504 
  2049.0   5.626020946158913 
  2050.0   5.857189168861991 
  2051.0   5.411322566533066 
  2052.0   5.87464693608808 
  2053.0   5.518685975084112 
  2054.0   5.809351906146839 
  2055.0   5.5436682799592445 
  2056.0   5.566718250774312 
  2057.0   5.515229520127949 
  2058.0   5.819896596524818 
  2059.0   5.529258988000521 
  2060.0   5.39305776063334 
  2061.0   5.420818105244529 
  2062.0   5.152033410259257 
  2063.0   5.60933294804844 
  2064.0   6.6563423980438765 
  2065.0   5.818040786960701 
  2066.0   6.0286178275639015 
  2067.0   5.929098478291776 
  2068.0   5.833045143015906 
  2069.0   5.61244729094489 
  2070.0   6.279618509014031 
  2071.0   6.342430872991192 
  2072.0   5.498520652211342 
  2073.0   5.403943588118623 
  2074.0   5.745654511247408 
  2075.0   5.467327846339561 
  2076.0   5.506449868233304 
  2077.0   5.419244021453499 
  2078.0   5.906809357816408 
  2079.0   5.787837849378837 
  2080.0   6.1116558840551685 
  2081.0   6.010093100688781 
  2082.0   5.697487625246273 
  2083.0   5.85889753317185 
  2084.0   5.47945304891343 
  2085.0   5.258331740777835 
  2086.0   5.831318898818305 
  2087.0   5.602301962051568 
  2088.0   6.00876638161043 
  2089.0   6.189726638637683 
  2090.0   5.737520325314489 
  2091.0   5.586619997853447 
  2092.0   5.929711482495575 
  2093.0   5.806407268740476 
  2094.0   5.321437851297695 
  2095.0   5.236484821789786 
  2096.0   5.6165186335381625 
  2097.0   5.4168606157553265 
  2098.0   5.739559482003149 
  2099.0   5.587265643426789 
  2100.0   5.4533007094826385 
