  2015.0   -5.17456709439715e-10 
  2016.0   1.2458153693228207e-09 
  2017.0   7.606466703069904e-10 
  2018.0   1.691942399229353e-10 
  2019.0   6.942912089674717e-10 
  2020.0   1.2096799233387025e-09 
  2021.0   -3.821249562257548e-12 
  2022.0   2.249093515149111e-10 
  2023.0   -7.736359856042163e-11 
  2024.0   2.81971982105176e-10 
  2025.0   -2.1871533913877095e-10 
  2026.0   9.461881729209962e-10 
  2027.0   -1.8795337182458083e-10 
  2028.0   1.3709298374177459e-09 
  2029.0   1.92017462125222e-09 
  2030.0   -1.7999457142303078e-09 
  2031.0   1.0001119407349298e-09 
  2032.0   1.220037772435172e-09 
  2033.0   2.8706449108651045e-10 
  2034.0   1.133205011572756e-09 
  2035.0   -5.619856702319403e-10 
  2036.0   -6.620962004533905e-10 
  2037.0   5.538709586503258e-10 
  2038.0   1.1282919182245208e-09 
  2039.0   1.718994626052236e-10 
  2040.0   1.876188618250653e-10 
  2041.0   -8.024149038652142e-10 
  2042.0   8.630046259845937e-11 
  2043.0   2.6815289313329957e-10 
  2044.0   3.7800080996281904e-10 
  2045.0   8.617735007234923e-10 
  2046.0   9.8234777550992e-10 
  2047.0   4.381880027911349e-11 
  2048.0   1.743208278866368e-10 
  2049.0   -4.2899846892416024e-10 
  2050.0   1.7271067856613854e-09 
  2051.0   1.0144066595625743e-09 
  2052.0   6.812286080606305e-10 
  2053.0   -4.703820034728812e-12 
  2054.0   1.1394379990101605e-09 
  2055.0   -2.8729659748231076e-10 
  2056.0   6.737482141753541e-10 
  2057.0   -2.6251492566794197e-11 
  2058.0   4.483132590040715e-10 
  2059.0   5.850059691948669e-10 
  2060.0   6.147810233057222e-10 
  2061.0   3.0938276640446415e-10 
  2062.0   -8.443043795034478e-10 
  2063.0   -2.664897481941173e-10 
  2064.0   8.25401293854502e-11 
  2065.0   1.0625882699581793e-09 
  2066.0   1.0710024128461663e-09 
  2067.0   -2.2771845719413316e-10 
  2068.0   3.4295650262978314e-10 
  2069.0   -1.6655246165148746e-09 
  2070.0   -4.930966106595862e-10 
  2071.0   -1.6158346655655927e-10 
  2072.0   1.3324359685387938e-09 
  2073.0   -2.769660766422791e-10 
  2074.0   -4.1339707798008513e-10 
  2075.0   3.493417215877164e-11 
  2076.0   -2.964845521939834e-10 
  2077.0   9.874760370604862e-10 
  2078.0   6.412683796853272e-11 
  2079.0   -3.5078396026772664e-10 
  2080.0   -5.981278753498186e-10 
  2081.0   1.0622106670189764e-09 
  2082.0   5.471207621152804e-12 
  2083.0   7.057014728524964e-11 
  2084.0   7.672640485708457e-10 
  2085.0   -9.427044541273813e-10 
  2086.0   5.671797979746066e-10 
  2087.0   -1.5496045653884926e-10 
  2088.0   -4.2646745877206076e-10 
  2089.0   7.539431350908939e-10 
  2090.0   9.560566132319485e-11 
  2091.0   7.618324882740782e-10 
  2092.0   -7.327055232891903e-11 
  2093.0   -1.9847917481111954e-09 
  2094.0   1.7578425509960398e-09 
  2095.0   5.387854470041101e-10 
  2096.0   -3.37703850510153e-10 
  2097.0   -1.0493214926382703e-09 
  2098.0   5.431848556113456e-10 
  2099.0   5.436921093382195e-10 
  2100.0   1.5847735802464815e-09 
