  2015.0   2.6833954152518467 
  2016.0   2.4746288816869764 
  2017.0   2.55500076041552 
  2018.0   2.6535210740052118 
  2019.0   2.6319196195306525 
  2020.0   2.4768642488775487 
  2021.0   2.491615080968616 
  2022.0   2.5652156884369433 
  2023.0   2.667067857383728 
  2024.0   2.7790822411203235 
  2025.0   2.539839430553782 
  2026.0   2.646171804857466 
  2027.0   2.4491011812811516 
  2028.0   2.766413930620934 
  2029.0   2.77045069717829 
  2030.0   2.615294340507465 
  2031.0   2.4781794866365954 
  2032.0   2.582566457454167 
  2033.0   2.5529640690513857 
  2034.0   2.8416724320485023 
  2035.0   2.6275413764162323 
  2036.0   2.732893697502365 
  2037.0   2.462318877042625 
  2038.0   2.7042440859737944 
  2039.0   2.459476031285975 
  2040.0   2.63051135753925 
  2041.0   2.5357339856296326 
  2042.0   2.487479653663172 
  2043.0   2.626677986228665 
  2044.0   2.4780447531222456 
  2045.0   2.662802314918983 
  2046.0   2.7986177031275945 
  2047.0   2.7413325239131634 
  2048.0   2.5469285774108443 
  2049.0   2.5683835629239344 
  2050.0   2.4898941139926305 
  2051.0   2.7140353059461257 
  2052.0   2.5876421678388524 
  2053.0   2.4519590382181655 
  2054.0   2.6822096984431982 
  2055.0   2.7901872549828637 
  2056.0   2.787338904645665 
  2057.0   2.4986964419070596 
  2058.0   2.533726182037019 
  2059.0   2.4923928939637814 
  2060.0   2.572905617689072 
  2061.0   2.652530763190209 
  2062.0   2.6726713322826465 
  2063.0   2.5477498425267355 
  2064.0   2.5969879240010916 
  2065.0   2.6857382598647983 
  2066.0   2.6640433718859744 
  2067.0   2.6067785001702917 
  2068.0   2.6071723085121885 
  2069.0   2.734345658750885 
  2070.0   2.7290190691352847 
  2071.0   2.662844704616793 
  2072.0   2.650811542747177 
  2073.0   2.766333024028602 
  2074.0   2.525171073595933 
  2075.0   2.5478434370869216 
  2076.0   2.54177464950076 
  2077.0   2.5263926687137492 
  2078.0   2.6182233655462155 
  2079.0   2.3488168286169664 
  2080.0   2.688714446952019 
  2081.0   2.534259988876302 
  2082.0   2.6521659239636266 
  2083.0   2.4709870732603574 
  2084.0   2.6627932284754836 
  2085.0   2.676872286822943 
  2086.0   2.810059465319342 
  2087.0   2.62755117778382 
  2088.0   2.6994575720897616 
  2089.0   2.4884594216859064 
  2090.0   2.577733626954967 
  2091.0   2.4886477265285754 
  2092.0   2.427513943789704 
  2093.0   2.4171411794925035 
  2094.0   2.420350887692005 
  2095.0   2.6337179722859503 
  2096.0   2.4923659998251315 
  2097.0   2.822065486078135 
  2098.0   2.5056719467320203 
  2099.0   2.5717430999668154 
  2100.0   2.594137159906258 
