  2015.0   6.218484295758525 
  2016.0   6.692115260417841 
  2017.0   6.70631614349079 
  2018.0   6.47127103241301 
  2019.0   6.469209858133181 
  2020.0   6.451305080377704 
  2021.0   6.544686622328538 
  2022.0   6.5831591996974685 
  2023.0   6.3241101307133585 
  2024.0   6.508387565446359 
  2025.0   6.716055448632226 
  2026.0   6.759134527567308 
  2027.0   6.831820178277403 
  2028.0   7.214424292463137 
  2029.0   7.062000505336082 
  2030.0   6.836111602983856 
  2031.0   7.098154156108589 
  2032.0   6.872709218496903 
  2033.0   6.835154738192415 
  2034.0   7.005338269416744 
  2035.0   6.688911864822951 
  2036.0   7.077650989150259 
  2037.0   6.686903084897999 
  2038.0   6.73767261763382 
  2039.0   6.691034898560111 
  2040.0   6.218363339062492 
  2041.0   6.627086873125518 
  2042.0   6.916754218703603 
  2043.0   6.724258057012766 
  2044.0   6.866671946664636 
  2045.0   7.05013627855689 
  2046.0   6.746648909862374 
  2047.0   6.966166858978691 
  2048.0   6.951358601489957 
  2049.0   6.825122360470127 
  2050.0   7.249070023945308 
  2051.0   6.5985140981560315 
  2052.0   6.681020429337512 
  2053.0   7.139721959979966 
  2054.0   6.782176936332524 
  2055.0   6.798667137095596 
  2056.0   7.12458945480755 
  2057.0   6.893972989831524 
  2058.0   6.985544213629872 
  2059.0   6.685550368468918 
  2060.0   6.795897911575292 
  2061.0   6.8155247715895975 
  2062.0   6.771071605488895 
  2063.0   6.830988176099237 
  2064.0   7.165684033221369 
  2065.0   7.084820216626527 
  2066.0   6.765315707874028 
  2067.0   6.84071102078103 
  2068.0   6.978522150517476 
  2069.0   7.1972351552276885 
  2070.0   7.4441370503928965 
  2071.0   6.825050824199684 
  2072.0   6.824001371283959 
  2073.0   6.740107749433417 
  2074.0   6.746667022810833 
  2075.0   7.31255931752756 
  2076.0   7.219164762760067 
  2077.0   7.469158736709905 
  2078.0   6.852511318998466 
  2079.0   7.118106531454279 
  2080.0   6.991953131981117 
  2081.0   7.199093353202356 
  2082.0   7.022567358365677 
  2083.0   6.9445115282848215 
  2084.0   7.0530632765607315 
  2085.0   7.086965821078003 
  2086.0   6.97501791347063 
  2087.0   7.0396451823947475 
  2088.0   7.061254424053508 
  2089.0   6.489837731031257 
  2090.0   7.069233768802487 
  2091.0   6.9913900089357 
  2092.0   7.119960288342544 
  2093.0   7.268129797501938 
  2094.0   7.384180430338759 
  2095.0   6.757006969463637 
  2096.0   7.4491357925194 
  2097.0   7.232377839197687 
  2098.0   7.275467289290762 
  2099.0   7.0516813979898885 
  2100.0   7.285592566363906 
