  2015.0   6.181051743245638e-10 
  2016.0   3.116430541673297e-10 
  2017.0   2.531808536413655e-10 
  2018.0   2.2417263797394215e-10 
  2019.0   2.509379029344864e-10 
  2020.0   1.5139688323883005e-10 
  2021.0   3.313332906869177e-10 
  2022.0   3.7256857405591426e-10 
  2023.0   3.8097370426927717e-10 
  2024.0   3.973785411673853e-10 
  2025.0   4.3864070000838313e-10 
  2026.0   1.8727617520790044e-10 
  2027.0   5.618512554165978e-10 
  2028.0   1.9057731587791156e-10 
  2029.0   3.548691815408846e-10 
  2030.0   9.46026363707996e-10 
  2031.0   2.36494077742995e-10 
  2032.0   3.43968728794813e-10 
  2033.0   2.059849598513601e-10 
  2034.0   2.58031675734331e-10 
  2035.0   7.309562187372086e-10 
  2036.0   6.879808163450624e-10 
  2037.0   3.001552071442411e-10 
  2038.0   2.67916500248352e-10 
  2039.0   3.8300697929665354e-10 
  2040.0   5.940593105819042e-10 
  2041.0   6.234302525888421e-10 
  2042.0   3.830868381238741e-10 
  2043.0   5.822131852337322e-10 
  2044.0   3.7385669815860514e-10 
  2045.0   3.0642687889063003e-10 
  2046.0   3.3521636504615187e-10 
  2047.0   4.924003684969225e-10 
  2048.0   3.8731222540870954e-10 
  2049.0   7.736869123824607e-10 
  2050.0   2.477647086307595e-10 
  2051.0   2.7120793689340023e-10 
  2052.0   6.102331349091897e-10 
  2053.0   5.948013135273375e-10 
  2054.0   4.1383213169496264e-10 
  2055.0   4.651546118949803e-10 
  2056.0   4.859064538140705e-10 
  2057.0   5.233834103695478e-10 
  2058.0   4.279452812890116e-10 
  2059.0   3.742193120176115e-10 
  2060.0   3.85836489900825e-10 
  2061.0   6.129745525946327e-10 
  2062.0   8.450987441271594e-10 
  2063.0   7.591725870487256e-10 
  2064.0   4.24686663234823e-10 
  2065.0   3.0488941154669046e-10 
  2066.0   3.656786915268212e-10 
  2067.0   6.233902965520804e-10 
  2068.0   5.757196029520251e-10 
  2069.0   6.457286855203639e-10 
  2070.0   5.696316248475544e-10 
  2071.0   9.045071101606984e-10 
  2072.0   3.215852477201746e-10 
  2073.0   5.78219194523638e-10 
  2074.0   6.032215393290479e-10 
  2075.0   4.3981706050966813e-10 
  2076.0   4.903587159204627e-10 
  2077.0   3.087618667984792e-10 
  2078.0   4.0777659422437724e-10 
  2079.0   4.343645830347032e-10 
  2080.0   7.996785550766101e-10 
  2081.0   2.8839106008799293e-10 
  2082.0   3.4281961779554255e-10 
  2083.0   4.078648574606879e-10 
  2084.0   4.93359757507865e-10 
  2085.0   4.5015326967870085e-10 
  2086.0   4.1237788792608133e-10 
  2087.0   4.4838923079372475e-10 
  2088.0   3.7280905062974e-10 
  2089.0   4.264873839759524e-10 
  2090.0   3.047314629613721e-10 
  2091.0   3.8281690260607385e-10 
  2092.0   4.588716754262907e-10 
  2093.0   8.928811277765905e-10 
  2094.0   3.788812714859818e-10 
  2095.0   3.1897196374000163e-10 
  2096.0   4.402383307430623e-10 
  2097.0   1.012437409057079e-09 
  2098.0   4.2985154706436966e-10 
  2099.0   3.681912223347285e-10 
  2100.0   4.57641763628501e-10 
