  2015.0   1.9198013921060033 
  2016.0   1.8007757884985998 
  2017.0   1.7469357471316345 
  2018.0   1.7746366518180974 
  2019.0   1.783499366673885 
  2020.0   1.8212163676381539 
  2021.0   1.850856072215806 
  2022.0   1.8307624193094023 
  2023.0   1.8407917624303176 
  2024.0   1.8785780144636373 
  2025.0   1.9246288545568484 
  2026.0   1.9393278865498176 
  2027.0   1.950782851854882 
  2028.0   1.9354344174576672 
  2029.0   1.9337720392312256 
  2030.0   1.9159945794092512 
  2031.0   1.8783339256790184 
  2032.0   1.9045794747363447 
  2033.0   1.9306991562089597 
  2034.0   1.8806754881531846 
  2035.0   1.8536692718181602 
  2036.0   1.844709396070659 
  2037.0   1.8653454682027772 
  2038.0   1.9012175132767648 
  2039.0   1.8659654406711146 
  2040.0   1.7762264324561294 
  2041.0   1.7299440113689013 
  2042.0   1.7454126531712897 
  2043.0   1.7567485829817 
  2044.0   1.8091855615251322 
  2045.0   1.7300660115398485 
  2046.0   1.7957117043078443 
  2047.0   1.836468903073902 
  2048.0   1.875814268646174 
  2049.0   1.8871171471207042 
  2050.0   1.9091802659134949 
  2051.0   1.8520464327369006 
  2052.0   1.832434509139706 
  2053.0   1.8201951630457576 
  2054.0   1.8629175113279315 
  2055.0   1.9358599671560222 
  2056.0   1.8516199925252144 
  2057.0   1.7724816106102603 
  2058.0   1.8000257317900745 
  2059.0   1.8269040166864914 
  2060.0   1.7342489326490975 
  2061.0   1.7330107667102121 
  2062.0   1.8240642085247352 
  2063.0   1.8187030853911892 
  2064.0   1.8121313071299319 
  2065.0   1.764823366504649 
  2066.0   1.817364239243396 
  2067.0   1.8973083279176413 
  2068.0   1.8808102988909694 
  2069.0   1.8118720228218805 
  2070.0   1.8747797892107827 
  2071.0   1.8978300635963365 
  2072.0   1.9071001132339196 
  2073.0   1.9159256850220308 
  2074.0   1.7777317066492415 
  2075.0   1.8425647310268476 
  2076.0   1.9314581987910815 
  2077.0   1.9766534999553806 
  2078.0   1.8434317500149524 
  2079.0   1.741552641125377 
  2080.0   1.723730622437559 
  2081.0   1.8032694736733699 
  2082.0   1.793569191181176 
  2083.0   1.7745930107276482 
  2084.0   1.7364029933305034 
  2085.0   1.7966789617166639 
  2086.0   1.7214468334336828 
  2087.0   1.7383918005701933 
  2088.0   1.7595835142328347 
  2089.0   1.670516205619732 
  2090.0   1.6509376978600427 
  2091.0   1.6915370268478722 
  2092.0   1.7342180878659132 
  2093.0   1.7582840808169837 
  2094.0   1.7346727174233931 
  2095.0   1.6454259074619937 
  2096.0   1.6004591487887847 
  2097.0   1.6978500962581207 
  2098.0   1.6785666781437305 
  2099.0   1.6991349516752794 
  2100.0   1.7101214700142042 
