  2015.0   11.622795084591097 
  2016.0   11.618822644762087 
  2017.0   11.650749695286022 
  2018.0   11.671533393945257 
  2019.0   11.654611817025593 
  2020.0   11.640587834394196 
  2021.0   11.669690886584927 
  2022.0   11.657034625023686 
  2023.0   11.623861413220572 
  2024.0   11.594874186128637 
  2025.0   11.585662793742308 
  2026.0   11.613977539951302 
  2027.0   11.582200726334436 
  2028.0   11.600696951753296 
  2029.0   11.613718641100867 
  2030.0   11.58342958152278 
  2031.0   11.597317283542823 
  2032.0   11.5895568810518 
  2033.0   11.602114084800089 
  2034.0   11.61864869781212 
  2035.0   11.611532947908447 
  2036.0   11.608274629910532 
  2037.0   11.595837529962308 
  2038.0   11.621062543029094 
  2039.0   11.651658802542498 
  2040.0   11.626191115858171 
  2041.0   11.594407878181592 
  2042.0   11.582836925302479 
  2043.0   11.620081949522497 
  2044.0   11.617308085536328 
  2045.0   11.66739363137287 
  2046.0   11.690654324029033 
  2047.0   11.680547183307944 
  2048.0   11.67266820720377 
  2049.0   11.669401754270138 
  2050.0   11.686021857507704 
  2051.0   11.732375131233532 
  2052.0   11.752941174259245 
  2053.0   11.778089687853285 
  2054.0   11.816519928418032 
  2055.0   11.813849354469285 
  2056.0   11.818536331755071 
  2057.0   11.821710900387728 
  2058.0   11.851085844715541 
  2059.0   11.826806438159172 
  2060.0   11.81555776825725 
  2061.0   11.834999876332594 
  2062.0   11.816559754933934 
  2063.0   11.79307715477785 
  2064.0   11.81394731009552 
  2065.0   11.806059494416855 
  2066.0   11.8323330888882 
  2067.0   11.832148451571294 
  2068.0   11.813856073618703 
  2069.0   11.811849442101977 
  2070.0   11.77511784953047 
  2071.0   11.73150144266754 
  2072.0   11.75513722297903 
  2073.0   11.773359537745693 
  2074.0   11.795914250252988 
  2075.0   11.780647365989578 
  2076.0   11.78219075220815 
  2077.0   11.770677355909804 
  2078.0   11.784226180343657 
  2079.0   11.77528652048411 
  2080.0   11.774638535389604 
  2081.0   11.78727528822281 
  2082.0   11.822111018613912 
  2083.0   11.856962487814604 
  2084.0   11.877659587471017 
  2085.0   11.873692044689745 
  2086.0   11.86190612738817 
  2087.0   11.869548960380355 
  2088.0   11.863469425873307 
  2089.0   11.85133274320412 
  2090.0   11.859531837457778 
  2091.0   11.890202631723392 
  2092.0   11.849817296701882 
  2093.0   11.824810136636119 
  2094.0   11.806842526846264 
  2095.0   11.802769173767745 
  2096.0   11.78097081460515 
  2097.0   11.745285457000104 
  2098.0   11.755889145006778 
  2099.0   11.775715586053202 
  2100.0   11.802747395913254 
