  2015.0   3.3801702960859736e-10 
  2016.0   3.37190170979851e-10 
  2017.0   3.367815386231216e-10 
  2018.0   3.3880501649628015e-10 
  2019.0   3.3915020880421754e-10 
  2020.0   3.384552450385721e-10 
  2021.0   3.3635921581391655e-10 
  2022.0   3.389639824145589e-10 
  2023.0   3.4138484120107516e-10 
  2024.0   3.4223207023628604e-10 
  2025.0   3.451479473199961e-10 
  2026.0   3.506702803062252e-10 
  2027.0   3.5290855657887815e-10 
  2028.0   3.5439811884055255e-10 
  2029.0   3.5533194174904664e-10 
  2030.0   3.5706667551144186e-10 
  2031.0   3.5275099423698956e-10 
  2032.0   3.5310491123682646e-10 
  2033.0   3.520413693844776e-10 
  2034.0   3.5504564086709946e-10 
  2035.0   3.545740845839384e-10 
  2036.0   3.6055259003074736e-10 
  2037.0   3.6474367324975795e-10 
  2038.0   3.6414323950288534e-10 
  2039.0   3.639081868103719e-10 
  2040.0   3.6598600112015114e-10 
  2041.0   3.6366551749437024e-10 
  2042.0   3.64916903224349e-10 
  2043.0   3.6519957410383047e-10 
  2044.0   3.6500299632936143e-10 
  2045.0   3.652004549887741e-10 
  2046.0   3.656642321104292e-10 
  2047.0   3.61873898913444e-10 
  2048.0   3.6151965285927283e-10 
  2049.0   3.6298002991763623e-10 
  2050.0   3.635322819978543e-10 
  2051.0   3.5893266802683796e-10 
  2052.0   3.5915057905200996e-10 
  2053.0   3.553686717820711e-10 
  2054.0   3.566502407893634e-10 
  2055.0   3.5669889718933926e-10 
  2056.0   3.6339057385853775e-10 
  2057.0   3.641100017729417e-10 
  2058.0   3.6322132770168243e-10 
  2059.0   3.6666426903931973e-10 
  2060.0   3.665393529214178e-10 
  2061.0   3.902984199327365e-10 
  2062.0   3.9190362475823633e-10 
  2063.0   3.9338083780396266e-10 
  2064.0   3.933660930337932e-10 
  2065.0   3.9507618885142904e-10 
  2066.0   3.7724975370961226e-10 
  2067.0   3.764352345788276e-10 
  2068.0   3.745122009829221e-10 
  2069.0   3.734072928176117e-10 
  2070.0   3.721034871426586e-10 
  2071.0   3.7320515382064975e-10 
  2072.0   3.71957778380937e-10 
  2073.0   3.702171596102695e-10 
  2074.0   3.6977894381242056e-10 
  2075.0   3.6985324986059527e-10 
  2076.0   4.014466844685196e-10 
  2077.0   4.05481348192871e-10 
  2078.0   4.0716647676994546e-10 
  2079.0   4.0512099278797943e-10 
  2080.0   4.065459599069283e-10 
  2081.0   4.087121719541376e-10 
  2082.0   4.0429211798944957e-10 
  2083.0   4.0394759952972476e-10 
  2084.0   4.0576038389498324e-10 
  2085.0   4.082242218144725e-10 
  2086.0   4.0076934032016326e-10 
  2087.0   4.0116884050319296e-10 
  2088.0   3.99551285519883e-10 
  2089.0   3.9388861046272373e-10 
  2090.0   3.941163388928486e-10 
  2091.0   3.400120387344517e-10 
  2092.0   3.348521089917069e-10 
  2093.0   3.3028827404510975e-10 
  2094.0   3.269534322051902e-10 
  2095.0   3.2337560870075854e-10 
  2096.0   3.125455570628638e-10 
  2097.0   3.0770798954248594e-10 
  2098.0   3.039163992811026e-10 
  2099.0   2.9899201674122475e-10 
  2100.0   2.964914154310951e-10 
