  2015.0   0.013561109488741787 
  2016.0   0.012927492152314547 
  2017.0   0.012324363348487594 
  2018.0   0.011753134520512005 
  2019.0   0.011211187597480975 
  2020.0   0.01069313021530374 
  2021.0   0.010205451725020222 
  2022.0   0.009773936760715408 
  2023.0   0.009363067066044265 
  2024.0   0.00896770629227254 
  2025.0   0.008587459423554874 
  2026.0   0.008212683662955272 
  2027.0   0.007856768096373173 
  2028.0   0.0075180368023593505 
  2029.0   0.007193714835023042 
  2030.0   0.006907918115283836 
  2031.0   0.006628167334644955 
  2032.0   0.006359719755180664 
  2033.0   0.006104348306014217 
  2034.0   0.005858028701199807 
  2035.0   0.005994002079256483 
  2036.0   0.0061894217601966015 
  2037.0   0.006348746189334345 
  2038.0   0.00647034176446139 
  2039.0   0.0065501139814224014 
  2040.0   0.006594116744684797 
  2041.0   0.006617616055463729 
  2042.0   0.00660364883068777 
  2043.0   0.006563971379731329 
  2044.0   0.006503132223864319 
  2045.0   0.006416219391356206 
  2046.0   0.006290402672023158 
  2047.0   0.006146188645261503 
  2048.0   0.005994184515109482 
  2049.0   0.005833425068666885 
  2050.0   0.005667115778789115 
  2051.0   0.005491006947936003 
  2052.0   0.005315438664147986 
  2053.0   0.005141419477590396 
  2054.0   0.0049753737403583995 
  2055.0   0.0048086622437705 
  2056.0   0.004778146324531753 
  2057.0   0.0047687749757390615 
  2058.0   0.004771345621357443 
  2059.0   0.004788458850525191 
  2060.0   0.004811954089475221 
  2061.0   0.0047905196171648436 
  2062.0   0.004779534789465298 
  2063.0   0.004774630245027074 
  2064.0   0.004788146192032345 
  2065.0   0.004802933183246196 
  2066.0   0.0047202944922442565 
  2067.0   0.0046498879745019445 
  2068.0   0.004585976348258436 
  2069.0   0.004546380741925252 
  2070.0   0.0045083080669951784 
  2071.0   0.00456368242200304 
  2072.0   0.004644707153940563 
  2073.0   0.004753990503409612 
  2074.0   0.004909268877102575 
  2075.0   0.005092873902387883 
  2076.0   0.0052273467907121025 
  2077.0   0.005455591744249764 
  2078.0   0.005775933148700958 
  2079.0   0.006149265488737875 
  2080.0   0.0065384657423617435 
  2081.0   0.00674151936908915 
  2082.0   0.007022466659866625 
  2083.0   0.007346023889604117 
  2084.0   0.0077046856415613554 
  2085.0   0.008130083493022756 
  2086.0   0.0083356670544792 
  2087.0   0.008610751734159502 
  2088.0   0.008906290090480702 
  2089.0   0.00929454375023612 
  2090.0   0.009752089701346731 
  2091.0   0.009446503945682097 
  2092.0   0.009158003961370917 
  2093.0   0.008882821618270819 
  2094.0   0.00862186225952029 
  2095.0   0.00839191022129168 
  2096.0   0.007856694375015436 
  2097.0   0.007365890445825562 
  2098.0   0.0069142655232430905 
  2099.0   0.006499421092225335 
  2100.0   0.006118190189807756 
