  2015.0   0.001170827914913163 
  2016.0   0.0011347164908883562 
  2017.0   0.001119244427077197 
  2018.0   0.001102875398880981 
  2019.0   0.0010877521727213572 
  2020.0   0.0010713585692633015 
  2021.0   0.0010560028372145625 
  2022.0   0.0010446776608048175 
  2023.0   0.001034165470043188 
  2024.0   0.0010394686034881644 
  2025.0   0.0010230816745050307 
  2026.0   0.0009984534622230227 
  2027.0   0.0009839603649983717 
  2028.0   0.0009813719667787254 
  2029.0   0.0009723280374604058 
  2030.0   0.0009586092036024436 
  2031.0   0.0009401695352935968 
  2032.0   0.0009280495842222746 
  2033.0   0.000915453170754415 
  2034.0   0.0009061445529295681 
  2035.0   0.0008966807160275771 
  2036.0   0.0008886236025232832 
  2037.0   0.0008801359458531175 
  2038.0   0.000870471942204598 
  2039.0   0.0008559168760874316 
  2040.0   0.0008488694524680641 
  2041.0   0.0008409221304889899 
  2042.0   0.0008349206388250717 
  2043.0   0.0008352754173525541 
  2044.0   0.000829983791080992 
  2045.0   0.000823157818404461 
  2046.0   0.0008175542939529625 
  2047.0   0.0008079328156130263 
  2048.0   0.000794300016432369 
  2049.0   0.0007840437760614829 
  2050.0   0.0007762173720613718 
  2051.0   0.0007642227179975646 
  2052.0   0.0007563521546116605 
  2053.0   0.0007475948569626267 
  2054.0   0.0007421615783171331 
  2055.0   0.000737687037788316 
  2056.0   0.0007390075932699401 
  2057.0   0.0007425465495304119 
  2058.0   0.0007937474494199272 
  2059.0   0.0008740744001104737 
  2060.0   0.0008930896357559105 
  2061.0   0.0008668152306982798 
  2062.0   0.0008432680734728479 
  2063.0   0.0008309727402869374 
  2064.0   0.0008433016818528227 
  2065.0   0.0008563551379558433 
  2066.0   0.0008501710254142382 
  2067.0   0.0008528307508729881 
  2068.0   0.0008497199832439933 
  2069.0   0.0008486145038419302 
  2070.0   0.0008474949171515283 
  2071.0   0.0008650489966944769 
  2072.0   0.0008494440137892397 
  2073.0   0.0008437028494468675 
  2074.0   0.0008672137040766332 
  2075.0   0.0009188841947553383 
  2076.0   0.001006740892050336 
  2077.0   0.0010438109477745202 
  2078.0   0.001082775832295792 
  2079.0   0.001121502512041856 
  2080.0   0.0012733270206550364 
  2081.0   0.0016636198894502171 
  2082.0   0.0020214828942174737 
  2083.0   0.0022893277489540653 
  2084.0   0.002599246869075967 
  2085.0   0.0030514110488345527 
  2086.0   0.003129547692526291 
  2087.0   0.0032909799025822206 
  2088.0   0.0035458518747657265 
  2089.0   0.00394257707228166 
  2090.0   0.004407182516077966 
  2091.0   0.003806129774792971 
  2092.0   0.003296287746490144 
  2093.0   0.002994837522771767 
  2094.0   0.0027806481449672185 
  2095.0   0.0025664605347156936 
  2096.0   0.002451061428119727 
  2097.0   0.0022886829592473085 
  2098.0   0.00214353372173085 
  2099.0   0.0019801772403395834 
  2100.0   0.00181448818818725 
