  1850.0   11.10508684437936 
  1851.0   10.326256500814713 
  1852.0   10.15313227614601 
  1853.0   10.80276861820242 
  1854.0   10.886680539926722 
  1855.0   11.511577252204773 
  1856.0   10.068932036774118 
  1857.0   10.547490543723818 
  1858.0   10.372868002941713 
  1859.0   9.830309123508608 
  1860.0   10.913392964622163 
  1861.0   8.58410971911195 
  1862.0   9.744689040035798 
  1863.0   10.530692933792915 
  1864.0   10.687090360054661 
  1865.0   12.255062411103111 
  1866.0   9.999690807648442 
  1867.0   10.144947520139054 
  1868.0   10.801272078385344 
  1869.0   12.3455612451789 
  1870.0   10.422180445051808 
  1871.0   9.207310707977076 
  1872.0   10.29844622189872 
  1873.0   10.232054097214569 
  1874.0   10.56883420143297 
  1875.0   10.363243029993413 
  1876.0   10.075785418619468 
  1877.0   10.20736452472361 
  1878.0   9.966720184807206 
  1879.0   11.439423658322939 
  1880.0   10.661605277367052 
  1881.0   10.042406519880409 
  1882.0   9.565107301193684 
  1883.0   10.733615900019371 
  1884.0   11.069039066095575 
  1885.0   10.436384939659506 
  1886.0   10.457932660273727 
  1887.0   10.53155146619441 
  1888.0   10.952389768181865 
  1889.0   11.19644752129086 
  1890.0   11.102841496881714 
  1891.0   9.767779669733887 
  1892.0   11.268271762075411 
  1893.0   9.8161471380686 
  1894.0   11.26668028179378 
  1895.0   10.977158767589286 
  1896.0   10.9024809009961 
  1897.0   11.17780750257722 
  1898.0   12.14637831967433 
  1899.0   11.020761673979164 
  1900.0   10.873968240581162 
  1901.0   10.36430585534374 
  1902.0   10.033658519984119 
  1903.0   10.915258772361499 
  1904.0   10.482978478627619 
  1905.0   11.068263489330716 
  1906.0   10.635054958785018 
  1907.0   10.979999724660573 
  1908.0   11.136482705217777 
  1909.0   10.368633774298921 
  1910.0   10.91837151174282 
  1911.0   9.580766419837648 
  1912.0   9.976506913173523 
  1913.0   10.109333698746681 
  1914.0   11.045162289618624 
  1915.0   9.667125222184968 
  1916.0   10.739311884678484 
  1917.0   10.218904301200217 
  1918.0   11.155101561000476 
  1919.0   10.907252961207119 
  1920.0   10.41731287747431 
  1921.0   9.901691097718011 
  1922.0   10.759145580970207 
  1923.0   10.373562287708376 
  1924.0   9.9686597153326 
  1925.0   10.779197592289167 
  1926.0   10.709994575434688 
  1927.0   11.485559847644973 
  1928.0   9.974198074391756 
  1929.0   10.463107707266877 
  1930.0   9.877185866184297 
  1931.0   11.027050435249915 
  1932.0   11.386851270062769 
  1933.0   10.410739928220082 
  1934.0   10.845614454142538 
  1935.0   11.103360157763321 
  1936.0   10.389302432003129 
  1937.0   10.673278524462129 
  1938.0   10.894891527555869 
  1939.0   10.643937623463884 
  1940.0   10.702231983515286 
  1941.0   10.91916688872758 
  1942.0   10.100664915908164 
  1943.0   9.977136966935632 
  1944.0   10.009275624106595 
  1945.0   11.089765930149918 
  1946.0   10.18366730214962 
  1947.0   10.96473283700852 
  1948.0   11.16430115452859 
  1949.0   10.9934968410572 
  1950.0   10.271018252429393 
  1951.0   10.341293735106738 
  1952.0   10.540403982164506 
  1953.0   9.413743396114324 
  1954.0   10.359926171641465 
  1955.0   11.0586951099513 
  1956.0   11.127519073231591 
  1957.0   10.98891481196349 
  1958.0   11.16428588555437 
  1959.0   10.016939421281672 
  1960.0   10.112998256054821 
  1961.0   9.78981132390343 
  1962.0   9.615526486970913 
  1963.0   10.655872980095547 
  1964.0   11.987750734076917 
  1965.0   10.382546727473704 
  1966.0   12.11837052269205 
  1967.0   10.28117317637472 
  1968.0   10.761035961850135 
  1969.0   10.569769019248275 
  1970.0   10.499507102421939 
  1971.0   10.450985889848663 
  1972.0   11.098715911850947 
  1973.0   11.575018873637028 
  1974.0   11.244602596320899 
  1975.0   9.881478215366826 
  1976.0   11.164408104003524 
  1977.0   12.784655836978748 
  1978.0   12.068354200853918 
  1979.0   10.38608321032659 
  1980.0   10.884480080744183 
  1981.0   11.291941301712804 
  1982.0   10.353476186058245 
  1983.0   11.073032520243215 
  1984.0   10.680346570056717 
  1985.0   11.489120313728348 
  1986.0   11.279296579412883 
  1987.0   11.160850287712169 
  1988.0   11.959454267216309 
  1989.0   10.82076053291916 
  1990.0   10.400300609810088 
  1991.0   12.273289834463936 
  1992.0   10.932713400982824 
  1993.0   12.410832933953994 
  1994.0   12.09722446403935 
  1995.0   11.591059883088992 
  1996.0   10.337914448855807 
  1997.0   11.399940405558459 
  1998.0   10.167831893033002 
  1999.0   12.98496587786564 
  2000.0   11.905604926846861 
  2001.0   12.21491995766855 
  2002.0   11.274284112882357 
  2003.0   12.538322646682039 
  2004.0   11.291901932549617 
  2005.0   12.030184805552631 
  2006.0   13.375086807769216 
  2007.0   12.124005193580278 
  2008.0   11.483864412080477 
  2009.0   10.457976480825721 
  2010.0   11.094958190618026 
  2011.0   11.861335403949393 
  2012.0   13.4022567769093 
  2013.0   13.44297153693997 
  2014.0   12.70691149717633 
