  1850.0   14.50934140330372 
  1851.0   14.593606019503964 
  1852.0   15.115895604106763 
  1853.0   14.871434627857338 
  1854.0   14.989119164271996 
  1855.0   15.006156063608099 
  1856.0   14.390462714165222 
  1857.0   14.88335249103556 
  1858.0   14.831706586180312 
  1859.0   14.769674451102222 
  1860.0   15.030804232157855 
  1861.0   14.773837828264346 
  1862.0   15.0938671047652 
  1863.0   14.56806461529379 
  1864.0   15.08258081824839 
  1865.0   15.278138120824966 
  1866.0   14.800429097005374 
  1867.0   14.899739458715834 
  1868.0   15.578278622674382 
  1869.0   15.005808624721892 
  1870.0   14.688853236377577 
  1871.0   14.934930081368003 
  1872.0   14.508171568780078 
  1873.0   14.675023126284175 
  1874.0   14.623388689072623 
  1875.0   14.980927013702978 
  1876.0   14.952989088763871 
  1877.0   15.009256807516758 
  1878.0   14.623732753143617 
  1879.0   15.030478751843829 
  1880.0   15.424995161760883 
  1881.0   14.985025901432934 
  1882.0   15.015737385083963 
  1883.0   14.90281281156827 
  1884.0   14.599961058549937 
  1885.0   14.88956309527677 
  1886.0   15.440119829853497 
  1887.0   14.69989064375896 
  1888.0   15.126979520101278 
  1889.0   14.888909654498072 
  1890.0   14.700303603607615 
  1891.0   15.056716741180681 
  1892.0   14.832318673720103 
  1893.0   14.517006467443144 
  1894.0   14.932563027783955 
  1895.0   15.71515602582326 
  1896.0   15.145127911589311 
  1897.0   15.120694233653179 
  1898.0   14.931768748809745 
  1899.0   14.995362543271883 
  1900.0   15.112662573676683 
  1901.0   14.720728183418919 
  1902.0   15.324778847285405 
  1903.0   15.06619148097266 
  1904.0   14.555893769529645 
  1905.0   15.458064179809208 
  1906.0   15.335327590040473 
  1907.0   15.488669359517539 
  1908.0   14.598856620324279 
  1909.0   15.781340364397296 
  1910.0   15.572816888359458 
  1911.0   15.148773258220126 
  1912.0   15.651522728901478 
  1913.0   15.717686364583388 
  1914.0   15.566368747924617 
  1915.0   14.921352381342139 
  1916.0   15.459769071811559 
  1917.0   14.80016537645881 
  1918.0   15.187557246318107 
  1919.0   15.413737051999217 
  1920.0   15.166883338695959 
  1921.0   15.236208392675863 
  1922.0   15.503619884331183 
  1923.0   15.509252790566832 
  1924.0   15.469370618032352 
  1925.0   14.64408984052092 
  1926.0   15.766539407884618 
  1927.0   15.40064082637928 
  1928.0   15.013645782878891 
  1929.0   15.934554623941423 
  1930.0   15.547743984967322 
  1931.0   15.111609136964923 
  1932.0   15.670106102278819 
  1933.0   15.272454291388659 
  1934.0   15.621172545028518 
  1935.0   15.554220398645032 
  1936.0   15.123426990296549 
  1937.0   15.582667023434022 
  1938.0   15.672943540732543 
  1939.0   15.360708169872881 
  1940.0   15.463467977583022 
  1941.0   15.561642148117194 
  1942.0   15.414126152299474 
  1943.0   14.958126646719894 
  1944.0   15.427670642689652 
  1945.0   14.860217187999066 
  1946.0   15.250356760257066 
  1947.0   15.16277684508053 
  1948.0   15.614517602216328 
  1949.0   15.501873273398532 
  1950.0   15.194726895433991 
  1951.0   15.29634790809036 
  1952.0   15.622983735102556 
  1953.0   16.130380102534193 
  1954.0   15.180324131597207 
  1955.0   15.189540714732946 
  1956.0   15.479832751024203 
  1957.0   16.25310972502824 
  1958.0   15.156321607992977 
  1959.0   15.001375427095152 
  1960.0   15.529736102416535 
  1961.0   15.311029846780835 
  1962.0   15.378072099067944 
  1963.0   15.145328546655799 
  1964.0   15.36251996511055 
  1965.0   16.388379307956352 
  1966.0   15.361231109196822 
  1967.0   15.814681036439056 
  1968.0   16.090511435736854 
  1969.0   16.132415014333812 
  1970.0   15.773542840700877 
  1971.0   16.11795510279586 
  1972.0   16.91485968104551 
  1973.0   16.489291365978477 
  1974.0   16.04973251215299 
  1975.0   15.538965142128246 
  1976.0   16.414050328253847 
  1977.0   16.09406428857288 
  1978.0   16.57238213556497 
  1979.0   16.00444152541611 
  1980.0   16.441332534683927 
  1981.0   16.892184131971728 
  1982.0   16.078537312729825 
  1983.0   16.08056310131241 
  1984.0   16.06489686048997 
  1985.0   16.676975069186305 
  1986.0   16.62549055511394 
  1987.0   16.473749981655107 
  1988.0   16.269333091053237 
  1989.0   16.473074832918527 
  1990.0   17.144961164968635 
  1991.0   16.289315023151357 
  1992.0   16.935615325920942 
  1993.0   16.834624568591074 
  1994.0   16.856350834915393 
  1995.0   17.097253098273264 
  1996.0   16.744382277091013 
  1997.0   17.05728408535619 
  1998.0   16.949943151559708 
  1999.0   16.57724585818443 
  2000.0   17.23412264325499 
  2001.0   16.541559624368066 
  2002.0   16.697160272193603 
  2003.0   17.963177584892446 
  2004.0   17.375706508061477 
  2005.0   17.237490810093995 
  2006.0   17.85253680543885 
  2007.0   17.17136855465408 
  2008.0   17.310135839186373 
  2009.0   17.15358500710762 
  2010.0   17.901424200940404 
  2011.0   17.206999941879175 
  2012.0   17.54776226544786 
  2013.0   17.775531066802227 
  2014.0   17.464780379105683 
