  1850.0   19.5273670221886 
  1851.0   19.663538280996704 
  1852.0   19.021793637661286 
  1853.0   20.10507216046813 
  1854.0   20.225314624220907 
  1855.0   19.847603405135487 
  1856.0   19.781877545419505 
  1857.0   20.799608620523124 
  1858.0   20.53317891104938 
  1859.0   19.203558286362846 
  1860.0   19.294230901026893 
  1861.0   19.09736568484391 
  1862.0   19.45998392775678 
  1863.0   19.2844379882123 
  1864.0   20.343584475795456 
  1865.0   19.572590304400105 
  1866.0   20.466688007144064 
  1867.0   19.880145859651574 
  1868.0   19.744814000663546 
  1869.0   19.907573785812332 
  1870.0   19.586305414186302 
  1871.0   20.13508645822521 
  1872.0   20.136352788620876 
  1873.0   19.971763222951985 
  1874.0   18.5937186708389 
  1875.0   19.780728630119654 
  1876.0   19.887871848272585 
  1877.0   19.654264686309148 
  1878.0   20.229863737624513 
  1879.0   20.118848404257175 
  1880.0   20.151797940360304 
  1881.0   20.439997079139076 
  1882.0   19.87868831163372 
  1883.0   20.24965838672523 
  1884.0   20.40983319194036 
  1885.0   20.73449899530652 
  1886.0   20.28314715096555 
  1887.0   19.89850339295098 
  1888.0   19.869505330447897 
  1889.0   19.127324723727423 
  1890.0   19.175382532492822 
  1891.0   19.517096206204837 
  1892.0   20.31554947092023 
  1893.0   19.76519412690404 
  1894.0   19.447109326730942 
  1895.0   20.142301998295213 
  1896.0   20.489013223573927 
  1897.0   20.469156393398677 
  1898.0   20.023281260727963 
  1899.0   20.228927729969165 
  1900.0   20.013012677008923 
  1901.0   20.260690335258495 
  1902.0   20.074968399163645 
  1903.0   19.521837036249725 
  1904.0   19.724047735483065 
  1905.0   19.096457429618738 
  1906.0   19.419101375217615 
  1907.0   20.437550399701706 
  1908.0   20.02813156952495 
  1909.0   20.2280768731767 
  1910.0   20.73788308615266 
  1911.0   21.262311198749984 
  1912.0   20.59721617573075 
  1913.0   20.515260546003656 
  1914.0   20.72548062846997 
  1915.0   20.49694033738018 
  1916.0   20.176700921935108 
  1917.0   19.352630496938474 
  1918.0   20.389944864623608 
  1919.0   20.546143390615757 
  1920.0   20.711897034424606 
  1921.0   21.36351123880897 
  1922.0   20.86480906775948 
  1923.0   20.470694278471854 
  1924.0   19.48881884719857 
  1925.0   20.193959278940945 
  1926.0   19.895613706256054 
  1927.0   20.42897016720392 
  1928.0   20.098101141266365 
  1929.0   20.61652183939131 
  1930.0   20.005075921457255 
  1931.0   20.211912843039634 
  1932.0   20.549513045797823 
  1933.0   20.663754905338866 
  1934.0   21.426641805479 
  1935.0   20.16801996389544 
  1936.0   19.690971011927733 
  1937.0   19.602406699958234 
  1938.0   20.82530675766649 
  1939.0   20.8232705174501 
  1940.0   20.922633026145835 
  1941.0   20.592669101119743 
  1942.0   20.843818511311053 
  1943.0   21.209547421812868 
  1944.0   20.93473425101183 
  1945.0   19.802831879639882 
  1946.0   20.591086647134635 
  1947.0   21.08263160458834 
  1948.0   20.145585574721213 
  1949.0   20.255499862350604 
  1950.0   20.95844077640172 
  1951.0   20.198941163210527 
  1952.0   20.598650960055195 
  1953.0   20.641614791583212 
  1954.0   20.65122399840209 
  1955.0   20.066876826886396 
  1956.0   20.09816681592751 
  1957.0   20.87996183696543 
  1958.0   21.521299131762515 
  1959.0   21.356728125629882 
  1960.0   20.727023664879983 
  1961.0   20.08234150747942 
  1962.0   20.256150713109278 
  1963.0   20.618009872127985 
  1964.0   20.6733119990775 
  1965.0   20.98400418390985 
  1966.0   20.789977688006605 
  1967.0   21.096915023339086 
  1968.0   21.330651067360378 
  1969.0   21.024092537037205 
  1970.0   20.470213504369013 
  1971.0   20.601702138981345 
  1972.0   21.6864504421724 
  1973.0   21.855417210358787 
  1974.0   21.019926743082223 
  1975.0   21.137884555572143 
  1976.0   19.76802007960314 
  1977.0   20.762005988244493 
  1978.0   20.91722747080949 
  1979.0   21.462253305676057 
  1980.0   21.9256282990635 
  1981.0   20.943027397527914 
  1982.0   20.985097029106928 
  1983.0   20.782971272775992 
  1984.0   21.593154168216028 
  1985.0   21.996940673351812 
  1986.0   21.522072651344146 
  1987.0   21.002188842285875 
  1988.0   20.854685116465866 
  1989.0   22.228019702192785 
  1990.0   20.922608666640933 
  1991.0   21.53709594301087 
  1992.0   21.759167555994996 
  1993.0   21.790528555919302 
  1994.0   21.919767105191326 
  1995.0   22.358772354245744 
  1996.0   21.822495145007778 
  1997.0   22.561836168735216 
  1998.0   22.065437821348105 
  1999.0   22.120390257256876 
  2000.0   22.248603612105043 
  2001.0   22.035457054330756 
  2002.0   21.958137460899568 
  2003.0   22.383889648998604 
  2004.0   21.90424600235066 
  2005.0   21.89449651317624 
  2006.0   21.926774350680805 
  2007.0   21.54504935377355 
  2008.0   22.78790955206876 
  2009.0   22.46771714089484 
  2010.0   22.358203831576123 
  2011.0   21.209895901677918 
  2012.0   21.624607118789648 
  2013.0   22.79808663209699 
  2014.0   22.888439594903648 
