  1850.0   1.6512173752520627 
  1851.0   1.6992650281666384 
  1852.0   1.7989879103167286 
  1853.0   1.7092099536640821 
  1854.0   1.8019347631474225 
  1855.0   1.823755602961527 
  1856.0   1.807266257623117 
  1857.0   1.7278356373461594 
  1858.0   1.7367669590501988 
  1859.0   1.7756859717283564 
  1860.0   1.792980775715254 
  1861.0   1.7890799606180179 
  1862.0   1.7804198753811178 
  1863.0   1.8090025780601544 
  1864.0   1.777107096089201 
  1865.0   1.6730827056091209 
  1866.0   1.694331822754209 
  1867.0   1.7840613153685463 
  1868.0   1.7959251498666067 
  1869.0   1.6828412301839397 
  1870.0   1.7903477831870365 
  1871.0   1.7369850205462167 
  1872.0   1.717776061837684 
  1873.0   1.6840840247555136 
  1874.0   1.6714483548752166 
  1875.0   1.6904101336382595 
  1876.0   1.7088670596178746 
  1877.0   1.6646344495910645 
  1878.0   1.6557799767871084 
  1879.0   1.7449042816294908 
  1880.0   1.7701933417042202 
  1881.0   1.6809974702253219 
  1882.0   1.7643951015744115 
  1883.0   1.7835564310947623 
  1884.0   1.904321795028666 
  1885.0   1.8747645427506434 
  1886.0   1.920637231077983 
  1887.0   1.8860422767080676 
  1888.0   1.9129445517995527 
  1889.0   1.7524695881652828 
  1890.0   1.7669479869890785 
  1891.0   1.783259024828242 
  1892.0   1.7212742641251642 
  1893.0   1.8580784456353987 
  1894.0   1.8071336835509904 
  1895.0   1.775172088811897 
  1896.0   1.6179701383708187 
  1897.0   1.7393503687912968 
  1898.0   1.720968984996804 
  1899.0   1.7212055055789097 
  1900.0   1.714672982768286 
  1901.0   1.6795344659333156 
  1902.0   1.7347513101467504 
  1903.0   1.7835969090828943 
  1904.0   1.78012042207027 
  1905.0   1.7536745346450824 
  1906.0   1.8375931960918153 
  1907.0   1.8686683303664624 
  1908.0   1.8373611353844774 
  1909.0   1.7450288988871512 
  1910.0   1.7982210941344052 
  1911.0   1.6832095391320525 
  1912.0   1.7422242365382918 
  1913.0   1.7816352207780644 
  1914.0   1.8347488778233638 
  1915.0   1.7994905984233518 
  1916.0   1.7536557108412234 
  1917.0   1.7586039373544524 
  1918.0   1.7060968693962588 
  1919.0   1.668769686622639 
  1920.0   1.7864837217749097 
  1921.0   1.854301275661451 
  1922.0   1.856122097137151 
  1923.0   1.7202489102949616 
  1924.0   1.8230616520516505 
  1925.0   1.860550142674794 
  1926.0   1.7911857946319618 
  1927.0   1.826092969164618 
  1928.0   1.7607628329056806 
  1929.0   1.58991392794452 
  1930.0   1.6455851759061746 
  1931.0   1.7419957787415448 
  1932.0   1.7063677871498388 
  1933.0   1.6427954677876324 
  1934.0   1.627833867944376 
  1935.0   1.6616883627757042 
  1936.0   1.7326983045501059 
  1937.0   1.682547710920715 
  1938.0   1.651149565105435 
  1939.0   1.6162810686953637 
  1940.0   1.605162657506446 
  1941.0   1.5474691378347163 
  1942.0   1.6271683507238153 
  1943.0   1.6393599496594748 
  1944.0   1.567720073172869 
  1945.0   1.646201948023652 
  1946.0   1.5963844652050563 
  1947.0   1.551647123491186 
  1948.0   1.5557520193765257 
  1949.0   1.6137392270438033 
  1950.0   1.5157576353662432 
  1951.0   1.4784845673574063 
  1952.0   1.5732222122874098 
  1953.0   1.5589259501259012 
  1954.0   1.5200397277966913 
  1955.0   1.509721667415356 
  1956.0   1.530668606088837 
  1957.0   1.469136582217676 
  1958.0   1.4524355026051985 
  1959.0   1.4843095601891334 
  1960.0   1.5640504288922163 
  1961.0   1.52386787683275 
  1962.0   1.4874804596729128 
  1963.0   1.5052716555220915 
  1964.0   1.5553294748708215 
  1965.0   1.6069707015108736 
  1966.0   1.6385163877060571 
  1967.0   1.5369603849920832 
  1968.0   1.618349234885142 
  1969.0   1.5716123494115393 
  1970.0   1.5223188665017893 
  1971.0   1.5341458898814586 
  1972.0   1.418713801067105 
  1973.0   1.4954939692365834 
  1974.0   1.4366879060310787 
  1975.0   1.453663448297252 
  1976.0   1.4634780032817671 
  1977.0   1.5562831049987293 
  1978.0   1.5742340429648343 
  1979.0   1.5811041050793202 
  1980.0   1.5225802776808974 
  1981.0   1.459968344457481 
  1982.0   1.4561544464065246 
  1983.0   1.5484602711987956 
  1984.0   1.5806618563621797 
  1985.0   1.5016301569157096 
  1986.0   1.5787985468276897 
  1987.0   1.5117349050304967 
  1988.0   1.5272327714169107 
  1989.0   1.5238062819631757 
  1990.0   1.467065767747687 
  1991.0   1.5172486825214793 
  1992.0   1.5268923019252587 
  1993.0   1.5899707822364761 
  1994.0   1.5906269142750808 
  1995.0   1.6382136889794854 
  1996.0   1.6029215214803172 
  1997.0   1.6570876088836846 
  1998.0   1.5653172650015408 
  1999.0   1.5602529181459013 
  2000.0   1.5770945781949062 
  2001.0   1.5382803802610796 
  2002.0   1.5423191713268456 
  2003.0   1.5875049347091008 
  2004.0   1.4491678480243633 
  2005.0   1.4877734146803299 
  2006.0   1.5440789576939087 
  2007.0   1.4535681635773892 
  2008.0   1.4780050195801386 
  2009.0   1.4780722025903517 
  2010.0   1.5143644382283659 
  2011.0   1.5172866431894585 
  2012.0   1.4306650758618031 
  2013.0   1.4531833468726563 
  2014.0   1.4534460386856065 
