  1850.0   21.691207320464727 
  1851.0   21.714178085816386 
  1852.0   21.788257832278564 
  1853.0   21.40428312042714 
  1854.0   21.770060178392697 
  1855.0   21.45148491875056 
  1856.0   21.57905622748291 
  1857.0   21.832822019232704 
  1858.0   21.345198654714935 
  1859.0   21.69464188479366 
  1860.0   21.662979230655395 
  1861.0   21.347250964012353 
  1862.0   21.712592197357942 
  1863.0   21.4960532679636 
  1864.0   21.692326746685172 
  1865.0   21.794934066730683 
  1866.0   21.04700087670607 
  1867.0   21.07129517963618 
  1868.0   21.832827449377028 
  1869.0   21.410541287856237 
  1870.0   21.385170746500442 
  1871.0   21.532465575070024 
  1872.0   21.334876483445242 
  1873.0   21.38678791839787 
  1874.0   21.709020279886996 
  1875.0   21.814291832506047 
  1876.0   20.89857404377158 
  1877.0   21.01146123532914 
  1878.0   21.085948101628194 
  1879.0   21.204912482825208 
  1880.0   21.222401075213195 
  1881.0   21.498488962398337 
  1882.0   21.56870128337742 
  1883.0   21.907821824818928 
  1884.0   21.510679802833227 
  1885.0   21.455944770539055 
  1886.0   21.67878113496712 
  1887.0   22.217930141219767 
  1888.0   21.811088394991504 
  1889.0   21.620775698016374 
  1890.0   21.759466617585947 
  1891.0   21.782139796438603 
  1892.0   21.92388418867974 
  1893.0   21.597188670880954 
  1894.0   21.652662190384522 
  1895.0   21.527335085271865 
  1896.0   21.67971812730458 
  1897.0   22.08845061957916 
  1898.0   21.604978911048097 
  1899.0   21.860796334590923 
  1900.0   21.96051031164882 
  1901.0   21.968386328457466 
  1902.0   21.49736299145902 
  1903.0   21.082987624256365 
  1904.0   21.925524018290208 
  1905.0   21.70422348585375 
  1906.0   21.747044682866598 
  1907.0   22.00722736541388 
  1908.0   21.540721167283948 
  1909.0   21.826310124905937 
  1910.0   22.05195132295937 
  1911.0   21.998114133467848 
  1912.0   21.59408849974786 
  1913.0   21.695453680432472 
  1914.0   21.757329563590172 
  1915.0   22.367603666731597 
  1916.0   21.831346790374603 
  1917.0   21.45981089668441 
  1918.0   21.766802028049558 
  1919.0   22.19997492452933 
  1920.0   22.16327239595407 
  1921.0   22.02283304213872 
  1922.0   21.73278333024282 
  1923.0   22.06563856385918 
  1924.0   22.15002210180865 
  1925.0   22.20207096988971 
  1926.0   22.270111654767796 
  1927.0   22.402163628423978 
  1928.0   21.989263870578633 
  1929.0   22.042192067143148 
  1930.0   21.970005867951464 
  1931.0   22.265619534892572 
  1932.0   22.027257760121746 
  1933.0   22.117537306376853 
  1934.0   22.235111614408414 
  1935.0   22.31968504636629 
  1936.0   22.099035357829617 
  1937.0   22.34100843189312 
  1938.0   22.46667390447732 
  1939.0   22.474924835909604 
  1940.0   22.327505430538412 
  1941.0   21.872303163532106 
  1942.0   21.998578462366947 
  1943.0   21.971868607546565 
  1944.0   22.46363614853652 
  1945.0   21.92458475819265 
  1946.0   21.760314069731873 
  1947.0   21.920990086536605 
  1948.0   22.308830086338496 
  1949.0   22.254068874871013 
  1950.0   21.6175363136229 
  1951.0   22.0790274340992 
  1952.0   22.36900890608013 
  1953.0   22.19329703730787 
  1954.0   21.955396072379983 
  1955.0   21.977198282193154 
  1956.0   21.9638497730722 
  1957.0   21.503691611532798 
  1958.0   21.624505215334306 
  1959.0   22.015193475367372 
  1960.0   22.091211099910584 
  1961.0   21.599275814859347 
  1962.0   21.977281775578074 
  1963.0   22.089636578768687 
  1964.0   22.40133265532638 
  1965.0   22.531974467006748 
  1966.0   22.2718230373488 
  1967.0   21.788089896856075 
  1968.0   22.35751054490073 
  1969.0   22.441629992525865 
  1970.0   22.42620469378584 
  1971.0   22.25516101875912 
  1972.0   22.47385051307033 
  1973.0   22.70853507664739 
  1974.0   22.47976430540735 
  1975.0   22.417295683180914 
  1976.0   22.371683663889367 
  1977.0   22.763563958445857 
  1978.0   22.797063366726988 
  1979.0   23.056361389700367 
  1980.0   22.882676770108702 
  1981.0   22.628150752774907 
  1982.0   23.011906459174256 
  1983.0   23.293105265185265 
  1984.0   23.768451531419295 
  1985.0   23.348733723005484 
  1986.0   23.277324103132013 
  1987.0   23.430464711033853 
  1988.0   23.46133245307519 
  1989.0   23.87103560026366 
  1990.0   23.90712109836052 
  1991.0   23.51839379667261 
  1992.0   23.341325736745915 
  1993.0   23.777488279775636 
  1994.0   24.193168040770153 
  1995.0   23.713837496903835 
  1996.0   23.610111324198364 
  1997.0   23.486984008884463 
  1998.0   23.49629579913165 
  1999.0   23.845040041645344 
  2000.0   24.127243544159022 
  2001.0   24.351682288687552 
  2002.0   24.15939993950062 
  2003.0   24.819199460216613 
  2004.0   24.32178250785976 
  2005.0   23.924752076729277 
  2006.0   23.730927957493048 
  2007.0   24.363110219227618 
  2008.0   24.47109545177466 
  2009.0   24.909882548342708 
  2010.0   24.089815212709166 
  2011.0   24.65637035508743 
  2012.0   24.491457755467707 
  2013.0   24.993872257131184 
  2014.0   24.967489198661525 
