  1850.0   21.61771950098618 
  1851.0   21.496803072000947 
  1852.0   21.430529768604774 
  1853.0   21.49130507301918 
  1854.0   21.608316634939463 
  1855.0   21.652526603590445 
  1856.0   21.71755066795449 
  1857.0   21.711790819415143 
  1858.0   21.66953702293418 
  1859.0   21.71334747432164 
  1860.0   21.773322360221965 
  1861.0   21.71062110931514 
  1862.0   21.829557837950265 
  1863.0   22.065506911296357 
  1864.0   21.981331225218327 
  1865.0   21.925503657615316 
  1866.0   21.86773695008015 
  1867.0   21.94703704163652 
  1868.0   21.806989734029496 
  1869.0   21.991795425722685 
  1870.0   21.795705068831577 
  1871.0   21.855637676124726 
  1872.0   21.677727693546647 
  1873.0   21.715641142111505 
  1874.0   21.77567258607247 
  1875.0   21.937792052236656 
  1876.0   21.852730328596905 
  1877.0   21.88058342079232 
  1878.0   21.79482914200719 
  1879.0   21.902606325578926 
  1880.0   21.87427555539237 
  1881.0   21.963002156095655 
  1882.0   21.93619499008868 
  1883.0   21.93799906917484 
  1884.0   21.942110855300186 
  1885.0   22.000916458181354 
  1886.0   22.08348864755728 
  1887.0   22.017390737668727 
  1888.0   22.072310230672286 
  1889.0   22.038985941073804 
  1890.0   22.174100310435517 
  1891.0   22.235478598316273 
  1892.0   22.28817889158427 
  1893.0   22.24997217009222 
  1894.0   22.151460111049925 
  1895.0   22.08913786224817 
  1896.0   22.20763056563309 
  1897.0   22.22156477717383 
  1898.0   22.209166021802215 
  1899.0   22.32516240831774 
  1900.0   22.250544115128843 
  1901.0   22.30491358239965 
  1902.0   22.253979854222806 
  1903.0   22.362979565106034 
  1904.0   22.406500265422924 
  1905.0   22.42392340673911 
  1906.0   22.438448213271357 
  1907.0   22.424992187656493 
  1908.0   22.265723962794752 
  1909.0   22.273333472747172 
  1910.0   22.500220893656433 
  1911.0   22.44163449927545 
  1912.0   22.562180226198922 
  1913.0   22.593873671825424 
  1914.0   22.581620749660814 
  1915.0   22.63359088457403 
  1916.0   22.664900839885835 
  1917.0   22.63464602464115 
  1918.0   22.58784155166639 
  1919.0   22.789648418190893 
  1920.0   22.643014016637228 
  1921.0   22.791987283314818 
  1922.0   22.724498361746164 
  1923.0   22.714343954986422 
  1924.0   22.787775452112452 
  1925.0   22.81980054612768 
  1926.0   22.713938425146743 
  1927.0   22.884595237496068 
  1928.0   22.832117003003866 
  1929.0   22.683607155254677 
  1930.0   22.715598557683446 
  1931.0   22.82698674413027 
  1932.0   22.72224048687525 
  1933.0   22.850504458593065 
  1934.0   22.948432062055755 
  1935.0   22.882362619391305 
  1936.0   22.840602053741605 
  1937.0   22.834497979606294 
  1938.0   22.942580648223974 
  1939.0   23.00617308358199 
  1940.0   23.097344863763393 
  1941.0   22.976045550961327 
  1942.0   23.042974090030384 
  1943.0   23.024427168310627 
  1944.0   22.989802458462215 
  1945.0   23.30787195953394 
  1946.0   23.444878966264547 
  1947.0   23.47398016703309 
  1948.0   23.47674060080299 
  1949.0   23.36557054335785 
  1950.0   23.40382538197943 
  1951.0   23.48973526084257 
  1952.0   23.685240685667324 
  1953.0   23.8713693092822 
  1954.0   23.7864290742277 
  1955.0   23.936646603750457 
  1956.0   23.911736516352637 
  1957.0   23.919416609631146 
  1958.0   23.971485757970125 
  1959.0   24.036422817762492 
  1960.0   24.067036750820332 
  1961.0   23.987927849894746 
  1962.0   23.950895094227448 
  1963.0   23.94041309502583 
  1964.0   24.161244306784948 
  1965.0   24.628616018153238 
  1966.0   24.593709049948824 
  1967.0   24.487741320526855 
  1968.0   24.431580405482997 
  1969.0   24.382486156256025 
  1970.0   24.29053366489257 
  1971.0   24.428263299452592 
  1972.0   24.504082691085554 
  1973.0   24.326130821083392 
  1974.0   24.441308473417294 
  1975.0   24.559831558951736 
  1976.0   24.553982009086802 
  1977.0   24.713915929376192 
  1978.0   24.691127125911674 
  1979.0   25.03465917161764 
  1980.0   25.107787741066897 
  1981.0   25.043886254014584 
  1982.0   25.003097356159913 
  1983.0   25.07343823402138 
  1984.0   25.016526238656965 
  1985.0   25.112139705629797 
  1986.0   25.16214726804631 
  1987.0   25.231719954324067 
  1988.0   25.17610633541214 
  1989.0   25.30209743264715 
  1990.0   25.279766928490666 
  1991.0   25.320455062239322 
  1992.0   25.178438755088905 
  1993.0   25.407207718629042 
  1994.0   25.53746842011456 
  1995.0   25.432028352907587 
  1996.0   25.483275241846577 
  1997.0   25.554813344154933 
  1998.0   25.698286714084862 
  1999.0   25.58705721037228 
  2000.0   25.685337796924642 
  2001.0   25.825325480637364 
  2002.0   25.627935045905478 
  2003.0   25.79347652345641 
  2004.0   25.539186548058044 
  2005.0   25.535170110767748 
  2006.0   25.705614939208207 
  2007.0   25.569528619035722 
  2008.0   25.59627786502032 
  2009.0   25.82404284616484 
  2010.0   25.874557860009972 
  2011.0   25.976719038810792 
  2012.0   25.83291199154148 
  2013.0   25.866231633982057 
  2014.0   25.886489183302075 
