  1850.0   12.251782784290581 
  1851.0   11.377987518605375 
  1852.0   12.03401140935667 
  1853.0   10.486243289540743 
  1854.0   10.134918545486668 
  1855.0   11.044286371549557 
  1856.0   10.981745193384043 
  1857.0   10.667239419618374 
  1858.0   11.538341446462269 
  1859.0   11.905512614617557 
  1860.0   11.715940438716693 
  1861.0   10.226614795723373 
  1862.0   11.446735294823375 
  1863.0   11.866483842347382 
  1864.0   10.310931137260766 
  1865.0   10.266903546858574 
  1866.0   11.683646273397608 
  1867.0   12.09217556918252 
  1868.0   11.5747613732688 
  1869.0   11.592674114329457 
  1870.0   10.494946545102401 
  1871.0   11.71850464929603 
  1872.0   11.382764854527057 
  1873.0   11.075162127639702 
  1874.0   10.952119627557147 
  1875.0   10.955283271062152 
  1876.0   11.846782531647424 
  1877.0   11.611808125891807 
  1878.0   11.54390494528535 
  1879.0   11.259403365098338 
  1880.0   11.181970661212041 
  1881.0   12.25453074931182 
  1882.0   11.74616905999676 
  1883.0   11.496872781385775 
  1884.0   11.270752724519756 
  1885.0   12.205391735612858 
  1886.0   12.14807397628955 
  1887.0   11.633735926957275 
  1888.0   11.4023167591822 
  1889.0   10.803154306653774 
  1890.0   10.506462429510321 
  1891.0   10.824890545742818 
  1892.0   12.019996501175152 
  1893.0   11.062661011159445 
  1894.0   11.422856130609421 
  1895.0   11.692428704448323 
  1896.0   11.680045784929339 
  1897.0   10.604525668380566 
  1898.0   9.900374695435445 
  1899.0   11.939336400238016 
  1900.0   13.050943437518107 
  1901.0   12.183573174814882 
  1902.0   11.68606121325654 
  1903.0   11.489509418093853 
  1904.0   11.83689759317244 
  1905.0   10.960699761848742 
  1906.0   11.450519277526073 
  1907.0   10.410418783396766 
  1908.0   11.389964951598989 
  1909.0   11.645249288061951 
  1910.0   12.153978745100954 
  1911.0   11.091007070737499 
  1912.0   11.198621619519855 
  1913.0   10.988087975645389 
  1914.0   10.223181663930108 
  1915.0   11.276226969974477 
  1916.0   11.975103430130867 
  1917.0   12.194428371184259 
  1918.0   12.073651824238517 
  1919.0   12.691098846754755 
  1920.0   12.127285584265481 
  1921.0   12.125023408327467 
  1922.0   11.89784155265472 
  1923.0   11.753004066165358 
  1924.0   11.228205447850092 
  1925.0   11.648023769250429 
  1926.0   11.660708765528613 
  1927.0   11.577917646907803 
  1928.0   10.45983429697379 
  1929.0   11.062635357962534 
  1930.0   11.74541875942115 
  1931.0   11.68923772974909 
  1932.0   11.99600809112827 
  1933.0   11.185983299294557 
  1934.0   10.473417921640587 
  1935.0   11.575793511399338 
  1936.0   12.235167837067516 
  1937.0   13.166479683423045 
  1938.0   13.106115711499685 
  1939.0   13.452559245774548 
  1940.0   12.391654889291097 
  1941.0   12.163909083132392 
  1942.0   11.532671027613402 
  1943.0   11.726374195406281 
  1944.0   12.15692578367705 
  1945.0   12.097565859550269 
  1946.0   11.80286790204554 
  1947.0   11.543256905751043 
  1948.0   12.782623272702008 
  1949.0   13.053331826380049 
  1950.0   11.659306636479602 
  1951.0   12.647665539124798 
  1952.0   11.329549415782337 
  1953.0   11.338550905187605 
  1954.0   11.5216264946157 
  1955.0   11.642111548309376 
  1956.0   12.214025185586232 
  1957.0   12.431420323473919 
  1958.0   12.471886156836463 
  1959.0   12.87513757061043 
  1960.0   12.120615185767216 
  1961.0   11.084816669858364 
  1962.0   10.879631586322656 
  1963.0   12.42715976773503 
  1964.0   12.922164598829518 
  1965.0   11.761808524809263 
  1966.0   12.069812045054483 
  1967.0   11.721846585038607 
  1968.0   12.267215188172296 
  1969.0   12.745900496077558 
  1970.0   11.98491871516041 
  1971.0   12.617979578170225 
  1972.0   12.227024258654891 
  1973.0   12.059998396545854 
  1974.0   12.023286656656497 
  1975.0   11.826301946022005 
  1976.0   12.533271398602492 
  1977.0   12.035766297857114 
  1978.0   13.322370294294737 
  1979.0   13.197373885631148 
  1980.0   12.367811734731344 
  1981.0   13.034745303667814 
  1982.0   14.050075715416167 
  1983.0   13.335384098573208 
  1984.0   12.900672816829685 
  1985.0   11.753282685233021 
  1986.0   11.524761143999246 
  1987.0   12.088978956085247 
  1988.0   12.821138322756159 
  1989.0   13.792477903643281 
  1990.0   13.82039806065851 
  1991.0   13.15144912763633 
  1992.0   12.711142716398367 
  1993.0   12.01457060536381 
  1994.0   13.373431918882968 
  1995.0   14.319376517188633 
  1996.0   13.508235456989691 
  1997.0   12.25836046291489 
  1998.0   12.667723567809594 
  1999.0   12.473161312270966 
  2000.0   13.459320838104137 
  2001.0   14.308331993380634 
  2002.0   14.05923763147935 
  2003.0   13.497389224825683 
  2004.0   13.004417254554962 
  2005.0   14.406757437018914 
  2006.0   14.322872732846 
  2007.0   13.500446931741976 
  2008.0   13.835250812265514 
  2009.0   13.796366266427684 
  2010.0   14.675704902947713 
  2011.0   13.632834215497363 
  2012.0   13.70616505435113 
  2013.0   13.622976857242143 
  2014.0   13.500769647395297 
