  1850.0   6.485712472888185 
  1851.0   6.444924797157914 
  1852.0   6.246158696574451 
  1853.0   6.5490115378796405 
  1854.0   6.648583100227562 
  1855.0   6.588928804703247 
  1856.0   6.4523646065227105 
  1857.0   6.789492979342305 
  1858.0   6.734186132138616 
  1859.0   6.427390908685853 
  1860.0   6.130326366756945 
  1861.0   6.300984172560064 
  1862.0   6.3447221127055125 
  1863.0   6.378375906712471 
  1864.0   6.546179418529447 
  1865.0   6.409709061843192 
  1866.0   6.853094672851053 
  1867.0   6.659635148912752 
  1868.0   6.478304589167559 
  1869.0   6.478540035768896 
  1870.0   6.352367534731976 
  1871.0   6.567915057374593 
  1872.0   6.653253258653385 
  1873.0   6.575587698655842 
  1874.0   6.215078021368727 
  1875.0   6.558844008269855 
  1876.0   6.493264758017826 
  1877.0   6.54288214323528 
  1878.0   6.805273883585437 
  1879.0   6.7541715042552095 
  1880.0   6.658210577242455 
  1881.0   6.697959824473361 
  1882.0   6.641409859227928 
  1883.0   6.719244986854543 
  1884.0   6.637518687845077 
  1885.0   6.757821031117211 
  1886.0   6.6897642258045655 
  1887.0   6.553266122275844 
  1888.0   6.609006716371376 
  1889.0   6.289846180341378 
  1890.0   6.401662876442827 
  1891.0   6.428924556860715 
  1892.0   6.583191444992941 
  1893.0   6.423691792135954 
  1894.0   6.355922945446754 
  1895.0   6.628559337244006 
  1896.0   6.740624687393492 
  1897.0   6.64245579077462 
  1898.0   6.615395231083492 
  1899.0   6.7737896240046425 
  1900.0   6.578459354105176 
  1901.0   6.724219839119593 
  1902.0   6.42700783837441 
  1903.0   6.494702658925069 
  1904.0   6.446256284179794 
  1905.0   6.443944966020052 
  1906.0   6.479754970115042 
  1907.0   6.746383215702895 
  1908.0   6.555468642629309 
  1909.0   6.52413281059545 
  1910.0   6.7752234405340035 
  1911.0   6.75674183949803 
  1912.0   6.818870817964418 
  1913.0   6.858166172290074 
  1914.0   6.651246313764695 
  1915.0   6.599517835539144 
  1916.0   6.6216169097533495 
  1917.0   6.504770708935333 
  1918.0   6.729885693698685 
  1919.0   6.657114668219178 
  1920.0   6.7263449853222115 
  1921.0   6.89294157842308 
  1922.0   6.65686701916113 
  1923.0   6.7910795804182635 
  1924.0   6.583916662156448 
  1925.0   6.610737735262841 
  1926.0   6.371800052160597 
  1927.0   6.6937085493373445 
  1928.0   6.452088801702113 
  1929.0   6.781100947541611 
  1930.0   6.464177038988741 
  1931.0   6.584724454818115 
  1932.0   6.641285288217048 
  1933.0   6.514781413377054 
  1934.0   6.92320050932998 
  1935.0   6.63336504346657 
  1936.0   6.5975099094751695 
  1937.0   6.608774706431484 
  1938.0   6.783315285849641 
  1939.0   6.527527881394561 
  1940.0   6.812015285312687 
  1941.0   6.722744657448364 
  1942.0   6.660292985239476 
  1943.0   7.017961870580106 
  1944.0   6.887316235040604 
  1945.0   6.366372359653298 
  1946.0   6.720423662332454 
  1947.0   6.714329224276008 
  1948.0   6.485180213538841 
  1949.0   6.720681350288309 
  1950.0   6.843441708745069 
  1951.0   6.722186134468833 
  1952.0   6.797610737369613 
  1953.0   6.760809880939119 
  1954.0   6.621970034188592 
  1955.0   6.586366238560589 
  1956.0   6.624678079017256 
  1957.0   6.955498515398278 
  1958.0   6.9608116921484555 
  1959.0   6.800997542956702 
  1960.0   6.455409282478774 
  1961.0   6.602742257928674 
  1962.0   6.460141608652526 
  1963.0   6.590980682891416 
  1964.0   6.778306406683323 
  1965.0   6.73962245528973 
  1966.0   6.724024202537707 
  1967.0   6.708979071795035 
  1968.0   6.85670437321174 
  1969.0   6.700147987903682 
  1970.0   6.5722187484621095 
  1971.0   6.5710275096381805 
  1972.0   7.081911224684732 
  1973.0   6.914405109284075 
  1974.0   6.581593694242834 
  1975.0   6.746763060251254 
  1976.0   6.403135724296233 
  1977.0   6.7672618742283674 
  1978.0   6.777955588269001 
  1979.0   6.861986651170528 
  1980.0   6.90560904655463 
  1981.0   6.7837275738314435 
  1982.0   6.728594897616989 
  1983.0   6.668135823813876 
  1984.0   6.815461611893369 
  1985.0   6.9421030621424 
  1986.0   6.594091061058538 
  1987.0   6.573551669293669 
  1988.0   6.732539601513375 
  1989.0   7.076085011243402 
  1990.0   6.480449365362097 
  1991.0   6.948725524215801 
  1992.0   6.9177111908677285 
  1993.0   6.844101776871856 
  1994.0   6.906476379114799 
  1995.0   7.0195805077422815 
  1996.0   6.7767292062590725 
  1997.0   7.2037318146804 
  1998.0   6.869544155105662 
  1999.0   6.92955396883417 
  2000.0   7.083402067112351 
  2001.0   6.940104188185541 
  2002.0   7.022193080268284 
  2003.0   7.169038596221353 
  2004.0   6.854108089876287 
  2005.0   6.922322239544933 
  2006.0   6.696456593322588 
  2007.0   6.839769749662925 
  2008.0   7.239247677621503 
  2009.0   7.048228620164477 
  2010.0   6.987888989471552 
  2011.0   6.781160131205794 
  2012.0   6.9529112053752335 
  2013.0   7.134976825350049 
  2014.0   7.162461036031687 
