  1850.0   9.169204383917647 
  1851.0   9.153134564783933 
  1852.0   9.271360927220922 
  1853.0   9.399082475193971 
  1854.0   9.335593331940688 
  1855.0   9.337294331779502 
  1856.0   9.578354406216691 
  1857.0   9.361756984260298 
  1858.0   9.300648539958193 
  1859.0   9.316590565823383 
  1860.0   9.235108024724001 
  1861.0   9.388590158188366 
  1862.0   9.327302235203602 
  1863.0   9.350708129220184 
  1864.0   9.321435462148967 
  1865.0   9.255337478425336 
  1866.0   9.133072164681776 
  1867.0   9.178657559916251 
  1868.0   9.289033227720514 
  1869.0   9.227102618853188 
  1870.0   9.238898204715385 
  1871.0   9.3885892338123 
  1872.0   9.143148825120411 
  1873.0   9.034111630423121 
  1874.0   9.105932862519682 
  1875.0   8.998517200419863 
  1876.0   9.189373504308143 
  1877.0   9.155337478711505 
  1878.0   9.03773637539476 
  1879.0   9.1308081975521 
  1880.0   9.205270262584747 
  1881.0   9.101659172980188 
  1882.0   9.102226345205667 
  1883.0   9.280388307623108 
  1884.0   9.333604632988552 
  1885.0   9.509920049046388 
  1886.0   9.5840297718914 
  1887.0   9.592679694362912 
  1888.0   9.791158514581651 
  1889.0   9.53648830023916 
  1890.0   9.425153769154315 
  1891.0   9.465863569044737 
  1892.0   9.386325422012188 
  1893.0   9.306468045520543 
  1894.0   9.412897470685213 
  1895.0   9.438016278893198 
  1896.0   9.266684323560531 
  1897.0   9.192581486747807 
  1898.0   9.29657200356903 
  1899.0   9.227600185554389 
  1900.0   9.154762001217962 
  1901.0   9.005412454357803 
  1902.0   9.074418114630292 
  1903.0   9.26727058309482 
  1904.0   9.350364414001879 
  1905.0   9.262780733102199 
  1906.0   9.34821948733006 
  1907.0   9.483166365849224 
  1908.0   9.610580412471595 
  1909.0   9.433721877609893 
  1910.0   9.512761593928682 
  1911.0   9.275744910483104 
  1912.0   9.255417578981419 
  1913.0   9.301650076683842 
  1914.0   9.510030658940453 
  1915.0   9.50679653281964 
  1916.0   9.465150172741488 
  1917.0   9.34515923451788 
  1918.0   9.313911762951323 
  1919.0   9.215647583655443 
  1920.0   9.210804293673078 
  1921.0   9.364281674372801 
  1922.0   9.574309831987842 
  1923.0   9.465605135617448 
  1924.0   9.427030791996783 
  1925.0   9.41426936886174 
  1926.0   9.620736662398382 
  1927.0   9.542137702022679 
  1928.0   9.513174368045995 
  1929.0   9.321045235321751 
  1930.0   8.977928560772247 
  1931.0   8.998966053019876 
  1932.0   9.164256532810041 
  1933.0   9.192258397631177 
  1934.0   9.03098378058817 
  1935.0   8.963096143771605 
  1936.0   8.899332536716551 
  1937.0   8.930915106414439 
  1938.0   9.04370079469384 
  1939.0   8.96718604332651 
  1940.0   8.882634448341115 
  1941.0   8.751393755889275 
  1942.0   8.726543281371079 
  1943.0   8.845864036046544 
  1944.0   8.829479502916096 
  1945.0   8.723107607516855 
  1946.0   8.9016226278523 
  1947.0   8.827726123275148 
  1948.0   8.618438589029992 
  1949.0   8.491891208997144 
  1950.0   8.677597363133533 
  1951.0   8.426481020568241 
  1952.0   8.480672708880002 
  1953.0   8.639369660863377 
  1954.0   8.415737378318905 
  1955.0   8.46829286704704 
  1956.0   8.387252275417406 
  1957.0   8.320740771337176 
  1958.0   8.485032030703563 
  1959.0   8.333060906571255 
  1960.0   8.27169280277158 
  1961.0   8.397216113895555 
  1962.0   8.241816009520624 
  1963.0   8.300329675333925 
  1964.0   8.361969217498881 
  1965.0   8.379097690309619 
  1966.0   8.53923403234085 
  1967.0   8.667194390670256 
  1968.0   8.517990983951504 
  1969.0   8.513863301872465 
  1970.0   8.573735235771924 
  1971.0   8.50207868323749 
  1972.0   8.404416054910335 
  1973.0   8.28325257166733 
  1974.0   8.199990300395969 
  1975.0   8.189616781578032 
  1976.0   8.22223653662774 
  1977.0   8.216943117260431 
  1978.0   8.461279767425648 
  1979.0   8.535807135312812 
  1980.0   8.346961873363432 
  1981.0   8.469654237150394 
  1982.0   8.322179539301539 
  1983.0   8.240414894436277 
  1984.0   8.372334074179596 
  1985.0   8.43140130437727 
  1986.0   8.519120778544451 
  1987.0   8.39369249420532 
  1988.0   8.448014162912365 
  1989.0   8.439387782121212 
  1990.0   8.404660045228976 
  1991.0   8.480716217456012 
  1992.0   8.43681915101175 
  1993.0   8.356727676126246 
  1994.0   8.618454596070514 
  1995.0   8.730238851110327 
  1996.0   8.721753362928705 
  1997.0   8.861809802380396 
  1998.0   8.905665601321305 
  1999.0   8.98566837753825 
  2000.0   8.845116544363162 
  2001.0   8.748861240741153 
  2002.0   8.814964342743611 
  2003.0   8.615830136011095 
  2004.0   8.73937442356445 
  2005.0   8.668163513928581 
  2006.0   8.541617734624053 
  2007.0   8.591422815859394 
  2008.0   8.559206456185727 
  2009.0   8.423171444083833 
  2010.0   8.439363477202175 
  2011.0   8.497756094692123 
  2012.0   8.619428028739353 
  2013.0   8.67400375590837 
  2014.0   8.360693095633788 
