  1850.0   5.540571415773027e-10 
  1851.0   4.256606343026913e-10 
  1852.0   5.434827562290853e-10 
  1853.0   4.708453160099615e-10 
  1854.0   4.793562034382138e-10 
  1855.0   6.19154673547828e-10 
  1856.0   5.119354214985586e-10 
  1857.0   4.881021345126828e-10 
  1858.0   5.430957944484678e-10 
  1859.0   6.519163323820902e-10 
  1860.0   5.182372943609325e-10 
  1861.0   3.8350056951887e-10 
  1862.0   5.136453804392936e-10 
  1863.0   5.033115660883351e-10 
  1864.0   5.788927579656653e-10 
  1865.0   4.683392827924868e-10 
  1866.0   4.020803535566533e-10 
  1867.0   4.5338038713611044e-10 
  1868.0   5.715433650614554e-10 
  1869.0   5.590287151831137e-10 
  1870.0   4.747893851212573e-10 
  1871.0   4.2856270155177454e-10 
  1872.0   5.354276595287159e-10 
  1873.0   4.167607429806366e-10 
  1874.0   6.16629558737123e-10 
  1875.0   5.138181297440827e-10 
  1876.0   5.075187414879351e-10 
  1877.0   4.772601526517064e-10 
  1878.0   5.489517107319254e-10 
  1879.0   5.00644118662103e-10 
  1880.0   5.683355839810348e-10 
  1881.0   5.538997577705403e-10 
  1882.0   5.409612328268768e-10 
  1883.0   5.442740785554824e-10 
  1884.0   5.779734324880277e-10 
  1885.0   4.913360085507922e-10 
  1886.0   6.285705679917295e-10 
  1887.0   5.523985225474803e-10 
  1888.0   5.319847738384036e-10 
  1889.0   5.017205534723086e-10 
  1890.0   5.357400107673824e-10 
  1891.0   4.5729388312995253e-10 
  1892.0   5.017116573391694e-10 
  1893.0   6.973398128620852e-10 
  1894.0   5.82928655724027e-10 
  1895.0   3.858731384865711e-10 
  1896.0   5.895412650711444e-10 
  1897.0   5.764201906029885e-10 
  1898.0   4.852664574170549e-10 
  1899.0   5.536583140427184e-10 
  1900.0   5.344487674566407e-10 
  1901.0   5.500078680100481e-10 
  1902.0   6.203569664531472e-10 
  1903.0   5.436559491958759e-10 
  1904.0   4.378141678553054e-10 
  1905.0   4.2519724588422466e-10 
  1906.0   4.967339571139777e-10 
  1907.0   4.433548387983312e-10 
  1908.0   4.930632865694888e-10 
  1909.0   5.887242239363132e-10 
  1910.0   4.356802749007141e-10 
  1911.0   4.830043392160893e-10 
  1912.0   6.472625745889715e-10 
  1913.0   5.566025965884884e-10 
  1914.0   4.6479370774427303e-10 
  1915.0   5.883046128030659e-10 
  1916.0   4.806564592181578e-10 
  1917.0   3.5931559046954955e-10 
  1918.0   6.679449778888323e-10 
  1919.0   4.891726253918211e-10 
  1920.0   4.787640717439882e-10 
  1921.0   6.689207324789454e-10 
  1922.0   4.277409321875259e-10 
  1923.0   4.5577124253948694e-10 
  1924.0   6.052975171298746e-10 
  1925.0   6.370791569310577e-10 
  1926.0   5.108130142744827e-10 
  1927.0   4.703897602552478e-10 
  1928.0   5.228077612184317e-10 
  1929.0   5.643836824865833e-10 
  1930.0   5.389957825181164e-10 
  1931.0   3.9816817388436803e-10 
  1932.0   6.096477686664178e-10 
  1933.0   4.748447619617692e-10 
  1934.0   4.761925460062292e-10 
  1935.0   5.901857204525875e-10 
  1936.0   4.79111174945586e-10 
  1937.0   3.2347160338177223e-10 
  1938.0   5.71282549201074e-10 
  1939.0   5.386696756434542e-10 
  1940.0   4.73915100674541e-10 
  1941.0   5.145936342461442e-10 
  1942.0   5.400769691682862e-10 
  1943.0   4.93875391854715e-10 
  1944.0   5.126703058221777e-10 
  1945.0   4.762842922126634e-10 
  1946.0   5.406789141260497e-10 
  1947.0   4.6030269052686617e-10 
  1948.0   4.4854070962596433e-10 
  1949.0   4.833168079130018e-10 
  1950.0   6.679599265990457e-10 
  1951.0   4.939497718011027e-10 
  1952.0   5.791369194954498e-10 
  1953.0   4.592569641361298e-10 
  1954.0   5.719772140477454e-10 
  1955.0   4.814606406798169e-10 
  1956.0   3.733726430288043e-10 
  1957.0   4.638526414885263e-10 
  1958.0   5.420316339138755e-10 
  1959.0   4.78611586825245e-10 
  1960.0   4.4894353788683457e-10 
  1961.0   3.940627153347656e-10 
  1962.0   4.345520893092554e-10 
  1963.0   5.584153057515434e-10 
  1964.0   3.53459402779641e-10 
  1965.0   4.969559225199095e-10 
  1966.0   5.22396943102343e-10 
  1967.0   4.550942425195392e-10 
  1968.0   4.0995917397446194e-10 
  1969.0   4.613815469773688e-10 
  1970.0   4.1433685436291603e-10 
  1971.0   3.7656327153460897e-10 
  1972.0   5.27852763752911e-10 
  1973.0   4.371792472935705e-10 
  1974.0   4.060682085677404e-10 
  1975.0   4.686201950667948e-10 
  1976.0   4.440783048700197e-10 
  1977.0   5.242384532481689e-10 
  1978.0   6.206955858995035e-10 
  1979.0   3.952204148031742e-10 
  1980.0   4.472484420077735e-10 
  1981.0   6.020197590261682e-10 
  1982.0   4.913146734491571e-10 
  1983.0   4.3693065241977534e-10 
  1984.0   4.5604899249949237e-10 
  1985.0   6.467651590256467e-10 
  1986.0   4.45615031653646e-10 
  1987.0   5.056793795208092e-10 
  1988.0   4.712434536397459e-10 
  1989.0   4.847471714494951e-10 
  1990.0   4.2306201856554194e-10 
  1991.0   4.683611441369857e-10 
  1992.0   5.395290576527971e-10 
  1993.0   4.2054043059494374e-10 
  1994.0   3.83251811762791e-10 
  1995.0   4.719682456516414e-10 
  1996.0   4.052017620028812e-10 
  1997.0   5.040915641299585e-10 
  1998.0   4.328307242381069e-10 
  1999.0   4.0845073442541867e-10 
  2000.0   3.9979000509176886e-10 
  2001.0   4.986264149360737e-10 
  2002.0   4.321490244451898e-10 
  2003.0   4.70067041535577e-10 
  2004.0   3.3338758251537626e-10 
  2005.0   3.558941799658689e-10 
  2006.0   4.322421913454553e-10 
  2007.0   4.744846251048796e-10 
  2008.0   4.1895490562857844e-10 
  2009.0   4.0751585604020996e-10 
  2010.0   3.5618245612118953e-10 
  2011.0   3.684802387239964e-10 
  2012.0   3.697536074341248e-10 
  2013.0   5.670206991197455e-10 
  2014.0   4.687832012151755e-10 
