  1850.0   104.22134797466838 
  1851.0   104.17695319009678 
  1852.0   104.09467764198126 
  1853.0   103.69653369296927 
  1854.0   103.30888628829499 
  1855.0   103.16152420335632 
  1856.0   103.08822838410967 
  1857.0   103.15976793346628 
  1858.0   103.71357582853868 
  1859.0   104.04426237484516 
  1860.0   104.13549113522967 
  1861.0   104.51016125442032 
  1862.0   104.7746320811559 
  1863.0   104.81442413245094 
  1864.0   104.48067040219703 
  1865.0   104.24118158012942 
  1866.0   103.99067797023832 
  1867.0   103.96980659667976 
  1868.0   103.65259517758754 
  1869.0   103.64724975940456 
  1870.0   103.97112244598091 
  1871.0   104.23804292610595 
  1872.0   104.34255376799992 
  1873.0   104.40562402333505 
  1874.0   104.33685424133469 
  1875.0   104.20164672672688 
  1876.0   103.9319325479872 
  1877.0   103.8937641052666 
  1878.0   104.0174272268676 
  1879.0   104.23397728387685 
  1880.0   104.40212473107869 
  1881.0   104.658928002094 
  1882.0   104.92539416752082 
  1883.0   104.94962997622653 
  1884.0   105.09286030886611 
  1885.0   105.21574993090007 
  1886.0   104.9067353670811 
  1887.0   104.48574565097555 
  1888.0   104.40917278030929 
  1889.0   104.4149159768421 
  1890.0   104.57357432078484 
  1891.0   105.00598283680075 
  1892.0   105.38506905056778 
  1893.0   105.76090789158583 
  1894.0   106.10470784403711 
  1895.0   106.52306991374192 
  1896.0   106.77278253984215 
  1897.0   106.93273253495606 
  1898.0   106.63903900622795 
  1899.0   106.29698363878992 
  1900.0   105.8603789287916 
  1901.0   105.20301765694909 
  1902.0   105.29818053452075 
  1903.0   105.7493892345652 
  1904.0   105.60008351074063 
  1905.0   105.65281631905879 
  1906.0   105.5626013750318 
  1907.0   105.35618503305274 
  1908.0   105.41524172872916 
  1909.0   105.32965924165373 
  1910.0   105.62892913210325 
  1911.0   105.57912502469772 
  1912.0   105.45956255183738 
  1913.0   105.64227738253925 
  1914.0   105.83187194913741 
  1915.0   105.86876585919354 
  1916.0   105.36691258979967 
  1917.0   105.40585050148341 
  1918.0   105.53980106267566 
  1919.0   105.60086222590466 
  1920.0   106.14977454412956 
  1921.0   106.1738108691406 
  1922.0   106.4628134981771 
  1923.0   107.11966398130075 
  1924.0   107.12109204159837 
  1925.0   106.93604369884143 
  1926.0   106.622008597254 
  1927.0   106.76961237845455 
  1928.0   106.64419871249252 
  1929.0   107.15692635597726 
  1930.0   107.39810818766145 
  1931.0   107.38094983005406 
  1932.0   107.2291067493872 
  1933.0   107.25025686497504 
  1934.0   107.54678597208041 
  1935.0   107.57589546690284 
  1936.0   107.80761845866476 
  1937.0   107.47889177132892 
  1938.0   107.03705825796415 
  1939.0   106.96292541246243 
  1940.0   106.96129056476538 
  1941.0   106.9927876787324 
  1942.0   107.0179995932922 
  1943.0   106.86937952126456 
  1944.0   106.69427340176304 
  1945.0   106.927673553045 
  1946.0   107.02571177741109 
  1947.0   107.20474484075426 
  1948.0   107.06353253775573 
  1949.0   106.78956817480545 
  1950.0   106.64591670992269 
  1951.0   106.45519066243345 
  1952.0   106.35081083822593 
  1953.0   106.31142494779742 
  1954.0   106.00460710755026 
  1955.0   105.83590371633633 
  1956.0   105.96417224411356 
  1957.0   106.16565364720434 
  1958.0   106.28194571896482 
  1959.0   106.39426763854348 
  1960.0   106.61048383064497 
  1961.0   106.65226883019433 
  1962.0   106.0173729314541 
  1963.0   105.68447294280344 
  1964.0   106.02266299312596 
  1965.0   106.3336611974393 
  1966.0   106.63253456498842 
  1967.0   107.18664834996846 
  1968.0   107.65037980407823 
  1969.0   107.46026475849705 
  1970.0   107.60586359212903 
  1971.0   107.75326383803767 
  1972.0   108.06223941654264 
  1973.0   107.95469105339478 
  1974.0   107.79053291567858 
  1975.0   107.8470948641333 
  1976.0   108.1947505281156 
  1977.0   108.3888497421419 
  1978.0   108.67463100695511 
  1979.0   109.02556682892308 
  1980.0   108.81393765490071 
  1981.0   108.57259214642454 
  1982.0   108.72247544119018 
  1983.0   108.74576458999341 
  1984.0   108.9107262428371 
  1985.0   109.26485375071117 
  1986.0   109.80536276928379 
  1987.0   110.06115878364068 
  1988.0   110.29209070956723 
  1989.0   110.02702698149545 
  1990.0   109.99492187044433 
  1991.0   110.19157462108416 
  1992.0   110.53197873797211 
  1993.0   110.7608826919318 
  1994.0   110.91859126814555 
  1995.0   111.02631904858157 
  1996.0   110.97203649972646 
  1997.0   111.12807965608452 
  1998.0   110.93187166434052 
  1999.0   110.81040222981764 
  2000.0   111.37491319519873 
  2001.0   111.0494523657141 
  2002.0   110.65941519673338 
  2003.0   110.8314376323492 
  2004.0   110.80766380456203 
  2005.0   110.61401916081985 
  2006.0   110.71811586074756 
  2007.0   111.52284013356102 
  2008.0   111.7484987181998 
  2009.0   112.18155068122502 
  2010.0   112.26677322973585 
  2011.0   112.13338560714894 
  2012.0   112.13575593369627 
  2013.0   111.94549130389234 
  2014.0   111.65368039458124 
