  1850.0   27.13098122859006 
  1851.0   27.81663457331283 
  1852.0   28.176546712362008 
  1853.0   27.60228567467825 
  1854.0   27.539649410621422 
  1855.0   27.325044247444097 
  1856.0   27.17288676843164 
  1857.0   26.878342696685603 
  1858.0   27.161526134600347 
  1859.0   27.00969375351216 
  1860.0   27.555327874479218 
  1861.0   27.88683694372783 
  1862.0   28.23112043033724 
  1863.0   27.16406033056746 
  1864.0   27.337537906618053 
  1865.0   27.61478671682113 
  1866.0   27.562768394025642 
  1867.0   27.73331428398819 
  1868.0   27.939708709615626 
  1869.0   28.123884820625918 
  1870.0   28.027825853714827 
  1871.0   28.011010657328477 
  1872.0   28.160719903909538 
  1873.0   27.902362973972203 
  1874.0   27.783692165371598 
  1875.0   28.40658316047154 
  1876.0   27.478004405504002 
  1877.0   27.159340028510726 
  1878.0   27.57924656427325 
  1879.0   27.66160690115798 
  1880.0   28.09234250924029 
  1881.0   27.962618245027606 
  1882.0   28.109449840519886 
  1883.0   28.061096831970016 
  1884.0   27.861888050415274 
  1885.0   27.414058210752437 
  1886.0   27.315890104960335 
  1887.0   27.369073618704775 
  1888.0   27.510899309192173 
  1889.0   27.418182640380024 
  1890.0   28.4321132282472 
  1891.0   28.31677301299513 
  1892.0   28.09077611772222 
  1893.0   28.08139321013657 
  1894.0   28.386590379177317 
  1895.0   28.211982209118766 
  1896.0   28.144007177834645 
  1897.0   28.055764744732365 
  1898.0   28.038433002769718 
  1899.0   28.6973224543558 
  1900.0   27.661450378104263 
  1901.0   28.467019789973953 
  1902.0   27.790390147265086 
  1903.0   27.638852545125374 
  1904.0   28.458315374837113 
  1905.0   28.642383037188008 
  1906.0   28.555830573149393 
  1907.0   28.757436881777185 
  1908.0   28.30833012146095 
  1909.0   28.146034600524477 
  1910.0   28.729905813684955 
  1911.0   28.35114114450266 
  1912.0   29.086654393095056 
  1913.0   29.28315479784158 
  1914.0   28.139095472898237 
  1915.0   28.087030938704782 
  1916.0   28.60621704840333 
  1917.0   29.05303074658194 
  1918.0   28.903377872749314 
  1919.0   28.763862370579236 
  1920.0   29.39722643461891 
  1921.0   28.951723994582313 
  1922.0   29.428986057724742 
  1923.0   28.588205958131944 
  1924.0   28.877677079676882 
  1925.0   29.61735821256852 
  1926.0   30.124427620252877 
  1927.0   29.295870811197258 
  1928.0   29.367535982328615 
  1929.0   28.537159878257686 
  1930.0   29.323535396995407 
  1931.0   29.405096408610664 
  1932.0   29.15708033990572 
  1933.0   29.618077074228218 
  1934.0   29.63174349271323 
  1935.0   29.254509815293797 
  1936.0   29.64065896310246 
  1937.0   29.866805825824102 
  1938.0   29.78192309846017 
  1939.0   29.641204574845254 
  1940.0   29.559462270851075 
  1941.0   29.728764528464943 
  1942.0   29.658367802045174 
  1943.0   29.553129499077627 
  1944.0   30.04659716878889 
  1945.0   30.350767901469922 
  1946.0   30.01700025700837 
  1947.0   30.17195928360088 
  1948.0   29.9142432040477 
  1949.0   28.93838907429625 
  1950.0   29.634268461968936 
  1951.0   30.104240430358647 
  1952.0   30.261370247483637 
  1953.0   30.27668695726038 
  1954.0   30.024954339180802 
  1955.0   30.351121695904563 
  1956.0   30.58982581566739 
  1957.0   30.165293146352894 
  1958.0   31.10016957412453 
  1959.0   30.86788525233279 
  1960.0   30.402081998779586 
  1961.0   31.195423270744197 
  1962.0   31.503702973645943 
  1963.0   31.123062060407637 
  1964.0   30.75122743711096 
  1965.0   30.745205793667182 
  1966.0   31.34144094846086 
  1967.0   30.80967529071195 
  1968.0   31.795929165066767 
  1969.0   31.824067273902408 
  1970.0   31.32412750589035 
  1971.0   31.681422848847365 
  1972.0   31.256577628221926 
  1973.0   31.3120135729416 
  1974.0   31.666442065865805 
  1975.0   31.949210993547542 
  1976.0   31.674181884562543 
  1977.0   31.54274816135423 
  1978.0   32.53787894828127 
  1979.0   32.061476949721296 
  1980.0   32.21113535998645 
  1981.0   31.889726790976816 
  1982.0   32.00759260909638 
  1983.0   32.00889743664734 
  1984.0   32.781776869372194 
  1985.0   32.457308327789555 
  1986.0   32.46443778773585 
  1987.0   33.25357035244258 
  1988.0   33.331020421889086 
  1989.0   32.647811543443595 
  1990.0   32.956425176388876 
  1991.0   32.71609233751151 
  1992.0   33.570497839946405 
  1993.0   33.549310011093084 
  1994.0   33.30382220977119 
  1995.0   33.62079924441659 
  1996.0   34.46781531363405 
  1997.0   34.49381776057038 
  1998.0   34.6764251683392 
  1999.0   34.705477575407734 
  2000.0   33.79929718568994 
  2001.0   34.64825830997792 
  2002.0   34.39138011362782 
  2003.0   34.63119554429448 
  2004.0   34.83612538403219 
  2005.0   34.90927222319133 
  2006.0   35.56102682716191 
  2007.0   36.082590022117394 
  2008.0   35.46125017289066 
  2009.0   35.88328230446632 
  2010.0   36.51183100258762 
  2011.0   36.59942471636952 
  2012.0   36.5918803394159 
  2013.0   36.913315236179244 
  2014.0   36.409721081051394 
