  1850.0   2.392212190802499 
  1851.0   2.33567547787004 
  1852.0   2.501983285273315 
  1853.0   2.4782879189289266 
  1854.0   2.452139502961746 
  1855.0   2.4307771701615426 
  1856.0   2.409198052285976 
  1857.0   2.283290697188855 
  1858.0   2.4983139695387204 
  1859.0   2.355154621780416 
  1860.0   2.436139641115435 
  1861.0   2.4245782269072187 
  1862.0   2.4258636736098693 
  1863.0   2.3095850950852634 
  1864.0   2.447746455109656 
  1865.0   2.2708948816636245 
  1866.0   2.507348711892357 
  1867.0   2.3862709509106534 
  1868.0   2.3083172318748644 
  1869.0   2.2880694688802974 
  1870.0   2.439342657590582 
  1871.0   2.341090928870735 
  1872.0   2.4901795026858533 
  1873.0   2.238799073205202 
  1874.0   2.3349434642655944 
  1875.0   2.4426223770636994 
  1876.0   2.231389164517411 
  1877.0   2.2918270013061233 
  1878.0   2.3903485112742437 
  1879.0   2.342246968473694 
  1880.0   2.3522640030152946 
  1881.0   2.3734975045798388 
  1882.0   2.4754178837106107 
  1883.0   2.5262266450770845 
  1884.0   2.3278467051075777 
  1885.0   2.528964642915302 
  1886.0   2.527063331489645 
  1887.0   2.521774834865682 
  1888.0   2.4590886904148777 
  1889.0   2.4773055709703744 
  1890.0   2.3480020698923805 
  1891.0   2.3162346771385507 
  1892.0   2.3146125500776296 
  1893.0   2.509324249053356 
  1894.0   2.4634026376737213 
  1895.0   2.413849452956699 
  1896.0   2.312854901212339 
  1897.0   2.489022797484238 
  1898.0   2.334833370107492 
  1899.0   2.3795027597658267 
  1900.0   2.3533571167625515 
  1901.0   2.362438800474009 
  1902.0   2.3782047890691422 
  1903.0   2.384637713472101 
  1904.0   2.477993608013571 
  1905.0   2.384664276843654 
  1906.0   2.4958822047795444 
  1907.0   2.3596381798480723 
  1908.0   2.4280937315817313 
  1909.0   2.4656196855054255 
  1910.0   2.339824298824401 
  1911.0   2.3730322070690777 
  1912.0   2.400917786405818 
  1913.0   2.47522244588251 
  1914.0   2.477441113325742 
  1915.0   2.456167914057388 
  1916.0   2.31314895502351 
  1917.0   2.3598158864493155 
  1918.0   2.291049528451857 
  1919.0   2.4352857130621635 
  1920.0   2.4293357855509283 
  1921.0   2.494882262575096 
  1922.0   2.4576166883870183 
  1923.0   2.3908060297921003 
  1924.0   2.52366844475884 
  1925.0   2.4039380234939123 
  1926.0   2.4001115362760306 
  1927.0   2.4567777566623077 
  1928.0   2.5096674947841953 
  1929.0   2.095886429836177 
  1930.0   2.3191840657034373 
  1931.0   2.5227321958291444 
  1932.0   2.3894556472707427 
  1933.0   2.2203393835621212 
  1934.0   2.279436470753294 
  1935.0   2.399846479633069 
  1936.0   2.5310578322039046 
  1937.0   2.406570975228393 
  1938.0   2.343379880068095 
  1939.0   2.3598603475557245 
  1940.0   2.2340297472859296 
  1941.0   2.1618493469275566 
  1942.0   2.3487481832746027 
  1943.0   2.3483864586628527 
  1944.0   2.2482160137279728 
  1945.0   2.316288249155088 
  1946.0   2.28918108337758 
  1947.0   2.340548191573561 
  1948.0   2.3178215409166545 
  1949.0   2.49740187798904 
  1950.0   2.135978640459508 
  1951.0   2.1879138988774707 
  1952.0   2.3292586787873244 
  1953.0   2.370081542280741 
  1954.0   2.3198150041290124 
  1955.0   2.196462528699425 
  1956.0   2.4083423297654267 
  1957.0   2.2809678572218384 
  1958.0   2.1759122001916777 
  1959.0   2.5134633305807657 
  1960.0   2.329121504451173 
  1961.0   2.315940680038334 
  1962.0   2.5391161961965105 
  1963.0   2.2375796228853084 
  1964.0   2.343533201104448 
  1965.0   2.6274020250784544 
  1966.0   2.46136160063828 
  1967.0   2.4515649028294058 
  1968.0   2.403995840393971 
  1969.0   2.4122130659751244 
  1970.0   2.3408361046609714 
  1971.0   2.407723352021083 
  1972.0   2.217611150226208 
  1973.0   2.3148648755797727 
  1974.0   2.126096816063042 
  1975.0   2.196202126654248 
  1976.0   2.3060574176924207 
  1977.0   2.4857451687928793 
  1978.0   2.5350248125050325 
  1979.0   2.3626755346248567 
  1980.0   2.300330105397615 
  1981.0   2.306752731645745 
  1982.0   2.272054583765968 
  1983.0   2.425196807506273 
  1984.0   2.4662180202767128 
  1985.0   2.357049236610513 
  1986.0   2.4052204168917397 
  1987.0   2.2584054609629076 
  1988.0   2.2663475412052905 
  1989.0   2.410101763633317 
  1990.0   2.309888319551388 
  1991.0   2.2579397060385866 
  1992.0   2.256626723422378 
  1993.0   2.467337584588999 
  1994.0   2.39935881310584 
  1995.0   2.511252404658745 
  1996.0   2.562076432214689 
  1997.0   2.5024320722823123 
  1998.0   2.5122100972992376 
  1999.0   2.558725869536611 
  2000.0   2.296565437113197 
  2001.0   2.5153702653910632 
  2002.0   2.266417996684152 
  2003.0   2.4309088006027366 
  2004.0   2.3574711147670433 
  2005.0   2.331488433109313 
  2006.0   2.3647626123433882 
  2007.0   2.1555124718585885 
  2008.0   2.3624172363195655 
  2009.0   2.398140375193829 
  2010.0   2.3358228668187175 
  2011.0   2.4218133322540893 
  2012.0   2.461665502319778 
  2013.0   2.325997495354974 
  2014.0   2.3475892430173744 
