  1850.0   3.622008658598329e-10 
  1851.0   4.816578838878399e-10 
  1852.0   5.167133446732663e-10 
  1853.0   6.171251593051923e-10 
  1854.0   6.88041535017653e-10 
  1855.0   4.696682055549885e-10 
  1856.0   5.080686830403797e-10 
  1857.0   4.2588041997601827e-10 
  1858.0   3.974021435080464e-10 
  1859.0   5.07481031489418e-10 
  1860.0   7.33849232301116e-10 
  1861.0   6.500081522507511e-10 
  1862.0   5.862314349040881e-10 
  1863.0   5.406067880438561e-10 
  1864.0   5.414201673594122e-10 
  1865.0   4.090339732454525e-10 
  1866.0   6.941567549295662e-10 
  1867.0   4.723452868162313e-10 
  1868.0   3.8801424282616984e-10 
  1869.0   5.906999513216836e-10 
  1870.0   5.403151791725403e-10 
  1871.0   5.087325679174268e-10 
  1872.0   5.566689695840544e-10 
  1873.0   5.418687426326211e-10 
  1874.0   5.097263384298767e-10 
  1875.0   7.091141547624377e-10 
  1876.0   5.895659166164845e-10 
  1877.0   4.795200777221046e-10 
  1878.0   5.244862599758359e-10 
  1879.0   7.797274853977851e-10 
  1880.0   4.839274071887231e-10 
  1881.0   5.870742727617149e-10 
  1882.0   5.166303269781978e-10 
  1883.0   4.795078979296113e-10 
  1884.0   7.495134936627384e-10 
  1885.0   5.480502700132158e-10 
  1886.0   5.28650751604695e-10 
  1887.0   3.7087047523955645e-10 
  1888.0   4.188851848812504e-10 
  1889.0   3.4151650156437633e-10 
  1890.0   4.1371556130704346e-10 
  1891.0   4.809048985625673e-10 
  1892.0   6.618007749525238e-10 
  1893.0   6.421817328593171e-10 
  1894.0   6.086899073824308e-10 
  1895.0   4.271335496027803e-10 
  1896.0   5.378405506846464e-10 
  1897.0   4.974654153884329e-10 
  1898.0   4.856995198546631e-10 
  1899.0   5.577806565159422e-10 
  1900.0   5.217110780804582e-10 
  1901.0   6.946748660939231e-10 
  1902.0   5.301207549630688e-10 
  1903.0   5.25953014689459e-10 
  1904.0   5.691454692920677e-10 
  1905.0   7.589867207611192e-10 
  1906.0   6.611493864597052e-10 
  1907.0   6.764621142919547e-10 
  1908.0   4.915944527285181e-10 
  1909.0   5.483981268160739e-10 
  1910.0   4.647045706073779e-10 
  1911.0   5.90900901577762e-10 
  1912.0   5.150176018100841e-10 
  1913.0   6.852865167395433e-10 
  1914.0   6.461417872888856e-10 
  1915.0   5.058063114180044e-10 
  1916.0   5.773526242326676e-10 
  1917.0   4.3050374102533046e-10 
  1918.0   4.0908824062037894e-10 
  1919.0   7.214493195477658e-10 
  1920.0   4.87037195943249e-10 
  1921.0   4.724110405402243e-10 
  1922.0   5.83014252164922e-10 
  1923.0   6.94715814757589e-10 
  1924.0   5.869970293380703e-10 
  1925.0   5.736824871251111e-10 
  1926.0   6.970624458443889e-10 
  1927.0   7.906334356817829e-10 
  1928.0   4.649136987212417e-10 
  1929.0   5.13698260794745e-10 
  1930.0   8.345593296809206e-10 
  1931.0   7.792580461177691e-10 
  1932.0   7.735417210525447e-10 
  1933.0   7.40516322899392e-10 
  1934.0   9.944639590283767e-10 
  1935.0   6.952153037252818e-10 
  1936.0   7.288000911811727e-10 
  1937.0   7.268298262807679e-10 
  1938.0   7.448134239224004e-10 
  1939.0   8.855203741524817e-10 
  1940.0   8.925142444423516e-10 
  1941.0   9.697306244961915e-10 
  1942.0   1.0160528957843862e-09 
  1943.0   9.324264314785068e-10 
  1944.0   8.229122917825636e-10 
  1945.0   9.825408630768802e-10 
  1946.0   9.105142000387067e-10 
  1947.0   8.570593502683703e-10 
  1948.0   8.297014969320387e-10 
  1949.0   9.271516351255858e-10 
  1950.0   8.804398272840741e-10 
  1951.0   9.067604453301217e-10 
  1952.0   1.042009991994491e-09 
  1953.0   9.338378861769892e-10 
  1954.0   9.900039893971037e-10 
  1955.0   7.688148179615322e-10 
  1956.0   7.019853633128844e-10 
  1957.0   6.250146415978666e-10 
  1958.0   7.74297678589737e-10 
  1959.0   8.172492844307545e-10 
  1960.0   8.470157865565337e-10 
  1961.0   6.299095246298544e-10 
  1962.0   5.902183342994387e-10 
  1963.0   7.124704991724973e-10 
  1964.0   5.893117223385734e-10 
  1965.0   5.158133043901276e-10 
  1966.0   7.943645789900622e-10 
  1967.0   6.082981559251934e-10 
  1968.0   9.846852724197635e-10 
  1969.0   7.315851207664802e-10 
  1970.0   5.707265448613967e-10 
  1971.0   7.223354366012584e-10 
  1972.0   6.938469662668622e-10 
  1973.0   5.198824038973177e-10 
  1974.0   7.807943457371837e-10 
  1975.0   6.955227902905232e-10 
  1976.0   5.931957055129987e-10 
  1977.0   6.566645249797705e-10 
  1978.0   8.763346650235789e-10 
  1979.0   7.123671303602245e-10 
  1980.0   6.728449394111175e-10 
  1981.0   5.639608145946594e-10 
  1982.0   7.624181460801173e-10 
  1983.0   7.605574440448246e-10 
  1984.0   7.524989070298905e-10 
  1985.0   6.617561905325071e-10 
  1986.0   6.642083602089666e-10 
  1987.0   5.349061798368171e-10 
  1988.0   7.532546442653676e-10 
  1989.0   7.22596125567663e-10 
  1990.0   5.570980399106556e-10 
  1991.0   6.882419095407467e-10 
  1992.0   8.913465000290206e-10 
  1993.0   6.131085016057798e-10 
  1994.0   6.010854498894627e-10 
  1995.0   7.246106756244974e-10 
  1996.0   5.80886859005729e-10 
  1997.0   6.403557243957522e-10 
  1998.0   6.768107317680205e-10 
  1999.0   6.517939165237783e-10 
  2000.0   7.000612060524478e-10 
  2001.0   5.885454896696663e-10 
  2002.0   4.751599273004217e-10 
  2003.0   5.920909855210526e-10 
  2004.0   6.961406728481104e-10 
  2005.0   6.466206986033255e-10 
  2006.0   7.416549082513607e-10 
  2007.0   5.278112910467871e-10 
  2008.0   5.980392608832534e-10 
  2009.0   6.378631019215205e-10 
  2010.0   9.248892528149594e-10 
  2011.0   9.820058319848737e-10 
  2012.0   5.01905419727956e-10 
  2013.0   8.43737067664626e-10 
  2014.0   7.196190921263468e-10 
