  1850.0   1.8392684209541557e-10 
  1851.0   1.9091693041613502e-10 
  1852.0   1.7860375224348217e-10 
  1853.0   1.7255249723772732e-10 
  1854.0   1.9123751511606303e-10 
  1855.0   1.8356637278906862e-10 
  1856.0   1.8277465128120107e-10 
  1857.0   1.8314393073500018e-10 
  1858.0   1.9161205706909377e-10 
  1859.0   1.9240736522084622e-10 
  1860.0   1.9457073697381512e-10 
  1861.0   1.921670873370779e-10 
  1862.0   1.824425108287967e-10 
  1863.0   1.9366487826805322e-10 
  1864.0   1.9736131403375822e-10 
  1865.0   1.9433824045810492e-10 
  1866.0   2.064744172626308e-10 
  1867.0   1.9033586914877435e-10 
  1868.0   1.87890841034427e-10 
  1869.0   2.0134807713822323e-10 
  1870.0   1.986976241696346e-10 
  1871.0   1.9252590629542454e-10 
  1872.0   1.9483247106347993e-10 
  1873.0   2.0045707687286563e-10 
  1874.0   2.0037396221158515e-10 
  1875.0   2.0764566891200665e-10 
  1876.0   2.094877131228724e-10 
  1877.0   2.0920886250177324e-10 
  1878.0   2.2125044129647733e-10 
  1879.0   1.98287869109001e-10 
  1880.0   2.0960156786465384e-10 
  1881.0   2.1096819514271897e-10 
  1882.0   2.1342014134320064e-10 
  1883.0   2.109843309460738e-10 
  1884.0   1.9924036001445558e-10 
  1885.0   2.1839090483072993e-10 
  1886.0   2.2011020626626337e-10 
  1887.0   2.136706115136177e-10 
  1888.0   2.1706739196902527e-10 
  1889.0   2.2987510047308295e-10 
  1890.0   2.337493979590073e-10 
  1891.0   2.1144840032998306e-10 
  1892.0   2.2690716185564186e-10 
  1893.0   2.253001752590187e-10 
  1894.0   2.2260083010635864e-10 
  1895.0   2.2199724228550318e-10 
  1896.0   2.0669980233200708e-10 
  1897.0   2.2977944082089147e-10 
  1898.0   2.3882025319167653e-10 
  1899.0   2.2722521888217542e-10 
  1900.0   2.3491909638736687e-10 
  1901.0   2.375737077433367e-10 
  1902.0   2.3528237856437107e-10 
  1903.0   2.2877074025668179e-10 
  1904.0   2.182916586325223e-10 
  1905.0   2.2114868559730166e-10 
  1906.0   2.4534417269172985e-10 
  1907.0   2.3874173379517713e-10 
  1908.0   2.447662505126697e-10 
  1909.0   2.394387574035195e-10 
  1910.0   2.363211409285071e-10 
  1911.0   2.599176283234643e-10 
  1912.0   2.426433644404824e-10 
  1913.0   2.4043254966893787e-10 
  1914.0   2.489114160069699e-10 
  1915.0   2.494343871927457e-10 
  1916.0   2.4322065684733997e-10 
  1917.0   2.577349440884542e-10 
  1918.0   2.707277209249821e-10 
  1919.0   2.592125881215654e-10 
  1920.0   2.621864516666945e-10 
  1921.0   2.7661814489205244e-10 
  1922.0   2.7290551870268905e-10 
  1923.0   2.8514157541434464e-10 
  1924.0   2.8254227168882676e-10 
  1925.0   2.828152635439661e-10 
  1926.0   3.0088955905550133e-10 
  1927.0   2.8779594818381767e-10 
  1928.0   2.961995249795833e-10 
  1929.0   3.122233457030738e-10 
  1930.0   3.0505687804470146e-10 
  1931.0   2.982738088726263e-10 
  1932.0   3.0468240200312246e-10 
  1933.0   2.9801901213837707e-10 
  1934.0   3.0152734161681093e-10 
  1935.0   3.0857748345696084e-10 
  1936.0   3.1363692389468013e-10 
  1937.0   3.376320651632458e-10 
  1938.0   3.393398903183302e-10 
  1939.0   3.268184841026263e-10 
  1940.0   3.4200429948190177e-10 
  1941.0   3.527182862665795e-10 
  1942.0   3.8196060805055736e-10 
  1943.0   3.705807728043483e-10 
  1944.0   3.797172842364619e-10 
  1945.0   3.7360599499269616e-10 
  1946.0   3.7852397070207007e-10 
  1947.0   4.1493457893397105e-10 
  1948.0   4.0938369882526976e-10 
  1949.0   4.281373012329143e-10 
  1950.0   4.1296433855420015e-10 
  1951.0   4.490175909601293e-10 
  1952.0   4.564484480480291e-10 
  1953.0   4.78486667657122e-10 
  1954.0   4.693009052393601e-10 
  1955.0   4.934088429961056e-10 
  1956.0   5.250086090705761e-10 
  1957.0   5.078134868726432e-10 
  1958.0   5.297138618724667e-10 
  1959.0   5.124569852451656e-10 
  1960.0   5.3649339181759e-10 
  1961.0   5.72366669231433e-10 
  1962.0   5.569125746218309e-10 
  1963.0   5.588406634541252e-10 
  1964.0   5.856031263345218e-10 
  1965.0   5.710170635546902e-10 
  1966.0   5.761713746346965e-10 
  1967.0   5.81587498430092e-10 
  1968.0   5.70907492679258e-10 
  1969.0   5.883400779965665e-10 
  1970.0   5.966333956703033e-10 
  1971.0   6.068322504575661e-10 
  1972.0   5.652487483101533e-10 
  1973.0   6.016984349221949e-10 
  1974.0   6.064540256861009e-10 
  1975.0   6.331790298625671e-10 
  1976.0   6.366043735760885e-10 
  1977.0   6.577760871071408e-10 
  1978.0   6.420615504512121e-10 
  1979.0   6.380602852160776e-10 
  1980.0   6.514687725197224e-10 
  1981.0   7.243621134962907e-10 
  1982.0   6.757931841879947e-10 
  1983.0   6.62728041510036e-10 
  1984.0   6.59655727041431e-10 
  1985.0   6.661564996357457e-10 
  1986.0   7.158957779159715e-10 
  1987.0   6.938060600962782e-10 
  1988.0   6.863562084922664e-10 
  1989.0   7.370928887459665e-10 
  1990.0   7.506210689662137e-10 
  1991.0   7.464233228378758e-10 
  1992.0   7.26673844475324e-10 
  1993.0   7.888656794625565e-10 
  1994.0   7.754631622715039e-10 
  1995.0   8.149718260165115e-10 
  1996.0   7.947782062476953e-10 
  1997.0   7.786726545067596e-10 
  1998.0   8.353144473856257e-10 
  1999.0   8.121347695829041e-10 
  2000.0   8.116883504088044e-10 
  2001.0   7.930923656224433e-10 
  2002.0   8.292068694657673e-10 
  2003.0   9.083722018189638e-10 
  2004.0   9.161162942639208e-10 
  2005.0   9.260386691722103e-10 
  2006.0   9.350836784973792e-10 
  2007.0   9.204761329825052e-10 
  2008.0   9.649730634979923e-10 
  2009.0   8.979321487451186e-10 
  2010.0   9.121887997544272e-10 
  2011.0   9.928086428206604e-10 
  2012.0   1.0306347850718035e-09 
  2013.0   1.0810909704385182e-09 
  2014.0   1.0381031037410806e-09 
