  1850.0   2.8168945467536184 
  1851.0   2.8349857165894305 
  1852.0   2.6675454964899887 
  1853.0   2.6113186067562992 
  1854.0   2.888215180243514 
  1855.0   2.9061578899671563 
  1856.0   2.8350415233203927 
  1857.0   2.76704652257565 
  1858.0   2.797168602592929 
  1859.0   2.7973590214065243 
  1860.0   2.685536513662466 
  1861.0   2.876262781432625 
  1862.0   2.810122349714497 
  1863.0   2.778569602200884 
  1864.0   2.756378670335937 
  1865.0   2.6861999312850697 
  1866.0   2.8230377001705276 
  1867.0   3.0254334607480087 
  1868.0   2.8935830398228095 
  1869.0   2.7969916514196074 
  1870.0   2.95060860052663 
  1871.0   2.914593377536012 
  1872.0   2.6832048760975575 
  1873.0   2.72941800688972 
  1874.0   2.9142955687539516 
  1875.0   2.7345113633425178 
  1876.0   2.796677716978856 
  1877.0   2.455949198664365 
  1878.0   2.5957359052066544 
  1879.0   2.791380710760016 
  1880.0   2.7902162364574155 
  1881.0   2.746917296136054 
  1882.0   2.701955948464655 
  1883.0   2.4825457128752446 
  1884.0   2.718671400318341 
  1885.0   2.7788219161225625 
  1886.0   2.7929746344249042 
  1887.0   2.6933571538265593 
  1888.0   2.768348304578495 
  1889.0   2.7359542583186665 
  1890.0   2.744511692135221 
  1891.0   2.9687735397622093 
  1892.0   2.701098845168256 
  1893.0   2.7819368014204384 
  1894.0   2.7428701331773153 
  1895.0   2.836799059288339 
  1896.0   2.7551883552252385 
  1897.0   2.8584811891809445 
  1898.0   2.792969701108667 
  1899.0   2.7144009499408264 
  1900.0   2.737961803198969 
  1901.0   2.7453460733279615 
  1902.0   2.556394199052407 
  1903.0   2.853929629957343 
  1904.0   2.6772014779029263 
  1905.0   2.7588946278414554 
  1906.0   2.8824828252673034 
  1907.0   2.740493179212888 
  1908.0   2.7899758163979818 
  1909.0   2.6814990691113625 
  1910.0   2.762397761250984 
  1911.0   2.72158774920425 
  1912.0   2.6516832267720853 
  1913.0   2.76975052113807 
  1914.0   2.8831438754965126 
  1915.0   2.6792632810507566 
  1916.0   2.6590560431683787 
  1917.0   2.563651715897211 
  1918.0   2.820101828544527 
  1919.0   2.753630946318561 
  1920.0   2.699322560283033 
  1921.0   2.7192997208891567 
  1922.0   2.6342115905182273 
  1923.0   2.7389414510734467 
  1924.0   2.699412491448343 
  1925.0   2.961620474894479 
  1926.0   2.8947436507602826 
  1927.0   2.896182792996103 
  1928.0   2.7586809642100554 
  1929.0   2.577403286112848 
  1930.0   2.904583940651756 
  1931.0   2.574454047195761 
  1932.0   2.7531369801642116 
  1933.0   2.7781903355089814 
  1934.0   2.7882575132999747 
  1935.0   2.6627901876259323 
  1936.0   2.6826908792660955 
  1937.0   2.6827554913030807 
  1938.0   2.795268393939315 
  1939.0   2.670748243216993 
  1940.0   2.623524938592012 
  1941.0   2.6020116603967955 
  1942.0   2.6920851607966827 
  1943.0   2.8856193641017707 
  1944.0   2.5984431494812483 
  1945.0   2.447359781632055 
  1946.0   2.7420958531763735 
  1947.0   2.681275819328044 
  1948.0   2.792918227849132 
  1949.0   2.6001961897287056 
  1950.0   2.716746432177253 
  1951.0   2.737655455553133 
  1952.0   2.880568039349669 
  1953.0   2.619419315535098 
  1954.0   2.6672635939895737 
  1955.0   2.745911795822917 
  1956.0   2.5369359471047215 
  1957.0   2.623551525160168 
  1958.0   2.7174782317396713 
  1959.0   2.717080859248206 
  1960.0   2.7377306580779863 
  1961.0   2.6165221200239226 
  1962.0   2.625928304530622 
  1963.0   2.8137567140281914 
  1964.0   2.8000820858065456 
  1965.0   2.7760357009735 
  1966.0   2.505641273649008 
  1967.0   2.4212805939669257 
  1968.0   2.803099218330143 
  1969.0   2.7812922674619585 
  1970.0   2.5658182035272965 
  1971.0   2.687678638693162 
  1972.0   2.5979547009820703 
  1973.0   2.5734360333801805 
  1974.0   2.650803909855389 
  1975.0   2.6757432955351232 
  1976.0   2.632904699517743 
  1977.0   2.820099375430088 
  1978.0   2.816194389856907 
  1979.0   2.7017483957080217 
  1980.0   2.6274701905129305 
  1981.0   2.666776707042202 
  1982.0   2.5859434952813007 
  1983.0   2.67587421553026 
  1984.0   2.604463637252045 
  1985.0   2.8035106289023592 
  1986.0   2.4962171398305135 
  1987.0   2.5900538994807 
  1988.0   2.6957982741773363 
  1989.0   2.7481239006968616 
  1990.0   2.6874078660380425 
  1991.0   2.6004064127438307 
  1992.0   2.6367857131993966 
  1993.0   2.715589999572919 
  1994.0   2.671161677403139 
  1995.0   2.7181545776758815 
  1996.0   2.74384662340535 
  1997.0   2.566047667235058 
  1998.0   2.6256144388495675 
  1999.0   2.737961601174483 
  2000.0   2.647734806955412 
  2001.0   2.698688153356647 
  2002.0   2.752922783521007 
  2003.0   2.804921345482872 
  2004.0   2.711395241496338 
  2005.0   2.5543207622420208 
  2006.0   2.7779528516624055 
  2007.0   2.5553513887520247 
  2008.0   2.762175914328546 
  2009.0   2.630686078776733 
  2010.0   2.614173512795415 
  2011.0   2.6174594071415074 
  2012.0   2.9189614864544096 
  2013.0   2.6425279437528983 
  2014.0   2.5612348618724132 
