  1850.0   9.663500581018273 
  1851.0   9.568832636054086 
  1852.0   9.490401660156303 
  1853.0   9.510669365606079 
  1854.0   9.486760440811471 
  1855.0   9.356401400265213 
  1856.0   9.422580476817803 
  1857.0   9.374390158347898 
  1858.0   9.37708262213765 
  1859.0   9.505000956555685 
  1860.0   9.605089103726682 
  1861.0   9.563920739948978 
  1862.0   9.672613091628243 
  1863.0   9.796166569764654 
  1864.0   9.791232001707987 
  1865.0   9.64779953862308 
  1866.0   9.524599896404974 
  1867.0   9.657282479320774 
  1868.0   9.552597326185992 
  1869.0   9.413423255792205 
  1870.0   9.506592720149596 
  1871.0   9.565270419122363 
  1872.0   9.527945426812543 
  1873.0   9.686952277925375 
  1874.0   9.688944284023636 
  1875.0   9.62049157267174 
  1876.0   9.56440842775117 
  1877.0   9.527594243063021 
  1878.0   9.50456792042538 
  1879.0   9.692103456479913 
  1880.0   9.638907254742527 
  1881.0   9.629776521959123 
  1882.0   9.696865323858432 
  1883.0   9.702464466130879 
  1884.0   9.813078077009036 
  1885.0   9.791134881907182 
  1886.0   9.781648567001438 
  1887.0   9.657375536036342 
  1888.0   9.649641490797956 
  1889.0   9.681266844315392 
  1890.0   9.623558662161317 
  1891.0   9.672762043791176 
  1892.0   9.76222710136071 
  1893.0   9.861130332490855 
  1894.0   9.733423437629625 
  1895.0   10.016598896673479 
  1896.0   10.009577045379777 
  1897.0   10.020907332026695 
  1898.0   10.114857078273312 
  1899.0   9.953822843545213 
  1900.0   9.981476494837635 
  1901.0   9.84646294115004 
  1902.0   9.658797504262335 
  1903.0   9.821450028493624 
  1904.0   9.808358706094905 
  1905.0   9.776521304725803 
  1906.0   9.91648644379101 
  1907.0   9.728731366670504 
  1908.0   9.88524340585662 
  1909.0   9.676196181559508 
  1910.0   9.807431965558425 
  1911.0   9.909518418692047 
  1912.0   9.79842894323763 
  1913.0   9.818458727653198 
  1914.0   9.918548035042956 
  1915.0   10.002209018292199 
  1916.0   9.937630622294925 
  1917.0   9.741368361197855 
  1918.0   9.8973637951561 
  1919.0   9.69983438451719 
  1920.0   10.033350543551109 
  1921.0   9.96545885370489 
  1922.0   9.936570437174614 
  1923.0   10.05750570558527 
  1924.0   10.047382330588848 
  1925.0   10.052450328989307 
  1926.0   10.08719636241366 
  1927.0   10.016261220262443 
  1928.0   9.952614012180248 
  1929.0   9.977338660335061 
  1930.0   10.227880979037261 
  1931.0   10.085098709492598 
  1932.0   10.16685441990341 
  1933.0   10.08563931426382 
  1934.0   10.246908721939008 
  1935.0   10.263937361302098 
  1936.0   10.287693086846327 
  1937.0   10.396474119133668 
  1938.0   10.12137577128258 
  1939.0   10.119948900820948 
  1940.0   10.08811851229242 
  1941.0   10.048910951674593 
  1942.0   10.335982203880794 
  1943.0   10.149876645670101 
  1944.0   10.12385634865772 
  1945.0   10.221936620366417 
  1946.0   10.205878875857188 
  1947.0   10.180170529838897 
  1948.0   10.265589524901577 
  1949.0   10.355826497004212 
  1950.0   10.17582107398303 
  1951.0   10.311194402280742 
  1952.0   10.281947356025855 
  1953.0   10.197878022642161 
  1954.0   10.325381126508665 
  1955.0   10.190826507394284 
  1956.0   10.10688760537771 
  1957.0   10.319583451124378 
  1958.0   10.327870247643972 
  1959.0   10.539240721344134 
  1960.0   10.24300404864203 
  1961.0   10.58891779298489 
  1962.0   10.484142940888333 
  1963.0   10.266322919207157 
  1964.0   10.115595569979405 
  1965.0   10.414832745727555 
  1966.0   10.418952706553137 
  1967.0   10.368457509192785 
  1968.0   10.529749284629073 
  1969.0   10.745326703148686 
  1970.0   10.735262876236439 
  1971.0   10.539278972854515 
  1972.0   10.691341907652752 
  1973.0   10.662245048800887 
  1974.0   10.639544698207375 
  1975.0   10.524557748112997 
  1976.0   10.557518138122523 
  1977.0   10.84615043298467 
  1978.0   10.690923728579474 
  1979.0   10.84678624273017 
  1980.0   10.875059399250581 
  1981.0   10.64200589492376 
  1982.0   10.589623098429612 
  1983.0   10.700447411891421 
  1984.0   10.756618822486521 
  1985.0   10.669857161226753 
  1986.0   10.866513037377066 
  1987.0   10.947200179410853 
  1988.0   10.965475343978412 
  1989.0   10.906496255309207 
  1990.0   10.882213500682788 
  1991.0   10.9574426343847 
  1992.0   10.922198844476137 
  1993.0   10.963639768573694 
  1994.0   10.962630442882132 
  1995.0   11.2071741744488 
  1996.0   11.056498679496226 
  1997.0   11.08255780053505 
  1998.0   11.150324027279758 
  1999.0   11.110226516780928 
  2000.0   11.131144047513706 
  2001.0   11.28558611196473 
  2002.0   11.084535477395683 
  2003.0   10.915373632143174 
  2004.0   11.020398050210705 
  2005.0   11.052922660590644 
  2006.0   11.068635739020277 
  2007.0   11.139249575246563 
  2008.0   11.216185302954573 
  2009.0   11.389302124845065 
  2010.0   11.530540362876884 
  2011.0   11.429948928974051 
  2012.0   11.346323389071541 
  2013.0   11.495931203697435 
  2014.0   11.537773534596173 
