  1850.0   104.23015665633343 
  1851.0   104.24308255198035 
  1852.0   104.2642474996988 
  1853.0   104.23983996797958 
  1854.0   104.21277745463401 
  1855.0   104.21742753273125 
  1856.0   104.2124315155634 
  1857.0   104.19698630359089 
  1858.0   104.17754664415216 
  1859.0   104.20520220532241 
  1860.0   104.25120175340469 
  1861.0   104.29578534191938 
  1862.0   104.25752124859082 
  1863.0   104.2475878306333 
  1864.0   104.21064807257271 
  1865.0   104.22151530683159 
  1866.0   104.24251320702207 
  1867.0   104.21214872538766 
  1868.0   104.20306562303715 
  1869.0   104.22826918735971 
  1870.0   104.24785626090107 
  1871.0   104.2393210719079 
  1872.0   104.24083581095182 
  1873.0   104.22605564871044 
  1874.0   104.26031031315271 
  1875.0   104.27081923918051 
  1876.0   104.22327995942614 
  1877.0   104.2117519903421 
  1878.0   104.17430139504496 
  1879.0   104.14143573628981 
  1880.0   104.15550728956403 
  1881.0   104.14682971809151 
  1882.0   104.16165716205322 
  1883.0   104.16659244790685 
  1884.0   104.17300951701789 
  1885.0   104.15103531004014 
  1886.0   104.1601343394628 
  1887.0   104.19889374258956 
  1888.0   104.21419033278416 
  1889.0   104.24041195985423 
  1890.0   104.26663890212195 
  1891.0   104.2483016697971 
  1892.0   104.23640061679122 
  1893.0   104.23200658956503 
  1894.0   104.26779181444435 
  1895.0   104.26314528615414 
  1896.0   104.23665588956467 
  1897.0   104.23802658560878 
  1898.0   104.26177918365653 
  1899.0   104.28819381167771 
  1900.0   104.28621183677357 
  1901.0   104.2923868584559 
  1902.0   104.2895234001146 
  1903.0   104.31595669214727 
  1904.0   104.29316174752637 
  1905.0   104.31006088393099 
  1906.0   104.29091457010134 
  1907.0   104.23653593928444 
  1908.0   104.22361366828056 
  1909.0   104.2450175560223 
  1910.0   104.23159629089726 
  1911.0   104.18960344169074 
  1912.0   104.2132262150095 
  1913.0   104.23706680686652 
  1914.0   104.23974490597264 
  1915.0   104.26495234880348 
  1916.0   104.28800372419248 
  1917.0   104.33611089649807 
  1918.0   104.31247238000527 
  1919.0   104.27854918695307 
  1920.0   104.28955752753951 
  1921.0   104.27895288306425 
  1922.0   104.30124071825708 
  1923.0   104.34652358934619 
  1924.0   104.35418917770622 
  1925.0   104.34828137746973 
  1926.0   104.35434534569309 
  1927.0   104.3805788917657 
  1928.0   104.37496673888963 
  1929.0   104.37006906389273 
  1930.0   104.32212172226839 
  1931.0   104.32984273304469 
  1932.0   104.29872932293075 
  1933.0   104.29933715453343 
  1934.0   104.28652428394828 
  1935.0   104.28496966811865 
  1936.0   104.32409897297785 
  1937.0   104.33985372622679 
  1938.0   104.2823694779283 
  1939.0   104.22856788334181 
  1940.0   104.26655250209626 
  1941.0   104.2434026513191 
  1942.0   104.21569091205889 
  1943.0   104.19158046934172 
  1944.0   104.11744724265414 
  1945.0   104.12703661708002 
  1946.0   104.17227628532065 
  1947.0   104.12542079385726 
  1948.0   104.13734462083534 
  1949.0   104.17287094506466 
  1950.0   104.11684111956714 
  1951.0   104.08114835275681 
  1952.0   104.05185710431 
  1953.0   104.02539567462155 
  1954.0   103.97995777469515 
  1955.0   103.99129965930834 
  1956.0   103.9948775478456 
  1957.0   103.93494753209943 
  1958.0   103.84181623135815 
  1959.0   103.82829322893143 
  1960.0   103.85040569272019 
  1961.0   103.87929157244825 
  1962.0   103.88814487839863 
  1963.0   103.88394043515181 
  1964.0   103.85075073027475 
  1965.0   103.81643230438178 
  1966.0   103.80598787775641 
  1967.0   103.79009531618512 
  1968.0   103.79277676437138 
  1969.0   103.78627566796233 
  1970.0   103.8191994411631 
  1971.0   103.83052337911161 
  1972.0   103.80157558946625 
  1973.0   103.73009342377709 
  1974.0   103.77146048430728 
  1975.0   103.79813682042044 
  1976.0   103.82344164530106 
  1977.0   103.84865039051165 
  1978.0   103.81239761339349 
  1979.0   103.77637545549754 
  1980.0   103.76911720586114 
  1981.0   103.78489447993827 
  1982.0   103.82014044094086 
  1983.0   103.8424042426147 
  1984.0   103.81615446849615 
  1985.0   103.82254590644476 
  1986.0   103.84844853099507 
  1987.0   103.89001261539141 
  1988.0   103.92302172003765 
  1989.0   103.89298119514093 
  1990.0   103.90676921249178 
  1991.0   103.94917202206469 
  1992.0   103.94125476120183 
  1993.0   103.953336093307 
  1994.0   104.02526603814692 
  1995.0   104.04184096841247 
  1996.0   104.09455767405076 
  1997.0   104.13394672457314 
  1998.0   104.15081797478904 
  1999.0   104.1886935021607 
  2000.0   104.24850564798133 
  2001.0   104.27960135271468 
  2002.0   104.32028721614567 
  2003.0   104.32210903950134 
  2004.0   104.33844695038373 
  2005.0   104.39155165188896 
  2006.0   104.4359649100837 
  2007.0   104.47523803904971 
  2008.0   104.46433769497207 
  2009.0   104.44697752323448 
  2010.0   104.49459431761134 
  2011.0   104.5762182651051 
  2012.0   104.60316731381633 
  2013.0   104.60799522934673 
  2014.0   104.59352860622319 
