  1850.0   1.474338301036668e-14 
  1851.0   3.405640129493597e-14 
  1852.0   4.3071094495992064e-14 
  1853.0   5.079337041151419e-14 
  1854.0   5.6029868057341315e-14 
  1855.0   5.669213951556892e-14 
  1856.0   5.801744038087321e-14 
  1857.0   5.0115324044261056e-14 
  1858.0   4.4009756625920644e-14 
  1859.0   4.374996869146094e-14 
  1860.0   4.7361230617834465e-14 
  1861.0   4.7681058447635855e-14 
  1862.0   4.332244135680947e-14 
  1863.0   4.2582958720545776e-14 
  1864.0   4.3666931825086933e-14 
  1865.0   4.774310246320788e-14 
  1866.0   5.307285506139065e-14 
  1867.0   4.9368393978778734e-14 
  1868.0   4.482981670470721e-14 
  1869.0   5.273424755787408e-14 
  1870.0   9.985523902010873e-14 
  1871.0   1.3646688094561285e-13 
  1872.0   1.315190676722576e-13 
  1873.0   1.4892155656475941e-13 
  1874.0   1.3696468686795529e-13 
  1875.0   1.2849513374248002e-13 
  1876.0   1.1259203055281097e-13 
  1877.0   9.858799863316869e-14 
  1878.0   1.0057899744687662e-13 
  1879.0   9.916361634664497e-14 
  1880.0   1.0467574734176947e-13 
  1881.0   8.70395126679693e-14 
  1882.0   7.032627625541602e-14 
  1883.0   6.665895939107034e-14 
  1884.0   8.410663734895443e-14 
  1885.0   8.73054040676909e-14 
  1886.0   9.286304208120864e-14 
  1887.0   9.618186285874826e-14 
  1888.0   9.127921161440993e-14 
  1889.0   7.231808025135962e-14 
  1890.0   1.0851952464792154e-13 
  1891.0   1.3642189121642398e-13 
  1892.0   1.529411663137549e-13 
  1893.0   1.5176552095791253e-13 
  1894.0   1.5051146718781577e-13 
  1895.0   1.5833527700311767e-13 
  1896.0   1.411010017930068e-13 
  1897.0   1.4137557752477903e-13 
  1898.0   1.5837873826400091e-13 
  1899.0   1.8766586247491297e-13 
  1900.0   3.295339105057886e-13 
  1901.0   6.108062208418709e-13 
  1902.0   1.0362747182921063e-12 
  1903.0   1.3047646017105229e-12 
  1904.0   1.7855552827111823e-12 
  1905.0   1.879480252587163e-12 
  1906.0   1.94266798849035e-12 
  1907.0   2.14245275392461e-12 
  1908.0   2.1953885580449898e-12 
  1909.0   2.3231313306485365e-12 
  1910.0   2.205318956543797e-12 
  1911.0   1.7897982521482168e-12 
  1912.0   1.6740078335194666e-12 
  1913.0   1.6399386378300703e-12 
  1914.0   1.6784640437153301e-12 
  1915.0   1.7161285966406352e-12 
  1916.0   1.8525467292579954e-12 
  1917.0   1.9747144184487016e-12 
  1918.0   1.9821949782630968e-12 
  1919.0   1.977037060802099e-12 
  1920.0   2.3082060612754363e-12 
  1921.0   2.856886453134441e-12 
  1922.0   3.7245781357581996e-12 
  1923.0   4.492234856158208e-12 
  1924.0   4.9320690084745856e-12 
  1925.0   5.111157049591458e-12 
  1926.0   5.413600919446482e-12 
  1927.0   5.59276492508618e-12 
  1928.0   5.83753816408714e-12 
  1929.0   5.91339797071582e-12 
  1930.0   6.563337303018612e-12 
  1931.0   8.446214097899954e-12 
  1932.0   9.999787679810356e-12 
  1933.0   1.0521198895165516e-11 
  1934.0   1.052573264749642e-11 
  1935.0   1.0728794159908769e-11 
  1936.0   1.186158281016878e-11 
  1937.0   1.1761086047141298e-11 
  1938.0   1.2158139237577308e-11 
  1939.0   1.2974491757713042e-11 
  1940.0   1.736279890330479e-11 
  1941.0   2.4000297784236844e-11 
  1942.0   2.7258832683582565e-11 
  1943.0   2.9748244842613135e-11 
  1944.0   3.1193050862959664e-11 
  1945.0   3.214763113994986e-11 
  1946.0   3.331131147363935e-11 
  1947.0   3.4050042143464254e-11 
  1948.0   3.5388683226800305e-11 
  1949.0   3.5874887086006716e-11 
  1950.0   3.663321778703281e-11 
  1951.0   3.796366527225582e-11 
  1952.0   3.980740331280624e-11 
  1953.0   4.176612910325581e-11 
  1954.0   4.387145981772547e-11 
  1955.0   4.782122981719259e-11 
  1956.0   5.1711058078059766e-11 
  1957.0   5.559698121692909e-11 
  1958.0   5.877521515103031e-11 
  1959.0   6.475124679026392e-11 
  1960.0   4.974527433499082e-11 
  1961.0   2.877336671237244e-11 
  1962.0   2.0582728216564786e-11 
  1963.0   1.699326042622248e-11 
  1964.0   1.516148127148852e-11 
  1965.0   1.3968549463077844e-11 
  1966.0   1.3792122546400238e-11 
  1967.0   1.4896371524155636e-11 
  1968.0   1.5325887066919546e-11 
  1969.0   1.5812813164771945e-11 
  1970.0   1.3843211794274043e-11 
  1971.0   1.0563724567629864e-11 
  1972.0   9.063402479018708e-12 
  1973.0   8.257758522324237e-12 
  1974.0   7.87690644615113e-12 
  1975.0   8.147219842057321e-12 
  1976.0   9.135152677037515e-12 
  1977.0   1.0812009483855594e-11 
  1978.0   1.2535598328944041e-11 
  1979.0   1.341836781310972e-11 
  1980.0   1.3176125954710299e-11 
  1981.0   1.2580310142908065e-11 
  1982.0   1.2935664005731674e-11 
  1983.0   1.3175641697728234e-11 
  1984.0   1.3393023074735891e-11 
  1985.0   1.411092631873722e-11 
  1986.0   1.4512159369764475e-11 
  1987.0   1.5058583433321776e-11 
  1988.0   1.5441743294864687e-11 
  1989.0   1.5752232389004223e-11 
  1990.0   1.6846669223326033e-11 
  1991.0   2.028589385165509e-11 
  1992.0   2.4294177221557514e-11 
  1993.0   2.7641204426005255e-11 
  1994.0   3.093221466224039e-11 
  1995.0   3.411671783267324e-11 
  1996.0   3.747272929336769e-11 
  1997.0   4.02215050594904e-11 
  1998.0   4.298285365798053e-11 
  1999.0   4.57580034331426e-11 
  2000.0   4.393189323403161e-11 
  2001.0   3.770264129412071e-11 
  2002.0   2.987005980883925e-11 
  2003.0   2.6248620113532896e-11 
  2004.0   2.7639536832994808e-11 
  2005.0   3.186249937104368e-11 
  2006.0   2.8448794016663222e-11 
  2007.0   2.7544326471575634e-11 
  2008.0   3.075367258320059e-11 
  2009.0   3.165351180910406e-11 
  2010.0   3.446871324444892e-11 
  2011.0   3.018287731857319e-11 
  2012.0   3.81059514053029e-11 
  2013.0   5.653300771806351e-11 
  2014.0   6.239483219681916e-11 
