  1850.0   25.548630908322878 
  1851.0   27.12283045135249 
  1852.0   26.29243038526286 
  1853.0   26.817121228401447 
  1854.0   27.604822504297616 
  1855.0   25.006227324933594 
  1856.0   26.131433710348574 
  1857.0   26.927787853480623 
  1858.0   27.36007574422835 
  1859.0   24.72128310826436 
  1860.0   26.29260749581334 
  1861.0   27.914960152133567 
  1862.0   26.631821253398254 
  1863.0   26.38117051549409 
  1864.0   25.815779134579405 
  1865.0   26.82535401001555 
  1866.0   27.26767346124136 
  1867.0   27.208389280786626 
  1868.0   26.07369527705995 
  1869.0   25.420504024335685 
  1870.0   26.262838188674383 
  1871.0   27.278059692737813 
  1872.0   26.21939772737987 
  1873.0   27.549103811156378 
  1874.0   25.71492636922893 
  1875.0   25.75087405778891 
  1876.0   27.13767727448311 
  1877.0   27.625867286900892 
  1878.0   26.689954810956053 
  1879.0   27.062421008590054 
  1880.0   26.57739999402077 
  1881.0   26.135254952033804 
  1882.0   27.050368160081593 
  1883.0   26.845381428529564 
  1884.0   26.067359552606383 
  1885.0   27.42723126716439 
  1886.0   25.334159602895966 
  1887.0   26.223596235019862 
  1888.0   27.201403296947333 
  1889.0   26.84251853134725 
  1890.0   26.924239699768027 
  1891.0   27.61598239434787 
  1892.0   26.987581687112133 
  1893.0   25.16560441883037 
  1894.0   25.87058105915432 
  1895.0   28.986869307193736 
  1896.0   26.247260174519198 
  1897.0   25.608323636707627 
  1898.0   26.707324690310166 
  1899.0   26.828281855863864 
  1900.0   25.936552156719426 
  1901.0   26.961320383996007 
  1902.0   25.859542563505183 
  1903.0   25.867565010417447 
  1904.0   27.627985859585362 
  1905.0   27.217815155695252 
  1906.0   26.385633849618642 
  1907.0   27.150375230729523 
  1908.0   26.640005619745175 
  1909.0   25.466756731335686 
  1910.0   26.848268287824634 
  1911.0   27.455731792903954 
  1912.0   25.438016996004965 
  1913.0   25.41455491143998 
  1914.0   26.918628032549062 
  1915.0   26.128580231693217 
  1916.0   26.450992727650558 
  1917.0   28.418607044056575 
  1918.0   25.676346278442605 
  1919.0   26.08452838078264 
  1920.0   27.228378588741492 
  1921.0   25.17229113204504 
  1922.0   26.979597225318305 
  1923.0   27.41714148558984 
  1924.0   27.31591572066555 
  1925.0   25.056249144029902 
  1926.0   26.053051792065727 
  1927.0   27.0815516791458 
  1928.0   27.430444000714875 
  1929.0   25.711892848911855 
  1930.0   26.252803104630587 
  1931.0   28.17136719785862 
  1932.0   25.672146022089958 
  1933.0   26.401094430425424 
  1934.0   27.54230430821269 
  1935.0   26.096892062970976 
  1936.0   26.928714464766433 
  1937.0   28.90813813949203 
  1938.0   26.61414212226583 
  1939.0   25.860300347004557 
  1940.0   27.036491622664723 
  1941.0   26.988527869800585 
  1942.0   26.217675023145887 
  1943.0   26.711790885523055 
  1944.0   27.048950791786755 
  1945.0   26.782689675788966 
  1946.0   26.279139217482886 
  1947.0   26.923571607221515 
  1948.0   27.852578326488715 
  1949.0   26.90663306104287 
  1950.0   25.204231475726942 
  1951.0   26.305097639802295 
  1952.0   27.23075506665518 
  1953.0   26.10088943959808 
  1954.0   25.551791486313448 
  1955.0   26.40200393171261 
  1956.0   28.073792589850086 
  1957.0   26.704775920475388 
  1958.0   25.626739989488662 
  1959.0   26.13709735881268 
  1960.0   26.50907787831012 
  1961.0   27.474753204293556 
  1962.0   27.344104894793546 
  1963.0   25.859998181493282 
  1964.0   27.359695704334506 
  1965.0   26.82857797191351 
  1966.0   25.968343858213384 
  1967.0   26.465203123537194 
  1968.0   27.637837341677198 
  1969.0   26.55077110985327 
  1970.0   27.34783999845576 
  1971.0   28.475224642589513 
  1972.0   26.470048354883165 
  1973.0   26.908974085306546 
  1974.0   27.866943788408268 
  1975.0   27.288331674710214 
  1976.0   28.110818258493364 
  1977.0   25.980152811639332 
  1978.0   25.006092792844854 
  1979.0   27.12536043465143 
  1980.0   28.508506584317107 
  1981.0   25.551567606766046 
  1982.0   26.14639300292493 
  1983.0   27.122153924731915 
  1984.0   27.94777840086054 
  1985.0   25.268955158288357 
  1986.0   26.704652904437992 
  1987.0   27.356224599538166 
  1988.0   27.899636071642153 
  1989.0   28.011051672710757 
  1990.0   28.691609801158595 
  1991.0   28.305641175489185 
  1992.0   26.795926145928703 
  1993.0   27.63427791258504 
  1994.0   28.735288728272 
  1995.0   28.057109863843703 
  1996.0   28.242857256791254 
  1997.0   28.150721396514324 
  1998.0   28.259235698180504 
  1999.0   29.16852315712906 
  2000.0   28.77667957437438 
  2001.0   27.289670144992098 
  2002.0   27.79197187388883 
  2003.0   27.442585245252147 
  2004.0   29.708870398972866 
  2005.0   29.71458142117825 
  2006.0   28.226971254989014 
  2007.0   27.94273939111434 
  2008.0   28.564657797555 
  2009.0   28.89016721761252 
  2010.0   29.635496460902612 
  2011.0   30.14494881880228 
  2012.0   29.855337717988277 
  2013.0   27.97500239428494 
  2014.0   28.051022022621087 
