  1850.0   2.7982165271516316e-10 
  1851.0   2.847892503354767e-10 
  1852.0   2.934898754228064e-10 
  1853.0   3.192370572933025e-10 
  1854.0   2.800231253171291e-10 
  1855.0   3.077402829682602e-10 
  1856.0   3.039453181624833e-10 
  1857.0   3.0902120673195384e-10 
  1858.0   3.1064148809947825e-10 
  1859.0   3.2100712140003964e-10 
  1860.0   3.1696688057353514e-10 
  1861.0   3.136181410716914e-10 
  1862.0   3.1904738913785804e-10 
  1863.0   3.1098651287337274e-10 
  1864.0   2.9513077405589796e-10 
  1865.0   3.0276463596118875e-10 
  1866.0   2.989021248769746e-10 
  1867.0   3.000767604515335e-10 
  1868.0   2.8909299296063504e-10 
  1869.0   3.2105440954732773e-10 
  1870.0   3.270689941735162e-10 
  1871.0   3.158642681335546e-10 
  1872.0   2.900684752955007e-10 
  1873.0   3.1635390278199705e-10 
  1874.0   3.296685345479864e-10 
  1875.0   3.232164511115066e-10 
  1876.0   3.1532223400230674e-10 
  1877.0   3.0776899821490035e-10 
  1878.0   3.1770066321144595e-10 
  1879.0   3.1707592839435286e-10 
  1880.0   3.3919362797397457e-10 
  1881.0   3.3073596740708054e-10 
  1882.0   3.490054934728802e-10 
  1883.0   3.310090087740158e-10 
  1884.0   3.0445483841161203e-10 
  1885.0   3.012980549416081e-10 
  1886.0   3.171642984963023e-10 
  1887.0   3.263403411322115e-10 
  1888.0   3.4152574898920793e-10 
  1889.0   3.5140865829341716e-10 
  1890.0   3.2527233759731105e-10 
  1891.0   3.498876848843247e-10 
  1892.0   3.395023216670554e-10 
  1893.0   3.456029947464807e-10 
  1894.0   3.186853227411645e-10 
  1895.0   3.330644781891584e-10 
  1896.0   3.622638811503605e-10 
  1897.0   3.4990835137515796e-10 
  1898.0   3.3691410566319853e-10 
  1899.0   3.4445400086267645e-10 
  1900.0   3.7247391395526243e-10 
  1901.0   3.504836229985272e-10 
  1902.0   3.4617233258661724e-10 
  1903.0   3.5913157262133044e-10 
  1904.0   3.561842822232124e-10 
  1905.0   3.557367207626891e-10 
  1906.0   3.6500093883686084e-10 
  1907.0   3.4380046848428864e-10 
  1908.0   3.569498677317364e-10 
  1909.0   3.752455223625199e-10 
  1910.0   3.785874178178544e-10 
  1911.0   3.7319528573553045e-10 
  1912.0   3.4826324763922374e-10 
  1913.0   3.488619911000622e-10 
  1914.0   3.725224818720591e-10 
  1915.0   3.837922847235758e-10 
  1916.0   3.5841081312289213e-10 
  1917.0   4.090815426418985e-10 
  1918.0   4.146100700635613e-10 
  1919.0   4.139935345150751e-10 
  1920.0   3.904521941525971e-10 
  1921.0   4.1365721739447503e-10 
  1922.0   3.9393922684656915e-10 
  1923.0   3.9378335498734374e-10 
  1924.0   3.982634415867071e-10 
  1925.0   4.2617632291973623e-10 
  1926.0   4.3778290870322663e-10 
  1927.0   4.3308451594857414e-10 
  1928.0   4.46942366264121e-10 
  1929.0   4.2993018053871436e-10 
  1930.0   4.214522320053835e-10 
  1931.0   4.489801808133102e-10 
  1932.0   3.9344124962930136e-10 
  1933.0   4.738141872652782e-10 
  1934.0   4.784646471019062e-10 
  1935.0   4.4808291110338646e-10 
  1936.0   4.5876314376574016e-10 
  1937.0   4.813338098592111e-10 
  1938.0   4.854399563932675e-10 
  1939.0   4.5768670757095267e-10 
  1940.0   4.5788203917998625e-10 
  1941.0   4.801141313215912e-10 
  1942.0   4.926403140992776e-10 
  1943.0   5.388842987615864e-10 
  1944.0   5.279968463299837e-10 
  1945.0   4.93640156973099e-10 
  1946.0   5.64166228502771e-10 
  1947.0   5.463559069047675e-10 
  1948.0   5.480619885353495e-10 
  1949.0   6.009020871037825e-10 
  1950.0   6.388141196370803e-10 
  1951.0   6.021418585056317e-10 
  1952.0   6.139473636725833e-10 
  1953.0   6.204946209169946e-10 
  1954.0   6.366536329268257e-10 
  1955.0   6.770615170254077e-10 
  1956.0   6.642702785717425e-10 
  1957.0   6.697766588397384e-10 
  1958.0   7.236252548199211e-10 
  1959.0   7.05702582059807e-10 
  1960.0   7.222628787138921e-10 
  1961.0   7.522276221300992e-10 
  1962.0   7.734120663251607e-10 
  1963.0   7.126047559782405e-10 
  1964.0   7.586343399732258e-10 
  1965.0   7.500404802843689e-10 
  1966.0   7.43579510655796e-10 
  1967.0   7.435157223063e-10 
  1968.0   7.324139045335313e-10 
  1969.0   7.101433099488206e-10 
  1970.0   7.867309871124018e-10 
  1971.0   7.747010118981806e-10 
  1972.0   7.492749861668599e-10 
  1973.0   8.086867883843397e-10 
  1974.0   7.404517367331054e-10 
  1975.0   7.869916637834881e-10 
  1976.0   7.12410488958756e-10 
  1977.0   8.537909269459319e-10 
  1978.0   7.769383636864179e-10 
  1979.0   8.66499886016257e-10 
  1980.0   7.388269098639407e-10 
  1981.0   8.266767083608608e-10 
  1982.0   7.693620606661637e-10 
  1983.0   8.537101744741995e-10 
  1984.0   7.903965356345522e-10 
  1985.0   8.441096179647358e-10 
  1986.0   8.310190970380113e-10 
  1987.0   8.511062940418438e-10 
  1988.0   8.196778324042028e-10 
  1989.0   8.378244420960336e-10 
  1990.0   8.064787838379281e-10 
  1991.0   8.784288583563495e-10 
  1992.0   8.755805769484627e-10 
  1993.0   8.992820318204913e-10 
  1994.0   8.79885383791838e-10 
  1995.0   8.787381529095101e-10 
  1996.0   8.794108181951265e-10 
  1997.0   8.580361238249011e-10 
  1998.0   8.633887618506994e-10 
  1999.0   8.788108840935312e-10 
  2000.0   8.571200336661212e-10 
  2001.0   9.052861528981916e-10 
  2002.0   9.075456477955558e-10 
  2003.0   9.53739182082805e-10 
  2004.0   9.698309054969254e-10 
  2005.0   9.28142731904548e-10 
  2006.0   9.171661022202967e-10 
  2007.0   9.793026457407938e-10 
  2008.0   1.0103898981422328e-09 
  2009.0   9.630937163458015e-10 
  2010.0   9.733621090978188e-10 
  2011.0   9.43198456607035e-10 
  2012.0   1.0679520625598836e-09 
  2013.0   1.0517844302208876e-09 
  2014.0   1.0499037522166904e-09 
