  1850.0   8.610001107427436e-13 
  1851.0   9.172114460961475e-13 
  1852.0   9.882837219125656e-13 
  1853.0   1.0484315535578863e-12 
  1854.0   1.117989621373636e-12 
  1855.0   1.1877085305359932e-12 
  1856.0   1.2558253811644152e-12 
  1857.0   1.3217714923006232e-12 
  1858.0   1.3855884524494846e-12 
  1859.0   1.4338740318590878e-12 
  1860.0   1.4854702369287733e-12 
  1861.0   1.5442935807719168e-12 
  1862.0   1.6069956311689725e-12 
  1863.0   1.671817740023638e-12 
  1864.0   1.7287269891486292e-12 
  1865.0   1.7860520649350723e-12 
  1866.0   1.8399734466643112e-12 
  1867.0   1.898220234499118e-12 
  1868.0   1.9516936150314956e-12 
  1869.0   2.0108197517606103e-12 
  1870.0   2.0669764936266886e-12 
  1871.0   2.030156184252655e-12 
  1872.0   2.100473521093843e-12 
  1873.0   2.1744495841861934e-12 
  1874.0   2.2345887757519946e-12 
  1875.0   2.303893204398143e-12 
  1876.0   2.383052453388401e-12 
  1877.0   2.453877851119393e-12 
  1878.0   2.5210691775132496e-12 
  1879.0   2.5860199322572056e-12 
  1880.0   2.6505125230734544e-12 
  1881.0   2.7857122255583242e-12 
  1882.0   2.8412762897905436e-12 
  1883.0   2.9006150469687585e-12 
  1884.0   2.951807597981525e-12 
  1885.0   2.981032348934829e-12 
  1886.0   3.019777073804949e-12 
  1887.0   3.06831226571695e-12 
  1888.0   3.101974337002292e-12 
  1889.0   3.1486852995843435e-12 
  1890.0   3.1959009483484417e-12 
  1891.0   3.2014402887820507e-12 
  1892.0   3.2593093136448767e-12 
  1893.0   3.319896059694599e-12 
  1894.0   3.383734136752272e-12 
  1895.0   3.4526264195593766e-12 
  1896.0   3.5137612571370053e-12 
  1897.0   3.573231481127112e-12 
  1898.0   3.6365758337796214e-12 
  1899.0   3.689489620816044e-12 
  1900.0   3.724161250871458e-12 
  1901.0   3.758310230510797e-12 
  1902.0   3.804782678575508e-12 
  1903.0   3.845619643690068e-12 
  1904.0   3.891635799376605e-12 
  1905.0   3.943213441565879e-12 
  1906.0   3.976054578579062e-12 
  1907.0   4.021549012953152e-12 
  1908.0   4.060365689481174e-12 
  1909.0   4.10399468162337e-12 
  1910.0   4.141147242199503e-12 
  1911.0   4.174478006841738e-12 
  1912.0   4.2252390355219475e-12 
  1913.0   4.260485484265229e-12 
  1914.0   4.2828013969721105e-12 
  1915.0   4.327253469291306e-12 
  1916.0   4.3718885717808496e-12 
  1917.0   4.413120692375787e-12 
  1918.0   4.426928781284741e-12 
  1919.0   4.450552826509332e-12 
  1920.0   4.475597028919728e-12 
  1921.0   4.460763117622563e-12 
  1922.0   5.039395397522462e-12 
  1923.0   5.627695249711138e-12 
  1924.0   6.186477651909451e-12 
  1925.0   6.7584397367803e-12 
  1926.0   7.303760866267343e-12 
  1927.0   7.899309561331184e-12 
  1928.0   8.496876297125471e-12 
  1929.0   9.092109117834195e-12 
  1930.0   9.668765814527578e-12 
  1931.0   1.0323324719537151e-11 
  1932.0   1.0986314978146545e-11 
  1933.0   1.1711488699821394e-11 
  1934.0   1.244766054036951e-11 
  1935.0   1.3193214812102255e-11 
  1936.0   1.39282542357174e-11 
  1937.0   1.4712323331949696e-11 
  1938.0   1.554402570668752e-11 
  1939.0   1.643032371766061e-11 
  1940.0   1.7292398670800483e-11 
  1941.0   1.8137256925342744e-11 
  1942.0   1.926631313646218e-11 
  1943.0   2.0199478446548847e-11 
  1944.0   2.1069050344725025e-11 
  1945.0   2.2195180089868037e-11 
  1946.0   2.345079728450558e-11 
  1947.0   2.4675001025220674e-11 
  1948.0   2.574544600951553e-11 
  1949.0   2.6959616267118367e-11 
  1950.0   2.8250182771360682e-11 
  1951.0   2.9759760043959285e-11 
  1952.0   3.10717272104111e-11 
  1953.0   3.2544750869053155e-11 
  1954.0   3.404542625158081e-11 
  1955.0   3.566048907226423e-11 
  1956.0   3.7214606996159216e-11 
  1957.0   3.839899669615071e-11 
  1958.0   3.9800188343947786e-11 
  1959.0   4.132538500180471e-11 
  1960.0   4.251773557488435e-11 
  1961.0   4.385269834925983e-11 
  1962.0   4.6818985079550814e-11 
  1963.0   4.772742880927806e-11 
  1964.0   4.947383790190255e-11 
  1965.0   4.993365317752377e-11 
  1966.0   5.072393676868617e-11 
  1967.0   5.308930530114322e-11 
  1968.0   5.369707212978387e-11 
  1969.0   5.381257744547248e-11 
  1970.0   5.498359206230434e-11 
  1971.0   5.582663397731756e-11 
  1972.0   5.648835796871368e-11 
  1973.0   5.6981072940156067e-11 
  1974.0   5.745207187151342e-11 
  1975.0   5.753809507741194e-11 
  1976.0   5.910303006147065e-11 
  1977.0   5.99124072339327e-11 
  1978.0   6.031874425402871e-11 
  1979.0   6.165736972789305e-11 
  1980.0   6.302574616160205e-11 
  1981.0   6.361015527513475e-11 
  1982.0   6.672688240289938e-11 
  1983.0   6.802940348531924e-11 
  1984.0   6.985907984670392e-11 
  1985.0   7.254215602343107e-11 
  1986.0   7.329332545248292e-11 
  1987.0   7.756552310734626e-11 
  1988.0   7.933024788022407e-11 
  1989.0   8.182780660737695e-11 
  1990.0   8.403544422746217e-11 
  1991.0   8.536487999574868e-11 
  1992.0   8.677835805485829e-11 
  1993.0   8.886095229965402e-11 
  1994.0   9.13250909779047e-11 
  1995.0   9.494233102143867e-11 
  1996.0   9.800374695101215e-11 
  1997.0   1.0002041097957313e-10 
  1998.0   1.0118190353318881e-10 
  1999.0   1.0015297672786972e-10 
  2000.0   1.0081803757110535e-10 
  2001.0   1.0210569469253129e-10 
  2002.0   1.0295075051038721e-10 
  2003.0   1.023713146697613e-10 
  2004.0   1.070528040189084e-10 
  2005.0   1.0584048839506888e-10 
  2006.0   1.0654941316082053e-10 
  2007.0   1.0617582301872074e-10 
  2008.0   1.0153439303000962e-10 
  2009.0   1.0061814982542088e-10 
  2010.0   9.786449422733996e-11 
  2011.0   1.0437452543783464e-10 
  2012.0   1.0181224498172991e-10 
  2013.0   1.030185231035377e-10 
  2014.0   1.0212624700033391e-10 
