  1850.0   91.19372452632149 
  1851.0   91.15580247060367 
  1852.0   91.16178313560671 
  1853.0   91.13576727599678 
  1854.0   91.15647015238342 
  1855.0   91.18517864185539 
  1856.0   91.171534159313 
  1857.0   91.19573004439638 
  1858.0   91.24080284993512 
  1859.0   91.23094033663249 
  1860.0   91.19108192527024 
  1861.0   91.18392131550462 
  1862.0   91.24813469349607 
  1863.0   91.24220733279849 
  1864.0   91.21673250914219 
  1865.0   91.2060020104649 
  1866.0   91.22203524429946 
  1867.0   91.22348159702629 
  1868.0   91.21138330009651 
  1869.0   91.19376639263045 
  1870.0   91.21107322194453 
  1871.0   91.21426473653173 
  1872.0   91.22006152683484 
  1873.0   91.25554962891495 
  1874.0   91.27926234977618 
  1875.0   91.27210058645774 
  1876.0   91.25492517498614 
  1877.0   91.25636412390577 
  1878.0   91.22831498504809 
  1879.0   91.24349798919728 
  1880.0   91.24130357435186 
  1881.0   91.25629704741583 
  1882.0   91.24696740503623 
  1883.0   91.24992201246177 
  1884.0   91.26913614485498 
  1885.0   91.27168810096725 
  1886.0   91.3083650852301 
  1887.0   91.31916193259853 
  1888.0   91.34206235731034 
  1889.0   91.32944690936098 
  1890.0   91.30206592597297 
  1891.0   91.28232081248315 
  1892.0   91.32128007734973 
  1893.0   91.29841061684668 
  1894.0   91.27875507676032 
  1895.0   91.28047618423186 
  1896.0   91.31470296487161 
  1897.0   91.348288801493 
  1898.0   91.3736395989686 
  1899.0   91.41749218222346 
  1900.0   91.45153443507199 
  1901.0   91.40164912247745 
  1902.0   91.34542051978191 
  1903.0   91.37504021726416 
  1904.0   91.37570683156062 
  1905.0   91.33730873930442 
  1906.0   91.32064889784174 
  1907.0   91.32285432863428 
  1908.0   91.36644761499463 
  1909.0   91.4424802264725 
  1910.0   91.47749789618143 
  1911.0   91.49690387729801 
  1912.0   91.46887218140778 
  1913.0   91.436959236655 
  1914.0   91.42719327500245 
  1915.0   91.39026623754945 
  1916.0   91.4243323093109 
  1917.0   91.4783946690187 
  1918.0   91.49466846496466 
  1919.0   91.44243574810409 
  1920.0   91.39660165178175 
  1921.0   91.37973075263244 
  1922.0   91.36044717659276 
  1923.0   91.37651219239592 
  1924.0   91.41174675677264 
  1925.0   91.44500589827992 
  1926.0   91.490630535498 
  1927.0   91.49839772015639 
  1928.0   91.4838832030378 
  1929.0   91.49495540426356 
  1930.0   91.52815600311435 
  1931.0   91.49858588898186 
  1932.0   91.51008909445237 
  1933.0   91.54428366474633 
  1934.0   91.52142940658787 
  1935.0   91.49723999036772 
  1936.0   91.51834274059404 
  1937.0   91.52769030655547 
  1938.0   91.50657431350865 
  1939.0   91.47758365083948 
  1940.0   91.44193774707924 
  1941.0   91.43411870173391 
  1942.0   91.41480541672938 
  1943.0   91.37473409999924 
  1944.0   91.31783130240107 
  1945.0   91.31033649710481 
  1946.0   91.33401622796416 
  1947.0   91.35013597046094 
  1948.0   91.332110111224 
  1949.0   91.33902111534785 
  1950.0   91.31975943692217 
  1951.0   91.2815460438496 
  1952.0   91.26689957479933 
  1953.0   91.25549482608864 
  1954.0   91.20412704455772 
  1955.0   91.13024400479323 
  1956.0   91.04893754615054 
  1957.0   90.98937773883155 
  1958.0   90.99389708539763 
  1959.0   91.00212954113391 
  1960.0   90.94694477677348 
  1961.0   90.93021304074398 
  1962.0   90.95272862789496 
  1963.0   90.91052886093581 
  1964.0   90.89711008873807 
  1965.0   90.88804320732241 
  1966.0   90.8636196055189 
  1967.0   90.86497060787524 
  1968.0   90.91749985651379 
  1969.0   90.94966849681066 
  1970.0   90.93107140987362 
  1971.0   90.89820888813851 
  1972.0   90.91785213138283 
  1973.0   90.92333446532663 
  1974.0   90.9386400544653 
  1975.0   90.93702166233307 
  1976.0   90.93397806465478 
  1977.0   90.94391868666365 
  1978.0   90.92310579619863 
  1979.0   90.91896776139791 
  1980.0   90.90947737865646 
  1981.0   90.9320314293705 
  1982.0   90.96187505985448 
  1983.0   90.96167434690506 
  1984.0   90.96671927725896 
  1985.0   90.96676698206439 
  1986.0   91.00142225509488 
  1987.0   91.02695896001788 
  1988.0   91.10492132487285 
  1989.0   91.14132568045473 
  1990.0   91.15275822459438 
  1991.0   91.1425290701519 
  1992.0   91.15108854393837 
  1993.0   91.19815273848012 
  1994.0   91.2504352522893 
  1995.0   91.29786745274619 
  1996.0   91.3725419834214 
  1997.0   91.39216195181746 
  1998.0   91.36373834722195 
  1999.0   91.38471558770425 
  2000.0   91.47470948544617 
  2001.0   91.55498570627016 
  2002.0   91.59704914181346 
  2003.0   91.64534620496853 
  2004.0   91.66392302250603 
  2005.0   91.66531866367177 
  2006.0   91.69107534529334 
  2007.0   91.73913282278203 
  2008.0   91.8083731914649 
  2009.0   91.86085026471878 
  2010.0   91.88779326814442 
  2011.0   91.86437803551584 
  2012.0   91.9051087342143 
  2013.0   91.96067991670886 
  2014.0   91.9917052621754 
