  1850.0   1.3986366024399504 
  1851.0   1.359733006799043 
  1852.0   1.3821356516802015 
  1853.0   1.3182841283500357 
  1854.0   1.2449460696097296 
  1855.0   1.2785156332056389 
  1856.0   1.2976662296242016 
  1857.0   1.2639718054173503 
  1858.0   1.3293349667560612 
  1859.0   1.378758021408599 
  1860.0   1.3878822254166006 
  1861.0   1.2602684937361928 
  1862.0   1.3101691879348984 
  1863.0   1.3375488604755101 
  1864.0   1.2422820046023468 
  1865.0   1.2446227152240952 
  1866.0   1.3568586408661776 
  1867.0   1.386344429832134 
  1868.0   1.3348170194014597 
  1869.0   1.3378653045631483 
  1870.0   1.2474038296174519 
  1871.0   1.3518255072655312 
  1872.0   1.337355516777686 
  1873.0   1.3165603608827086 
  1874.0   1.2783623162399067 
  1875.0   1.2733707002384766 
  1876.0   1.3590214746605955 
  1877.0   1.3616975855876414 
  1878.0   1.3523849035263882 
  1879.0   1.2962990886710735 
  1880.0   1.290913759874001 
  1881.0   1.3658594092944083 
  1882.0   1.3419876873414391 
  1883.0   1.329139993306569 
  1884.0   1.278664037905131 
  1885.0   1.3631240553394097 
  1886.0   1.378074209092336 
  1887.0   1.3712478869701534 
  1888.0   1.3419233413060747 
  1889.0   1.2849368997550925 
  1890.0   1.2603969562905224 
  1891.0   1.2489750237948187 
  1892.0   1.3152773476930006 
  1893.0   1.2766669297695707 
  1894.0   1.2882688186231932 
  1895.0   1.3081596529055757 
  1896.0   1.34626011217077 
  1897.0   1.2421045933139871 
  1898.0   1.1869624174101026 
  1899.0   1.3162982953932412 
  1900.0   1.4269365642992085 
  1901.0   1.3862038266432568 
  1902.0   1.3476838126160067 
  1903.0   1.3491051663314981 
  1904.0   1.3106983469713027 
  1905.0   1.2497604477285267 
  1906.0   1.2870427344348323 
  1907.0   1.228592605400297 
  1908.0   1.260096643417863 
  1909.0   1.315831942443716 
  1910.0   1.3123851937233235 
  1911.0   1.2553639384060844 
  1912.0   1.262792277399471 
  1913.0   1.231581284535196 
  1914.0   1.1991640960589 
  1915.0   1.2605096919614065 
  1916.0   1.3296295631434334 
  1917.0   1.3209905263383792 
  1918.0   1.3315091053729808 
  1919.0   1.349642557252062 
  1920.0   1.3361765042363214 
  1921.0   1.3102696574942034 
  1922.0   1.311118194093739 
  1923.0   1.292411439011299 
  1924.0   1.2702303488656124 
  1925.0   1.307440888476631 
  1926.0   1.294475374228725 
  1927.0   1.2945119216012826 
  1928.0   1.2152488688681427 
  1929.0   1.242378705316466 
  1930.0   1.2795073568537536 
  1931.0   1.2582570484001119 
  1932.0   1.3164242299513838 
  1933.0   1.2694564764636507 
  1934.0   1.2052050852206442 
  1935.0   1.2536359977826446 
  1936.0   1.3258730774075744 
  1937.0   1.398120851046741 
  1938.0   1.4187605526919291 
  1939.0   1.4264583873100514 
  1940.0   1.3524223619053983 
  1941.0   1.3200553010817753 
  1942.0   1.2877692470776605 
  1943.0   1.2604475548460008 
  1944.0   1.3048109167754738 
  1945.0   1.322893625480324 
  1946.0   1.2850183472835854 
  1947.0   1.2936915332226029 
  1948.0   1.3532979021777283 
  1949.0   1.3672040733806143 
  1950.0   1.2766973252288765 
  1951.0   1.3703100420666923 
  1952.0   1.2766799679825214 
  1953.0   1.24072315530488 
  1954.0   1.2445375307138284 
  1955.0   1.2570617422970727 
  1956.0   1.2849950407569952 
  1957.0   1.337918115379732 
  1958.0   1.324161827121041 
  1959.0   1.3741251869079123 
  1960.0   1.3054715004614934 
  1961.0   1.2164509980832758 
  1962.0   1.1862574088654263 
  1963.0   1.281822799546748 
  1964.0   1.336821475971959 
  1965.0   1.2711594765629082 
  1966.0   1.2795372505285598 
  1967.0   1.2713535416947046 
  1968.0   1.28487800078195 
  1969.0   1.3230279237303828 
  1970.0   1.277683384906008 
  1971.0   1.3110632412872647 
  1972.0   1.2807325375736336 
  1973.0   1.2695112632678403 
  1974.0   1.2667946982042124 
  1975.0   1.2388292192331027 
  1976.0   1.272131475983431 
  1977.0   1.269069669986864 
  1978.0   1.322055365807133 
  1979.0   1.338639870465913 
  1980.0   1.2923628444222681 
  1981.0   1.3144246598376783 
  1982.0   1.3963645714548563 
  1983.0   1.3573297745941435 
  1984.0   1.3225721051661818 
  1985.0   1.2414090532675388 
  1986.0   1.2136436366917596 
  1987.0   1.2338023555697317 
  1988.0   1.2806361243026163 
  1989.0   1.3600885243334224 
  1990.0   1.3565137680961197 
  1991.0   1.3352675651662225 
  1992.0   1.304962344607257 
  1993.0   1.2399636812962926 
  1994.0   1.3099317395852494 
  1995.0   1.3734098803000043 
  1996.0   1.3365006757338336 
  1997.0   1.2460107609261408 
  1998.0   1.2665027420962713 
  1999.0   1.2349700850856655 
  2000.0   1.2858309524472582 
  2001.0   1.3768933719369805 
  2002.0   1.3743102324034397 
  2003.0   1.3363635415066848 
  2004.0   1.2912310305450745 
  2005.0   1.3746603786295462 
  2006.0   1.3854890838567908 
  2007.0   1.3121836563344946 
  2008.0   1.3192523718175748 
  2009.0   1.32552996887982 
  2010.0   1.378359020114517 
  2011.0   1.3175724543970957 
  2012.0   1.3341082926084782 
  2013.0   1.3306785059142794 
  2014.0   1.318728207642963 
