  1850.0   -4.619309816820674e-13 
  1851.0   -1.3023074890929873e-10 
  1852.0   -4.2721066317347936e-11 
  1853.0   -4.4814422578984816e-10 
  1854.0   -5.413601080229568e-10 
  1855.0   1.3198982378486423e-10 
  1856.0   -6.287641804926118e-11 
  1857.0   -4.462609903589556e-10 
  1858.0   -7.341598808135787e-11 
  1859.0   -3.956046547924822e-11 
  1860.0   -4.0963966261482015e-10 
  1861.0   -1.6537941307740205e-10 
  1862.0   -3.161854205177529e-10 
  1863.0   -2.24074853597236e-10 
  1864.0   -1.647158660103485e-12 
  1865.0   1.6847087348145062e-10 
  1866.0   -3.192526866747156e-10 
  1867.0   -1.5022302568037506e-10 
  1868.0   -9.63749427954372e-11 
  1869.0   -2.0422698356908607e-10 
  1870.0   -4.2336297568433225e-10 
  1871.0   4.67865685983334e-11 
  1872.0   -7.165916933979982e-11 
  1873.0   -1.7310906789762155e-10 
  1874.0   -2.417107339009421e-10 
  1875.0   -3.1025287727272725e-11 
  1876.0   -2.381786126723093e-10 
  1877.0   -6.104901262354278e-11 
  1878.0   -2.897888123158573e-10 
  1879.0   -3.491137314317509e-10 
  1880.0   -1.230637780143754e-10 
  1881.0   -3.2865066666104004e-11 
  1882.0   2.0596668018659008e-11 
  1883.0   -5.311261315234986e-10 
  1884.0   -1.526656190811171e-10 
  1885.0   -2.7310918061250043e-10 
  1886.0   -4.070368736314215e-10 
  1887.0   2.2653612057985121e-10 
  1888.0   -5.980544048052081e-11 
  1889.0   -4.909700749830847e-10 
  1890.0   3.424432899802702e-11 
  1891.0   -4.953330806948138e-10 
  1892.0   -2.023821963928053e-11 
  1893.0   -2.8570602013281826e-10 
  1894.0   5.708631220504265e-11 
  1895.0   -3.1076086546103774e-10 
  1896.0   2.3105832408723223e-12 
  1897.0   -1.4362918027652107e-10 
  1898.0   -7.736817868891294e-11 
  1899.0   6.1646537366927e-11 
  1900.0   -2.3408925981692686e-10 
  1901.0   -1.4251259357119215e-10 
  1902.0   -3.9492706933674485e-10 
  1903.0   -1.417546122072466e-10 
  1904.0   -1.4347841052625892e-11 
  1905.0   -2.990141987299716e-10 
  1906.0   1.4157843409022284e-10 
  1907.0   -3.3642974019817466e-10 
  1908.0   -1.6134688215571354e-11 
  1909.0   5.51394306202468e-11 
  1910.0   -2.853322824215334e-10 
  1911.0   -2.0850942139174618e-10 
  1912.0   3.315827086358949e-12 
  1913.0   -7.046498003643135e-11 
  1914.0   -1.8650073836711467e-10 
  1915.0   -3.3797596525550753e-10 
  1916.0   -6.68816953292855e-11 
  1917.0   9.996561110911683e-11 
  1918.0   -5.880033844736334e-10 
  1919.0   1.6170152784545854e-10 
  1920.0   3.6023442617191157e-10 
  1921.0   -6.480862884198275e-10 
  1922.0   -2.0209856901738457e-10 
  1923.0   1.8026007178336036e-10 
  1924.0   5.298505416466036e-12 
  1925.0   -3.4448034556810145e-11 
  1926.0   -9.506297898626854e-11 
  1927.0   -1.4406518003795473e-10 
  1928.0   -2.6999505996042377e-10 
  1929.0   1.5456679195178013e-10 
  1930.0   -1.3358996054271064e-10 
  1931.0   -9.4217378488419e-11 
  1932.0   6.590296954974592e-11 
  1933.0   -1.080276045462031e-10 
  1934.0   -3.126284664000132e-11 
  1935.0   1.1165556096311084e-10 
  1936.0   -3.2563471738049863e-10 
  1937.0   -9.004240969567957e-11 
  1938.0   2.404855851847936e-10 
  1939.0   -1.2027081782071678e-10 
  1940.0   3.9674758552089134e-10 
  1941.0   -2.568813616247658e-10 
  1942.0   5.6037478437371535e-11 
  1943.0   2.3768941359723296e-10 
  1944.0   2.3017189037377572e-11 
  1945.0   1.6645274151210243e-10 
  1946.0   1.3884766392247207e-10 
  1947.0   3.0322132600181563e-10 
  1948.0   -7.680692641120728e-11 
  1949.0   -1.7348034487428392e-10 
  1950.0   5.092242865861502e-10 
  1951.0   1.4218249865825945e-10 
  1952.0   1.200486898740922e-10 
  1953.0   7.408085652274182e-11 
  1954.0   1.8927468842020726e-10 
  1955.0   -1.083698088187489e-11 
  1956.0   2.8696737254018415e-10 
  1957.0   -1.7537664105505568e-10 
  1958.0   8.887499282785632e-12 
  1959.0   4.881955217225344e-11 
  1960.0   -1.4620558772584618e-10 
  1961.0   1.6527098601567138e-11 
  1962.0   2.0461883884489619e-10 
  1963.0   -4.1832327499476133e-10 
  1964.0   -3.541997563493518e-10 
  1965.0   -5.6182294727090246e-11 
  1966.0   -1.0461477728468119e-10 
  1967.0   -4.304388313504876e-11 
  1968.0   -2.964096424358213e-10 
  1969.0   -5.391332469817159e-11 
  1970.0   -2.69398303427154e-10 
  1971.0   -2.538032757375149e-10 
  1972.0   -6.020944362473714e-11 
  1973.0   -7.07236677077891e-11 
  1974.0   2.4477340918741924e-10 
  1975.0   -5.605854034365072e-10 
  1976.0   -5.180909434065374e-11 
  1977.0   -1.5005305571981774e-10 
  1978.0   3.5480326660032514e-11 
  1979.0   -4.1333336065928573e-10 
  1980.0   8.046801656401252e-11 
  1981.0   -3.2059953596534423e-10 
  1982.0   -5.875228340671411e-10 
  1983.0   1.1591862566239173e-10 
  1984.0   -3.850423068903402e-11 
  1985.0   -2.2974369861043298e-10 
  1986.0   -3.3381651009380353e-10 
  1987.0   -1.665923871188608e-11 
  1988.0   -3.9525429106276593e-10 
  1989.0   -2.0082606312934903e-10 
  1990.0   -2.308667845365884e-10 
  1991.0   -9.847427350028456e-11 
  1992.0   -3.920026450772845e-10 
  1993.0   -4.962439380803561e-10 
  1994.0   -1.6596924110682708e-10 
  1995.0   -3.4701155543434703e-10 
  1996.0   -5.759504208637634e-11 
  1997.0   -2.011372863066297e-10 
  1998.0   -6.38381631726692e-11 
  1999.0   3.07115549433365e-11 
  2000.0   -2.56326005923898e-10 
  2001.0   -2.516529932935851e-10 
  2002.0   -3.672929921811853e-10 
  2003.0   -1.9555387899987684e-10 
  2004.0   -1.3857545895487125e-10 
  2005.0   -3.2930258613166065e-10 
  2006.0   -3.4419792316140686e-10 
  2007.0   4.4427528468023505e-11 
  2008.0   -3.3944903789515204e-10 
  2009.0   -1.0807368480294739e-10 
  2010.0   -1.2550913501267128e-10 
  2011.0   -1.7879549170589294e-10 
  2012.0   1.5686361956975163e-11 
  2013.0   -1.229523733611538e-10 
  2014.0   -3.022213770622543e-10 
