  1850.0   29.999542807208602 
  1851.0   28.99904612340648 
  1852.0   30.608795457678067 
  1853.0   29.159021572152835 
  1854.0   28.831651851477865 
  1855.0   31.164411708229803 
  1856.0   28.264641837911572 
  1857.0   30.016246831917023 
  1858.0   29.783730776848085 
  1859.0   31.33541724063227 
  1860.0   29.50369482050834 
  1861.0   29.68115400463855 
  1862.0   29.63380570357036 
  1863.0   31.113121535542312 
  1864.0   31.04370247038015 
  1865.0   31.20785685849285 
  1866.0   30.30607181620798 
  1867.0   29.153838583669806 
  1868.0   28.839159738072475 
  1869.0   29.618295578094664 
  1870.0   28.919911719733772 
  1871.0   31.272556074904937 
  1872.0   30.78948733540294 
  1873.0   29.63537062822301 
  1874.0   30.828645618603158 
  1875.0   32.55052821526893 
  1876.0   31.29764863365737 
  1877.0   32.19599015687766 
  1878.0   31.08937720284531 
  1879.0   30.540249067468977 
  1880.0   31.101455444111522 
  1881.0   28.936725452044 
  1882.0   29.39914751642655 
  1883.0   30.09936929146839 
  1884.0   29.705860335160537 
  1885.0   29.061594798587365 
  1886.0   29.361122408891617 
  1887.0   31.656627397718445 
  1888.0   31.930689069125563 
  1889.0   29.797685855140656 
  1890.0   31.923229147020603 
  1891.0   30.525405699667974 
  1892.0   30.474728239454596 
  1893.0   32.513905201852985 
  1894.0   30.584807208286787 
  1895.0   30.150506277615257 
  1896.0   30.640566152931868 
  1897.0   30.73398615207937 
  1898.0   29.089961365132528 
  1899.0   29.74211737222854 
  1900.0   30.508475424342965 
  1901.0   31.400615525236702 
  1902.0   32.601474333140764 
  1903.0   29.89613178900987 
  1904.0   29.53772353219805 
  1905.0   31.126003426146156 
  1906.0   31.07242220293492 
  1907.0   31.969162562048563 
  1908.0   31.041994022223022 
  1909.0   29.843878930484383 
  1910.0   30.242367433542253 
  1911.0   29.97416819532716 
  1912.0   31.32101390038488 
  1913.0   31.215672330149516 
  1914.0   31.437090561275046 
  1915.0   30.536722448531563 
  1916.0   29.486291089357717 
  1917.0   30.800081241489373 
  1918.0   30.938179999486067 
  1919.0   31.77548468077838 
  1920.0   30.786843342013565 
  1921.0   30.638240648549655 
  1922.0   31.383674271474955 
  1923.0   32.350542464447976 
  1924.0   29.951318619262263 
  1925.0   33.254655944524224 
  1926.0   32.86679362567199 
  1927.0   31.92557146072786 
  1928.0   30.44640111690259 
  1929.0   32.20723327557378 
  1930.0   31.34660688073806 
  1931.0   30.86161961280186 
  1932.0   30.91746659380316 
  1933.0   31.505547411042336 
  1934.0   31.728438247598078 
  1935.0   31.34129514169418 
  1936.0   31.864891124964846 
  1937.0   34.90822759848942 
  1938.0   31.082508629631327 
  1939.0   31.647404181374647 
  1940.0   32.37581941493549 
  1941.0   30.536170135746858 
  1942.0   31.079123423982463 
  1943.0   30.372307252909714 
  1944.0   31.78937568740203 
  1945.0   31.99761819455548 
  1946.0   30.820499550281628 
  1947.0   29.991017670829187 
  1948.0   30.865072216989763 
  1949.0   30.77352364915885 
  1950.0   30.385883557309437 
  1951.0   31.380879972613254 
  1952.0   31.00742944055104 
  1953.0   31.007416743799077 
  1954.0   31.55039185488354 
  1955.0   29.639625061250733 
  1956.0   30.559828631448482 
  1957.0   28.873866382727385 
  1958.0   31.891981525697467 
  1959.0   29.89044228682002 
  1960.0   31.909354751536288 
  1961.0   32.32251183262146 
  1962.0   30.658879012272642 
  1963.0   32.35170952405278 
  1964.0   31.261974895258255 
  1965.0   30.9267843006577 
  1966.0   29.948820087471887 
  1967.0   30.647139898019795 
  1968.0   31.391513871923657 
  1969.0   29.917389194068114 
  1970.0   31.858375296739773 
  1971.0   30.778099200902705 
  1972.0   30.07806204721779 
  1973.0   30.599176701742355 
  1974.0   28.936397776332356 
  1975.0   30.817956309409556 
  1976.0   31.730117672115966 
  1977.0   29.31858004349805 
  1978.0   30.75457510221117 
  1979.0   30.017034474578164 
  1980.0   30.523921322544147 
  1981.0   28.96389610564631 
  1982.0   29.55472415509925 
  1983.0   29.98838513738912 
  1984.0   30.561294246192972 
  1985.0   30.71219964157951 
  1986.0   31.729728620707764 
  1987.0   30.878029132728464 
  1988.0   29.894305193136542 
  1989.0   30.23454485251982 
  1990.0   32.568866367261364 
  1991.0   32.63986732847383 
  1992.0   32.8970862183817 
  1993.0   32.80919197075571 
  1994.0   35.10861126894986 
  1995.0   34.84113193887917 
  1996.0   32.49001390761098 
  1997.0   34.64864171468985 
  1998.0   33.299833651519535 
  1999.0   34.4963073534072 
  2000.0   34.283619538942006 
  2001.0   34.41754025919581 
  2002.0   32.93413549220471 
  2003.0   34.65551531373584 
  2004.0   34.04214812283961 
  2005.0   33.56684573444153 
  2006.0   34.55177435248284 
  2007.0   35.008445995097034 
  2008.0   35.13513341608597 
  2009.0   34.8844961602523 
  2010.0   35.32573042808996 
  2011.0   36.754223148854706 
  2012.0   36.38720345906235 
  2013.0   34.93263647257675 
  2014.0   37.46682424290509 
