  1850.0   1.8894461884928322 
  1851.0   1.7134663997729322 
  1852.0   1.8753313475104794 
  1853.0   1.5340853044910232 
  1854.0   1.6269171066864727 
  1855.0   1.6976208381440103 
  1856.0   1.7249899065869956 
  1857.0   1.6730494452547418 
  1858.0   1.7457528641979514 
  1859.0   1.8651537610135625 
  1860.0   1.6603627760583286 
  1861.0   1.6682372558324312 
  1862.0   1.7465295217118226 
  1863.0   1.7631114766383629 
  1864.0   1.61050299160756 
  1865.0   1.6723562072666862 
  1866.0   1.7360716456036436 
  1867.0   1.7860623934354036 
  1868.0   1.8130171622750277 
  1869.0   1.682385527599164 
  1870.0   1.6138617447734056 
  1871.0   1.7491633382026055 
  1872.0   1.6912554172324787 
  1873.0   1.654684508302324 
  1874.0   1.698905057897155 
  1875.0   1.7331362973480764 
  1876.0   1.7705747602966453 
  1877.0   1.7866802232487007 
  1878.0   1.6937547656466425 
  1879.0   1.7219059288604566 
  1880.0   1.7078148536716098 
  1881.0   1.794048602236301 
  1882.0   1.812597471777887 
  1883.0   1.6591979964857 
  1884.0   1.6989266714137221 
  1885.0   1.8545933257366545 
  1886.0   1.779414345598347 
  1887.0   1.7260086388496192 
  1888.0   1.7302236816697592 
  1889.0   1.619950121068559 
  1890.0   1.6492889594153988 
  1891.0   1.6405673054089263 
  1892.0   1.725977581828319 
  1893.0   1.6809827712907326 
  1894.0   1.7020678772930067 
  1895.0   1.7842753632061858 
  1896.0   1.684249860255162 
  1897.0   1.636246798604409 
  1898.0   1.5573225827138883 
  1899.0   1.8876523399574185 
  1900.0   1.917967557594096 
  1901.0   1.7152172319437482 
  1902.0   1.7070385850117473 
  1903.0   1.6500653016195184 
  1904.0   1.7418918870882747 
  1905.0   1.563182306429939 
  1906.0   1.6995337986031194 
  1907.0   1.562155399533826 
  1908.0   1.7458799015772626 
  1909.0   1.7181052226388327 
  1910.0   1.7543695370817147 
  1911.0   1.6241664911965394 
  1912.0   1.6690607132486934 
  1913.0   1.5787178826397628 
  1914.0   1.593675500779849 
  1915.0   1.6930100457117965 
  1916.0   1.7712153965627462 
  1917.0   1.7718774384706921 
  1918.0   1.7368770250596164 
  1919.0   1.830555525257209 
  1920.0   1.6791173578052536 
  1921.0   1.7796751215899207 
  1922.0   1.6543415735813023 
  1923.0   1.6695810463872087 
  1924.0   1.6591914724868122 
  1925.0   1.6943277798943988 
  1926.0   1.6849885501614972 
  1927.0   1.646624245039286 
  1928.0   1.5611087648212874 
  1929.0   1.6270578022473723 
  1930.0   1.7286060755625987 
  1931.0   1.7088815791363707 
  1932.0   1.6889165521602003 
  1933.0   1.6086205924461217 
  1934.0   1.558030537520595 
  1935.0   1.737655642084165 
  1936.0   1.7669057458989066 
  1937.0   1.815769300292889 
  1938.0   1.8771187661988873 
  1939.0   1.847075649346712 
  1940.0   1.6846992949774393 
  1941.0   1.7579208816905774 
  1942.0   1.6541336924630172 
  1943.0   1.6344194627328505 
  1944.0   1.7404866461063175 
  1945.0   1.6561413023007203 
  1946.0   1.7705375729160708 
  1947.0   1.6882966917180258 
  1948.0   1.8064990414123752 
  1949.0   1.798574929037669 
  1950.0   1.7055856617544591 
  1951.0   1.7386087453508272 
  1952.0   1.6161150259646 
  1953.0   1.6389407768432525 
  1954.0   1.6338728932218438 
  1955.0   1.689681965935002 
  1956.0   1.7251436344201492 
  1957.0   1.7480586303842478 
  1958.0   1.7579197602257868 
  1959.0   1.7786210846338169 
  1960.0   1.6199149259911303 
  1961.0   1.6001500477597168 
  1962.0   1.620123062223162 
  1963.0   1.7299736312872658 
  1964.0   1.7479216580057357 
  1965.0   1.6410682774645098 
  1966.0   1.7034448908484834 
  1967.0   1.6087800301109842 
  1968.0   1.780758027446097 
  1969.0   1.7416971843500777 
  1970.0   1.630221069415389 
  1971.0   1.7291112450671848 
  1972.0   1.6642025172134065 
  1973.0   1.66414350269034 
  1974.0   1.5834033069822224 
  1975.0   1.6040853102440766 
  1976.0   1.6779996870722917 
  1977.0   1.6955581723540134 
  1978.0   1.762014823237591 
  1979.0   1.740469765323444 
  1980.0   1.690259954041793 
  1981.0   1.7752344796206456 
  1982.0   1.809580452486127 
  1983.0   1.7069399872445514 
  1984.0   1.676577866373404 
  1985.0   1.5416584385671281 
  1986.0   1.5711972428120577 
  1987.0   1.6147363946981705 
  1988.0   1.7637207747720292 
  1989.0   1.7260918566341232 
  1990.0   1.731037012846036 
  1991.0   1.724852527394825 
  1992.0   1.5757492471827839 
  1993.0   1.6048606335653968 
  1994.0   1.8138795933823297 
  1995.0   1.8051650397122367 
  1996.0   1.6774277540091211 
  1997.0   1.5518894377650336 
  1998.0   1.5876338251889828 
  1999.0   1.6174783548934488 
  2000.0   1.718131775632601 
  2001.0   1.7728089826842144 
  2002.0   1.7761983267375303 
  2003.0   1.6775382885241379 
  2004.0   1.6204857678997953 
  2005.0   1.825247830720334 
  2006.0   1.7501412680547777 
  2007.0   1.6708528999077092 
  2008.0   1.733291131313539 
  2009.0   1.7197143183828516 
  2010.0   1.8243203945582995 
  2011.0   1.7684839460151385 
  2012.0   1.7251792933219794 
  2013.0   1.6724112843298216 
  2014.0   1.6334740648127049 
