  1850.0   0.934049829473159 
  1851.0   0.9119372330699361 
  1852.0   0.8729688997476603 
  1853.0   0.8958494383642115 
  1854.0   0.9636676991785309 
  1855.0   0.9641069620685282 
  1856.0   0.9052971578637747 
  1857.0   0.921483404178911 
  1858.0   0.9421207355093338 
  1859.0   0.9136885603197884 
  1860.0   0.925562649391094 
  1861.0   0.9445068841704809 
  1862.0   0.9686169825295632 
  1863.0   0.9967500613294833 
  1864.0   0.9363261296018738 
  1865.0   0.8934352815401269 
  1866.0   0.8914043632579921 
  1867.0   0.9298616281834864 
  1868.0   0.954675910862436 
  1869.0   0.9335749430217706 
  1870.0   0.9588526020867536 
  1871.0   0.9456043548936641 
  1872.0   0.9365221033004278 
  1873.0   0.9517753812034578 
  1874.0   0.982110239489328 
  1875.0   0.9529652401303331 
  1876.0   0.972647906428204 
  1877.0   0.9473167513722073 
  1878.0   0.9585633904252027 
  1879.0   0.9977582480126042 
  1880.0   0.9929343622223459 
  1881.0   0.9524384992187396 
  1882.0   0.918539610540588 
  1883.0   0.9665275274746759 
  1884.0   0.9462026225559219 
  1885.0   0.9272178145179336 
  1886.0   0.9804632632136044 
  1887.0   0.9497963131344003 
  1888.0   0.8886719995380032 
  1889.0   0.9188474119717168 
  1890.0   0.9227824475905815 
  1891.0   0.9809952182685961 
  1892.0   0.9995020015490356 
  1893.0   0.9933893139678147 
  1894.0   0.9663081933177674 
  1895.0   0.9565712008694216 
  1896.0   0.9750647292855866 
  1897.0   0.9766887755156094 
  1898.0   0.9686964295539321 
  1899.0   0.9365513323772189 
  1900.0   0.9122943413332378 
  1901.0   0.9302472601835323 
  1902.0   0.9676703887181467 
  1903.0   0.9911067872082802 
  1904.0   0.979729254872691 
  1905.0   0.9899791117900203 
  1906.0   0.9856548758181697 
  1907.0   1.0067265652167252 
  1908.0   0.9983695284293218 
  1909.0   0.9653993724072868 
  1910.0   0.9703021847156721 
  1911.0   1.0112955875121068 
  1912.0   0.9921162192115643 
  1913.0   0.9759039262402452 
  1914.0   0.9484109887652614 
  1915.0   0.9907740123689065 
  1916.0   0.9941808950997167 
  1917.0   0.9835177174042546 
  1918.0   1.006711962936363 
  1919.0   1.007136065653671 
  1920.0   0.9251178839008223 
  1921.0   0.9562009378550468 
  1922.0   1.0520726224195134 
  1923.0   0.9915135418386272 
  1924.0   0.9466084165806039 
  1925.0   0.9088538109429153 
  1926.0   0.9176326641676971 
  1927.0   0.9451430579503709 
  1928.0   0.9839527385050484 
  1929.0   0.9605287171036293 
  1930.0   0.9386647719152879 
  1931.0   0.9672680554189176 
  1932.0   0.9573857309367548 
  1933.0   0.9601936768676153 
  1934.0   0.9899354582801231 
  1935.0   0.9680868097860494 
  1936.0   0.9919794066835819 
  1937.0   1.0300641121283551 
  1938.0   0.9685069377549386 
  1939.0   0.9566770717214084 
  1940.0   0.935944125584661 
  1941.0   0.9860400073471459 
  1942.0   1.0016092361681002 
  1943.0   0.9707088530599577 
  1944.0   0.9288327482666395 
  1945.0   0.9588941272957185 
  1946.0   0.9632894738408625 
  1947.0   0.9555095058207507 
  1948.0   0.958263765931826 
  1949.0   1.0385751118938127 
  1950.0   1.0459180874219387 
  1951.0   0.9603497411063349 
  1952.0   0.9715369221452865 
  1953.0   0.9847568686846307 
  1954.0   0.9742443263710587 
  1955.0   0.9507532082556668 
  1956.0   0.9328912904619803 
  1957.0   0.9298292449330796 
  1958.0   0.9799000644564899 
  1959.0   0.9908758041107507 
  1960.0   0.9824155114393275 
  1961.0   0.9925814796817708 
  1962.0   0.9674227362634754 
  1963.0   1.0029673120521254 
  1964.0   1.0258369438028416 
  1965.0   1.029763249627184 
  1966.0   1.0389598562195395 
  1967.0   1.04306516293839 
  1968.0   1.0311457825932266 
  1969.0   1.0393981598982556 
  1970.0   1.0512485603582746 
  1971.0   1.065341324796526 
  1972.0   1.043432755132457 
  1973.0   1.067022775226365 
  1974.0   0.9900987705641336 
  1975.0   1.0313890976227094 
  1976.0   1.06231420519069 
  1977.0   1.0353659492893188 
  1978.0   0.9695086380234978 
  1979.0   1.0204202571372771 
  1980.0   1.0002996200781669 
  1981.0   0.9832902676905536 
  1982.0   1.0652501247160557 
  1983.0   1.0828473652340096 
  1984.0   1.055420140267204 
  1985.0   1.0513235435538508 
  1986.0   1.0668190497032037 
  1987.0   1.035979001810386 
  1988.0   1.0333835004117617 
  1989.0   1.0765897319641182 
  1990.0   1.0907721001964605 
  1991.0   1.0325222209986227 
  1992.0   1.0418700665504848 
  1993.0   1.1131000345596602 
  1994.0   1.1016629503848523 
  1995.0   1.1227939064952621 
  1996.0   1.1180001239502342 
  1997.0   1.1171225823443158 
  1998.0   1.099996452745956 
  1999.0   1.0746050343588696 
  2000.0   1.0800107474316674 
  2001.0   1.0976812428105287 
  2002.0   1.1632688371472888 
  2003.0   1.1619602965505729 
  2004.0   1.1102752424149833 
  2005.0   1.0882317217527837 
  2006.0   1.1010116615759136 
  2007.0   1.0769317982532431 
  2008.0   1.112489330250093 
  2009.0   1.126943773654655 
  2010.0   1.132621207139908 
  2011.0   1.1425147280593297 
  2012.0   1.1130003797198729 
  2013.0   1.0683367773325894 
  2014.0   1.1048080331186008 
