  1850.0   3.180971536490079e-10 
  1851.0   3.472121904621191e-10 
  1852.0   3.596858220688597e-10 
  1853.0   3.685739038841378e-10 
  1854.0   3.7227388891622337e-10 
  1855.0   3.749433836987841e-10 
  1856.0   3.743558899001279e-10 
  1857.0   3.752538543757601e-10 
  1858.0   3.7449883691269e-10 
  1859.0   3.7285915644916594e-10 
  1860.0   3.6880369610585003e-10 
  1861.0   3.6785269311403124e-10 
  1862.0   3.663766503703519e-10 
  1863.0   3.6593852124741566e-10 
  1864.0   3.6385455821393765e-10 
  1865.0   3.639283934365384e-10 
  1866.0   3.628109146759519e-10 
  1867.0   3.6113279439717684e-10 
  1868.0   3.582535427469395e-10 
  1869.0   3.587260100494356e-10 
  1870.0   3.626200728933014e-10 
  1871.0   3.634834086079259e-10 
  1872.0   3.6235607677793184e-10 
  1873.0   3.6300145059400526e-10 
  1874.0   3.631354575487062e-10 
  1875.0   3.633608412425483e-10 
  1876.0   3.6269523719898104e-10 
  1877.0   3.619720305766417e-10 
  1878.0   3.612111003983763e-10 
  1879.0   3.5999677124456363e-10 
  1880.0   3.566866423407749e-10 
  1881.0   3.5782059024445385e-10 
  1882.0   3.5750853218802714e-10 
  1883.0   3.588586144317961e-10 
  1884.0   3.59063176152921e-10 
  1885.0   3.609521412047274e-10 
  1886.0   3.6267000494456036e-10 
  1887.0   3.630929748208658e-10 
  1888.0   3.638167287754625e-10 
  1889.0   3.6422986065718795e-10 
  1890.0   3.6821673086716653e-10 
  1891.0   3.710525766122757e-10 
  1892.0   3.712467907108544e-10 
  1893.0   3.735066895784185e-10 
  1894.0   3.7320157132355146e-10 
  1895.0   3.7364646235978736e-10 
  1896.0   3.728120554031048e-10 
  1897.0   3.739195300061622e-10 
  1898.0   3.7483365332308733e-10 
  1899.0   3.738963914929733e-10 
  1900.0   3.788754389958413e-10 
  1901.0   3.808262185824349e-10 
  1902.0   3.817121189497971e-10 
  1903.0   3.827650045161768e-10 
  1904.0   3.818701059953516e-10 
  1905.0   3.8414000049757383e-10 
  1906.0   3.8551727347086543e-10 
  1907.0   3.8660169270539337e-10 
  1908.0   3.874192519266688e-10 
  1909.0   3.884947558720482e-10 
  1910.0   3.999393744349566e-10 
  1911.0   4.050536924499269e-10 
  1912.0   4.05586161030439e-10 
  1913.0   4.0800905996620473e-10 
  1914.0   4.095323129831418e-10 
  1915.0   4.1092859791069807e-10 
  1916.0   4.1031073577186484e-10 
  1917.0   4.1089822849755615e-10 
  1918.0   4.116976299751902e-10 
  1919.0   4.1238611074538563e-10 
  1920.0   4.2613544492809186e-10 
  1921.0   4.337681418511873e-10 
  1922.0   4.3869168870962093e-10 
  1923.0   4.4220399910675637e-10 
  1924.0   4.4591001383426556e-10 
  1925.0   4.5123986259646533e-10 
  1926.0   4.5537736726978896e-10 
  1927.0   4.582846675021985e-10 
  1928.0   4.6197505901943566e-10 
  1929.0   4.6406350901634026e-10 
  1930.0   5.047214554622185e-10 
  1931.0   5.20037507831029e-10 
  1932.0   5.285093823227842e-10 
  1933.0   5.37468544858777e-10 
  1934.0   5.418144355126647e-10 
  1935.0   5.505636321957865e-10 
  1936.0   5.552580146868994e-10 
  1937.0   5.584557211210804e-10 
  1938.0   5.66777285383258e-10 
  1939.0   5.706253501090452e-10 
  1940.0   6.898884925075803e-10 
  1941.0   7.404109723457928e-10 
  1942.0   7.667441577258815e-10 
  1943.0   7.846830957912502e-10 
  1944.0   8.060833413802369e-10 
  1945.0   8.228237249271613e-10 
  1946.0   8.337930800914411e-10 
  1947.0   8.441041451636299e-10 
  1948.0   8.562398266853165e-10 
  1949.0   8.705732001762435e-10 
  1950.0   9.125225871560319e-10 
  1951.0   9.338216168921498e-10 
  1952.0   9.406367238900352e-10 
  1953.0   9.600795530378038e-10 
  1954.0   9.696079552716873e-10 
  1955.0   9.781566660850684e-10 
  1956.0   9.8732786927655e-10 
  1957.0   9.934537391893717e-10 
  1958.0   1.0017390160674428e-09 
  1959.0   1.00826259855974e-09 
  1960.0   8.560634974168756e-10 
  1961.0   8.221235037013181e-10 
  1962.0   8.078082646933539e-10 
  1963.0   7.989574033446047e-10 
  1964.0   7.946422549632851e-10 
  1965.0   7.996425304097628e-10 
  1966.0   8.167406779226576e-10 
  1967.0   8.17175123931368e-10 
  1968.0   8.147871018123726e-10 
  1969.0   8.218566047884726e-10 
  1970.0   8.15535298435793e-10 
  1971.0   8.153875806222174e-10 
  1972.0   8.124314996209993e-10 
  1973.0   8.140969114696286e-10 
  1974.0   8.166937509001947e-10 
  1975.0   8.190854515431011e-10 
  1976.0   8.174259973553374e-10 
  1977.0   8.198527266344456e-10 
  1978.0   8.242534506668802e-10 
  1979.0   8.273850875962331e-10 
  1980.0   8.567211085830201e-10 
  1981.0   8.68774994074357e-10 
  1982.0   8.733764890642157e-10 
  1983.0   8.811398330440972e-10 
  1984.0   8.869363461689165e-10 
  1985.0   8.925465175631042e-10 
  1986.0   8.965426837640448e-10 
  1987.0   9.013801256444545e-10 
  1988.0   9.019142749421691e-10 
  1989.0   9.085131208919247e-10 
  1990.0   9.323935218534172e-10 
  1991.0   9.315026902934654e-10 
  1992.0   9.270638857422745e-10 
  1993.0   9.333289997879665e-10 
  1994.0   9.398700960513928e-10 
  1995.0   9.434974663468042e-10 
  1996.0   9.442744332749664e-10 
  1997.0   9.446118372232238e-10 
  1998.0   9.407269910586451e-10 
  1999.0   9.41023827693094e-10 
  2000.0   9.558177944539602e-10 
  2001.0   9.841804339649284e-10 
  2002.0   1.0686720687816408e-09 
  2003.0   1.0538376931079124e-09 
  2004.0   1.0441637422232201e-09 
  2005.0   1.0361505610736742e-09 
  2006.0   1.004502233879646e-09 
  2007.0   1.0221037012731401e-09 
  2008.0   1.0921990999945205e-09 
  2009.0   1.2068125392955865e-09 
  2010.0   1.2424042884433746e-09 
  2011.0   1.2527535184412108e-09 
  2012.0   1.2524223091246535e-09 
  2013.0   1.30669811760129e-09 
  2014.0   1.2988707677043935e-09 
