  1850.0   30.420047278585916 
  1851.0   30.724076881075487 
  1852.0   30.790984131680247 
  1853.0   30.610796777548604 
  1854.0   29.187031272786577 
  1855.0   32.10668379028012 
  1856.0   31.360305409568074 
  1857.0   32.52809084111198 
  1858.0   31.134473913046797 
  1859.0   31.17030518871785 
  1860.0   31.467880392006062 
  1861.0   29.91927533181426 
  1862.0   31.506627344129683 
  1863.0   30.26689287093585 
  1864.0   31.105259852165513 
  1865.0   31.326981201813037 
  1866.0   31.2464860962062 
  1867.0   30.50748181482018 
  1868.0   29.947084061737925 
  1869.0   31.006541719003515 
  1870.0   31.936135680364796 
  1871.0   31.20030914702661 
  1872.0   31.12167691279477 
  1873.0   30.960016827037773 
  1874.0   31.58915819059505 
  1875.0   32.603035870179895 
  1876.0   31.65395653157019 
  1877.0   32.35528848171595 
  1878.0   30.796708363528843 
  1879.0   31.80527094253309 
  1880.0   31.418462047053076 
  1881.0   31.69072638892651 
  1882.0   32.40492380593973 
  1883.0   33.045511800462194 
  1884.0   31.280963588886106 
  1885.0   31.070711142071822 
  1886.0   31.241541323359804 
  1887.0   31.848985913550308 
  1888.0   31.471011278613442 
  1889.0   32.36967373211656 
  1890.0   30.59289355043517 
  1891.0   30.434411729070863 
  1892.0   31.806461108503782 
  1893.0   31.30806564214626 
  1894.0   31.734351746922 
  1895.0   32.5395949159283 
  1896.0   31.812099284285033 
  1897.0   32.33480508456134 
  1898.0   30.874786059589606 
  1899.0   28.814305040084054 
  1900.0   32.52493271005569 
  1901.0   32.14275304506859 
  1902.0   34.309805437626174 
  1903.0   31.95883601234368 
  1904.0   32.016484147890075 
  1905.0   33.062601270255655 
  1906.0   31.895794554853726 
  1907.0   30.80367586887973 
  1908.0   31.169891910725823 
  1909.0   30.783201106180506 
  1910.0   30.626632706011442 
  1911.0   31.574161131411888 
  1912.0   31.727196689184957 
  1913.0   31.353182958066743 
  1914.0   30.305434826844554 
  1915.0   31.25097495715392 
  1916.0   30.84094166632031 
  1917.0   33.214984822154165 
  1918.0   32.72061027429782 
  1919.0   30.692392095165253 
  1920.0   31.67356977383721 
  1921.0   32.114753456564245 
  1922.0   31.819486508071616 
  1923.0   32.42327164962507 
  1924.0   33.10815939839355 
  1925.0   31.881627699450522 
  1926.0   31.91370853778608 
  1927.0   32.305343321861194 
  1928.0   34.13336106230326 
  1929.0   32.93168932923293 
  1930.0   32.80282330027908 
  1931.0   32.979971107353904 
  1932.0   31.01337955340678 
  1933.0   32.435948541498874 
  1934.0   30.665207405072845 
  1935.0   31.30763671589823 
  1936.0   31.286650757116266 
  1937.0   32.27764399107669 
  1938.0   34.67870118086076 
  1939.0   32.403521053442496 
  1940.0   33.98374827762041 
  1941.0   33.09270223657293 
  1942.0   32.682486263804115 
  1943.0   32.917631279526375 
  1944.0   31.96194514886994 
  1945.0   34.742897431407684 
  1946.0   32.7957110662601 
  1947.0   33.673531244201584 
  1948.0   32.66811776203072 
  1949.0   35.09975233403525 
  1950.0   31.993685130699152 
  1951.0   33.58582387735114 
  1952.0   33.63239110216933 
  1953.0   34.274944630187846 
  1954.0   33.46568203064349 
  1955.0   33.40236372550111 
  1956.0   33.75438421596548 
  1957.0   32.14154373033178 
  1958.0   33.84597319190057 
  1959.0   33.2928817743431 
  1960.0   33.932467293214515 
  1961.0   32.053603527721044 
  1962.0   31.770101092285042 
  1963.0   33.22660939627606 
  1964.0   33.72918728077788 
  1965.0   31.996960179513863 
  1966.0   31.77759367032228 
  1967.0   33.343023158696035 
  1968.0   33.297710803797244 
  1969.0   32.51846518153126 
  1970.0   35.50384481949721 
  1971.0   34.53640719079988 
  1972.0   33.57764612785827 
  1973.0   34.742118394963185 
  1974.0   33.42992464934846 
  1975.0   32.300010460539305 
  1976.0   31.97160630263984 
  1977.0   33.671614825506516 
  1978.0   34.98086991799153 
  1979.0   32.93049669075712 
  1980.0   33.900409663591 
  1981.0   33.17545518448921 
  1982.0   35.72382978810073 
  1983.0   32.90101783936662 
  1984.0   33.63161864433482 
  1985.0   32.933371395656216 
  1986.0   35.31479996929229 
  1987.0   34.75727018182286 
  1988.0   34.74992940893972 
  1989.0   34.52890495426472 
  1990.0   35.45070166296828 
  1991.0   36.69520878248218 
  1992.0   35.434205118990576 
  1993.0   34.23816993812592 
  1994.0   37.159927193718225 
  1995.0   35.413014734003916 
  1996.0   36.06735648236302 
  1997.0   35.7783996640576 
  1998.0   36.16927015024525 
  1999.0   35.32173419793361 
  2000.0   34.98128917564855 
  2001.0   36.098832335397226 
  2002.0   34.72932256794952 
  2003.0   35.17548527800348 
  2004.0   35.21267262997715 
  2005.0   36.50694374996538 
  2006.0   37.299216569896736 
  2007.0   36.78290802285364 
  2008.0   35.45708810364742 
  2009.0   37.985251502904504 
  2010.0   37.85909505840536 
  2011.0   37.46772422506502 
  2012.0   36.130605929141296 
  2013.0   36.36103942749166 
  2014.0   37.7425744091845 
