  1850.0   7.59484400803478e-10 
  1851.0   7.69563169723058e-10 
  1852.0   7.931101340985188e-10 
  1853.0   7.597834735835474e-10 
  1854.0   6.611955180151584e-10 
  1855.0   6.931471711129907e-10 
  1856.0   7.112187926243972e-10 
  1857.0   7.172106451497109e-10 
  1858.0   7.368213168598742e-10 
  1859.0   7.561346031625695e-10 
  1860.0   7.739001752228002e-10 
  1861.0   6.990407546861949e-10 
  1862.0   7.110273128013254e-10 
  1863.0   7.621806383857525e-10 
  1864.0   6.773819165953748e-10 
  1865.0   6.285368403675507e-10 
  1866.0   7.103055040894999e-10 
  1867.0   7.687340000607787e-10 
  1868.0   7.613120836972288e-10 
  1869.0   7.601409202475034e-10 
  1870.0   6.800146802040603e-10 
  1871.0   7.187968763761469e-10 
  1872.0   7.244970962266105e-10 
  1873.0   7.264247694058743e-10 
  1874.0   6.857236519913945e-10 
  1875.0   6.703718074025261e-10 
  1876.0   7.383009088685779e-10 
  1877.0   7.649773084389963e-10 
  1878.0   7.854780553690567e-10 
  1879.0   7.524152489495744e-10 
  1880.0   7.36930760846332e-10 
  1881.0   7.940069364512572e-10 
  1882.0   8.016591297014659e-10 
  1883.0   7.98690488062109e-10 
  1884.0   7.869266458674304e-10 
  1885.0   8.041148480610832e-10 
  1886.0   8.297407557869292e-10 
  1887.0   8.138029391461271e-10 
  1888.0   7.857822468464289e-10 
  1889.0   7.516776199321663e-10 
  1890.0   7.345515367829596e-10 
  1891.0   7.099407751274092e-10 
  1892.0   7.733878048012323e-10 
  1893.0   7.408539679859628e-10 
  1894.0   7.380112223821294e-10 
  1895.0   7.414025287942279e-10 
  1896.0   8.010138106835424e-10 
  1897.0   7.48515045866929e-10 
  1898.0   6.586622403907318e-10 
  1899.0   7.243126053842669e-10 
  1900.0   8.522366164391189e-10 
  1901.0   8.503408004855753e-10 
  1902.0   7.89475696136419e-10 
  1903.0   7.900079833647916e-10 
  1904.0   8.267624707352461e-10 
  1905.0   7.309129477560633e-10 
  1906.0   6.932187982612036e-10 
  1907.0   6.627352580880732e-10 
  1908.0   6.865924668521744e-10 
  1909.0   7.429569304438586e-10 
  1910.0   7.792822771221484e-10 
  1911.0   7.513303255515526e-10 
  1912.0   7.104866669176378e-10 
  1913.0   7.144567480969798e-10 
  1914.0   6.834266373820574e-10 
  1915.0   6.788705043615343e-10 
  1916.0   7.505580871854998e-10 
  1917.0   7.885151091015102e-10 
  1918.0   7.963147670468243e-10 
  1919.0   8.161298778935866e-10 
  1920.0   8.323670046821076e-10 
  1921.0   8.020910691900483e-10 
  1922.0   7.639560916282434e-10 
  1923.0   7.585234458227054e-10 
  1924.0   7.31270680221591e-10 
  1925.0   7.295938705056183e-10 
  1926.0   7.699325400074161e-10 
  1927.0   7.561000264059877e-10 
  1928.0   6.858131694312142e-10 
  1929.0   6.83481014588293e-10 
  1930.0   7.12436919917465e-10 
  1931.0   7.173836505255601e-10 
  1932.0   7.21982665352308e-10 
  1933.0   7.20044921799087e-10 
  1934.0   6.609585156854175e-10 
  1935.0   7.109796372726915e-10 
  1936.0   7.720279920558912e-10 
  1937.0   8.559355083819822e-10 
  1938.0   9.126465252389806e-10 
  1939.0   9.44034163742386e-10 
  1940.0   8.925017894065848e-10 
  1941.0   8.380211575915372e-10 
  1942.0   8.374376574248926e-10 
  1943.0   8.01644858594289e-10 
  1944.0   7.632272227212177e-10 
  1945.0   7.909417706254158e-10 
  1946.0   7.914120897686717e-10 
  1947.0   7.727769931296223e-10 
  1948.0   8.19739986461684e-10 
  1949.0   8.565093911432615e-10 
  1950.0   7.875281843487891e-10 
  1951.0   8.466581224578387e-10 
  1952.0   7.9382136920831e-10 
  1953.0   7.645621044389197e-10 
  1954.0   7.412788380998599e-10 
  1955.0   7.615246838811897e-10 
  1956.0   7.895771542109447e-10 
  1957.0   8.115202734947135e-10 
  1958.0   8.173831566949135e-10 
  1959.0   8.576140353789888e-10 
  1960.0   8.345694352870417e-10 
  1961.0   7.593394525801207e-10 
  1962.0   7.055353439412904e-10 
  1963.0   7.857590173607042e-10 
  1964.0   8.380221962135897e-10 
  1965.0   8.005943693908831e-10 
  1966.0   7.741168541085667e-10 
  1967.0   7.891245645428519e-10 
  1968.0   8.115665100218127e-10 
  1969.0   8.883122116747725e-10 
  1970.0   8.615935186360821e-10 
  1971.0   8.715655303332548e-10 
  1972.0   8.709326048894934e-10 
  1973.0   8.261071064820916e-10 
  1974.0   8.407683955625106e-10 
  1975.0   7.70162388231964e-10 
  1976.0   7.949786776183573e-10 
  1977.0   7.833673692280491e-10 
  1978.0   8.514151151514517e-10 
  1979.0   9.108107965329624e-10 
  1980.0   8.878049631876615e-10 
  1981.0   9.24163072182064e-10 
  1982.0   9.958188386868944e-10 
  1983.0   9.813819156109636e-10 
  1984.0   9.410997268030392e-10 
  1985.0   8.510615246096717e-10 
  1986.0   8.095997419437423e-10 
  1987.0   8.166530848115672e-10 
  1988.0   8.627370773269574e-10 
  1989.0   9.507620849862548e-10 
  1990.0   1.0007891480049081e-09 
  1991.0   1.0122633890965403e-09 
  1992.0   9.510343271298663e-10 
  1993.0   8.597244401036984e-10 
  1994.0   8.860455347833035e-10 
  1995.0   9.840317063841461e-10 
  1996.0   9.93914493654975e-10 
  1997.0   8.714262608268383e-10 
  1998.0   8.749240729994465e-10 
  1999.0   8.203040213955234e-10 
  2000.0   8.746029525098104e-10 
  2001.0   9.885577946969867e-10 
  2002.0   1.017765179704062e-09 
  2003.0   1.0041275138957773e-09 
  2004.0   9.645753530640995e-10 
  2005.0   1.0308293632107819e-09 
  2006.0   1.0539205296501186e-09 
  2007.0   9.862907889362301e-10 
  2008.0   9.97187626474553e-10 
  2009.0   9.79452528261078e-10 
  2010.0   1.0728148081894467e-09 
  2011.0   1.0503511497999815e-09 
  2012.0   1.0062806838118076e-09 
  2013.0   9.986707286591383e-10 
  2014.0   9.965848094326019e-10 
