  1850.0   1.4482834184690723 
  1851.0   1.4214001092694613 
  1852.0   1.4477767786348275 
  1853.0   1.4214053399934532 
  1854.0   1.4172036347593187 
  1855.0   1.470220155147929 
  1856.0   1.3990864300803803 
  1857.0   1.4334732687120317 
  1858.0   1.4242957489315191 
  1859.0   1.4783773880757238 
  1860.0   1.4355559048952142 
  1861.0   1.4335341823162753 
  1862.0   1.4451733979833417 
  1863.0   1.486044718804485 
  1864.0   1.4756514599160957 
  1865.0   1.471339297347318 
  1866.0   1.455507115744152 
  1867.0   1.4388250768003046 
  1868.0   1.4041323223762323 
  1869.0   1.4420868328397813 
  1870.0   1.4183618563460714 
  1871.0   1.4780734651120118 
  1872.0   1.4733389141974003 
  1873.0   1.4519042908359145 
  1874.0   1.4832874990067135 
  1875.0   1.5111952254437964 
  1876.0   1.5034369040236981 
  1877.0   1.4982836442666376 
  1878.0   1.4801493981584584 
  1879.0   1.4766310583622275 
  1880.0   1.4536814644896827 
  1881.0   1.400851743323462 
  1882.0   1.43139888026894 
  1883.0   1.434202851177223 
  1884.0   1.430785972324461 
  1885.0   1.411853095370597 
  1886.0   1.4272880127789125 
  1887.0   1.4719379170214666 
  1888.0   1.4995408924368039 
  1889.0   1.446762571495329 
  1890.0   1.4896939042639072 
  1891.0   1.450681416919842 
  1892.0   1.4407152187222805 
  1893.0   1.491471082836066 
  1894.0   1.4492578244559298 
  1895.0   1.4415180276753425 
  1896.0   1.4618186900790588 
  1897.0   1.4741300793650534 
  1898.0   1.409725149533425 
  1899.0   1.436709644562643 
  1900.0   1.443462613261969 
  1901.0   1.4792311954132007 
  1902.0   1.5160128992088395 
  1903.0   1.41715916121567 
  1904.0   1.424693376496377 
  1905.0   1.4640048080381114 
  1906.0   1.4335920600324543 
  1907.0   1.4945587734487191 
  1908.0   1.4799739181651796 
  1909.0   1.442829634981317 
  1910.0   1.4358431625796613 
  1911.0   1.4257649858292913 
  1912.0   1.4685123870541827 
  1913.0   1.4558566605602958 
  1914.0   1.4595159835179106 
  1915.0   1.4565374113775418 
  1916.0   1.4104891502448524 
  1917.0   1.4467551894183854 
  1918.0   1.459105450817585 
  1919.0   1.4610692379445955 
  1920.0   1.433943057950583 
  1921.0   1.437469195213083 
  1922.0   1.4533951642385385 
  1923.0   1.4903735542219982 
  1924.0   1.4311958547572297 
  1925.0   1.5031768220947737 
  1926.0   1.4889875100692316 
  1927.0   1.4771988995425374 
  1928.0   1.4376804512222108 
  1929.0   1.4704508498884543 
  1930.0   1.4631866838781553 
  1931.0   1.4389460817878372 
  1932.0   1.450915502418886 
  1933.0   1.463730776002791 
  1934.0   1.4606149801354167 
  1935.0   1.4560659854799394 
  1936.0   1.4629459655687045 
  1937.0   1.5353444060302148 
  1938.0   1.460939909047792 
  1939.0   1.4675050626142545 
  1940.0   1.4722801411270785 
  1941.0   1.4413838432913941 
  1942.0   1.4616097386555609 
  1943.0   1.4393695758790668 
  1944.0   1.4728215630500323 
  1945.0   1.456962299633509 
  1946.0   1.4404434819794214 
  1947.0   1.4335722784748786 
  1948.0   1.4691019314251141 
  1949.0   1.4559971117017705 
  1950.0   1.444272851773106 
  1951.0   1.4659442599885335 
  1952.0   1.460037031193445 
  1953.0   1.453571135975333 
  1954.0   1.4605925020294457 
  1955.0   1.420247264806296 
  1956.0   1.4403874732141537 
  1957.0   1.4149477557209986 
  1958.0   1.4809582787750115 
  1959.0   1.4339151715420466 
  1960.0   1.4647490442954427 
  1961.0   1.48685981691009 
  1962.0   1.4465823386452712 
  1963.0   1.4579169835981618 
  1964.0   1.4506543691165994 
  1965.0   1.444241751854715 
  1966.0   1.4227119551444234 
  1967.0   1.4295353712096912 
  1968.0   1.4638057672371143 
  1969.0   1.4095641156440135 
  1970.0   1.4605053956831135 
  1971.0   1.4506919515816634 
  1972.0   1.426829171913844 
  1973.0   1.4454970066364075 
  1974.0   1.4134016115182573 
  1975.0   1.4505067107040912 
  1976.0   1.4798349161247981 
  1977.0   1.4253570726744949 
  1978.0   1.439281685154725 
  1979.0   1.4232037140180445 
  1980.0   1.4383501338745772 
  1981.0   1.39394403519115 
  1982.0   1.400905620621897 
  1983.0   1.3991684368880275 
  1984.0   1.416994284743 
  1985.0   1.4232917022364318 
  1986.0   1.4574593161262073 
  1987.0   1.4408619720991032 
  1988.0   1.413963370171451 
  1989.0   1.411416900372697 
  1990.0   1.4867798959708147 
  1991.0   1.4304318738115018 
  1992.0   1.4189197153785862 
  1993.0   1.4229614202594005 
  1994.0   1.4933551464862518 
  1995.0   1.4847579871070253 
  1996.0   1.4404343739097616 
  1997.0   1.4766527073601434 
  1998.0   1.444534136377573 
  1999.0   1.476565532099114 
  2000.0   1.4707772461951636 
  2001.0   1.4672215141214098 
  2002.0   1.4288937839471239 
  2003.0   1.4820560498504012 
  2004.0   1.4555485606099798 
  2005.0   1.420486233709848 
  2006.0   1.4470750621883237 
  2007.0   1.4453931113676028 
  2008.0   1.4558472201038495 
  2009.0   1.4384716244871592 
  2010.0   1.4393803587568887 
  2011.0   1.467597035938992 
  2012.0   1.475518255890419 
  2013.0   1.4390050663211507 
  2014.0   1.4699397290888054 
