  1850.0   0.0 
  1851.0   1.5468264671709291e-12 
  1852.0   1.6344584783049622e-12 
  1853.0   1.696624177624492e-12 
  1854.0   1.912595312107659e-12 
  1855.0   2.031530942783256e-12 
  1856.0   2.31763563791177e-12 
  1857.0   2.004771183441802e-12 
  1858.0   2.0607272498154655e-12 
  1859.0   2.1338531194771574e-12 
  1860.0   2.3099136988535886e-12 
  1861.0   2.145287415257811e-12 
  1862.0   2.2545526254505285e-12 
  1863.0   2.2409418781304022e-12 
  1864.0   2.1982977037492215e-12 
  1865.0   2.13292450137872e-12 
  1866.0   2.7641445242092155e-12 
  1867.0   3.0676804465360115e-12 
  1868.0   3.083199838070084e-12 
  1869.0   3.2098785768865276e-12 
  1870.0   3.3838670692902757e-12 
  1871.0   4.005968850438721e-12 
  1872.0   3.996298159942686e-12 
  1873.0   4.2677698073585595e-12 
  1874.0   4.380456674586134e-12 
  1875.0   4.4664815461808294e-12 
  1876.0   4.561259087809837e-12 
  1877.0   4.630564287928293e-12 
  1878.0   4.713533863592431e-12 
  1879.0   4.89910768971762e-12 
  1880.0   4.743051843680458e-12 
  1881.0   5.29505340620875e-12 
  1882.0   5.231568520738742e-12 
  1883.0   5.307447403495667e-12 
  1884.0   5.316649576493082e-12 
  1885.0   5.4255334068598736e-12 
  1886.0   5.6146855006068355e-12 
  1887.0   5.651201017922477e-12 
  1888.0   5.96297952228059e-12 
  1889.0   5.960730399674879e-12 
  1890.0   6.470181410530308e-12 
  1891.0   6.925441116552788e-12 
  1892.0   6.941920885094497e-12 
  1893.0   7.124544378173091e-12 
  1894.0   7.183176249034265e-12 
  1895.0   7.369508082467131e-12 
  1896.0   7.827327291013252e-12 
  1897.0   8.36438307924599e-12 
  1898.0   8.533573746999603e-12 
  1899.0   8.64625928792648e-12 
  1900.0   8.765531058176622e-12 
  1901.0   1.0088902810448912e-11 
  1902.0   1.038153374994129e-11 
  1903.0   1.0785933247223608e-11 
  1904.0   1.1434018733395092e-11 
  1905.0   1.2314272812305268e-11 
  1906.0   1.2549811194189928e-11 
  1907.0   1.2667255467209567e-11 
  1908.0   1.2111625396599034e-11 
  1909.0   1.289927338617805e-11 
  1910.0   1.2927354917313697e-11 
  1911.0   1.4393451162949632e-11 
  1912.0   1.4606268750119096e-11 
  1913.0   1.4700418073972417e-11 
  1914.0   1.5282889075075234e-11 
  1915.0   1.5902465725246906e-11 
  1916.0   1.6077747379250704e-11 
  1917.0   1.6540828478903468e-11 
  1918.0   1.7093286051764106e-11 
  1919.0   1.8622419405529247e-11 
  1920.0   1.8987850268681892e-11 
  1921.0   2.265616539219491e-11 
  1922.0   2.3163216669435802e-11 
  1923.0   2.3760497293137367e-11 
  1924.0   2.666251062679814e-11 
  1925.0   2.7593124823631606e-11 
  1926.0   2.914967644363502e-11 
  1927.0   3.270239679702149e-11 
  1928.0   3.42514387010774e-11 
  1929.0   3.497746869802926e-11 
  1930.0   3.6000119669247234e-11 
  1931.0   4.7207615103018454e-11 
  1932.0   4.9066392047036284e-11 
  1933.0   5.612138576789292e-11 
  1934.0   5.897943746149036e-11 
  1935.0   5.981058218649017e-11 
  1936.0   6.150467936058926e-11 
  1937.0   6.351294769317319e-11 
  1938.0   7.298173699515052e-11 
  1939.0   7.586738895612164e-11 
  1940.0   7.886123660981239e-11 
  1941.0   9.093381451762968e-11 
  1942.0   1.0023287935514061e-10 
  1943.0   1.118596257612493e-10 
  1944.0   1.3078781858220271e-10 
  1945.0   1.4933962341192906e-10 
  1946.0   1.6832265944050093e-10 
  1947.0   2.0016655079367373e-10 
  1948.0   2.2187119359644824e-10 
  1949.0   2.354277261315043e-10 
  1950.0   2.610521536829567e-10 
  1951.0   2.6279736921499405e-10 
  1952.0   2.799579895619095e-10 
  1953.0   2.9405983458785266e-10 
  1954.0   3.0495460817429196e-10 
  1955.0   3.1905413891251055e-10 
  1956.0   3.2946253117441906e-10 
  1957.0   3.4183060074798074e-10 
  1958.0   3.5068841451858784e-10 
  1959.0   3.58427864880518e-10 
  1960.0   3.677246093903676e-10 
  1961.0   1.471151294174087e-10 
  1962.0   1.3848797011051253e-10 
  1963.0   1.290936132172228e-10 
  1964.0   1.1918610336193198e-10 
  1965.0   1.086801225326707e-10 
  1966.0   9.992489693524681e-11 
  1967.0   9.059659681246847e-11 
  1968.0   8.017097139297678e-11 
  1969.0   7.35103397352273e-11 
  1970.0   6.478286180453234e-11 
  1971.0   5.519784254700099e-11 
  1972.0   5.6614588668087826e-11 
  1973.0   5.618289512631119e-11 
  1974.0   5.659093011947822e-11 
  1975.0   5.7217620457841386e-11 
  1976.0   5.94034531233418e-11 
  1977.0   5.965695215172365e-11 
  1978.0   5.979555943355938e-11 
  1979.0   6.011551392761508e-11 
  1980.0   5.946992327488431e-11 
  1981.0   7.209754432598652e-11 
  1982.0   7.343591898067244e-11 
  1983.0   7.528649027341571e-11 
  1984.0   7.567799299910093e-11 
  1985.0   7.67142305813205e-11 
  1986.0   7.682358826296654e-11 
  1987.0   7.747778786374785e-11 
  1988.0   7.799162788630685e-11 
  1989.0   7.858608387119912e-11 
  1990.0   7.902696638362251e-11 
  1991.0   9.963945239938788e-11 
  1992.0   1.008758374608667e-10 
  1993.0   1.0301047097434432e-10 
  1994.0   1.0280248784292634e-10 
  1995.0   1.0361639720839365e-10 
  1996.0   1.0378925425380651e-10 
  1997.0   1.0380665321525788e-10 
  1998.0   1.027793791350679e-10 
  1999.0   1.047782856135772e-10 
  2000.0   1.0536140856171267e-10 
  2001.0   1.2630687992880597e-10 
  2002.0   1.3875593210947177e-10 
  2003.0   1.4248464049732593e-10 
  2004.0   1.9075101236286708e-10 
  2005.0   1.3749933920116531e-10 
  2006.0   1.4893450080888486e-10 
  2007.0   1.297922269740936e-10 
  2008.0   1.2961714155425644e-10 
  2009.0   1.7191172367684263e-10 
  2010.0   3.150295299613459e-10 
  2011.0   2.214353726691211e-10 
  2012.0   1.803052774810165e-10 
  2013.0   2.4156376111996315e-10 
  2014.0   2.622274050055733e-10 
