  2015.0   1.2080671678125 
  2016.0   0.6191113643437499 
  2017.0   2.6517942404999997 
  2018.0   1.7203252635 
  2019.0   0.6456562379999999 
  2020.0   1.1051824460625 
  2021.0   2.989660350375 
  2022.0   -0.427983525140625 
  2023.0   1.5219311788124998 
  2024.0   1.4612333714999999 
  2025.0   3.0858569763749997 
  2026.0   1.6164765995625 
  2027.0   1.3095271029375 
  2028.0   -0.52272527596875 
  2029.0   4.420747523249999 
  2030.0   2.643701068125 
  2031.0   2.525414459625 
  2032.0   2.840255101125 
  2033.0   3.9178485978749995 
  2034.0   0.9942460045312499 
  2035.0   1.0845716990624998 
  2036.0   -0.38877975 
  2037.0   1.0830500870625 
  2038.0   3.161519231625 
  2039.0   3.3581989158749996 
  2040.0   1.0103551107187498 
  2041.0   2.8299903795 
  2042.0   1.6806829100624998 
  2043.0   1.6709956914375 
  2044.0   1.6220922249374998 
  2045.0   -0.8843557328437499 
  2046.0   0.274907103609375 
  2047.0   2.183073440625 
  2048.0   4.52900371275 
  2049.0   1.9549721975624998 
  2050.0   1.7271524379374998 
  2051.0   0.6077815635937499 
  2052.0   2.1023208314999997 
  2053.0   -0.285430211015625 
  2054.0   1.0739884145624998 
  2055.0   1.3190465401875 
  2056.0   0.49184629649999995 
  2057.0   2.2988746181249997 
  2058.0   0.9367808219999999 
  2059.0   -0.9315547770937499 
  2060.0   2.1688073426249996 
  2061.0   3.3030912341249996 
  2062.0   1.4530858734374998 
  2063.0   0.2559263890078125 
  2064.0   1.0581368934375 
  2065.0   3.9783541094999997 
  2066.0   1.0828382045625 
  2067.0   -0.9039594836249999 
  2068.0   1.040885839125 
  2069.0   0.54600574246875 
  2070.0   -1.2049547124375 
  2071.0   1.8404750829374998 
  2072.0   1.224708690375 
  2073.0   1.1272899211874998 
  2074.0   -0.60739376934375 
  2075.0   1.01643435225 
  2076.0   0.8663560064999999 
  2077.0   1.4016900774374998 
  2078.0   -0.484122933 
  2079.0   -1.2023714705625 
  2080.0   -0.33091159035937495 
  2081.0   -0.11765326306640624 
  2082.0   -1.3001680558125 
  2083.0   0.5212477650937499 
  2084.0   0.46814748524999994 
  2085.0   -0.05504847090820312 
  2086.0   -0.7385747830312499 
  2087.0   1.332604679625 
  2088.0   0.7856410927499999 
  2089.0   0.31303117110937495 
  2090.0   0.060739814249999996 
  2091.0   -0.12209408775 
  2092.0   -1.5963502258125 
  2093.0   -1.8830028571875 
  2094.0   1.1437063801874998 
  2095.0   0.165425290875 
  2096.0   0.82195085475 
  2097.0   1.4913304183124998 
  2098.0   1.1198587584375 
  2099.0   -0.88386883425 
  2100.0   -1.9301199817499999 
