  2015.0   74.17268776799999 
  2016.0   75.39518869199999 
  2017.0   77.22225050399999 
  2018.0   76.51766530799999 
  2019.0   74.017798704 
  2020.0   73.25280629999999 
  2021.0   75.976791372 
  2022.0   75.341025612 
  2023.0   79.07660672399999 
  2024.0   79.072704144 
  2025.0   78.328714716 
  2026.0   75.660288192 
  2027.0   80.38659639599999 
  2028.0   80.255036088 
  2029.0   79.874467524 
  2030.0   75.405910932 
  2031.0   76.719424752 
  2032.0   79.25220705599999 
  2033.0   82.31300449199999 
  2034.0   82.19239506 
  2035.0   78.210407412 
  2036.0   78.651201852 
  2037.0   83.331759204 
  2038.0   82.142087256 
  2039.0   79.47159512399999 
  2040.0   80.84048616 
  2041.0   80.34371531999999 
  2042.0   79.12501448399999 
  2043.0   80.27993375999999 
  2044.0   80.699536008 
  2045.0   84.1800303 
  2046.0   81.9768465 
  2047.0   81.051414696 
  2048.0   81.201912372 
  2049.0   82.513620756 
  2050.0   80.288716536 
  2051.0   80.831443212 
  2052.0   82.384969644 
  2053.0   83.58077534399999 
  2054.0   83.014112844 
  2055.0   81.561533148 
  2056.0   80.006603364 
  2057.0   81.425952 
  2058.0   83.524144572 
  2059.0   82.07755671599999 
  2060.0   78.3417312 
  2061.0   80.21674349999999 
  2062.0   84.227917716 
  2063.0   84.573741492 
  2064.0   82.81482109199999 
  2065.0   81.98272007999999 
  2066.0   82.187759268 
  2067.0   83.64769473599999 
  2068.0   80.494008012 
  2069.0   82.58377258799999 
  2070.0   83.78370161999999 
  2071.0   82.928807964 
  2072.0   81.30223627199999 
  2073.0   82.59395871599999 
  2074.0   84.554173404 
  2075.0   81.890887248 
  2076.0   81.771712704 
  2077.0   79.13177107199999 
  2078.0   78.91686111599999 
  2079.0   80.80097943599999 
  2080.0   82.200846708 
  2081.0   83.637697824 
  2082.0   83.519004204 
  2083.0   82.337981004 
  2084.0   82.07732807999999 
  2085.0   80.47365152399999 
  2086.0   81.031444524 
  2087.0   80.003299968 
  2088.0   79.92062046 
  2089.0   79.873174548 
  2090.0   80.64061099199999 
  2091.0   80.478902268 
  2092.0   81.215914356 
  2093.0   82.59209020799999 
  2094.0   80.03958213599999 
  2095.0   80.91297954 
  2096.0   82.09043128799999 
  2097.0   80.09755318799999 
  2098.0   78.762413556 
  2099.0   80.035584948 
  2100.0   79.919784756 
