  2015.0   42.814511388 
  2016.0   43.312248018 
  2017.0   42.962332446 
  2018.0   43.362465156 
  2019.0   43.088373954 
  2020.0   42.951444642 
  2021.0   43.288804944 
  2022.0   43.098855732 
  2023.0   42.909344082 
  2024.0   42.946726068 
  2025.0   44.014613868 
  2026.0   44.051073425999995 
  2027.0   43.914356981999994 
  2028.0   44.026763112 
  2029.0   44.106135282 
  2030.0   44.645109174 
  2031.0   44.38595815199999 
  2032.0   44.339915592 
  2033.0   44.728190766 
  2034.0   45.055546271999994 
  2035.0   44.313224309999995 
  2036.0   44.935177302 
  2037.0   45.170530469999996 
  2038.0   45.369183617999994 
  2039.0   44.403823296 
  2040.0   45.632339712 
  2041.0   44.993215367999994 
  2042.0   45.92175741 
  2043.0   45.96625864799999 
  2044.0   45.069954282 
  2045.0   46.304541377999996 
  2046.0   45.89463644999999 
  2047.0   46.073934378 
  2048.0   45.581830866 
  2049.0   46.059325326 
  2050.0   46.018706957999996 
  2051.0   45.971777448 
  2052.0   46.494238302 
  2053.0   46.092304098 
  2054.0   45.81311589 
  2055.0   46.747657655999994 
  2056.0   46.820525526 
  2057.0   46.034202959999995 
  2058.0   46.848111642 
  2059.0   47.256349103999995 
  2060.0   46.857343805999996 
  2061.0   47.262498623999996 
  2062.0   46.43916067799999 
  2063.0   46.976707565999995 
  2064.0   47.53862784 
  2065.0   47.049756767999995 
  2066.0   47.663179271999994 
  2067.0   46.827739386 
  2068.0   47.75433408 
  2069.0   47.50314984 
  2070.0   47.387527037999995 
  2071.0   47.635825733999994 
  2072.0   46.799451594 
  2073.0   47.260795679999994 
  2074.0   48.122993861999994 
  2075.0   48.044595365999996 
  2076.0   47.417998698 
  2077.0   47.996605458 
  2078.0   47.920966361999994 
  2079.0   47.297475989999995 
  2080.0   47.465736318 
  2081.0   47.480574006 
  2082.0   48.37827384 
  2083.0   48.178536642 
  2084.0   48.349532718 
  2085.0   48.164503122 
  2086.0   47.6118702 
  2087.0   48.126691457999996 
  2088.0   48.491472312 
  2089.0   48.697228943999995 
  2090.0   48.285916721999996 
  2091.0   48.083873454 
  2092.0   49.088448791999994 
  2093.0   48.679379567999995 
  2094.0   48.328636175999996 
  2095.0   48.096736199999995 
  2096.0   49.394809206 
  2097.0   48.812709833999996 
  2098.0   48.582232919999996 
  2099.0   49.376845511999996 
  2100.0   48.35109375 
