  2015.0   288.4190673828125 
  2016.0   288.41351318359375 
  2017.0   288.5269470214844 
  2018.0   288.5789489746094 
  2019.0   288.5184631347656 
  2020.0   288.37933349609375 
  2021.0   288.4488830566406 
  2022.0   288.6461181640625 
  2023.0   288.6848449707031 
  2024.0   288.5346984863281 
  2025.0   288.51580810546875 
  2026.0   288.7222595214844 
  2027.0   288.64306640625 
  2028.0   288.6070556640625 
  2029.0   288.6649169921875 
  2030.0   288.6196594238281 
  2031.0   288.7076721191406 
  2032.0   288.8558349609375 
  2033.0   288.57574462890625 
  2034.0   288.5682067871094 
  2035.0   288.7204895019531 
  2036.0   288.9360046386719 
  2037.0   289.18292236328125 
  2038.0   288.9454040527344 
  2039.0   288.641845703125 
  2040.0   288.6935729980469 
  2041.0   288.79376220703125 
  2042.0   288.99346923828125 
  2043.0   288.95513916015625 
  2044.0   288.66632080078125 
  2045.0   288.4875793457031 
  2046.0   288.61724853515625 
  2047.0   288.73486328125 
  2048.0   288.99456787109375 
  2049.0   289.0068359375 
  2050.0   288.8042297363281 
  2051.0   288.6243896484375 
  2052.0   288.6541442871094 
  2053.0   288.9442443847656 
  2054.0   289.0349426269531 
  2055.0   288.8312072753906 
  2056.0   288.9593200683594 
  2057.0   289.0268249511719 
  2058.0   288.9089660644531 
  2059.0   289.0672912597656 
  2060.0   288.9765930175781 
  2061.0   288.8807678222656 
  2062.0   288.9025573730469 
  2063.0   288.9488830566406 
  2064.0   288.8305969238281 
  2065.0   289.0412292480469 
  2066.0   289.045166015625 
  2067.0   288.8398132324219 
  2068.0   288.9195251464844 
  2069.0   289.1142272949219 
  2070.0   289.1437072753906 
  2071.0   288.74261474609375 
  2072.0   288.8483581542969 
  2073.0   288.9587707519531 
  2074.0   289.1796569824219 
  2075.0   289.0489501953125 
  2076.0   288.99114990234375 
  2077.0   289.118408203125 
  2078.0   288.91162109375 
  2079.0   288.8550109863281 
  2080.0   288.955322265625 
  2081.0   289.151123046875 
  2082.0   289.1388854980469 
  2083.0   288.9524230957031 
  2084.0   288.9747619628906 
  2085.0   288.7042541503906 
  2086.0   288.61090087890625 
  2087.0   288.5582275390625 
  2088.0   288.7696228027344 
  2089.0   289.09326171875 
  2090.0   289.0183410644531 
  2091.0   289.08929443359375 
  2092.0   288.91241455078125 
  2093.0   288.9801940917969 
  2094.0   289.1717224121094 
  2095.0   288.9258117675781 
  2096.0   288.60064697265625 
  2097.0   288.7732849121094 
  2098.0   288.9825744628906 
  2099.0   288.8449401855469 
  2100.0   288.8491516113281 
