  2015.0   56.550989861999994 
  2016.0   56.333675285999995 
  2017.0   54.61650066599999 
  2018.0   57.390785658 
  2019.0   58.61806428599999 
  2020.0   56.787210269999996 
  2021.0   56.06195322599999 
  2022.0   58.365011538 
  2023.0   60.177574674 
  2024.0   58.63881103199999 
  2025.0   57.942405486 
  2026.0   58.010278842 
  2027.0   59.35382676 
  2028.0   60.663907097999996 
  2029.0   59.408222417999994 
  2030.0   59.65105750199999 
  2031.0   60.018921 
  2032.0   61.470869975999996 
  2033.0   60.33183696 
  2034.0   62.30522187 
  2035.0   62.678182373999995 
  2036.0   61.24432717799999 
  2037.0   62.238199986 
  2038.0   63.50735448 
  2039.0   63.412750421999995 
  2040.0   65.29619071799999 
  2041.0   63.211483728 
  2042.0   61.357513823999994 
  2043.0   64.143439542 
  2044.0   64.079374158 
  2045.0   63.29956377599999 
  2046.0   62.626554 
  2047.0   63.92668473 
  2048.0   62.187647778 
  2049.0   62.300850192 
  2050.0   64.74796101 
  2051.0   63.837264401999995 
  2052.0   65.75555591999999 
  2053.0   64.753172334 
  2054.0   62.880702623999994 
  2055.0   63.584113104 
  2056.0   65.58338512799999 
  2057.0   66.147855876 
  2058.0   67.681845756 
  2059.0   67.641590052 
  2060.0   65.85107452199999 
  2061.0   63.90496431 
  2062.0   66.243331116 
  2063.0   66.515384304 
  2064.0   67.50924134399999 
  2065.0   66.744453924 
  2066.0   65.83029624 
  2067.0   68.044809348 
  2068.0   65.39730696 
  2069.0   64.076595048 
  2070.0   67.076023428 
  2071.0   66.404637756 
  2072.0   68.048089092 
  2073.0   67.04926513199999 
  2074.0   66.98329970399999 
  2075.0   66.48691518 
  2076.0   67.41699066 
  2077.0   64.809964728 
  2078.0   63.75428135999999 
  2079.0   65.57285210399999 
  2080.0   65.06474801399999 
  2081.0   64.42204433399999 
  2082.0   64.427354208 
  2083.0   64.041097338 
  2084.0   68.87884194 
  2085.0   67.22414013599999 
  2086.0   63.879538409999995 
  2087.0   65.43226855799999 
  2088.0   65.17416216599999 
  2089.0   65.19443193 
  2090.0   63.09129608999999 
  2091.0   65.21713785 
  2092.0   64.27579613399999 
  2093.0   64.205163378 
  2094.0   66.542355468 
  2095.0   64.91108491199999 
  2096.0   64.435569336 
  2097.0   63.41714181 
  2098.0   64.294146144 
  2099.0   63.49029350399999 
  2100.0   62.708263775999995 
