  2015.0   1.070797488128 
  2016.0   0.95665782784 
  2017.0   0.890876002304 
  2018.0   0.8440692736 
  2019.0   0.806181863424 
  2020.0   0.7728225320959999 
  2021.0   0.7411400704 
  2022.0   0.712566571008 
  2023.0   0.686612217856 
  2024.0   0.6628774379519999 
  2025.0   0.6411202723839999 
  2026.0   0.621245628416 
  2027.0   0.603008139264 
  2028.0   0.585862414336 
  2029.0   0.570286211072 
  2030.0   0.557908557824 
  2031.0   0.543714705408 
  2032.0   0.533049737216 
  2033.0   0.527228993536 
  2034.0   0.529373233152 
  2035.0   0.53004255232 
  2036.0   0.513023705088 
  2037.0   0.501225783296 
  2038.0   0.49281259929599996 
  2039.0   0.48565937766399997 
  2040.0   0.47876944691199996 
  2041.0   0.46799536127999997 
  2042.0   0.458380804096 
  2043.0   0.44985942015999997 
  2044.0   0.441970294784 
  2045.0   0.43477254144 
  2046.0   0.427959386112 
  2047.0   0.42134847488 
  2048.0   0.41501179904 
  2049.0   0.409093668864 
  2050.0   0.40326316032 
  2051.0   0.397555433472 
  2052.0   0.39219380224 
  2053.0   0.386917728256 
  2054.0   0.38351781887999997 
  2055.0   0.384034766848 
  2056.0   0.381384916992 
  2057.0   0.389255168 
  2058.0   0.4136853504 
  2059.0   0.437654618112 
  2060.0   0.46112309248 
  2061.0   0.447476236288 
  2062.0   0.437944745984 
  2063.0   0.433119821824 
  2064.0   0.43017499443199997 
  2065.0   0.430439235584 
  2066.0   0.427705860096 
  2067.0   0.424966782976 
  2068.0   0.424360312832 
  2069.0   0.42446487552 
  2070.0   0.422381715456 
  2071.0   0.41210281983999997 
  2072.0   0.404293320704 
  2073.0   0.402832523264 
  2074.0   0.40719728639999997 
  2075.0   0.410147749888 
  2076.0   0.403218006016 
  2077.0   0.40681734144 
  2078.0   0.429923401728 
  2079.0   0.470989799424 
  2080.0   0.513305870336 
  2081.0   0.518367248384 
  2082.0   0.543293800448 
  2083.0   0.5774426112 
  2084.0   0.6094984970239999 
  2085.0   0.633517899776 
  2086.0   0.6168526848 
  2087.0   0.615643414528 
  2088.0   0.624306487296 
  2089.0   0.640499580928 
  2090.0   0.6513652531199999 
  2091.0   0.613836587008 
  2092.0   0.586664574976 
  2093.0   0.569272369152 
  2094.0   0.558826979328 
  2095.0   0.548895096832 
  2096.0   0.524542902272 
  2097.0   0.504074043392 
  2098.0   0.487050575872 
  2099.0   0.472006557696 
  2100.0   0.458046930944 
