  2015.0   114.23774087999999 
  2016.0   113.57879616 
  2017.0   116.02358514 
  2018.0   116.512582356 
  2019.0   116.51961488399999 
  2020.0   116.826310368 
  2021.0   117.08281630799999 
  2022.0   118.63668963599999 
  2023.0   118.66652269199999 
  2024.0   120.03195265199999 
  2025.0   117.85628401199999 
  2026.0   118.652284188 
  2027.0   120.47118606 
  2028.0   120.79960196399999 
  2029.0   122.180011524 
  2030.0   124.372212912 
  2031.0   121.232638548 
  2032.0   121.38725955599999 
  2033.0   123.69627817199999 
  2034.0   124.509497004 
  2035.0   125.00072539199999 
  2036.0   124.68148646399999 
  2037.0   123.22207133999999 
  2038.0   123.80961855599999 
  2039.0   124.961502492 
  2040.0   123.91844929199999 
  2041.0   124.43250974399999 
  2042.0   126.355858848 
  2043.0   125.13220686 
  2044.0   126.63816123599999 
  2045.0   127.441162404 
  2046.0   125.06265421199998 
  2047.0   126.19335383999999 
  2048.0   128.847549744 
  2049.0   127.22605534799999 
  2050.0   125.30053025999999 
  2051.0   125.03318381999999 
  2052.0   128.95153181999999 
  2053.0   127.34882499599999 
  2054.0   127.468803708 
  2055.0   127.71480815999999 
  2056.0   128.837513412 
  2057.0   126.887279868 
  2058.0   127.27720674 
  2059.0   128.91766215599998 
  2060.0   127.14907597199999 
  2061.0   126.46884445199998 
  2062.0   124.65531946799999 
  2063.0   126.11384369999999 
  2064.0   126.59155102799998 
  2065.0   130.45485294 
  2066.0   129.24108748799998 
  2067.0   128.743386336 
  2068.0   128.338992324 
  2069.0   126.28155214799999 
  2070.0   125.80546104 
  2071.0   124.88859125999998 
  2072.0   125.40202099199999 
  2073.0   128.414655072 
  2074.0   126.50582041199999 
  2075.0   127.62148525199999 
  2076.0   125.39470463999999 
  2077.0   127.05833113199999 
  2078.0   124.35580630799998 
  2079.0   125.06133758399999 
  2080.0   125.12091697199999 
  2081.0   126.32801255999999 
  2082.0   125.90141720399998 
  2083.0   126.08077031999998 
  2084.0   126.7433811 
  2085.0   124.803585972 
  2086.0   125.28925613999999 
  2087.0   125.60678424 
  2088.0   125.71649798399999 
  2089.0   125.13299525999999 
  2090.0   125.51236545599998 
  2091.0   122.41126501199999 
  2092.0   125.27278646399999 
  2093.0   124.74630082799999 
  2094.0   124.18031635199999 
  2095.0   124.40876313599999 
  2096.0   126.0499833 
  2097.0   124.71645988799999 
  2098.0   123.404562288 
  2099.0   124.76193479999999 
  2100.0   125.83822694399998 
