  2015.0   288.2600402832031 
  2016.0   288.2884521484375 
  2017.0   288.5079650878906 
  2018.0   288.4182434082031 
  2019.0   288.3503723144531 
  2020.0   288.3367004394531 
  2021.0   288.34716796875 
  2022.0   288.4176025390625 
  2023.0   288.7585144042969 
  2024.0   288.8406677246094 
  2025.0   288.67413330078125 
  2026.0   288.7848815917969 
  2027.0   288.72601318359375 
  2028.0   288.80804443359375 
  2029.0   288.7522888183594 
  2030.0   288.9589538574219 
  2031.0   288.9952697753906 
  2032.0   289.0585632324219 
  2033.0   289.08673095703125 
  2034.0   289.0601501464844 
  2035.0   289.1063537597656 
  2036.0   289.1850891113281 
  2037.0   289.1121520996094 
  2038.0   289.219482421875 
  2039.0   289.2740783691406 
  2040.0   289.2245178222656 
  2041.0   289.22503662109375 
  2042.0   289.3185119628906 
  2043.0   289.33868408203125 
  2044.0   289.2127990722656 
  2045.0   289.2956848144531 
  2046.0   289.530517578125 
  2047.0   289.4209899902344 
  2048.0   289.2486877441406 
  2049.0   289.4088439941406 
  2050.0   289.34185791015625 
  2051.0   289.1736755371094 
  2052.0   289.4232177734375 
  2053.0   289.5981140136719 
  2054.0   289.5231628417969 
  2055.0   289.4979248046875 
  2056.0   289.6587219238281 
  2057.0   289.6851501464844 
  2058.0   289.51495361328125 
  2059.0   289.55914306640625 
  2060.0   289.6837463378906 
  2061.0   289.5857849121094 
  2062.0   289.6581726074219 
  2063.0   289.7098388671875 
  2064.0   289.6500549316406 
  2065.0   289.5270690917969 
  2066.0   289.5989074707031 
  2067.0   289.5466613769531 
  2068.0   289.5257263183594 
  2069.0   289.6900329589844 
  2070.0   289.70806884765625 
  2071.0   289.6169738769531 
  2072.0   289.6128234863281 
  2073.0   289.6687316894531 
  2074.0   289.7194519042969 
  2075.0   289.6331481933594 
  2076.0   289.5659484863281 
  2077.0   289.60516357421875 
  2078.0   289.6534423828125 
  2079.0   289.6530456542969 
  2080.0   289.62841796875 
  2081.0   289.5597839355469 
  2082.0   289.6473083496094 
  2083.0   289.5272521972656 
  2084.0   289.5982360839844 
  2085.0   289.8459167480469 
  2086.0   289.8679504394531 
  2087.0   289.5193786621094 
  2088.0   289.3516540527344 
  2089.0   289.4798583984375 
  2090.0   289.5362854003906 
  2091.0   289.5281982421875 
  2092.0   289.3713073730469 
  2093.0   289.5137634277344 
  2094.0   289.49688720703125 
  2095.0   289.3922119140625 
  2096.0   289.5563659667969 
  2097.0   289.5035705566406 
  2098.0   289.3827209472656 
  2099.0   289.5574645996094 
  2100.0   289.68682861328125 
