  2015.0   2.7649394954999997 
  2016.0   2.7692402174999997 
  2017.0   2.797656863625 
  2018.0   3.023166364875 
  2019.0   2.8825847898749997 
  2020.0   2.9883043023749996 
  2021.0   2.924358903 
  2022.0   2.991451003875 
  2023.0   2.9521862201249998 
  2024.0   3.0565018878749997 
  2025.0   3.063134795625 
  2026.0   3.1445826749999997 
  2027.0   3.0219724316249996 
  2028.0   3.0610573616249996 
  2029.0   3.135137396625 
  2030.0   2.8831738724999996 
  2031.0   2.9169183779999996 
  2032.0   2.946567391875 
  2033.0   3.031138074375 
  2034.0   2.9482129304999996 
  2035.0   2.8870510758749997 
  2036.0   3.0121876485 
  2037.0   3.100905561375 
  2038.0   3.0005220386249998 
  2039.0   2.9114281574999996 
  2040.0   2.8981438638749997 
  2041.0   2.855738291625 
  2042.0   3.0119878383749996 
  2043.0   2.859256033875 
  2044.0   2.7984878865 
  2045.0   2.8467586619999996 
  2046.0   2.739950172 
  2047.0   2.7013882961249998 
  2048.0   2.674867752 
  2049.0   2.56052462175 
  2050.0   2.593421350875 
  2051.0   2.508751872 
  2052.0   2.4655202043749997 
  2053.0   2.40184089 
  2054.0   2.42150506425 
  2055.0   2.310338446875 
  2056.0   2.2857664826249997 
  2057.0   2.304642256875 
  2058.0   2.281849612875 
  2059.0   2.06960469525 
  2060.0   2.10077310375 
  2061.0   2.1703200851249997 
  2062.0   2.16577372725 
  2063.0   2.101297636125 
  2064.0   1.9162876269374998 
  2065.0   1.9831786858124998 
  2066.0   1.9826850735 
  2067.0   2.1021042678749997 
  2068.0   1.8873952306875 
  2069.0   1.7635714672499998 
  2070.0   1.6790932985624998 
  2071.0   1.8448861809375 
  2072.0   1.8476105956875 
  2073.0   1.7949545915624998 
  2074.0   1.7112964820624998 
  2075.0   1.6586451590624998 
  2076.0   1.6763040871875 
  2077.0   1.6095911574375 
  2078.0   1.6278603564374998 
  2079.0   1.657045323 
  2080.0   1.5986322742499999 
  2081.0   1.4769063939374998 
  2082.0   1.4753813326874998 
  2083.0   1.4698174460625 
  2084.0   1.3835183197499998 
  2085.0   1.359288324 
  2086.0   1.4542998862499998 
  2087.0   1.4206089673125 
  2088.0   1.276912103625 
  2089.0   1.0910400283125 
  2090.0   1.2382907281875 
  2091.0   1.2531365465625 
  2092.0   1.2378027825 
  2093.0   0.9931847442187499 
  2094.0   0.9290427375937499 
  2095.0   1.0740266026874998 
  2096.0   1.1327523013124998 
  2097.0   1.0822377886874999 
  2098.0   0.8568214787812499 
  2099.0   1.0727742785624999 
  2100.0   1.1004158289375 
