  2015.0   2008.887871930368 
  2016.0   2012.028298330112 
  2017.0   2014.760165965824 
  2018.0   2014.915724312576 
  2019.0   2017.126424510464 
  2020.0   2020.7215805726719 
  2021.0   2024.954002407424 
  2022.0   2029.5733739519999 
  2023.0   2033.192957640704 
  2024.0   2033.262616641536 
  2025.0   2035.179782668288 
  2026.0   2039.192892735488 
  2027.0   2042.221515767808 
  2028.0   2044.874194944 
  2029.0   2049.1596327813118 
  2030.0   2053.084159148032 
  2031.0   2054.744029790208 
  2032.0   2056.5038926397438 
  2033.0   2059.307835195392 
  2034.0   2063.547773222912 
  2035.0   2065.624389910528 
  2036.0   2069.425167532032 
  2037.0   2076.36704264192 
  2038.0   2082.695542734848 
  2039.0   2085.7327557017597 
  2040.0   2088.124649832448 
  2041.0   2091.145890889728 
  2042.0   2095.076859707392 
  2043.0   2098.66329161728 
  2044.0   2103.567070527488 
  2045.0   2107.429319868416 
  2046.0   2108.395553292288 
  2047.0   2109.043153829888 
  2048.0   2113.149545218048 
  2049.0   2117.898436870144 
  2050.0   2121.594793099264 
  2051.0   2125.606158336 
  2052.0   2131.931974074368 
  2053.0   2135.655844937728 
  2054.0   2137.165525942272 
  2055.0   2139.838471995392 
  2056.0   2140.92509872128 
  2057.0   2142.335995478016 
  2058.0   2144.654472511488 
  2059.0   2148.459276664832 
  2060.0   2151.213290225664 
  2061.0   2152.415746850816 
  2062.0   2155.2045228032 
  2063.0   2156.708298227712 
  2064.0   2157.136452780032 
  2065.0   2160.541422321664 
  2066.0   2162.971971158016 
  2067.0   2164.10718470144 
  2068.0   2168.268739575808 
  2069.0   2171.24823891968 
  2070.0   2172.465727930368 
  2071.0   2173.207415095296 
  2072.0   2175.603738411008 
  2073.0   2178.386474565632 
  2074.0   2179.64758433792 
  2075.0   2180.4432270295038 
  2076.0   2181.375906021376 
  2077.0   2184.1707217715198 
  2078.0   2185.761470283776 
  2079.0   2185.959441432576 
  2080.0   2187.344568385536 
  2081.0   2189.064702787584 
  2082.0   2190.63531864064 
  2083.0   2191.090450956288 
  2084.0   2191.615644925952 
  2085.0   2189.207510450176 
  2086.0   2183.915171217408 
  2087.0   2181.815469080576 
  2088.0   2185.317478039552 
  2089.0   2188.378044891136 
  2090.0   2188.243424509952 
  2091.0   2187.874996846592 
  2092.0   2188.195642998784 
  2093.0   2189.080540479488 
  2094.0   2188.8741136138237 
  2095.0   2188.989675077632 
  2096.0   2187.497845030912 
  2097.0   2185.852335685632 
  2098.0   2187.220014333952 
  2099.0   2187.82748377088 
  2100.0   2186.140635365376 
