  2015.0   2.177847334125 
  2016.0   3.8086253864999997 
  2017.0   0.96275669259375 
  2018.0   0.40976415548437495 
  2019.0   3.0131132793749997 
  2020.0   3.904583275125 
  2021.0   4.16227649625 
  2022.0   5.0195900474999995 
  2023.0   1.3056668994374998 
  2024.0   0.104057220375 
  2025.0   3.551309119125 
  2026.0   3.5891828696249997 
  2027.0   2.555138617875 
  2028.0   2.773389418875 
  2029.0   4.701366677249999 
  2030.0   2.9334710823749996 
  2031.0   0.8753270129999999 
  2032.0   2.5374703275 
  2033.0   3.4807574205 
  2034.0   3.5554731029999997 
  2035.0   1.1365166649374998 
  2036.0   6.53285929725 
  2037.0   6.568730018999999 
  2038.0   5.0194983959999995 
  2039.0   1.9573691799375 
  2040.0   2.64206883375 
  2041.0   3.623917309875 
  2042.0   3.4831051278749996 
  2043.0   4.1224401225 
  2044.0   4.49242392375 
  2045.0   2.549535804 
  2046.0   -0.16931481299999998 
  2047.0   2.4013629224999997 
  2048.0   5.0899690372499995 
  2049.0   4.35005859375 
  2050.0   3.077629036875 
  2051.0   5.409305036999999 
  2052.0   5.7293776979999995 
  2053.0   1.5717025012499999 
  2054.0   2.2566614647499996 
  2055.0   1.7819218468124998 
  2056.0   0.83745886753125 
  2057.0   1.9751650925625 
  2058.0   2.845613264625 
  2059.0   3.341792804625 
  2060.0   1.88449330275 
  2061.0   1.5147094348124999 
  2062.0   2.635879647375 
  2063.0   0.52702846171875 
  2064.0   1.7669205658124998 
  2065.0   3.4502441231249996 
  2066.0   0.8109850114687499 
  2067.0   2.9898835661249996 
  2068.0   4.002969682124999 
  2069.0   1.7866779929999999 
  2070.0   0.35737023276562496 
  2071.0   1.4158839875625 
  2072.0   3.0456690254999996 
  2073.0   1.9594809832499998 
  2074.0   0.5089953207656249 
  2075.0   0.9190470574687499 
  2076.0   1.8068988515625 
  2077.0   2.6053000751249997 
  2078.0   0.22770946061718747 
  2079.0   0.5974128101249999 
  2080.0   1.3871507495625 
  2081.0   2.410498753875 
  2082.0   0.08929828768359374 
  2083.0   1.31903508375 
  2084.0   -1.3612367806874999 
  2085.0   -3.5582995169999996 
  2086.0   -5.524285785749999 
  2087.0   1.091654118 
  2088.0   3.6789865571249996 
  2089.0   2.110620958875 
  2090.0   -1.6693646889374998 
  2091.0   0.298721464734375 
  2092.0   1.2767106920625 
  2093.0   -0.290720529 
  2094.0   0.10369431 
  2095.0   -0.7582584824999999 
  2096.0   -2.01833110125 
  2097.0   -0.3042386325 
  2098.0   1.6175325628125 
  2099.0   -0.7063252810312499 
  2100.0   -3.1600609379999995 
