  2015.0   125.717507136 
  2016.0   125.63746876799999 
  2017.0   125.39410545599999 
  2018.0   126.594830772 
  2019.0   126.441471204 
  2020.0   125.55415065599999 
  2021.0   128.334049056 
  2022.0   128.664420192 
  2023.0   129.308763744 
  2024.0   130.10193356399998 
  2025.0   127.37052964799999 
  2026.0   129.955693248 
  2027.0   130.533472188 
  2028.0   133.509185496 
  2029.0   131.155259616 
  2030.0   132.46518621599998 
  2031.0   132.77319832799998 
  2032.0   133.75269071999998 
  2033.0   134.668480392 
  2034.0   131.520785508 
  2035.0   132.02257057199998 
  2036.0   133.12113501599998 
  2037.0   134.54046 
  2038.0   134.778414888 
  2039.0   132.506640288 
  2040.0   133.717985352 
  2041.0   134.053906824 
  2042.0   136.396842408 
  2043.0   134.557867872 
  2044.0   133.98913188 
  2045.0   135.97481188799998 
  2046.0   136.797538824 
  2047.0   136.01585599199998 
  2048.0   134.37893260799999 
  2049.0   136.017716616 
  2050.0   137.242322568 
  2051.0   135.422269632 
  2052.0   134.770341672 
  2053.0   135.534963528 
  2054.0   136.023140808 
  2055.0   136.66409424 
  2056.0   136.082948832 
  2057.0   136.06088939999998 
  2058.0   136.074670632 
  2059.0   135.261483336 
  2060.0   135.692138952 
  2061.0   134.318257344 
  2062.0   135.982885104 
  2063.0   136.99255744799999 
  2064.0   133.871786424 
  2065.0   133.76459556 
  2066.0   135.287248248 
  2067.0   136.807756488 
  2068.0   135.793211832 
  2069.0   136.17681573599998 
  2070.0   134.91458733599998 
  2071.0   136.599003936 
  2072.0   136.63613757599998 
  2073.0   136.04390726399998 
  2074.0   134.37652010399998 
  2075.0   136.504774368 
  2076.0   135.381162456 
  2077.0   134.78825411999998 
  2078.0   135.05531673599998 
  2079.0   133.87919738399998 
  2080.0   132.77449130399998 
  2081.0   135.262839384 
  2082.0   133.664689512 
  2083.0   135.385372512 
  2084.0   132.63205896 
  2085.0   132.981146712 
  2086.0   133.11400788 
  2087.0   136.636862904 
  2088.0   135.48510511199999 
  2089.0   135.73945872 
  2090.0   133.206313752 
  2091.0   132.560614152 
  2092.0   131.49806382 
  2093.0   133.218912384 
  2094.0   132.749940528 
  2095.0   132.964495704 
  2096.0   133.927069032 
  2097.0   131.57119580399998 
  2098.0   131.513705676 
  2099.0   133.66949875199998 
  2100.0   133.93504764 
