  2015.0   1198.312384364544 
  2016.0   1198.671148351488 
  2017.0   1199.0866864373759 
  2018.0   1199.713080573952 
  2019.0   1200.066744287232 
  2020.0   1200.142845739008 
  2021.0   1200.692869988352 
  2022.0   1201.376038223872 
  2023.0   1201.7687592959999 
  2024.0   1202.027262640128 
  2025.0   1201.868348850176 
  2026.0   1202.243353182208 
  2027.0   1203.046243631104 
  2028.0   1203.7559869767679 
  2029.0   1204.00751099904 
  2030.0   1204.570957021184 
  2031.0   1205.345930182656 
  2032.0   1206.337664974848 
  2033.0   1207.4079171379199 
  2034.0   1207.371946786816 
  2035.0   1207.494084919296 
  2036.0   1208.247314808832 
  2037.0   1209.33461262336 
  2038.0   1209.962483154944 
  2039.0   1209.733507710976 
  2040.0   1210.075628699648 
  2041.0   1210.927240183808 
  2042.0   1211.805292560384 
  2043.0   1212.310756524032 
  2044.0   1212.743340261376 
  2045.0   1213.493885796352 
  2046.0   1214.3199959121919 
  2047.0   1214.82009116672 
  2048.0   1215.3587069091839 
  2049.0   1215.904704626688 
  2050.0   1216.7038369791999 
  2051.0   1217.2134616924159 
  2052.0   1217.71114102784 
  2053.0   1218.760186789888 
  2054.0   1219.81835935744 
  2055.0   1220.90283859968 
  2056.0   1221.766663897088 
  2057.0   1222.58861326336 
  2058.0   1223.5171315056639 
  2059.0   1224.38243319808 
  2060.0   1225.044395032576 
  2061.0   1225.740179734528 
  2062.0   1226.641049124864 
  2063.0   1227.4407183482879 
  2064.0   1227.645131948032 
  2065.0   1228.192471842816 
  2066.0   1229.233464541184 
  2067.0   1230.346129506304 
  2068.0   1230.772405010432 
  2069.0   1231.340817088512 
  2070.0   1232.20866891776 
  2071.0   1233.278518427648 
  2072.0   1234.413463535616 
  2073.0   1235.25406916608 
  2074.0   1235.515391082496 
  2075.0   1236.062194106368 
  2076.0   1236.937293692928 
  2077.0   1237.873864998912 
  2078.0   1238.778760921088 
  2079.0   1239.225169084416 
  2080.0   1239.093233057792 
  2081.0   1239.511052845056 
  2082.0   1240.052218724352 
  2083.0   1240.840076787712 
  2084.0   1241.291585224704 
  2085.0   1241.296148627456 
  2086.0   1241.832482668544 
  2087.0   1242.9523953909759 
  2088.0   1243.552348635136 
  2089.0   1244.113915609088 
  2090.0   1244.640049102848 
  2091.0   1245.071156445184 
  2092.0   1244.978680430592 
  2093.0   1245.131554422784 
  2094.0   1245.765733187584 
  2095.0   1246.591037997056 
  2096.0   1247.406410694656 
  2097.0   1247.521301069824 
  2098.0   1247.641962807296 
  2099.0   1248.223125569536 
  2100.0   1249.03487438848 
