  2015.0   67.433365728 
  2016.0   66.92532076799999 
  2017.0   68.69691863999999 
  2018.0   67.385604456 
  2019.0   67.56735430799999 
  2020.0   67.504849956 
  2021.0   68.141033568 
  2022.0   67.643647776 
  2023.0   68.44119321599999 
  2024.0   69.31466945999999 
  2025.0   69.737772204 
  2026.0   68.30061361199999 
  2027.0   70.395124356 
  2028.0   70.79508756 
  2029.0   71.167188708 
  2030.0   69.65588898 
  2031.0   70.91602812 
  2032.0   70.324341804 
  2033.0   70.663669164 
  2034.0   71.19715579199999 
  2035.0   70.59266586 
  2036.0   72.24467922 
  2037.0   71.80876497599999 
  2038.0   72.579678264 
  2039.0   71.533920852 
  2040.0   72.10398135599999 
  2041.0   71.548656048 
  2042.0   72.31681782 
  2043.0   72.006519348 
  2044.0   71.93032048799999 
  2045.0   73.69754273999999 
  2046.0   72.88339359599999 
  2047.0   73.609509996 
  2048.0   72.791166564 
  2049.0   73.17104922 
  2050.0   73.220781492 
  2051.0   72.46808024399999 
  2052.0   73.650766968 
  2053.0   73.52445740399999 
  2054.0   72.920054196 
  2055.0   73.455125508 
  2056.0   72.91405447199999 
  2057.0   73.45760896799999 
  2058.0   74.379729492 
  2059.0   74.33661977999999 
  2060.0   72.84701682 
  2061.0   74.22389434799999 
  2062.0   74.301031404 
  2063.0   74.35994065199999 
  2064.0   74.31907788 
  2065.0   74.432536524 
  2066.0   74.22033078 
  2067.0   75.002368392 
  2068.0   74.75227214399999 
  2069.0   74.337652584 
  2070.0   75.05674434 
  2071.0   75.353474448 
  2072.0   73.47894307199999 
  2073.0   75.59120069999999 
  2074.0   75.622350384 
  2075.0   73.463364288 
  2076.0   75.84139155599999 
  2077.0   73.26201481199999 
  2078.0   73.615383576 
  2079.0   73.67355172799999 
  2080.0   75.22366438799999 
  2081.0   74.962167876 
  2082.0   76.13423485199999 
  2083.0   74.56784961599999 
  2084.0   75.22667607599999 
  2085.0   73.50318637199999 
  2086.0   74.87422973999999 
  2087.0   73.92542187599999 
  2088.0   74.365774812 
  2089.0   74.329153632 
  2090.0   74.24817706799999 
  2091.0   73.81998125999999 
  2092.0   73.669523004 
  2093.0   74.670609672 
  2094.0   74.336178276 
  2095.0   74.11014399599999 
  2096.0   73.818420228 
  2097.0   73.35608669999999 
  2098.0   73.332245484 
  2099.0   73.48547890799999 
  2100.0   74.18645323199999 
