  2015.0   1875.300698816512 
  2016.0   1875.773145219072 
  2017.0   1876.176335273984 
  2018.0   1876.466379784192 
  2019.0   1876.62354874368 
  2020.0   1876.77253042176 
  2021.0   1877.167667412992 
  2022.0   1877.54965106688 
  2023.0   1877.731381870592 
  2024.0   1878.18450092032 
  2025.0   1878.617621528576 
  2026.0   1878.786333212672 
  2027.0   1879.286965338112 
  2028.0   1879.90248783872 
  2029.0   1880.366746959872 
  2030.0   1880.853823094784 
  2031.0   1881.221042798592 
  2032.0   1881.585041276928 
  2033.0   1882.054266454016 
  2034.0   1882.4405450752 
  2035.0   1882.817562673152 
  2036.0   1883.2106863984638 
  2037.0   1883.4520098734079 
  2038.0   1883.9070079713279 
  2039.0   1884.359455932416 
  2040.0   1884.689631543296 
  2041.0   1885.038194982912 
  2042.0   1885.188250402816 
  2043.0   1885.6828427304958 
  2044.0   1886.187635605504 
  2045.0   1886.584383209472 
  2046.0   1887.022872526848 
  2047.0   1887.562427793408 
  2048.0   1888.101983059968 
  2049.0   1888.499267534848 
  2050.0   1888.77092421632 
  2051.0   1889.108079149056 
  2052.0   1889.5667011256319 
  2053.0   1889.908553678848 
  2054.0   1890.331071086592 
  2055.0   1890.7041963704319 
  2056.0   1890.8239185838079 
  2057.0   1891.236369661952 
  2058.0   1891.75122886656 
  2059.0   1892.038186369024 
  2060.0   1892.47868895232 
  2061.0   1892.973147062272 
  2062.0   1893.302517366784 
  2063.0   1893.814289563648 
  2064.0   1894.30136569856 
  2065.0   1894.630333349888 
  2066.0   1894.741331410944 
  2067.0   1895.034999799808 
  2068.0   1895.495635042304 
  2069.0   1895.862452092928 
  2070.0   1895.91399170048 
  2071.0   1896.211418185728 
  2072.0   1896.547096723456 
  2073.0   1896.73003548672 
  2074.0   1897.096047230976 
  2075.0   1897.5287651860478 
  2076.0   1897.878536585216 
  2077.0   1898.279042285568 
  2078.0   1898.336755908608 
  2079.0   1898.595259252736 
  2080.0   1898.9371118059519 
  2081.0   1899.1346803015679 
  2082.0   1899.352784109568 
  2083.0   1899.7344993279999 
  2084.0   1900.058232487936 
  2085.0   1900.20627464192 
  2086.0   1900.496050716672 
  2087.0   1900.631879057408 
  2088.0   1900.66462818304 
  2089.0   1900.915883769856 
  2090.0   1901.0160101949439 
  2091.0   1901.351017644032 
  2092.0   1901.6296536473599 
  2093.0   1901.683877609472 
  2094.0   1901.785883082752 
  2095.0   1901.831919763456 
  2096.0   1902.1055897108479 
  2097.0   1902.2818175877119 
  2098.0   1902.376172650496 
  2099.0   1902.605684965376 
  2100.0   1902.739231604736 
