  2015.0   46.797389927999994 
  2016.0   46.35058788 
  2017.0   48.468265757999994 
  2018.0   47.620179936 
  2019.0   48.269029194 
  2020.0   46.030276728 
  2021.0   47.662059744 
  2022.0   49.378568165999994 
  2023.0   49.045768757999994 
  2024.0   47.695744133999995 
  2025.0   47.262644478 
  2026.0   47.116471176 
  2027.0   48.438038502 
  2028.0   49.671703169999994 
  2029.0   49.972225482 
  2030.0   48.856237398 
  2031.0   50.015201166 
  2032.0   48.771933786 
  2033.0   47.926201338 
  2034.0   50.24692769399999 
  2035.0   50.378823071999996 
  2036.0   49.971397661999994 
  2037.0   48.788947457999996 
  2038.0   51.037688951999996 
  2039.0   50.427211121999996 
  2040.0   48.74253040799999 
  2041.0   51.338684304 
  2042.0   49.860292392 
  2043.0   51.772205754 
  2044.0   50.242165758 
  2045.0   50.34023483399999 
  2046.0   50.235464357999994 
  2047.0   52.32533931 
  2048.0   51.992658162 
  2049.0   49.451234994 
  2050.0   50.296565357999995 
  2051.0   50.955778134 
  2052.0   51.312651335999995 
  2053.0   52.798986377999995 
  2054.0   50.82952375799999 
  2055.0   49.965997122 
  2056.0   52.864569431999996 
  2057.0   51.976290977999994 
  2058.0   50.56239806999999 
  2059.0   51.536789514 
  2060.0   52.05647914199999 
  2061.0   53.707656797999995 
  2062.0   52.923746736 
  2063.0   50.575465799999996 
  2064.0   51.021104957999995 
  2065.0   51.633486774 
  2066.0   52.797330738 
  2067.0   53.63347624199999 
  2068.0   51.759059183999995 
  2069.0   51.96247820999999 
  2070.0   51.07665168 
  2071.0   51.519846797999996 
  2072.0   52.762893426 
  2073.0   52.061394815999996 
  2074.0   52.81844408999999 
  2075.0   53.847972287999994 
  2076.0   51.725075202 
  2077.0   51.617115647999995 
  2078.0   51.466369625999995 
  2079.0   52.301994785999995 
  2080.0   53.140229549999994 
  2081.0   53.27053236 
  2082.0   51.90760951199999 
  2083.0   52.13091592799999 
  2084.0   52.316209638 
  2085.0   51.727424633999995 
  2086.0   51.76473566399999 
  2087.0   53.467175088 
  2088.0   53.186043473999995 
  2089.0   52.334398025999995 
  2090.0   52.174683953999995 
  2091.0   50.668654679999996 
  2092.0   52.771975794 
  2093.0   53.725608666 
  2094.0   53.926496928 
  2095.0   50.676176016 
  2096.0   53.510162597999994 
  2097.0   54.576221309999994 
  2098.0   52.530071021999994 
  2099.0   53.107006373999994 
  2100.0   51.635867741999995 
