  2015.0   47.832902082 
  2016.0   48.19902321599999 
  2017.0   47.983730886 
  2018.0   48.001529016 
  2019.0   48.21105025799999 
  2020.0   48.506266638 
  2021.0   49.050388782 
  2022.0   48.094485318 
  2023.0   49.42871829 
  2024.0   49.252739526 
  2025.0   49.769646101999996 
  2026.0   49.192422984 
  2027.0   49.981737528 
  2028.0   48.863498562 
  2029.0   49.610290752 
  2030.0   50.683070574 
  2031.0   50.733685853999994 
  2032.0   49.166421551999996 
  2033.0   51.235589178 
  2034.0   51.073454717999994 
  2035.0   51.09587681399999 
  2036.0   50.64553485 
  2037.0   50.486550048 
  2038.0   51.167550258 
  2039.0   51.46185997799999 
  2040.0   51.312631626 
  2041.0   51.49899756 
  2042.0   50.555404962 
  2043.0   52.183770263999996 
  2044.0   52.728128928 
  2045.0   53.56972621799999 
  2046.0   52.257915342 
  2047.0   52.081778897999996 
  2048.0   52.179844032 
  2049.0   51.6469014 
  2050.0   52.16541237 
  2051.0   52.621612146 
  2052.0   52.166851199999996 
  2053.0   51.879246822 
  2054.0   52.498456182 
  2055.0   54.754884575999995 
  2056.0   54.184220945999996 
  2057.0   52.538041746 
  2058.0   52.456197941999996 
  2059.0   52.572447522 
  2060.0   53.784206495999996 
  2061.0   52.626929903999994 
  2062.0   51.869939759999994 
  2063.0   54.392078663999996 
  2064.0   53.68757625 
  2065.0   52.578537911999994 
  2066.0   53.600812829999995 
  2067.0   54.005135886 
  2068.0   53.007959682 
  2069.0   53.204121486 
  2070.0   53.622903797999996 
  2071.0   53.050888062 
  2072.0   53.115942888 
  2073.0   52.08994672199999 
  2074.0   52.678775087999995 
  2075.0   53.076286368 
  2076.0   52.568040366 
  2077.0   52.38418548599999 
  2078.0   53.929887048 
  2079.0   53.607451157999996 
  2080.0   52.42574205 
  2081.0   52.520357933999996 
  2082.0   52.414420625999995 
  2083.0   53.012461445999996 
  2084.0   53.063135855999995 
  2085.0   53.65931999399999 
  2086.0   54.560610989999994 
  2087.0   53.50817188799999 
  2088.0   52.224573905999996 
  2089.0   52.577603657999994 
  2090.0   51.572965247999996 
  2091.0   51.384376026 
  2092.0   52.832402712 
  2093.0   51.977623374 
  2094.0   53.274367926 
  2095.0   52.74246204 
  2096.0   53.73633879 
  2097.0   52.773789113999996 
  2098.0   51.86424357 
  2099.0   52.56208006199999 
  2100.0   51.625303181999996 
