  2015.0   288.1523742675781 
  2016.0   287.87103271484375 
  2017.0   287.87957763671875 
  2018.0   287.8622131347656 
  2019.0   287.9007263183594 
  2020.0   288.0404052734375 
  2021.0   287.9776611328125 
  2022.0   287.8985290527344 
  2023.0   288.06549072265625 
  2024.0   288.1136779785156 
  2025.0   288.30426025390625 
  2026.0   288.2397155761719 
  2027.0   288.1354675292969 
  2028.0   288.2205505371094 
  2029.0   288.0410461425781 
  2030.0   288.0706481933594 
  2031.0   288.2550964355469 
  2032.0   288.1308288574219 
  2033.0   287.865234375 
  2034.0   287.9106750488281 
  2035.0   287.9723205566406 
  2036.0   288.0767822265625 
  2037.0   288.2625427246094 
  2038.0   288.2586669921875 
  2039.0   288.09149169921875 
  2040.0   288.2339172363281 
  2041.0   288.3404235839844 
  2042.0   288.3321838378906 
  2043.0   288.5890808105469 
  2044.0   288.5169982910156 
  2045.0   288.24072265625 
  2046.0   288.30963134765625 
  2047.0   288.4153137207031 
  2048.0   288.3088684082031 
  2049.0   288.3314514160156 
  2050.0   288.4068298339844 
  2051.0   288.4548034667969 
  2052.0   288.1678771972656 
  2053.0   288.1668701171875 
  2054.0   288.2284851074219 
  2055.0   288.2194519042969 
  2056.0   288.2442932128906 
  2057.0   288.3570251464844 
  2058.0   288.51983642578125 
  2059.0   288.31378173828125 
  2060.0   288.3639831542969 
  2061.0   288.52142333984375 
  2062.0   288.4352722167969 
  2063.0   288.6889343261719 
  2064.0   288.5094299316406 
  2065.0   288.2911376953125 
  2066.0   288.2920227050781 
  2067.0   288.5241394042969 
  2068.0   288.4950866699219 
  2069.0   288.514892578125 
  2070.0   288.603759765625 
  2071.0   288.4836120605469 
  2072.0   288.4242248535156 
  2073.0   288.4360046386719 
  2074.0   288.3016357421875 
  2075.0   288.4012756347656 
  2076.0   288.3570556640625 
  2077.0   288.27301025390625 
  2078.0   288.5867004394531 
  2079.0   288.5559997558594 
  2080.0   288.3768005371094 
  2081.0   288.3680725097656 
  2082.0   288.2513427734375 
  2083.0   288.2986755371094 
  2084.0   288.3716125488281 
  2085.0   288.5403137207031 
  2086.0   288.4475402832031 
  2087.0   288.0917663574219 
  2088.0   288.2386779785156 
  2089.0   288.1772155761719 
  2090.0   288.3522033691406 
  2091.0   288.5386962890625 
  2092.0   288.3536376953125 
  2093.0   288.3646240234375 
  2094.0   288.5535888671875 
  2095.0   288.3691711425781 
  2096.0   288.2469177246094 
  2097.0   288.56097412109375 
  2098.0   288.5965576171875 
  2099.0   288.3125305175781 
  2100.0   288.4140625 
