  2015.0   116.33173916399998 
  2016.0   117.763883532 
  2017.0   116.58200097599999 
  2018.0   116.02940353199999 
  2019.0   116.54582918399998 
  2020.0   117.810824868 
  2021.0   118.610711856 
  2022.0   117.62813682 
  2023.0   119.444011236 
  2024.0   118.60762921199999 
  2025.0   120.93388225199999 
  2026.0   120.06673685999999 
  2027.0   121.32205887599999 
  2028.0   119.54516295599998 
  2029.0   119.63141391599999 
  2030.0   122.458174812 
  2031.0   123.215259564 
  2032.0   120.491897328 
  2033.0   122.900073012 
  2034.0   123.288549228 
  2035.0   124.536822948 
  2036.0   123.93596754 
  2037.0   124.05306070799999 
  2038.0   123.328237284 
  2039.0   124.01382992399999 
  2040.0   124.76149329599998 
  2041.0   125.24225961599998 
  2042.0   123.986748384 
  2043.0   125.371502028 
  2044.0   126.81842889599999 
  2045.0   128.062626588 
  2046.0   126.21763655999999 
  2047.0   126.24418987199999 
  2048.0   126.34963837199999 
  2049.0   125.67454722 
  2050.0   125.655215652 
  2051.0   125.94450326399999 
  2052.0   126.03393935999999 
  2053.0   125.8662861 
  2054.0   126.35001680399999 
  2055.0   129.77547289199998 
  2056.0   130.27131341999998 
  2057.0   127.809424044 
  2058.0   127.17695379599999 
  2059.0   127.42490559599999 
  2060.0   128.39743641599998 
  2061.0   127.11691713599998 
  2062.0   126.179107452 
  2063.0   129.006924804 
  2064.0   127.87650111599999 
  2065.0   127.48236418799999 
  2066.0   128.862773748 
  2067.0   129.37012491599998 
  2068.0   128.229507216 
  2069.0   128.320559532 
  2070.0   126.93378758399999 
  2071.0   125.82075599999999 
  2072.0   126.50243817599998 
  2073.0   126.003593844 
  2074.0   126.80747801999999 
  2075.0   125.69496677999999 
  2076.0   125.97640981199999 
  2077.0   125.11979744399999 
  2078.0   127.59578341199999 
  2079.0   127.75947101999999 
  2080.0   125.46002357999998 
  2081.0   125.34635206799999 
  2082.0   124.448522148 
  2083.0   125.20023001199999 
  2084.0   125.665906356 
  2085.0   125.58154755599999 
  2086.0   127.22533790399999 
  2087.0   126.4879395 
  2088.0   124.55437273199999 
  2089.0   125.55554612399999 
  2090.0   122.94129844799998 
  2091.0   123.086766132 
  2092.0   123.76721840399999 
  2093.0   123.299634132 
  2094.0   125.948626596 
  2095.0   124.44959437199999 
  2096.0   125.59690558799998 
  2097.0   125.26623486 
  2098.0   123.53000461199998 
  2099.0   124.14722720399999 
  2100.0   122.083889796 
