  2015.0   288.7249755859375 
  2016.0   288.58050537109375 
  2017.0   288.61163330078125 
  2018.0   288.5939025878906 
  2019.0   288.7709655761719 
  2020.0   288.9097595214844 
  2021.0   289.0834045410156 
  2022.0   288.9278259277344 
  2023.0   288.9085998535156 
  2024.0   289.030517578125 
  2025.0   289.0679626464844 
  2026.0   289.0310363769531 
  2027.0   289.1742858886719 
  2028.0   289.1283264160156 
  2029.0   289.1836853027344 
  2030.0   289.0879211425781 
  2031.0   289.1811828613281 
  2032.0   289.1783142089844 
  2033.0   289.1749572753906 
  2034.0   289.09747314453125 
  2035.0   289.3511962890625 
  2036.0   289.3069152832031 
  2037.0   289.2855529785156 
  2038.0   289.3199157714844 
  2039.0   289.4794006347656 
  2040.0   289.3322448730469 
  2041.0   289.2872314453125 
  2042.0   289.4404602050781 
  2043.0   289.4873962402344 
  2044.0   289.3637390136719 
  2045.0   289.29254150390625 
  2046.0   289.3646545410156 
  2047.0   289.2382507324219 
  2048.0   289.3542175292969 
  2049.0   289.53692626953125 
  2050.0   289.6104431152344 
  2051.0   289.4676208496094 
  2052.0   289.4468688964844 
  2053.0   289.4758605957031 
  2054.0   289.4458923339844 
  2055.0   289.3020935058594 
  2056.0   289.368896484375 
  2057.0   289.5511169433594 
  2058.0   289.6919860839844 
  2059.0   289.5801086425781 
  2060.0   289.4782409667969 
  2061.0   289.5318908691406 
  2062.0   289.5346984863281 
  2063.0   289.5600891113281 
  2064.0   289.5308532714844 
  2065.0   289.3547058105469 
  2066.0   289.58465576171875 
  2067.0   289.6559143066406 
  2068.0   289.6156005859375 
  2069.0   289.83642578125 
  2070.0   289.8000793457031 
  2071.0   289.7902526855469 
  2072.0   289.6021728515625 
  2073.0   289.6814880371094 
  2074.0   289.83740234375 
  2075.0   289.7027893066406 
  2076.0   289.6408996582031 
  2077.0   289.6217346191406 
  2078.0   289.77252197265625 
  2079.0   289.6764831542969 
  2080.0   289.6786804199219 
  2081.0   289.68487548828125 
  2082.0   289.66632080078125 
  2083.0   289.6817932128906 
  2084.0   289.7407531738281 
  2085.0   289.8514404296875 
  2086.0   289.8813781738281 
  2087.0   289.7201232910156 
  2088.0   289.5884704589844 
  2089.0   289.6871032714844 
  2090.0   289.673095703125 
  2091.0   289.65863037109375 
  2092.0   289.75677490234375 
  2093.0   289.5446472167969 
  2094.0   289.5333557128906 
  2095.0   289.7877197265625 
  2096.0   289.78118896484375 
  2097.0   289.5450744628906 
  2098.0   289.5934143066406 
  2099.0   289.7209777832031 
  2100.0   289.68896484375 
