  2015.0   63.737382006 
  2016.0   63.733104936 
  2017.0   65.86643649599999 
  2018.0   65.309948298 
  2019.0   65.81036943 
  2020.0   67.45566956399999 
  2021.0   66.66351678 
  2022.0   67.29678331199999 
  2023.0   65.676246822 
  2024.0   67.322012112 
  2025.0   67.62847896 
  2026.0   67.84032992399999 
  2027.0   66.404890044 
  2028.0   68.7457206 
  2029.0   68.65918581599999 
  2030.0   68.41363075199999 
  2031.0   67.644436176 
  2032.0   68.19380118 
  2033.0   67.77818823599999 
  2034.0   69.13440968399999 
  2035.0   67.911932412 
  2036.0   69.841383732 
  2037.0   69.245905212 
  2038.0   69.98573977199999 
  2039.0   68.59266062399999 
  2040.0   69.555706992 
  2041.0   70.136434548 
  2042.0   70.181207784 
  2043.0   69.311381832 
  2044.0   68.76125996399999 
  2045.0   69.219556884 
  2046.0   71.28349347599999 
  2047.0   71.011558548 
  2048.0   71.853577632 
  2049.0   70.96961566799999 
  2050.0   70.615072188 
  2051.0   71.545951836 
  2052.0   70.52306590799999 
  2053.0   71.189185068 
  2054.0   69.437092212 
  2055.0   70.23189402 
  2056.0   71.417221884 
  2057.0   71.086172724 
  2058.0   71.231364468 
  2059.0   73.27440057599999 
  2060.0   72.607161888 
  2061.0   72.370302876 
  2062.0   71.409558636 
  2063.0   70.894812276 
  2064.0   72.29664266399999 
  2065.0   72.093085668 
  2066.0   70.74246185999999 
  2067.0   71.188215336 
  2068.0   72.36602974799999 
  2069.0   71.28062369999999 
  2070.0   73.35056789999999 
  2071.0   72.59220594 
  2072.0   71.2177488 
  2073.0   70.584371892 
  2074.0   71.695826676 
  2075.0   71.751345804 
  2076.0   72.16512965999999 
  2077.0   72.200126736 
  2078.0   71.55435618 
  2079.0   71.970402744 
  2080.0   72.200308068 
  2081.0   72.36087361199999 
  2082.0   71.56036378799999 
  2083.0   72.139632804 
  2084.0   71.46154573199999 
  2085.0   70.46584383599999 
  2086.0   71.869779252 
  2087.0   73.74564302399999 
  2088.0   71.409243276 
  2089.0   71.648704008 
  2090.0   71.34372723599999 
  2091.0   69.713142588 
  2092.0   71.34228446399999 
  2093.0   72.67467257999999 
  2094.0   71.12305407599999 
  2095.0   72.23963346 
  2096.0   72.072634572 
  2097.0   71.252052084 
  2098.0   70.19997170399999 
  2099.0   70.53850277999999 
  2100.0   71.897215572 
