  2015.0   40.819922459999994 
  2016.0   41.81008190399999 
  2017.0   41.499081755999995 
  2018.0   41.61319082999999 
  2019.0   41.259688038 
  2020.0   41.685952265999994 
  2021.0   41.929102709999995 
  2022.0   41.354607456 
  2023.0   42.299146134 
  2024.0   41.716396331999995 
  2025.0   41.79345849 
  2026.0   42.610674509999996 
  2027.0   42.149133324 
  2028.0   41.549913845999995 
  2029.0   42.600381948 
  2030.0   43.017276042 
  2031.0   42.367650209999994 
  2032.0   42.706689804 
  2033.0   43.31152269 
  2034.0   43.067485295999994 
  2035.0   43.2214677 
  2036.0   43.251651593999995 
  2037.0   43.44326433 
  2038.0   43.680091806 
  2039.0   42.987797766 
  2040.0   42.952430142 
  2041.0   44.13922443 
  2042.0   43.155033173999996 
  2043.0   44.9529912 
  2044.0   44.555405021999995 
  2045.0   45.117589409999994 
  2046.0   44.441552177999995 
  2047.0   44.155615266 
  2048.0   44.720145144 
  2049.0   44.179322453999994 
  2050.0   44.41918132799999 
  2051.0   44.335945998 
  2052.0   44.054558154 
  2053.0   44.641431288 
  2054.0   44.925740153999996 
  2055.0   46.021647689999995 
  2056.0   45.990971046 
  2057.0   44.983001646 
  2058.0   45.09619223399999 
  2059.0   45.508572738 
  2060.0   45.664344809999996 
  2061.0   44.42947389 
  2062.0   44.618327226 
  2063.0   47.168083782 
  2064.0   45.798625097999995 
  2065.0   44.980411751999995 
  2066.0   45.9175986 
  2067.0   46.014303743999996 
  2068.0   45.83051193599999 
  2069.0   46.384098822 
  2070.0   46.826769653999996 
  2071.0   45.734342903999995 
  2072.0   46.149518285999996 
  2073.0   45.265706118 
  2074.0   45.360940895999995 
  2075.0   46.406489382 
  2076.0   45.172201877999996 
  2077.0   46.202553953999995 
  2078.0   45.847241784 
  2079.0   46.138062833999996 
  2080.0   45.719994023999995 
  2081.0   46.266840089999995 
  2082.0   46.222776413999995 
  2083.0   46.15870314599999 
  2084.0   46.814383889999995 
  2085.0   46.290239801999995 
  2086.0   47.06454321 
  2087.0   46.387516536 
  2088.0   46.11435170399999 
  2089.0   46.679599026 
  2090.0   45.27661363199999 
  2091.0   45.408733704 
  2092.0   46.544183442 
  2093.0   45.510054929999995 
  2094.0   47.119084722 
  2095.0   46.37067631199999 
  2096.0   46.302972462 
  2097.0   46.51625043 
  2098.0   46.114182197999995 
  2099.0   46.103475726 
  2100.0   46.163039346 
