  2015.0   2.9133947915397584 
  2016.0   2.9008822864852846 
  2017.0   2.913279749918729 
  2018.0   2.901239041239023 
  2019.0   2.9123009531758726 
  2020.0   2.9083533911034465 
  2021.0   2.9217900009825826 
  2022.0   2.9131703660823405 
  2023.0   2.9143861611373723 
  2024.0   2.935589337721467 
  2025.0   2.9228652943857014 
  2026.0   2.9374463483691216 
  2027.0   2.943555812817067 
  2028.0   2.953343151602894 
  2029.0   2.943251235410571 
  2030.0   2.956922329030931 
  2031.0   2.9498315532691777 
  2032.0   2.969850052613765 
  2033.0   2.968766272533685 
  2034.0   2.965267561376095 
  2035.0   2.9634322389028966 
  2036.0   2.9942219029180706 
  2037.0   2.9956759535707533 
  2038.0   2.977554069366306 
  2039.0   2.968341938685626 
  2040.0   2.9752903268672526 
  2041.0   2.985165361315012 
  2042.0   2.9728298191912472 
  2043.0   2.993668068666011 
  2044.0   2.9724180581979454 
  2045.0   2.9781185905449092 
  2046.0   2.976965974085033 
  2047.0   2.9984693275764585 
  2048.0   2.984767430461943 
  2049.0   2.994602860417217 
  2050.0   2.98832900589332 
  2051.0   3.005909628700465 
  2052.0   2.99315006705001 
  2053.0   2.987669873982668 
  2054.0   2.992892637848854 
  2055.0   2.992462960537523 
  2056.0   3.0128300422802567 
  2057.0   3.0166518758051097 
  2058.0   2.9916658415459096 
  2059.0   3.0034252326004207 
  2060.0   3.0261978157795966 
  2061.0   3.013385133817792 
  2062.0   3.009006637148559 
  2063.0   3.0096076196059585 
  2064.0   3.0123035539872944 
  2065.0   3.0113737913779914 
  2066.0   3.00444740569219 
  2067.0   3.014552837703377 
  2068.0   3.017141588497907 
  2069.0   3.015664906706661 
  2070.0   3.0209235032089055 
  2071.0   3.0089497449807823 
  2072.0   3.017935249954462 
  2073.0   3.0205180286429822 
  2074.0   3.0236989608965814 
  2075.0   3.027196414768696 
  2076.0   3.0123073258437216 
  2077.0   3.020351438317448 
  2078.0   3.0282855383120477 
  2079.0   3.0332301277667284 
  2080.0   3.0389199731871486 
  2081.0   3.0240874621085823 
  2082.0   3.024491365067661 
  2083.0   3.0115972738713026 
  2084.0   3.015378874260932 
  2085.0   3.0151585349813104 
  2086.0   3.0132892658002675 
  2087.0   3.027979703620076 
  2088.0   3.0222216504625976 
  2089.0   3.01876631565392 
  2090.0   3.0246944166719913 
  2091.0   3.0100181233137846 
  2092.0   3.011287038680166 
  2093.0   3.0104569159448147 
  2094.0   3.0233481782488525 
  2095.0   3.005428717005998 
  2096.0   3.014337213244289 
  2097.0   3.0165965552441776 
  2098.0   3.011007292661816 
  2099.0   3.020976937841624 
  2100.0   3.0254182987846434 
