  2015.0   152.94389198399998 
  2016.0   155.393529624 
  2017.0   158.72879275199998 
  2018.0   157.56976591199998 
  2019.0   154.14672232799998 
  2020.0   152.22214332 
  2021.0   155.77987715999998 
  2022.0   155.48410101599998 
  2023.0   161.9227746 
  2024.0   163.63153699199998 
  2025.0   163.021756896 
  2026.0   158.34832667999999 
  2027.0   166.595526792 
  2028.0   167.21995536 
  2029.0   167.29537370399999 
  2030.0   159.30259027199997 
  2031.0   160.703923968 
  2032.0   163.90457568 
  2033.0   169.42788532799997 
  2034.0   171.85931092799999 
  2035.0   165.82075034399998 
  2036.0   164.17469728799998 
  2037.0   172.873477152 
  2038.0   172.163995992 
  2039.0   167.75898443999998 
  2040.0   169.194771216 
  2041.0   170.354444544 
  2042.0   168.03374183999998 
  2043.0   167.97651976799997 
  2044.0   169.365491352 
  2045.0   176.584822848 
  2046.0   172.60685604 
  2047.0   171.915839208 
  2048.0   170.859257064 
  2049.0   174.87850449599998 
  2050.0   168.66170244 
  2051.0   171.986416776 
  2052.0   172.3939092 
  2053.0   176.99453856 
  2054.0   175.782736224 
  2055.0   172.589258952 
  2056.0   169.52832748799997 
  2057.0   172.102879224 
  2058.0   176.780298744 
  2059.0   173.88094197599997 
  2060.0   166.86963770399998 
  2061.0   168.735607056 
  2062.0   175.95430783199998 
  2063.0   180.338316408 
  2064.0   176.961283848 
  2065.0   174.00450002399998 
  2066.0   175.13746236 
  2067.0   177.67342979999998 
  2068.0   170.95090068 
  2069.0   173.595020832 
  2070.0   177.75513957599998 
  2071.0   176.87427602399998 
  2072.0   174.107670048 
  2073.0   174.1855482 
  2074.0   178.5319974 
  2075.0   175.55555088 
  2076.0   173.97759981599998 
  2077.0   169.62660943199998 
  2078.0   168.775673544 
  2079.0   172.34573795999998 
  2080.0   173.929617792 
  2081.0   179.737177176 
  2082.0   177.81641402399998 
  2083.0   177.35917356 
  2084.0   175.281991848 
  2085.0   171.28114567199998 
  2086.0   172.76666472 
  2087.0   171.826639632 
  2088.0   170.711195544 
  2089.0   170.428475304 
  2090.0   172.97904391199998 
  2091.0   173.14161199199998 
  2092.0   172.66803588 
  2093.0   177.31265796 
  2094.0   171.4884318 
  2095.0   172.145263608 
  2096.0   174.82106167199998 
  2097.0   171.88523351999999 
  2098.0   168.105186648 
  2099.0   169.63947611999998 
  2100.0   171.72305963999997 
