  2015.0   376.73255305216 
  2016.0   377.804482936832 
  2017.0   379.382245883904 
  2018.0   381.752933613568 
  2019.0   382.86143782912 
  2020.0   382.94112960512 
  2021.0   384.413766516736 
  2022.0   386.0580007936 
  2023.0   388.7675211776 
  2024.0   391.697796169728 
  2025.0   393.355787763712 
  2026.0   393.14520014848 
  2027.0   395.07860652031997 
  2028.0   397.788496003072 
  2029.0   399.99449858048 
  2030.0   400.110731132928 
  2031.0   399.74817549516797 
  2032.0   401.232086695936 
  2033.0   405.220668473344 
  2034.0   409.035270520832 
  2035.0   409.617708351488 
  2036.0   409.05187996467197 
  2037.0   412.49520222207997 
  2038.0   415.000241897472 
  2039.0   415.992010244096 
  2040.0   416.928547995648 
  2041.0   418.68146507776 
  2042.0   418.822024593408 
  2043.0   419.40640858112 
  2044.0   421.649153261568 
  2045.0   424.464370106368 
  2046.0   426.627423010816 
  2047.0   428.29182350131197 
  2048.0   429.110450978816 
  2049.0   431.48613831884796 
  2050.0   432.629639806976 
  2051.0   434.61364626227197 
  2052.0   435.33654294528 
  2053.0   438.331879981056 
  2054.0   440.22945021952 
  2055.0   441.086967283712 
  2056.0   440.784977395712 
  2057.0   441.044051165184 
  2058.0   442.81793976729597 
  2059.0   443.728607051776 
  2060.0   443.469701054464 
  2061.0   442.355895238656 
  2062.0   444.960860012544 
  2063.0   448.29593567232 
  2064.0   448.99000909823997 
  2065.0   449.708308824064 
  2066.0   450.782419746816 
  2067.0   452.369846370304 
  2068.0   451.233559085056 
  2069.0   452.116745289728 
  2070.0   454.011698282496 
  2071.0   455.307738218496 
  2072.0   455.53429774336 
  2073.0   454.900488077312 
  2074.0   456.738096545792 
  2075.0   457.62366511513596 
  2076.0   455.56567113728 
  2077.0   454.93551890431996 
  2078.0   453.73041147904 
  2079.0   453.13297481728 
  2080.0   453.6332713984 
  2081.0   455.67458882355197 
  2082.0   456.53687061708797 
  2083.0   457.001834381312 
  2084.0   456.960595984384 
  2085.0   456.852718485504 
  2086.0   457.260371279872 
  2087.0   457.21319374847997 
  2088.0   456.591396569088 
  2089.0   456.546869837824 
  2090.0   457.566488363008 
  2091.0   457.778451709952 
  2092.0   458.368036634624 
  2093.0   459.93304889753597 
  2094.0   459.62884441702397 
  2095.0   460.205041123328 
  2096.0   462.33037884620796 
  2097.0   462.578346098688 
  2098.0   461.6947236864 
  2099.0   461.973493907456 
  2100.0   463.237489360896 
