  1850.0   8.951834778093243 
  1851.0   8.586667517693458 
  1852.0   8.771393155858888 
  1853.0   9.414308642856424 
  1854.0   9.165790403545468 
  1855.0   8.51389382907705 
  1856.0   8.786473628464451 
  1857.0   9.112819702958273 
  1858.0   9.169161132005442 
  1859.0   9.05708269299857 
  1860.0   8.454553597798784 
  1861.0   8.226306647624236 
  1862.0   9.360577513797978 
  1863.0   9.18930850551152 
  1864.0   9.253420729087184 
  1865.0   8.876746122631786 
  1866.0   8.384617433313215 
  1867.0   9.268546674026386 
  1868.0   8.497426036459942 
  1869.0   8.469102142220096 
  1870.0   7.990834829098758 
  1871.0   8.781520249101465 
  1872.0   8.218543249087986 
  1873.0   9.341884501580834 
  1874.0   9.165600306170854 
  1875.0   8.35772623429826 
  1876.0   8.731819223565726 
  1877.0   9.045811810539083 
  1878.0   8.797934319041051 
  1879.0   8.93798527211598 
  1880.0   9.014747363786233 
  1881.0   8.373660196072825 
  1882.0   8.104021742500953 
  1883.0   8.921357061895018 
  1884.0   8.937445271017134 
  1885.0   9.234745584906346 
  1886.0   8.60798698118215 
  1887.0   8.983036169085057 
  1888.0   9.269839047150743 
  1889.0   8.96061058558538 
  1890.0   9.102300551597624 
  1891.0   8.98922743141348 
  1892.0   9.337280995762159 
  1893.0   8.40950741318079 
  1894.0   8.764098686126781 
  1895.0   8.690103404145155 
  1896.0   8.884961091514517 
  1897.0   8.816270150626865 
  1898.0   8.436765836609037 
  1899.0   8.437967445787082 
  1900.0   8.409197703320098 
  1901.0   8.616753609366567 
  1902.0   8.576564181013204 
  1903.0   8.688713526951984 
  1904.0   8.793745707516228 
  1905.0   8.177047693427262 
  1906.0   8.508961868722892 
  1907.0   8.14630234170278 
  1908.0   8.595246979300363 
  1909.0   8.615832000235354 
  1910.0   8.391088926360512 
  1911.0   7.658898711389969 
  1912.0   8.292005108488052 
  1913.0   8.938683941940104 
  1914.0   8.619892512601817 
  1915.0   8.304885992758736 
  1916.0   8.584503437680523 
  1917.0   8.121680619642527 
  1918.0   8.27950856810492 
  1919.0   9.13200664314166 
  1920.0   8.767086816127891 
  1921.0   8.662956446350545 
  1922.0   9.044072769597408 
  1923.0   8.796716268350561 
  1924.0   9.279600643258007 
  1925.0   8.93815058894673 
  1926.0   8.7543960527495 
  1927.0   8.95272542510781 
  1928.0   8.091442351421438 
  1929.0   8.67746662417994 
  1930.0   9.279315426452612 
  1931.0   8.496053688855003 
  1932.0   8.448709203592164 
  1933.0   8.483235675454129 
  1934.0   8.40933597550295 
  1935.0   8.60829497136107 
  1936.0   8.778728178886828 
  1937.0   8.674514990314307 
  1938.0   8.456046191615966 
  1939.0   8.676090284506637 
  1940.0   9.003279313626177 
  1941.0   8.69186963196845 
  1942.0   8.73207864163956 
  1943.0   8.869710693827706 
  1944.0   9.36134969675641 
  1945.0   8.546088390968652 
  1946.0   9.115308876150559 
  1947.0   8.977864204767863 
  1948.0   8.540026688048558 
  1949.0   7.983995579242763 
  1950.0   7.749823699342309 
  1951.0   8.443488965466129 
  1952.0   8.724257301057149 
  1953.0   8.48229568544687 
  1954.0   9.279531926339365 
  1955.0   9.067077039616407 
  1956.0   8.692558502962967 
  1957.0   8.846792041320162 
  1958.0   8.763869758783029 
  1959.0   8.405443745838303 
  1960.0   8.794200359392786 
  1961.0   8.63153996505559 
  1962.0   9.905682749694934 
  1963.0   9.54915597033497 
  1964.0   8.312633608177157 
  1965.0   9.347837469288287 
  1966.0   9.631281449618124 
  1967.0   8.91045359922235 
  1968.0   8.779187317824636 
  1969.0   9.542807921971592 
  1970.0   8.88495268748544 
  1971.0   8.777021622241072 
  1972.0   8.823068877345555 
  1973.0   8.943925240687744 
  1974.0   8.47750440027192 
  1975.0   8.822038908833933 
  1976.0   9.460291003415628 
  1977.0   9.40466360060949 
  1978.0   8.478601680179047 
  1979.0   9.185727934018699 
  1980.0   8.941389744758098 
  1981.0   9.595968524607866 
  1982.0   9.497918330862609 
  1983.0   9.151596304850024 
  1984.0   9.281272210760152 
  1985.0   8.221524167930536 
  1986.0   8.815381813494461 
  1987.0   8.842048931628035 
  1988.0   9.093106958651378 
  1989.0   9.177843674307166 
  1990.0   9.618820705491855 
  1991.0   8.904104589786533 
  1992.0   8.69219608658587 
  1993.0   9.549024389326119 
  1994.0   9.748724753020065 
  1995.0   9.310869301380073 
  1996.0   9.418521700274662 
  1997.0   9.08128084925914 
  1998.0   9.861278689892083 
  1999.0   9.538954210671282 
  2000.0   9.994085370502507 
  2001.0   9.910605202648737 
  2002.0   10.261413452094063 
  2003.0   9.59959253655336 
  2004.0   9.919560123210093 
  2005.0   9.899423712437638 
  2006.0   9.353701230311561 
  2007.0   9.169088195556796 
  2008.0   9.772490230910952 
  2009.0   9.791273470090317 
  2010.0   10.274147178281156 
  2011.0   9.977683705395515 
  2012.0   10.123180064814134 
  2013.0   10.169271672782509 
  2014.0   10.281532441721266 
