  1850.0   11.638643997117331 
  1851.0   11.828792183470112 
  1852.0   11.961018504446487 
  1853.0   11.827163293395895 
  1854.0   11.678407128339032 
  1855.0   11.62418309808843 
  1856.0   11.648828857396847 
  1857.0   11.481790608076093 
  1858.0   11.487618788917032 
  1859.0   11.549347588866617 
  1860.0   11.55188081368435 
  1861.0   11.702670519094392 
  1862.0   11.878718862659118 
  1863.0   11.958584514016302 
  1864.0   11.943209609271054 
  1865.0   11.635164276915646 
  1866.0   11.576017282788328 
  1867.0   11.83765777387146 
  1868.0   11.601178879423543 
  1869.0   11.458338178913214 
  1870.0   11.463107172004646 
  1871.0   11.49709695184016 
  1872.0   11.306175748646657 
  1873.0   11.338950993633436 
  1874.0   11.529912783977565 
  1875.0   11.576518974199203 
  1876.0   11.788363530453333 
  1877.0   11.985785405625203 
  1878.0   11.980265536104708 
  1879.0   11.987580892859349 
  1880.0   11.813047282813077 
  1881.0   11.49530433326418 
  1882.0   11.337300124477393 
  1883.0   11.325787934222106 
  1884.0   11.441277159111882 
  1885.0   11.644137536820024 
  1886.0   11.849239887007395 
  1887.0   11.901118470197607 
  1888.0   11.752547577693946 
  1889.0   11.638994691350595 
  1890.0   11.584625970551729 
  1891.0   11.361627423393939 
  1892.0   11.655258105172555 
  1893.0   11.850974616732453 
  1894.0   11.409760601591158 
  1895.0   10.966395493993039 
  1896.0   11.034136669820176 
  1897.0   11.047201473864526 
  1898.0   11.315434553931379 
  1899.0   11.236560127996514 
  1900.0   11.394771852390255 
  1901.0   11.448305340336633 
  1902.0   11.297496651754553 
  1903.0   11.382861599073276 
  1904.0   11.714798999280518 
  1905.0   11.608487395751617 
  1906.0   11.705923615058799 
  1907.0   11.825896764516452 
  1908.0   11.715703656060679 
  1909.0   11.418964987939328 
  1910.0   11.462024101062175 
  1911.0   11.556286626131492 
  1912.0   11.598298635758212 
  1913.0   11.690619348657687 
  1914.0   11.679244274558613 
  1915.0   11.769284997200483 
  1916.0   11.763765943289947 
  1917.0   11.548830500487666 
  1918.0   11.563069550823625 
  1919.0   11.591747287985879 
  1920.0   11.35305430128431 
  1921.0   11.3225253787296 
  1922.0   11.236897254364672 
  1923.0   11.430168116172009 
  1924.0   11.437090198096882 
  1925.0   11.498653248592488 
  1926.0   11.4848516850675 
  1927.0   11.311580633779556 
  1928.0   11.277359647097779 
  1929.0   11.159161419507775 
  1930.0   11.316642003680155 
  1931.0   11.52056287118397 
  1932.0   11.53943164024947 
  1933.0   11.427107756711848 
  1934.0   11.421841334767183 
  1935.0   11.463147741590396 
  1936.0   11.631038928193648 
  1937.0   11.512785500314138 
  1938.0   11.536418836454622 
  1939.0   11.43149816910879 
  1940.0   11.499653049606962 
  1941.0   11.13411355174049 
  1942.0   11.130142271315721 
  1943.0   11.042267943214666 
  1944.0   10.982922307762472 
  1945.0   10.755946870422628 
  1946.0   10.670258393603254 
  1947.0   10.984567362710113 
  1948.0   11.190133460204427 
  1949.0   11.08833661686684 
  1950.0   11.20933211830503 
  1951.0   11.267078158877238 
  1952.0   11.411214994361984 
  1953.0   11.071458376472135 
  1954.0   11.052609762385096 
  1955.0   10.999935591727468 
  1956.0   11.160037690884758 
  1957.0   11.313229723117809 
  1958.0   11.18955432334453 
  1959.0   11.475816795503176 
  1960.0   11.177703162601066 
  1961.0   11.06358096086136 
  1962.0   11.213750506377975 
  1963.0   11.31430726775527 
  1964.0   11.319604413159242 
  1965.0   11.361424101070986 
  1966.0   11.3146140342933 
  1967.0   11.267509826538161 
  1968.0   11.382028648903544 
  1969.0   11.191447458116947 
  1970.0   11.047205672901443 
  1971.0   10.942043378034382 
  1972.0   11.079365463415707 
  1973.0   11.214999526662512 
  1974.0   11.413423807556258 
  1975.0   11.4367756569013 
  1976.0   11.453173062312604 
  1977.0   11.345817393680743 
  1978.0   11.205742278796995 
  1979.0   11.052185816563563 
  1980.0   11.223678132811294 
  1981.0   11.278773906690887 
  1982.0   11.389787747456108 
  1983.0   11.64549134502976 
  1984.0   11.574466949604329 
  1985.0   11.55398241367807 
  1986.0   11.470671511103173 
  1987.0   11.239810118245343 
  1988.0   11.322230038414668 
  1989.0   11.620157839024099 
  1990.0   11.442044308263558 
  1991.0   11.350895413009441 
  1992.0   11.164030614905535 
  1993.0   11.496173016996151 
  1994.0   11.83692537516978 
  1995.0   11.42953341403672 
  1996.0   11.376888732916191 
  1997.0   11.449965192522871 
  1998.0   11.42408008216366 
  1999.0   11.451057750463075 
  2000.0   11.691809606801309 
  2001.0   11.806656434294803 
  2002.0   11.749251001965806 
  2003.0   11.782691826098866 
  2004.0   11.972159514236374 
  2005.0   11.953507621467432 
  2006.0   11.981825801705265 
  2007.0   11.844947105177816 
  2008.0   11.72208572924196 
  2009.0   11.68227799322329 
  2010.0   11.636972732984209 
  2011.0   11.49687171794958 
  2012.0   11.393635806730254 
  2013.0   11.391901744773719 
  2014.0   11.761007665808412 
