  1850.0   2.0535092863676074 
  1851.0   2.1376348093318946 
  1852.0   2.0614798886682015 
  1853.0   2.1954615581403965 
  1854.0   2.2597818810917163 
  1855.0   2.1723113657943283 
  1856.0   2.184628948927208 
  1857.0   2.2657178641791966 
  1858.0   2.197206249954187 
  1859.0   2.147383920321068 
  1860.0   2.072480380206717 
  1861.0   2.2243599424657057 
  1862.0   2.1878767694347943 
  1863.0   2.134020379571577 
  1864.0   2.216540251407834 
  1865.0   2.2746911581314655 
  1866.0   2.1483522507933577 
  1867.0   2.107824101157588 
  1868.0   2.1757378267997107 
  1869.0   2.1158006624341827 
  1870.0   2.248149884192365 
  1871.0   2.2101733484957027 
  1872.0   2.169655235864191 
  1873.0   2.0702972433502422 
  1874.0   2.1217399954031837 
  1875.0   2.1749591346549764 
  1876.0   2.1424291627844045 
  1877.0   2.1461119956511276 
  1878.0   2.105654435713445 
  1879.0   2.1267103758874084 
  1880.0   2.2463443149606603 
  1881.0   2.134226219363441 
  1882.0   2.073535581590879 
  1883.0   2.0904953318934916 
  1884.0   2.0916948103082746 
  1885.0   2.1042449786114745 
  1886.0   2.083554107348569 
  1887.0   2.151199239144849 
  1888.0   2.1172155038582776 
  1889.0   2.220652050492277 
  1890.0   2.127197701345554 
  1891.0   2.128406081495915 
  1892.0   2.1153750523724995 
  1893.0   2.2369304764902735 
  1894.0   2.2405019627973783 
  1895.0   2.13589187170124 
  1896.0   2.195110757010705 
  1897.0   2.2728842104512217 
  1898.0   2.1480551988220022 
  1899.0   2.2406456989963295 
  1900.0   2.0395500683121583 
  1901.0   2.1185500370303583 
  1902.0   2.1564580921658627 
  1903.0   2.1792171597707206 
  1904.0   2.170527329259785 
  1905.0   2.2686084601806735 
  1906.0   2.1750439721564683 
  1907.0   2.171481506921274 
  1908.0   2.1389994144132807 
  1909.0   2.216997429805969 
  1910.0   2.210053683992816 
  1911.0   2.1614530243340226 
  1912.0   2.2103122612333923 
  1913.0   2.028315852579302 
  1914.0   2.205313940426213 
  1915.0   2.166175308492283 
  1916.0   2.076492691798324 
  1917.0   2.145442400936797 
  1918.0   2.118557164352302 
  1919.0   2.073054432689717 
  1920.0   2.2435777132952985 
  1921.0   2.2011884728997253 
  1922.0   2.124500397877182 
  1923.0   2.120175181566263 
  1924.0   2.1078193064905695 
  1925.0   2.120832847585713 
  1926.0   2.0776914562986963 
  1927.0   2.1466840703448904 
  1928.0   2.121619949956148 
  1929.0   2.1108083505392625 
  1930.0   2.308347894832643 
  1931.0   2.137522115038298 
  1932.0   2.0885651414689725 
  1933.0   2.179399728032231 
  1934.0   2.217361259540839 
  1935.0   2.16435014187584 
  1936.0   2.145770185257115 
  1937.0   2.0926282037918567 
  1938.0   2.1754486535619364 
  1939.0   2.1833185092110656 
  1940.0   2.143304535894339 
  1941.0   2.110017674656704 
  1942.0   2.2363104883720513 
  1943.0   2.1456777964530436 
  1944.0   2.1470190416076878 
  1945.0   2.1251879212923486 
  1946.0   2.222386280138355 
  1947.0   2.1674334552648333 
  1948.0   2.1147472212095555 
  1949.0   2.032999387748391 
  1950.0   2.1522152441980094 
  1951.0   2.1958382116559636 
  1952.0   2.227225127954266 
  1953.0   2.2178593342952624 
  1954.0   2.185209844292829 
  1955.0   2.1458531802724328 
  1956.0   2.0944737484074674 
  1957.0   2.065414756517856 
  1958.0   1.9984976988004166 
  1959.0   2.0918260758688465 
  1960.0   2.1860585437460287 
  1961.0   2.280355999998792 
  1962.0   2.1442381523309466 
  1963.0   2.1003382606194645 
  1964.0   2.1480829410149527 
  1965.0   2.1265836465882675 
  1966.0   2.304569033972355 
  1967.0   2.054638498892095 
  1968.0   2.1892959370636738 
  1969.0   2.1766268644280014 
  1970.0   2.131052896163445 
  1971.0   2.0471156797199157 
  1972.0   2.2348582968597355 
  1973.0   2.1836152600791623 
  1974.0   2.1290505763279883 
  1975.0   2.0994186043392946 
  1976.0   2.152424920129194 
  1977.0   2.012213610085068 
  1978.0   2.060353317560126 
  1979.0   2.0362830145597552 
  1980.0   2.1279939986574536 
  1981.0   2.0650000417876577 
  1982.0   2.1739037954629286 
  1983.0   2.2424245950707307 
  1984.0   2.1853155989625574 
  1985.0   2.0629026984149594 
  1986.0   2.2552749058408947 
  1987.0   2.020678242900335 
  1988.0   2.16381384083712 
  1989.0   2.052941170495164 
  1990.0   2.1249201563794085 
  1991.0   2.2071498733251427 
  1992.0   2.2118195774335425 
  1993.0   2.1640138756622465 
  1994.0   2.075899194758323 
  1995.0   2.1695539524561434 
  1996.0   2.119149097924076 
  1997.0   2.2061079262784866 
  1998.0   2.2519068317836575 
  1999.0   2.2608189570907378 
  2000.0   2.170323231092386 
  2001.0   2.0493527353729135 
  2002.0   2.123392017835789 
  2003.0   2.197611708632158 
  2004.0   2.1737781022903495 
  2005.0   2.122013277341741 
  2006.0   2.157284175209715 
  2007.0   2.156970682036978 
  2008.0   2.0693145196466047 
  2009.0   2.3063618061146274 
  2010.0   2.157338737085792 
  2011.0   2.159075410740087 
  2012.0   2.339139085238254 
  2013.0   2.2719891250430027 
  2014.0   2.178666684986424 
