  1850.0   0.8854274777271647 
  1851.0   0.8886232359492628 
  1852.0   0.8798673275465329 
  1853.0   0.8839210540974506 
  1854.0   0.8961138168975887 
  1855.0   0.9043102936228039 
  1856.0   0.8890335915381035 
  1857.0   0.8989884052203964 
  1858.0   0.8984777772807695 
  1859.0   0.905049297241557 
  1860.0   0.9036712400816036 
  1861.0   0.8956966300253973 
  1862.0   0.8866835659146323 
  1863.0   0.887885946120379 
  1864.0   0.8831981782175509 
  1865.0   0.9027352648536496 
  1866.0   0.927449913193782 
  1867.0   0.9332055809403946 
  1868.0   0.9367002245823774 
  1869.0   0.9515529233054355 
  1870.0   0.9299102595090277 
  1871.0   0.9305668992390461 
  1872.0   0.9010214274861968 
  1873.0   0.895862848397688 
  1874.0   0.8870066645324158 
  1875.0   0.902814512199639 
  1876.0   0.9204773633357134 
  1877.0   0.9172382783706634 
  1878.0   0.9182857748640763 
  1879.0   0.9213203221920175 
  1880.0   0.9027340529728941 
  1881.0   0.8902004809682196 
  1882.0   0.9006105030046714 
  1883.0   0.8887630983119733 
  1884.0   0.8849570422865378 
  1885.0   0.8853146856583436 
  1886.0   0.8944665614257913 
  1887.0   0.8982485019337509 
  1888.0   0.9106943500886788 
  1889.0   0.9296163922456577 
  1890.0   0.9251513174038929 
  1891.0   0.935655967753526 
  1892.0   0.9297533862580272 
  1893.0   0.919279818239913 
  1894.0   0.8942334008724937 
  1895.0   0.8834007421941233 
  1896.0   0.8866834933438829 
  1897.0   0.9202887191938239 
  1898.0   0.9353934813670615 
  1899.0   0.9477570630671809 
  1900.0   0.9305983679324448 
  1901.0   0.916004540658392 
  1902.0   0.9298076279524345 
  1903.0   0.9297996847408546 
  1904.0   0.9374141502257123 
  1905.0   0.9291194951229994 
  1906.0   0.9325307331410281 
  1907.0   0.9230821919317099 
  1908.0   0.92541112204453 
  1909.0   0.9055949069842733 
  1910.0   0.9055857819798373 
  1911.0   0.9371593455859282 
  1912.0   0.9566746665657074 
  1913.0   0.9382555261041384 
  1914.0   0.9399165874648231 
  1915.0   0.9476735924373605 
  1916.0   0.9701129550451076 
  1917.0   0.9578165550294829 
  1918.0   0.925008374146129 
  1919.0   0.9327781048817454 
  1920.0   0.9427175478755785 
  1921.0   0.9340005059383648 
  1922.0   0.920194250439793 
  1923.0   0.9099942846768576 
  1924.0   0.9328528706641906 
  1925.0   0.9101599002680923 
  1926.0   0.9124264024562492 
  1927.0   0.9255516358059899 
  1928.0   0.9412467439584625 
  1929.0   0.9343934266002272 
  1930.0   0.9529565249480397 
  1931.0   0.9559101485191903 
  1932.0   0.9214892283174825 
  1933.0   0.9542376292436223 
  1934.0   0.9767156278713717 
  1935.0   0.974645305602614 
  1936.0   0.9659288655689695 
  1937.0   0.9877605578357466 
  1938.0   0.9717961547117482 
  1939.0   0.9765864038529548 
  1940.0   0.9812401128391981 
  1941.0   0.9909645582847082 
  1942.0   0.9915155186343328 
  1943.0   0.9772073349550005 
  1944.0   0.9667111616589089 
  1945.0   0.9643866393312651 
  1946.0   0.9406408854945429 
  1947.0   0.9355434859844417 
  1948.0   0.9591565623395933 
  1949.0   0.9842244168817242 
  1950.0   0.9870260676579924 
  1951.0   0.9770069182807595 
  1952.0   0.9728110863940208 
  1953.0   0.9668215211714527 
  1954.0   0.9924403146907811 
  1955.0   1.0071939763260418 
  1956.0   0.9973968866765726 
  1957.0   0.9837078340678563 
  1958.0   0.9911744803082138 
  1959.0   0.9743327612464258 
  1960.0   0.9859900880118463 
  1961.0   0.9899894675189096 
  1962.0   0.992159563072993 
  1963.0   0.9932226273611672 
  1964.0   0.9765765750598437 
  1965.0   1.0118461245977308 
  1966.0   1.0002642346280104 
  1967.0   0.9811262311939566 
  1968.0   1.0011298389263974 
  1969.0   0.9755209431349431 
  1970.0   0.9837044614021917 
  1971.0   0.9680875498801252 
  1972.0   0.9965687865935512 
  1973.0   0.9835853878189462 
  1974.0   1.0255331405119361 
  1975.0   1.029440915275728 
  1976.0   1.0380733467691958 
  1977.0   1.036737332465759 
  1978.0   1.0319910221932103 
  1979.0   1.0656640705026144 
  1980.0   1.0378841597346355 
  1981.0   1.0551293494347733 
  1982.0   1.0859473729463442 
  1983.0   1.07118573777521 
  1984.0   1.056311805627007 
  1985.0   1.0520953192518645 
  1986.0   1.062901828018406 
  1987.0   1.052820944668069 
  1988.0   1.049062111248235 
  1989.0   1.024206131793983 
  1990.0   1.0644863195549898 
  1991.0   1.0811227845293336 
  1992.0   1.1014437873911813 
  1993.0   1.1156033603858138 
  1994.0   1.0979269611520501 
  1995.0   1.1163992203475135 
  1996.0   1.1147517197621184 
  1997.0   1.1045971740702338 
  1998.0   1.1222815771951464 
  1999.0   1.1285340596016997 
  2000.0   1.1297027750727109 
  2001.0   1.1647020398123205 
  2002.0   1.1297780707400242 
  2003.0   1.1232419950042039 
  2004.0   1.1278842400097404 
  2005.0   1.1638222759188657 
  2006.0   1.1380900465369612 
  2007.0   1.1466304914429155 
  2008.0   1.1473519341587255 
  2009.0   1.1555802562772814 
  2010.0   1.1757580496633775 
  2011.0   1.181564323619715 
  2012.0   1.1618292916073303 
  2013.0   1.1749947561956886 
  2014.0   1.2152359963744173 
