  1850.0   50.18787750329961 
  1851.0   49.69655717159302 
  1852.0   49.211492256088974 
  1853.0   49.57875413711325 
  1854.0   49.731861162048084 
  1855.0   49.842493758710624 
  1856.0   49.622837187721444 
  1857.0   49.85907146670647 
  1858.0   49.69085621675643 
  1859.0   49.50436612699992 
  1860.0   49.504632433463385 
  1861.0   49.491237726141755 
  1862.0   49.57359060190494 
  1863.0   49.71842957815404 
  1864.0   49.69300987526046 
  1865.0   49.53541989732871 
  1866.0   49.693926517795425 
  1867.0   49.79484163601267 
  1868.0   49.02389301912388 
  1869.0   48.42430492998255 
  1870.0   48.75530182771006 
  1871.0   48.86279878819118 
  1872.0   48.830224851631336 
  1873.0   49.16539149178772 
  1874.0   48.991279473450135 
  1875.0   48.0579557824689 
  1876.0   48.06273381260235 
  1877.0   48.38384727998059 
  1878.0   48.191050242146325 
  1879.0   48.040153950304294 
  1880.0   47.778809616475755 
  1881.0   47.748752295990805 
  1882.0   47.82937231131551 
  1883.0   47.12752539741156 
  1884.0   46.82932360015528 
  1885.0   46.72276137659902 
  1886.0   47.05463968887364 
  1887.0   46.800849461625305 
  1888.0   46.97045733749035 
  1889.0   46.89054096462414 
  1890.0   46.92047379348977 
  1891.0   46.344127106402134 
  1892.0   45.55453500972276 
  1893.0   45.17474482385834 
  1894.0   45.97659098598258 
  1895.0   45.88694101985646 
  1896.0   45.06189325070617 
  1897.0   44.602524016770595 
  1898.0   43.95033216287162 
  1899.0   44.19290497912704 
  1900.0   44.45090064793546 
  1901.0   43.974361053791554 
  1902.0   43.87977013617523 
  1903.0   43.723980100370774 
  1904.0   43.39110235380141 
  1905.0   43.181351957093156 
  1906.0   43.27482909279627 
  1907.0   42.827491725572166 
  1908.0   43.03490585253783 
  1909.0   42.998096638862116 
  1910.0   42.32983243775981 
  1911.0   42.02717078577938 
  1912.0   41.76123926134238 
  1913.0   41.9006078442537 
  1914.0   41.99891922802418 
  1915.0   41.60161308639978 
  1916.0   41.84018206090691 
  1917.0   41.87581386005264 
  1918.0   41.67369805170955 
  1919.0   41.332500830364594 
  1920.0   41.41748670867048 
  1921.0   41.16405266136857 
  1922.0   40.927530060514655 
  1923.0   41.074169806678164 
  1924.0   41.540057426227044 
  1925.0   40.913605210585274 
  1926.0   40.166496829965794 
  1927.0   40.54887213859974 
  1928.0   40.7829591810813 
  1929.0   40.629999314389956 
  1930.0   40.20244948366707 
  1931.0   40.98241255803416 
  1932.0   40.91006049251197 
  1933.0   40.01896789229429 
  1934.0   40.456161852625314 
  1935.0   40.847666112229014 
  1936.0   40.32303963841704 
  1937.0   40.386548744068214 
  1938.0   40.54594012179063 
  1939.0   40.26773324251386 
  1940.0   39.9857457370856 
  1941.0   39.781510592046004 
  1942.0   39.55342134210139 
  1943.0   40.04413965975116 
  1944.0   40.164439288061935 
  1945.0   39.62682200149795 
  1946.0   39.48259637508104 
  1947.0   39.51759773237796 
  1948.0   39.86547219729819 
  1949.0   39.77630062744233 
  1950.0   39.54364774304471 
  1951.0   39.45756977422469 
  1952.0   39.095868355554664 
  1953.0   39.07927315366145 
  1954.0   38.97408121341176 
  1955.0   39.30969486459197 
  1956.0   39.395414362903786 
  1957.0   38.683590871066194 
  1958.0   38.27086300673251 
  1959.0   38.353097523155775 
  1960.0   38.51626275795127 
  1961.0   39.013426380654444 
  1962.0   39.13240637144005 
  1963.0   39.243771400316376 
  1964.0   38.9561596000795 
  1965.0   39.09288576616069 
  1966.0   39.153852870597895 
  1967.0   39.23436916482834 
  1968.0   39.5959564447317 
  1969.0   39.7389655142391 
  1970.0   39.00172529645769 
  1971.0   39.17179275326856 
  1972.0   39.728624325195895 
  1973.0   39.51300371733264 
  1974.0   39.15847837108165 
  1975.0   39.067619294448306 
  1976.0   39.42909618866463 
  1977.0   39.55819189205935 
  1978.0   39.08065607528593 
  1979.0   38.799472287110525 
  1980.0   39.17285604995948 
  1981.0   38.715586949514666 
  1982.0   39.17604750464358 
  1983.0   39.91882281312917 
  1984.0   40.07225650520036 
  1985.0   39.35818361062937 
  1986.0   39.13295380603826 
  1987.0   40.04254478845939 
  1988.0   40.05639721617389 
  1989.0   40.108108119973075 
  1990.0   39.95731052515714 
  1991.0   39.8725763285628 
  1992.0   40.771697973876506 
  1993.0   40.50198218531017 
  1994.0   40.087733102775935 
  1995.0   39.95947948347288 
  1996.0   39.46547950116196 
  1997.0   40.48456741164147 
  1998.0   40.75870637347994 
  1999.0   40.445069634893045 
  2000.0   40.083004003203165 
  2001.0   39.53422149313496 
  2002.0   39.825380565878994 
  2003.0   40.59102133234657 
  2004.0   40.56010048375777 
  2005.0   40.254796711106906 
  2006.0   39.33232267248681 
  2007.0   39.484264652988045 
  2008.0   40.687116111166404 
  2009.0   41.437347883922655 
  2010.0   40.54255161228888 
  2011.0   41.0012201387638 
  2012.0   40.95419754751789 
  2013.0   40.94965932531269 
  2014.0   40.30888180711793 
