  1850.0   0.059115497868033794 
  1851.0   -0.5114853801668781 
  1852.0   0.08916272781087368 
  1853.0   -0.8189222846574936 
  1854.0   -0.8013996718318711 
  1855.0   0.40069114520226645 
  1856.0   0.029132929494500713 
  1857.0   -0.009324088327398148 
  1858.0   -0.27806916414439375 
  1859.0   -0.3451701902761431 
  1860.0   0.7184209645964522 
  1861.0   0.31180665579358646 
  1862.0   -0.0390971303922979 
  1863.0   -0.019557414399554194 
  1864.0   0.30996240497129285 
  1865.0   -0.40919567641620436 
  1866.0   -0.03455754125170847 
  1867.0   0.044275811573456204 
  1868.0   0.30032931866264756 
  1869.0   0.12566309736456402 
  1870.0   0.5156822190011369 
  1871.0   0.480665489022692 
  1872.0   0.43822194241493123 
  1873.0   0.34026375899117894 
  1874.0   -0.03608290065718408 
  1875.0   -0.0016581395427553002 
  1876.0   -0.5272456330950586 
  1877.0   0.41703590256648815 
  1878.0   0.46005037443296654 
  1879.0   0.8609905601390337 
  1880.0   0.3161865904745075 
  1881.0   -0.4186097667708228 
  1882.0   0.29275136006911406 
  1883.0   -0.008528051325238765 
  1884.0   0.792519983160188 
  1885.0   1.0061378965122127 
  1886.0   -0.027826751838588078 
  1887.0   0.3019914953622184 
  1888.0   0.27960455278174984 
  1889.0   0.23078538987194683 
  1890.0   0.6732241836473536 
  1891.0   0.3710647159676908 
  1892.0   0.5130287621211954 
  1893.0   0.23868613468372732 
  1894.0   -0.03833665989300146 
  1895.0   0.06862134525912615 
  1896.0   0.19773564551456307 
  1897.0   -0.21749736826784152 
  1898.0   0.16362235562289787 
  1899.0   0.6986863522698068 
  1900.0   -0.6012158594285711 
  1901.0   0.606857453677999 
  1902.0   0.9665962741253251 
  1903.0   0.6367764112569012 
  1904.0   0.3327459883288597 
  1905.0   0.8408092987345578 
  1906.0   0.7740839913189164 
  1907.0   0.49377232969525137 
  1908.0   0.3460583084011342 
  1909.0   0.5404588058888796 
  1910.0   0.0370787197090312 
  1911.0   -0.24784545330382637 
  1912.0   0.9739591143388324 
  1913.0   0.15487444378264997 
  1914.0   0.3039012591025603 
  1915.0   0.31344845449643 
  1916.0   0.5859451064445305 
  1917.0   -0.6927115712580123 
  1918.0   -0.05082733346513878 
  1919.0   0.05655871097719436 
  1920.0   0.08960084083889717 
  1921.0   0.4933371517874049 
  1922.0   0.2533364974330917 
  1923.0   0.9451941831295153 
  1924.0   0.07425153266905098 
  1925.0   0.04442603229389163 
  1926.0   0.6154716837401613 
  1927.0   0.5853091940889225 
  1928.0   0.06422036855656205 
  1929.0   0.04979209796251965 
  1930.0   0.3414683525134991 
  1931.0   0.25537538039992447 
  1932.0   0.25465890284167 
  1933.0   -0.863682720774891 
  1934.0   0.6548121717039425 
  1935.0   0.5107343692877092 
  1936.0   0.30953789823170313 
  1937.0   0.4585626184702732 
  1938.0   -0.09561466711235736 
  1939.0   0.15291288854580734 
  1940.0   0.06265204915519348 
  1941.0   0.9999369159071583 
  1942.0   0.2585214921630592 
  1943.0   0.18174291864446765 
  1944.0   0.2613761898187258 
  1945.0   -0.32191192731303414 
  1946.0   -0.07114896629320146 
  1947.0   0.5429542855793567 
  1948.0   0.1267063462383074 
  1949.0   0.30937693888994483 
  1950.0   0.6638721216087856 
  1951.0   0.9486878296562603 
  1952.0   0.3454652731402168 
  1953.0   -0.22460932236779033 
  1954.0   0.2650454408048139 
  1955.0   0.13621686118322873 
  1956.0   0.7996316744940194 
  1957.0   0.770752720820303 
  1958.0   0.3751114638211788 
  1959.0   0.09471589806155753 
  1960.0   -0.7123536950280428 
  1961.0   0.3844930710079259 
  1962.0   0.01178793897191411 
  1963.0   0.13096408292051148 
  1964.0   0.1613229309110263 
  1965.0   0.7934854109899986 
  1966.0   0.2670452222515451 
  1967.0   0.4196339946086664 
  1968.0   0.6459167938315256 
  1969.0   -0.11064009002567737 
  1970.0   0.47673075382781493 
  1971.0   0.3261648540275541 
  1972.0   0.44576982099232754 
  1973.0   0.5829928843199111 
  1974.0   -0.012441082120607174 
  1975.0   -0.1120989713063297 
  1976.0   1.2542122963645108 
  1977.0   0.3023246146210108 
  1978.0   0.42531477053944516 
  1979.0   0.5520613477064376 
  1980.0   0.4757679869985008 
  1981.0   0.5851211532574849 
  1982.0   1.1449063114663827 
  1983.0   3.192663871359163 
  1984.0   0.05272032173248324 
  1985.0   0.6679108440259397 
  1986.0   0.41021548679528314 
  1987.0   0.1483972627788272 
  1988.0   0.7198743764314373 
  1989.0   -0.22070540780110778 
  1990.0   0.13822452516526043 
  1991.0   1.1872239728359124 
  1992.0   1.4203946496945061 
  1993.0   1.2107923952678816 
  1994.0   0.45276727807524136 
  1995.0   0.42062612556320006 
  1996.0   0.34282930173722914 
  1997.0   -0.19272935391977342 
  1998.0   0.5298726823898996 
  1999.0   -0.12574701373064154 
  2000.0   0.1596832930251239 
  2001.0   0.18063956516662508 
  2002.0   0.1324090068073133 
  2003.0   1.1151161597545605 
  2004.0   0.2601833614171852 
  2005.0   0.7943542779795623 
  2006.0   0.8309318447070086 
  2007.0   0.5027105347786338 
  2008.0   0.35835307517202225 
  2009.0   0.01831878831174231 
  2010.0   -0.09532367701327507 
  2011.0   -0.07617020643510924 
  2012.0   0.8596875596773518 
  2013.0   0.5367622810135447 
  2014.0   0.5751596183294314 
