  1850.0   5.823050941776809 
  1851.0   5.6456776616964595 
  1852.0   5.562123878625799 
  1853.0   5.656137825673488 
  1854.0   5.818064151653029 
  1855.0   5.658095112209476 
  1856.0   5.591204578051486 
  1857.0   5.602151065094399 
  1858.0   5.595595092146881 
  1859.0   5.640059537240148 
  1860.0   5.665575031110017 
  1861.0   5.697159812835687 
  1862.0   5.782660215527092 
  1863.0   5.716101183775803 
  1864.0   5.828619381608611 
  1865.0   5.911419134051221 
  1866.0   5.703587051753612 
  1867.0   5.87612861137806 
  1868.0   5.805188664184854 
  1869.0   5.810490803688017 
  1870.0   5.818136977530056 
  1871.0   5.779597226750858 
  1872.0   6.008388566523323 
  1873.0   5.924994128717346 
  1874.0   6.014899485750353 
  1875.0   5.970306642321762 
  1876.0   5.928529216632956 
  1877.0   5.986074754294927 
  1878.0   5.841437465779471 
  1879.0   5.840890369745305 
  1880.0   5.960678641689164 
  1881.0   5.7149986308590845 
  1882.0   5.814090623456398 
  1883.0   5.869254714272439 
  1884.0   5.880741013390756 
  1885.0   5.745247832635888 
  1886.0   5.883989476460918 
  1887.0   6.025384527261818 
  1888.0   6.050614277550946 
  1889.0   6.043327584632173 
  1890.0   6.124287096651686 
  1891.0   6.066422898891248 
  1892.0   5.9747634883399225 
  1893.0   5.934868170836483 
  1894.0   5.952221247180855 
  1895.0   5.914893110420083 
  1896.0   6.065128151434424 
  1897.0   5.925557467434521 
  1898.0   6.078019580229119 
  1899.0   6.0168838196971155 
  1900.0   6.039295324237333 
  1901.0   6.048915656983904 
  1902.0   5.9543736582808755 
  1903.0   5.8238250656264405 
  1904.0   5.915940814366685 
  1905.0   5.986584914661031 
  1906.0   6.065905332551865 
  1907.0   6.019488237141771 
  1908.0   5.935818638167173 
  1909.0   6.074601816420376 
  1910.0   5.918844033097747 
  1911.0   5.9999185179838115 
  1912.0   5.941925827722177 
  1913.0   5.873027463284547 
  1914.0   6.068298524923384 
  1915.0   6.164582904255943 
  1916.0   6.169240256328072 
  1917.0   6.177901119513446 
  1918.0   6.095905840882766 
  1919.0   5.95041950048033 
  1920.0   5.939137886129916 
  1921.0   5.9898589646502 
  1922.0   5.995730676692829 
  1923.0   5.997191223423512 
  1924.0   6.0294236897955535 
  1925.0   6.144592260609436 
  1926.0   6.1139451183044295 
  1927.0   6.291111326907712 
  1928.0   6.243112127863618 
  1929.0   6.139157771494678 
  1930.0   6.118490038313464 
  1931.0   6.235236238078661 
  1932.0   6.23750010065973 
  1933.0   6.1332718702437585 
  1934.0   6.091007590962984 
  1935.0   6.245741483614649 
  1936.0   6.049236664323193 
  1937.0   6.055712756748412 
  1938.0   6.168819467147282 
  1939.0   6.086413392495479 
  1940.0   6.131050708850846 
  1941.0   6.123402869505897 
  1942.0   6.257654547186696 
  1943.0   6.179511874784957 
  1944.0   6.142747699152366 
  1945.0   6.241800028551558 
  1946.0   6.048989481138939 
  1947.0   6.122875454666834 
  1948.0   6.296849038501888 
  1949.0   6.297039757409379 
  1950.0   6.284190685604487 
  1951.0   6.324869476844333 
  1952.0   6.392504470530561 
  1953.0   6.452133504228362 
  1954.0   6.221299263484647 
  1955.0   6.2650879028980535 
  1956.0   6.304252996760005 
  1957.0   6.180396867210464 
  1958.0   6.270025479621757 
  1959.0   6.226450186218168 
  1960.0   6.349307947690029 
  1961.0   6.257126376455787 
  1962.0   6.324331608501109 
  1963.0   6.360878890610118 
  1964.0   6.389557822493108 
  1965.0   6.356154190283999 
  1966.0   6.492225444947817 
  1967.0   6.448062783838935 
  1968.0   6.339448402526049 
  1969.0   6.334546279316886 
  1970.0   6.406170938374119 
  1971.0   6.498319059024207 
  1972.0   6.357618264998445 
  1973.0   6.329564667740818 
  1974.0   6.510537257415198 
  1975.0   6.550684407242795 
  1976.0   6.600205988510779 
  1977.0   6.550350513582965 
  1978.0   6.6657266898761245 
  1979.0   6.599515587311304 
  1980.0   6.530737834294627 
  1981.0   6.467346450191843 
  1982.0   6.509385727809019 
  1983.0   6.659359001051028 
  1984.0   6.574053908510343 
  1985.0   6.71982135313759 
  1986.0   6.525789156225571 
  1987.0   6.572485954094517 
  1988.0   6.6323799201324505 
  1989.0   6.786564633749107 
  1990.0   6.755922807949938 
  1991.0   6.756808861603944 
  1992.0   6.629900819840495 
  1993.0   6.815619653740556 
  1994.0   6.776849552623042 
  1995.0   6.789156936174662 
  1996.0   6.8834769356321575 
  1997.0   6.954171619142103 
  1998.0   6.9249292311928565 
  1999.0   6.918328511081931 
  2000.0   6.912098308369918 
  2001.0   6.942374446441059 
  2002.0   6.9362198581474495 
  2003.0   7.121908934672859 
  2004.0   7.07493267540434 
  2005.0   6.975089428624481 
  2006.0   7.002005602002519 
  2007.0   6.91621817628156 
  2008.0   7.073148309262141 
  2009.0   6.985272964328394 
  2010.0   7.06211887722071 
  2011.0   6.97258582684009 
  2012.0   7.264589668136133 
  2013.0   6.980586363867134 
  2014.0   7.227974794031715 
