  1850.0   624.6835567456808 
  1851.0   624.4269567406141 
  1852.0   624.2735437860104 
  1853.0   624.1258311370634 
  1854.0   624.0384490124751 
  1855.0   623.9739123342453 
  1856.0   623.7851108559775 
  1857.0   623.6920900433305 
  1858.0   623.6181681172324 
  1859.0   623.455482586068 
  1860.0   623.3900650501 
  1861.0   623.3268641598092 
  1862.0   623.1921319082282 
  1863.0   623.1558210200592 
  1864.0   623.144661160288 
  1865.0   623.207412502557 
  1866.0   623.1904754078724 
  1867.0   623.1008891126927 
  1868.0   622.9981210942259 
  1869.0   622.8108138882137 
  1870.0   622.6511716909399 
  1871.0   622.5766893094559 
  1872.0   622.419358825985 
  1873.0   622.2335197681882 
  1874.0   622.1027989793793 
  1875.0   621.9148881061477 
  1876.0   621.7356924652019 
  1877.0   621.5756608584352 
  1878.0   621.469810733228 
  1879.0   621.4660152378675 
  1880.0   621.4150312785505 
  1881.0   621.218070374661 
  1882.0   621.0100652401173 
  1883.0   620.9821936210207 
  1884.0   620.9235855170573 
  1885.0   620.7597390245886 
  1886.0   620.652902569173 
  1887.0   620.3757887322867 
  1888.0   620.1282134192512 
  1889.0   619.9871714727512 
  1890.0   619.9285955195197 
  1891.0   619.7185034465255 
  1892.0   619.4550213936897 
  1893.0   619.1584221657505 
  1894.0   618.9877017239537 
  1895.0   618.8829729260073 
  1896.0   618.7015964970121 
  1897.0   618.4482020002968 
  1898.0   618.2081879994658 
  1899.0   618.2021671379966 
  1900.0   618.0921496028193 
  1901.0   617.8752353462281 
  1902.0   617.6809152081914 
  1903.0   617.5397499794295 
  1904.0   617.368089637041 
  1905.0   617.3410369563909 
  1906.0   617.1802471403435 
  1907.0   616.9784016090314 
  1908.0   616.7784975205483 
  1909.0   616.5646562610882 
  1910.0   616.3569840233505 
  1911.0   616.2165502147152 
  1912.0   616.0480034205374 
  1913.0   615.9132729568798 
  1914.0   615.8239590773695 
  1915.0   615.7326263707643 
  1916.0   615.6106124784736 
  1917.0   615.5073805915462 
  1918.0   615.5405739614415 
  1919.0   615.4856410024901 
  1920.0   615.4059210370295 
  1921.0   615.276340053628 
  1922.0   615.1865162248733 
  1923.0   615.1768559049437 
  1924.0   615.110964674516 
  1925.0   615.0364674286745 
  1926.0   614.8351568098095 
  1927.0   614.7046161864225 
  1928.0   614.5283937573217 
  1929.0   614.4112372418344 
  1930.0   614.2993512729095 
  1931.0   614.2714737349964 
  1932.0   614.4111020964725 
  1933.0   614.351786028489 
  1934.0   614.258717667765 
  1935.0   614.1851148055856 
  1936.0   614.1526788058937 
  1937.0   613.9959899239497 
  1938.0   613.9049358915843 
  1939.0   613.8878245601637 
  1940.0   613.8526088407488 
  1941.0   613.7157509477757 
  1942.0   613.5705374361113 
  1943.0   613.4657945312734 
  1944.0   613.334680646993 
  1945.0   613.3086873250853 
  1946.0   613.1601470972328 
  1947.0   613.1346760842849 
  1948.0   612.9878020899602 
  1949.0   612.6644378005296 
  1950.0   612.5650762837365 
  1951.0   612.5520719340568 
  1952.0   612.4708071466736 
  1953.0   612.4869637181127 
  1954.0   612.3498780965061 
  1955.0   612.1500294833535 
  1956.0   612.2816787087554 
  1957.0   612.4867079221807 
  1958.0   612.5517459116377 
  1959.0   612.5929413815335 
  1960.0   612.5065012687505 
  1961.0   612.6476703285388 
  1962.0   612.7994615803821 
  1963.0   612.8813231936945 
  1964.0   613.0985327841506 
  1965.0   613.3646700185919 
  1966.0   613.4199192341698 
  1967.0   613.5722090129544 
  1968.0   613.7868983998297 
  1969.0   613.977565104144 
  1970.0   614.3180071686648 
  1971.0   614.4561911225347 
  1972.0   614.6341050971228 
  1973.0   614.7776770956011 
  1974.0   615.0092044787341 
  1975.0   615.1460100086967 
  1976.0   615.2907377761634 
  1977.0   615.6612420051329 
  1978.0   615.9774178705766 
  1979.0   616.1770565681464 
  1980.0   616.4254123002179 
  1981.0   616.4904781329222 
  1982.0   616.6871525930269 
  1983.0   617.0500754318963 
  1984.0   617.4830723739523 
  1985.0   617.8067425864442 
  1986.0   618.1248952830141 
  1987.0   618.334259825492 
  1988.0   618.5506622049375 
  1989.0   618.6765939785404 
  1990.0   618.788777189375 
  1991.0   618.807452684952 
  1992.0   618.9608463779001 
  1993.0   619.2592537822846 
  1994.0   619.6650529507705 
  1995.0   619.9013508687877 
  1996.0   620.1520352642123 
  1997.0   620.5368274983446 
  1998.0   620.8761023150095 
  1999.0   620.9811400816957 
  2000.0   621.2864971811114 
  2001.0   621.7388737304757 
  2002.0   622.0596458289491 
  2003.0   622.0285444140114 
  2004.0   622.1363351632065 
  2005.0   622.3762754863818 
  2006.0   622.65152835688 
  2007.0   623.0439071714538 
  2008.0   623.5018185985354 
  2009.0   624.0127421578845 
  2010.0   624.1939006280575 
  2011.0   624.5441354830041 
  2012.0   624.9178871029462 
  2013.0   625.420463789984 
  2014.0   625.7593122406769 
