  1850.0   14.158966250817844 
  1851.0   14.131048443540438 
  1852.0   14.026587506546774 
  1853.0   13.841553935014336 
  1854.0   13.990653051579516 
  1855.0   14.357177041061387 
  1856.0   14.513403502803605 
  1857.0   14.73265932701459 
  1858.0   14.651250252230223 
  1859.0   14.471429502317745 
  1860.0   14.41214719528598 
  1861.0   14.50437885946824 
  1862.0   14.550259914130672 
  1863.0   14.599714302942129 
  1864.0   14.591730090663887 
  1865.0   14.454802368390503 
  1866.0   14.47282599615041 
  1867.0   14.431499179919014 
  1868.0   14.55861218164641 
  1869.0   14.878373539260547 
  1870.0   14.94130030611049 
  1871.0   14.854417214388207 
  1872.0   14.84807785519938 
  1873.0   14.868886569289122 
  1874.0   14.811771654311425 
  1875.0   14.805007581288496 
  1876.0   14.858549633120509 
  1877.0   14.917387727318424 
  1878.0   15.093588213093053 
  1879.0   15.203932494009662 
  1880.0   15.161807536422355 
  1881.0   15.135972817280644 
  1882.0   15.320440910320187 
  1883.0   15.602987687891133 
  1884.0   15.4484094389754 
  1885.0   15.60444498578718 
  1886.0   15.752623671059647 
  1887.0   15.827873644510206 
  1888.0   15.900140469616728 
  1889.0   15.914823253748782 
  1890.0   15.995664210504993 
  1891.0   16.0472547079892 
  1892.0   15.909219817288442 
  1893.0   15.989021710187235 
  1894.0   16.03361654592191 
  1895.0   15.992727480531462 
  1896.0   15.874803539831603 
  1897.0   16.0518479552528 
  1898.0   16.26559433623383 
  1899.0   16.00969600757374 
  1900.0   15.965826862160325 
  1901.0   16.216385834734545 
  1902.0   16.427321510887783 
  1903.0   16.687890191780912 
  1904.0   16.72242276340433 
  1905.0   16.718342292571705 
  1906.0   16.70398168750737 
  1907.0   16.723089749073452 
  1908.0   16.72892572912005 
  1909.0   16.65092714897294 
  1910.0   16.609532027637794 
  1911.0   16.706592631920167 
  1912.0   16.711454053757144 
  1913.0   16.779587500942085 
  1914.0   16.73877956482798 
  1915.0   16.91007843327005 
  1916.0   17.111899175589315 
  1917.0   17.144320787641174 
  1918.0   17.062081366685717 
  1919.0   17.244143907376827 
  1920.0   17.313351315647722 
  1921.0   17.401606669210473 
  1922.0   17.503083372100075 
  1923.0   17.316658413195526 
  1924.0   17.021521968186494 
  1925.0   17.035504774526707 
  1926.0   17.431491249440274 
  1927.0   17.777760777655818 
  1928.0   17.756469454643607 
  1929.0   17.655770375655166 
  1930.0   17.6451778052847 
  1931.0   17.47480426905553 
  1932.0   17.708648408079892 
  1933.0   17.77907175277876 
  1934.0   17.601107664661736 
  1935.0   17.523792859359034 
  1936.0   17.46803963880505 
  1937.0   17.541860293573162 
  1938.0   17.72205304328993 
  1939.0   17.659927046902023 
  1940.0   17.634609743413968 
  1941.0   17.88873198666095 
  1942.0   18.093495542680305 
  1943.0   18.020773281179327 
  1944.0   18.026934166655526 
  1945.0   17.987193466552824 
  1946.0   17.913041801082855 
  1947.0   17.991512986339362 
  1948.0   17.66386562055892 
  1949.0   17.38098339737652 
  1950.0   17.40225432405383 
  1951.0   17.751510111019172 
  1952.0   17.800347455727014 
  1953.0   18.049012223488944 
  1954.0   18.407495959082976 
  1955.0   18.464507033271712 
  1956.0   18.367268819673484 
  1957.0   18.3860591017046 
  1958.0   18.45236586307319 
  1959.0   18.47248678966876 
  1960.0   18.15537903454165 
  1961.0   17.75548708893547 
  1962.0   17.60409479533236 
  1963.0   18.018253699129467 
  1964.0   18.23018485285588 
  1965.0   18.332704851810504 
  1966.0   18.458614717780613 
  1967.0   18.46186324038559 
  1968.0   18.43557801508357 
  1969.0   18.48748988487062 
  1970.0   18.533145519410354 
  1971.0   18.42727862812308 
  1972.0   18.327915451546644 
  1973.0   18.142127731145056 
  1974.0   18.19730845442989 
  1975.0   18.274187071806526 
  1976.0   18.511691002312887 
  1977.0   18.4527480176337 
  1978.0   18.405311229624537 
  1979.0   18.603396001763613 
  1980.0   18.92936555595016 
  1981.0   18.497845869293705 
  1982.0   18.24355140028693 
  1983.0   18.225973250690263 
  1984.0   18.315722566924418 
  1985.0   18.344410395911947 
  1986.0   18.40613768210642 
  1987.0   18.308977792503377 
  1988.0   18.396658652207098 
  1989.0   18.285981418112296 
  1990.0   18.44481842770457 
  1991.0   18.677675316269966 
  1992.0   18.55646669713264 
  1993.0   18.58042799885056 
  1994.0   18.697582662098625 
  1995.0   18.8436602061609 
  1996.0   18.796417531328757 
  1997.0   18.636562334260876 
  1998.0   18.41390439158324 
  1999.0   18.386090625790835 
  2000.0   18.343655985648837 
  2001.0   18.40317890159723 
  2002.0   18.40138255781991 
  2003.0   18.16613738825746 
  2004.0   17.890040115032402 
  2005.0   17.720566466688812 
  2006.0   17.730929818064933 
  2007.0   17.94121336616043 
  2008.0   18.105441099587956 
  2009.0   18.123686510090057 
  2010.0   17.74619811316791 
  2011.0   17.494293432327414 
  2012.0   17.702597607916303 
  2013.0   17.739229368926104 
  2014.0   17.515288362246284 
