  1850.0   77.47395305119143 
  1851.0   77.59480062851915 
  1852.0   77.5078665559299 
  1853.0   77.61549279503228 
  1854.0   77.82431512750853 
  1855.0   77.81441003400532 
  1856.0   77.78099643924917 
  1857.0   77.76353711758037 
  1858.0   77.84827331096626 
  1859.0   77.85753599744046 
  1860.0   77.81548917176718 
  1861.0   77.49195177249015 
  1862.0   77.54394546274033 
  1863.0   77.70490425888387 
  1864.0   77.88711824083998 
  1865.0   77.9348992289136 
  1866.0   77.69364748062024 
  1867.0   77.52963442869805 
  1868.0   77.45018653205612 
  1869.0   77.2708982112997 
  1870.0   76.96622523957923 
  1871.0   76.80365315953111 
  1872.0   76.64800950855806 
  1873.0   76.69546115523035 
  1874.0   76.83245469653201 
  1875.0   76.7306291669223 
  1876.0   76.5273818380061 
  1877.0   76.52666724218258 
  1878.0   76.50416328247938 
  1879.0   76.37248928897746 
  1880.0   76.37163953297846 
  1881.0   76.21847308384103 
  1882.0   75.79503453763371 
  1883.0   75.66150785291899 
  1884.0   75.56556062296232 
  1885.0   75.56951218158908 
  1886.0   75.47937418917523 
  1887.0   75.38892586228505 
  1888.0   75.4068011282431 
  1889.0   75.43126794811648 
  1890.0   75.3395622755815 
  1891.0   75.2515635424454 
  1892.0   75.29632627742782 
  1893.0   75.16655393236493 
  1894.0   74.90297147769725 
  1895.0   74.60819704261296 
  1896.0   74.41946720932707 
  1897.0   74.27324305880505 
  1898.0   74.01074310715327 
  1899.0   73.64861776921177 
  1900.0   73.32898952217636 
  1901.0   73.10707679692683 
  1902.0   72.82044763545473 
  1903.0   72.75171936433478 
  1904.0   72.62811685839944 
  1905.0   72.53770413602771 
  1906.0   72.17605273443202 
  1907.0   71.91336070479164 
  1908.0   71.65981192485789 
  1909.0   71.49653692164627 
  1910.0   71.12868943820021 
  1911.0   70.79828913971461 
  1912.0   70.52267344961206 
  1913.0   70.46683155858909 
  1914.0   70.36316400449662 
  1915.0   70.24983716874868 
  1916.0   70.04987360041189 
  1917.0   69.88086389949123 
  1918.0   69.59332917001909 
  1919.0   69.73697966138965 
  1920.0   69.71466919957265 
  1921.0   69.67712068342314 
  1922.0   69.5441525055987 
  1923.0   69.61902224823412 
  1924.0   69.69195590295364 
  1925.0   69.78517046981602 
  1926.0   69.71716826433321 
  1927.0   69.74290070690041 
  1928.0   69.52595396234551 
  1929.0   69.27998557109464 
  1930.0   69.26906167216002 
  1931.0   69.20124767683244 
  1932.0   69.04367208689652 
  1933.0   68.87257801102305 
  1934.0   68.66110979232522 
  1935.0   68.47636431426336 
  1936.0   68.59612754226704 
  1937.0   68.41665165359538 
  1938.0   68.32254125306532 
  1939.0   68.17112453534693 
  1940.0   68.25213385765467 
  1941.0   68.09151660005992 
  1942.0   68.04202304610624 
  1943.0   67.94166432710396 
  1944.0   68.01147652460044 
  1945.0   67.87121706269076 
  1946.0   67.835443833798 
  1947.0   67.9133399080419 
  1948.0   67.79878818531704 
  1949.0   67.54712039196228 
  1950.0   67.11916564954754 
  1951.0   66.88336003200948 
  1952.0   66.82652517363825 
  1953.0   66.63566748585713 
  1954.0   66.62840910298146 
  1955.0   66.63147895619743 
  1956.0   66.44792139982732 
  1957.0   66.25926737026018 
  1958.0   66.21097464030764 
  1959.0   65.91566409483266 
  1960.0   65.7359603710962 
  1961.0   65.56261017241822 
  1962.0   65.77997677157457 
  1963.0   65.94943319665713 
  1964.0   65.79452306167867 
  1965.0   65.75649458400005 
  1966.0   65.86891662837662 
  1967.0   65.81868069534146 
  1968.0   65.59382705381105 
  1969.0   65.57404506225203 
  1970.0   65.5650545798962 
  1971.0   65.42283416180783 
  1972.0   65.24520223350704 
  1973.0   65.19707369396612 
  1974.0   64.95642633938853 
  1975.0   64.7589410878588 
  1976.0   64.79786854909044 
  1977.0   64.93697873140339 
  1978.0   64.92869709063608 
  1979.0   64.96970561630906 
  1980.0   64.94692803809356 
  1981.0   65.03232690488394 
  1982.0   65.14968500441725 
  1983.0   65.10704914139122 
  1984.0   65.1760214075079 
  1985.0   65.09029189256819 
  1986.0   64.9298207775153 
  1987.0   64.96047789685079 
  1988.0   64.98407029993065 
  1989.0   65.05391281434247 
  1990.0   65.20116697120311 
  1991.0   65.27269034836172 
  1992.0   65.13739291847106 
  1993.0   65.14809314100793 
  1994.0   65.44972862188003 
  1995.0   65.49657472377237 
  1996.0   65.64858950518185 
  1997.0   65.61387801715581 
  1998.0   65.77031033631583 
  1999.0   65.96683611982476 
  2000.0   66.21826662597726 
  2001.0   66.39329645087955 
  2002.0   66.78628788897434 
  2003.0   67.07649748174492 
  2004.0   67.33832664530554 
  2005.0   67.57759761960344 
  2006.0   67.72977791315017 
  2007.0   67.70830881532594 
  2008.0   67.95234815206891 
  2009.0   68.17271390432012 
  2010.0   68.45462678872379 
  2011.0   68.76121575465149 
  2012.0   68.97130626729185 
  2013.0   69.293703003764 
  2014.0   69.69978588477795 
