  1850.0   4.812951769752242e-13 
  1851.0   1.0578096999990441e-12 
  1852.0   1.0808809488663151e-12 
  1853.0   1.2863154479886266e-12 
  1854.0   1.3441590509599825e-12 
  1855.0   1.3354554272123626e-12 
  1856.0   1.2367442968077914e-12 
  1857.0   1.159030112971028e-12 
  1858.0   1.1357283880563106e-12 
  1859.0   1.2738472712932257e-12 
  1860.0   1.1096312322165782e-12 
  1861.0   7.648866734169009e-13 
  1862.0   7.3908692658352e-13 
  1863.0   8.145311446771766e-13 
  1864.0   7.565401140387246e-13 
  1865.0   7.683400187206459e-13 
  1866.0   7.266867045018429e-13 
  1867.0   6.750197470338584e-13 
  1868.0   7.155743022867074e-13 
  1869.0   6.747951650039143e-13 
  1870.0   8.640468342361207e-13 
  1871.0   1.4842737583233432e-12 
  1872.0   4.271213659734765e-12 
  1873.0   9.123026985950317e-12 
  1874.0   1.3666312267369888e-11 
  1875.0   1.8387614962726974e-11 
  1876.0   2.145161690330709e-11 
  1877.0   2.477693940327534e-11 
  1878.0   3.130901155556653e-11 
  1879.0   4.022446979122251e-11 
  1880.0   3.2843335587812624e-11 
  1881.0   1.8507073464232468e-11 
  1882.0   1.28684213992159e-11 
  1883.0   1.1381934416577721e-11 
  1884.0   1.1654041294163413e-11 
  1885.0   1.2562705679436163e-11 
  1886.0   1.306814525233617e-11 
  1887.0   1.376357280688513e-11 
  1888.0   1.4893720868846325e-11 
  1889.0   1.524668932965846e-11 
  1890.0   1.86523881850896e-11 
  1891.0   2.4813914744175523e-11 
  1892.0   3.12415030476606e-11 
  1893.0   3.537462100241848e-11 
  1894.0   3.818607546923146e-11 
  1895.0   4.133811048318235e-11 
  1896.0   4.477314595388662e-11 
  1897.0   5.1139286195624285e-11 
  1898.0   5.6246701395918906e-11 
  1899.0   5.90958192724869e-11 
  1900.0   4.3862742648675415e-11 
  1901.0   2.451237275081998e-11 
  1902.0   1.7024773658925726e-11 
  1903.0   1.3809073874459056e-11 
  1904.0   1.2442327126274388e-11 
  1905.0   1.2626532461685843e-11 
  1906.0   1.2992729333045543e-11 
  1907.0   1.325401574522249e-11 
  1908.0   1.4149545130570418e-11 
  1909.0   1.5012267094746516e-11 
  1910.0   1.2157680282700702e-11 
  1911.0   8.489042842107963e-12 
  1912.0   6.795868959702286e-12 
  1913.0   6.071687968300889e-12 
  1914.0   5.653210747867479e-12 
  1915.0   5.2815674421299284e-12 
  1916.0   4.879285551255411e-12 
  1917.0   4.457222870079172e-12 
  1918.0   4.075140726467046e-12 
  1919.0   3.954709989167831e-12 
  1920.0   4.207594981761371e-12 
  1921.0   4.121804681273088e-12 
  1922.0   4.410025047824285e-12 
  1923.0   5.096932718917088e-12 
  1924.0   5.660994142868436e-12 
  1925.0   7.113282200253526e-12 
  1926.0   8.72042614707833e-12 
  1927.0   1.0128749054217716e-11 
  1928.0   1.136033305887755e-11 
  1929.0   1.3785867684740024e-11 
  1930.0   1.1298715820068756e-11 
  1931.0   6.525393570537084e-12 
  1932.0   4.705795086648842e-12 
  1933.0   4.022893247510349e-12 
  1934.0   3.726463106029558e-12 
  1935.0   3.7538725537805824e-12 
  1936.0   4.426391650370778e-12 
  1937.0   4.831515708803258e-12 
  1938.0   5.1331174855961715e-12 
  1939.0   5.18153073790127e-12 
  1940.0   5.7224363955303925e-12 
  1941.0   6.297038849056265e-12 
  1942.0   6.916170029358295e-12 
  1943.0   7.558737656239573e-12 
  1944.0   8.187829388391936e-12 
  1945.0   9.166570075565393e-12 
  1946.0   1.0634702410344495e-11 
  1947.0   1.2776095581496903e-11 
  1948.0   1.5125764838386972e-11 
  1949.0   1.8497281321487756e-11 
  1950.0   2.1330151623471427e-11 
  1951.0   2.2747263687073e-11 
  1952.0   2.556556074050381e-11 
  1953.0   2.867985955997253e-11 
  1954.0   3.146085259883708e-11 
  1955.0   3.440656344574384e-11 
  1956.0   3.822887492445837e-11 
  1957.0   4.111224519638831e-11 
  1958.0   4.3183674456187395e-11 
  1959.0   4.489952016652403e-11 
  1960.0   3.330860795940758e-11 
  1961.0   1.8590644978768156e-11 
  1962.0   1.2765243741696962e-11 
  1963.0   1.0281528429445878e-11 
  1964.0   8.902077639796504e-12 
  1965.0   8.399171992606225e-12 
  1966.0   8.487348829854936e-12 
  1967.0   8.236341282410828e-12 
  1968.0   7.901161184694863e-12 
  1969.0   7.992482964435727e-12 
  1970.0   7.705342814051383e-12 
  1971.0   7.098803739670667e-12 
  1972.0   6.734214659825495e-12 
  1973.0   6.469078392542463e-12 
  1974.0   6.241213286571227e-12 
  1975.0   6.0328885839464714e-12 
  1976.0   5.8826140824878676e-12 
  1977.0   5.773051847037234e-12 
  1978.0   5.594245512704572e-12 
  1979.0   5.458157304565052e-12 
  1980.0   4.598321920262943e-12 
  1981.0   3.6088218110976677e-12 
  1982.0   3.142253374225749e-12 
  1983.0   2.8621910906243478e-12 
  1984.0   2.6143512192266828e-12 
  1985.0   2.4160278654357413e-12 
  1986.0   2.236441699532925e-12 
  1987.0   2.1479064854730002e-12 
  1988.0   2.0750650029360678e-12 
  1989.0   2.0083480325666186e-12 
  1990.0   2.0358835897239523e-12 
  1991.0   2.1228772710835874e-12 
  1992.0   2.1171923584126816e-12 
  1993.0   2.0428825602806814e-12 
  1994.0   2.0543407886741893e-12 
  1995.0   2.827453628702414e-12 
  1996.0   5.057841038836727e-12 
  1997.0   7.0904593726702645e-12 
  1998.0   8.43927744188727e-12 
  1999.0   9.394853525973708e-12 
  2000.0   7.080565030756871e-12 
  2001.0   5.608232103006314e-12 
  2002.0   7.249237090323483e-12 
  2003.0   8.121415109276512e-12 
  2004.0   5.024175508811292e-12 
  2005.0   4.032214270417944e-12 
  2006.0   3.2748830779852577e-12 
  2007.0   2.6057840341053894e-12 
  2008.0   2.2688378445503473e-12 
  2009.0   3.2653852248428354e-12 
  2010.0   3.600918626110212e-12 
  2011.0   2.9433752751993683e-12 
  2012.0   3.5620412525320846e-12 
  2013.0   4.291968324195049e-12 
  2014.0   3.961498850973547e-12 
