  1850.0   11.27293982074683 
  1851.0   10.576459427060174 
  1852.0   11.068457808645057 
  1853.0   11.411498319931479 
  1854.0   11.59890312087696 
  1855.0   10.868755493253602 
  1856.0   11.324173406934625 
  1857.0   11.33618226130484 
  1858.0   11.548826694185246 
  1859.0   11.297700488075709 
  1860.0   11.33023470344617 
  1861.0   11.970142569529909 
  1862.0   11.97288694118322 
  1863.0   12.014413023945279 
  1864.0   12.160747128665529 
  1865.0   11.582078571931385 
  1866.0   12.011733109930395 
  1867.0   11.830604614783114 
  1868.0   11.891697959679965 
  1869.0   12.250492671038261 
  1870.0   11.597896854643132 
  1871.0   12.376559096461548 
  1872.0   12.422747973171006 
  1873.0   12.415005462429617 
  1874.0   12.136751034532496 
  1875.0   12.059351058556029 
  1876.0   11.82395011261591 
  1877.0   11.443263667653984 
  1878.0   11.694746958558529 
  1879.0   11.863516220615695 
  1880.0   11.624125453819321 
  1881.0   11.342156937961589 
  1882.0   11.880373567307675 
  1883.0   12.168770891733184 
  1884.0   12.466215626825282 
  1885.0   11.989459914633018 
  1886.0   11.92300299271047 
  1887.0   12.133911671981082 
  1888.0   12.062327330679844 
  1889.0   12.266989087201532 
  1890.0   12.394248028472479 
  1891.0   12.023926681188517 
  1892.0   11.61739603930829 
  1893.0   11.54516866758677 
  1894.0   11.939979899985815 
  1895.0   11.86659703518549 
  1896.0   12.267985553420583 
  1897.0   12.54891446398403 
  1898.0   12.34031816227913 
  1899.0   11.92638639810158 
  1900.0   11.956921675297826 
  1901.0   11.553474630195645 
  1902.0   11.397089028149008 
  1903.0   11.74487564683335 
  1904.0   11.982005668132857 
  1905.0   12.172252857163276 
  1906.0   11.972112117461338 
  1907.0   11.80726660306263 
  1908.0   11.85897855965941 
  1909.0   11.661043948416111 
  1910.0   11.707757785293204 
  1911.0   11.44264991906149 
  1912.0   12.124783285365515 
  1913.0   11.904962996835662 
  1914.0   12.677097941273338 
  1915.0   12.497980004972758 
  1916.0   12.237594062457953 
  1917.0   11.835018232441087 
  1918.0   11.557886447357609 
  1919.0   11.505046584147244 
  1920.0   11.532633500267798 
  1921.0   12.018631123533172 
  1922.0   12.223837866273868 
  1923.0   12.250802331194484 
  1924.0   12.308018712609938 
  1925.0   12.300122629558425 
  1926.0   12.600911977834805 
  1927.0   13.387807738785012 
  1928.0   12.615810560643128 
  1929.0   12.446047204144186 
  1930.0   12.27839271637456 
  1931.0   12.416008980456962 
  1932.0   12.054839896657265 
  1933.0   12.003950119441745 
  1934.0   12.52759553355132 
  1935.0   12.345027637855464 
  1936.0   12.278600264328881 
  1937.0   12.47423387515359 
  1938.0   12.467796779799464 
  1939.0   12.861801096594995 
  1940.0   12.532025587054132 
  1941.0   12.571920915809953 
  1942.0   12.269718674893198 
  1943.0   12.300989505235746 
  1944.0   11.875438386830806 
  1945.0   11.677210087381082 
  1946.0   11.97676760972294 
  1947.0   12.545210815030657 
  1948.0   12.910530869868508 
  1949.0   13.162842023024727 
  1950.0   12.934171835858008 
  1951.0   12.303533136328676 
  1952.0   13.044770514903723 
  1953.0   12.505421860799801 
  1954.0   12.266676226762865 
  1955.0   12.294907641095534 
  1956.0   12.247465680285877 
  1957.0   12.525144069604861 
  1958.0   12.68733701897208 
  1959.0   12.831034360131701 
  1960.0   12.533597949603067 
  1961.0   12.629164285702727 
  1962.0   12.73971435880751 
  1963.0   13.105387394005197 
  1964.0   13.166080308924242 
  1965.0   13.573074613834262 
  1966.0   13.382177790064594 
  1967.0   12.658013567912295 
  1968.0   12.196125442097529 
  1969.0   12.559746637196305 
  1970.0   13.062982587005662 
  1971.0   12.533624766721562 
  1972.0   12.67496539293942 
  1973.0   13.24913002007393 
  1974.0   13.337533485232916 
  1975.0   13.529461189450824 
  1976.0   13.50221560160921 
  1977.0   13.345454030314123 
  1978.0   13.19412515054935 
  1979.0   12.938046033720886 
  1980.0   13.335265244133033 
  1981.0   13.568638784113539 
  1982.0   13.651859920886787 
  1983.0   13.460006141932192 
  1984.0   13.465577930662464 
  1985.0   13.088529125500253 
  1986.0   13.587433427355291 
  1987.0   13.63343346807637 
  1988.0   13.780550898806316 
  1989.0   14.019705919169938 
  1990.0   13.623860768602562 
  1991.0   13.49470165809483 
  1992.0   13.99815014526161 
  1993.0   13.69359602969222 
  1994.0   13.792329403221434 
  1995.0   14.00720249086753 
  1996.0   14.7361698095758 
  1997.0   14.386254091715344 
  1998.0   13.92636080575415 
  1999.0   14.33230310531397 
  2000.0   14.055864655589508 
  2001.0   14.095272839574882 
  2002.0   14.54793006579281 
  2003.0   14.669130054408921 
  2004.0   14.564644617150936 
  2005.0   14.91638373154057 
  2006.0   14.67235438450935 
  2007.0   15.162187949556957 
  2008.0   14.958918384305889 
  2009.0   14.474672062234708 
  2010.0   14.470423690737574 
  2011.0   15.1631235084901 
  2012.0   15.465550262928549 
  2013.0   15.32136631712654 
  2014.0   15.128876445498792 
