  1850.0   2.093465785943037 
  1851.0   2.0210161135573625 
  1852.0   2.08361265835196 
  1853.0   2.1638642583651917 
  1854.0   2.1638418279959923 
  1855.0   2.0796901385039948 
  1856.0   2.1682050344460966 
  1857.0   2.156391350375374 
  1858.0   2.162339364296646 
  1859.0   2.2231735971708013 
  1860.0   1.9522615950506 
  1861.0   2.065810612660568 
  1862.0   2.1913732784404902 
  1863.0   2.1434309677610344 
  1864.0   2.162946058872618 
  1865.0   2.0438644061298774 
  1866.0   2.104088723473807 
  1867.0   2.1382110077341347 
  1868.0   2.099835101072238 
  1869.0   2.029748362954857 
  1870.0   1.9882818902224129 
  1871.0   2.1018734218091235 
  1872.0   2.07224155620069 
  1873.0   2.1928804670922895 
  1874.0   2.0945305097072544 
  1875.0   2.0446464764572845 
  1876.0   2.0405905701675873 
  1877.0   2.1716672963018033 
  1878.0   2.113647865928037 
  1879.0   2.103510596977096 
  1880.0   2.1938044412920927 
  1881.0   2.0028169182257964 
  1882.0   2.0471784073201666 
  1883.0   2.1958984259910195 
  1884.0   2.0860154802234487 
  1885.0   2.048428390072559 
  1886.0   2.169339141682154 
  1887.0   2.1101091069748112 
  1888.0   2.2238181182533685 
  1889.0   2.078481092399648 
  1890.0   2.1672166777653485 
  1891.0   2.241641618196377 
  1892.0   2.1983106112692044 
  1893.0   2.0389977091768503 
  1894.0   2.029213605899004 
  1895.0   2.0875833424902868 
  1896.0   2.133777149598701 
  1897.0   2.109714320352907 
  1898.0   2.041363231762496 
  1899.0   2.059191195714886 
  1900.0   2.077509655688254 
  1901.0   2.1142026907502864 
  1902.0   2.0681688227659096 
  1903.0   1.9843170386327629 
  1904.0   2.0526506038400245 
  1905.0   1.9322234894235146 
  1906.0   2.1156077587908655 
  1907.0   2.0491307267169727 
  1908.0   2.141434768422938 
  1909.0   2.069824884905346 
  1910.0   2.0506613323402934 
  1911.0   2.0213561597177536 
  1912.0   2.0551063174097606 
  1913.0   2.110313452294604 
  1914.0   2.1075425482241035 
  1915.0   1.9793608675615584 
  1916.0   2.1798329990440997 
  1917.0   1.9676666165075658 
  1918.0   2.0856556520675107 
  1919.0   2.1001197650853625 
  1920.0   2.0821992026690395 
  1921.0   2.0187943450623425 
  1922.0   2.087942710692309 
  1923.0   2.065961384301266 
  1924.0   2.2334383018641937 
  1925.0   1.9893420776343396 
  1926.0   2.0597610435524003 
  1927.0   2.053639890238298 
  1928.0   2.0074020529842236 
  1929.0   2.1842872716265065 
  1930.0   2.106588697718891 
  1931.0   2.0282330163992732 
  1932.0   1.9838769562841558 
  1933.0   2.00978892370607 
  1934.0   2.0567876739368165 
  1935.0   2.082544775184953 
  1936.0   2.057166090193117 
  1937.0   2.0719729529214153 
  1938.0   2.035256051129537 
  1939.0   2.034431638405821 
  1940.0   2.0589920599323084 
  1941.0   1.9850845853420425 
  1942.0   2.065412940320702 
  1943.0   2.12781690190524 
  1944.0   2.0491478182413045 
  1945.0   2.0176761733522626 
  1946.0   2.0994821289524794 
  1947.0   2.004186390592266 
  1948.0   1.9198793039796282 
  1949.0   1.9547109266021254 
  1950.0   1.89831837955277 
  1951.0   2.054811744176083 
  1952.0   2.071454853803734 
  1953.0   2.0498253613450026 
  1954.0   2.21149813285299 
  1955.0   2.069967833755966 
  1956.0   2.048522711549413 
  1957.0   2.0716927634111904 
  1958.0   1.98789132401669 
  1959.0   2.0266137747809556 
  1960.0   2.1117283356741927 
  1961.0   2.0871834473489668 
  1962.0   2.172421016840943 
  1963.0   2.0173794120392947 
  1964.0   2.0317556272501194 
  1965.0   2.107233625712358 
  1966.0   2.1581669679308098 
  1967.0   2.0012113985269924 
  1968.0   2.0950742653988956 
  1969.0   2.073791478524151 
  1970.0   1.9808451096725281 
  1971.0   2.0896606540994016 
  1972.0   2.00431169374713 
  1973.0   2.0016581792060024 
  1974.0   1.9464379330326256 
  1975.0   2.047930695741479 
  1976.0   2.1514678193086696 
  1977.0   1.9969087405024255 
  1978.0   1.9614797728888442 
  1979.0   2.0438079392548945 
  1980.0   2.0362087071882407 
  1981.0   2.1082300990164744 
  1982.0   1.9988654612023713 
  1983.0   2.020032555675629 
  1984.0   1.987270018289954 
  1985.0   1.835642652692178 
  1986.0   1.9827018019673763 
  1987.0   1.9670754177774283 
  1988.0   2.0310179998466933 
  1989.0   2.0302962409292333 
  1990.0   2.1436963055351064 
  1991.0   1.9477883548463206 
  1992.0   1.9749431392365437 
  1993.0   2.1597352900792472 
  1994.0   2.072645733642709 
  1995.0   2.084307812627593 
  1996.0   2.060417829813225 
  1997.0   2.0458492546739446 
  1998.0   2.101524772340272 
  1999.0   2.0985449827266933 
  2000.0   2.0693267443077534 
  2001.0   2.1403365793547517 
  2002.0   2.120123624239472 
  2003.0   2.0037881225751164 
  2004.0   2.0942901972417634 
  2005.0   2.065236312482145 
  2006.0   2.0209212493989197 
  2007.0   2.1002000313723284 
  2008.0   2.046889134873683 
  2009.0   2.0974828603730065 
  2010.0   2.1402550568377525 
  2011.0   2.141721783435815 
  2012.0   2.133298723155391 
  2013.0   2.0525260323955927 
  2014.0   2.1236204480650933 
