  1850.0   4.812951755003979e-13 
  1851.0   1.0578097081522916e-12 
  1852.0   1.0808809481917738e-12 
  1853.0   1.286315457646718e-12 
  1854.0   1.3441590560961277e-12 
  1855.0   1.3354554321041925e-12 
  1856.0   1.2367442851885376e-12 
  1857.0   1.159030113152368e-12 
  1858.0   1.1357283847983832e-12 
  1859.0   1.2738472755634785e-12 
  1860.0   1.1096312385715278e-12 
  1861.0   7.648866712591796e-13 
  1862.0   7.390869276305299e-13 
  1863.0   8.145311489842237e-13 
  1864.0   7.565401109984542e-13 
  1865.0   7.683400159468317e-13 
  1866.0   7.266867085609276e-13 
  1867.0   6.750197494305766e-13 
  1868.0   7.155743063587894e-13 
  1869.0   6.74795164893989e-13 
  1870.0   8.640468290763864e-13 
  1871.0   1.4842737429550698e-12 
  1872.0   4.2712136405637025e-12 
  1873.0   9.123026984752642e-12 
  1874.0   1.3666312098989879e-11 
  1875.0   1.838761495349354e-11 
  1876.0   2.1451617176123907e-11 
  1877.0   2.4776939203161473e-11 
  1878.0   3.130901143157624e-11 
  1879.0   4.022447020268515e-11 
  1880.0   3.284333580842901e-11 
  1881.0   1.8507073949930897e-11 
  1882.0   1.2868421174928385e-11 
  1883.0   1.1381934598753044e-11 
  1884.0   1.165404135574647e-11 
  1885.0   1.256270560952129e-11 
  1886.0   1.3068145188890743e-11 
  1887.0   1.376357265216007e-11 
  1888.0   1.4893720991662193e-11 
  1889.0   1.5246689257460806e-11 
  1890.0   1.8652388059766817e-11 
  1891.0   2.4813914901505854e-11 
  1892.0   3.124150303116897e-11 
  1893.0   3.537462073368103e-11 
  1894.0   3.818607535390335e-11 
  1895.0   4.1338110106514035e-11 
  1896.0   4.4773147098973735e-11 
  1897.0   5.1139285959219613e-11 
  1898.0   5.6246701129973353e-11 
  1899.0   5.90958181425896e-11 
  1900.0   4.386274215221606e-11 
  1901.0   2.4512372419383033e-11 
  1902.0   1.702477356636528e-11 
  1903.0   1.3809073948777e-11 
  1904.0   1.2442326818071808e-11 
  1905.0   1.2626532304163248e-11 
  1906.0   1.2992729306455556e-11 
  1907.0   1.3254015619569645e-11 
  1908.0   1.4149545064106476e-11 
  1909.0   1.5012267130642455e-11 
  1910.0   1.2157680342791415e-11 
  1911.0   8.489042932703307e-12 
  1912.0   6.7958689240098915e-12 
  1913.0   6.071688077408055e-12 
  1914.0   5.653210647916222e-12 
  1915.0   5.28156746430413e-12 
  1916.0   4.87928558480334e-12 
  1917.0   4.457222838786287e-12 
  1918.0   4.075140733438817e-12 
  1919.0   3.954709999725382e-12 
  1920.0   4.2075949872402216e-12 
  1921.0   4.121804689312555e-12 
  1922.0   4.410025003812513e-12 
  1923.0   5.096932690251201e-12 
  1924.0   5.66099435088845e-12 
  1925.0   7.11328227604723e-12 
  1926.0   8.720426174920033e-12 
  1927.0   1.0128748919577431e-11 
  1928.0   1.1360332955948472e-11 
  1929.0   1.378586782869986e-11 
  1930.0   1.1298715654075969e-11 
  1931.0   6.5253934356274686e-12 
  1932.0   4.705795119106765e-12 
  1933.0   4.022893304503604e-12 
  1934.0   3.726463118132248e-12 
  1935.0   3.7538725619354394e-12 
  1936.0   4.426391412933245e-12 
  1937.0   4.831515728419584e-12 
  1938.0   5.1331174988827335e-12 
  1939.0   5.181530729081205e-12 
  1940.0   5.72243635443872e-12 
  1941.0   6.297038852336799e-12 
  1942.0   6.916169973635028e-12 
  1943.0   7.558737684465531e-12 
  1944.0   8.187829381359479e-12 
  1945.0   9.166570438500994e-12 
  1946.0   1.0634702515108433e-11 
  1947.0   1.2776095696087948e-11 
  1948.0   1.5125764999675747e-11 
  1949.0   1.849728138373177e-11 
  1950.0   2.1330151382149464e-11 
  1951.0   2.2747263662414486e-11 
  1952.0   2.5565560555171187e-11 
  1953.0   2.8679859310994624e-11 
  1954.0   3.146085208298717e-11 
  1955.0   3.440656265584664e-11 
  1956.0   3.822887439106256e-11 
  1957.0   4.1112244659757935e-11 
  1958.0   4.318367431217731e-11 
  1959.0   4.48995205094569e-11 
  1960.0   3.330860767379091e-11 
  1961.0   1.8590644964997385e-11 
  1962.0   1.2765243735693878e-11 
  1963.0   1.0281528620834028e-11 
  1964.0   8.902077720666017e-12 
  1965.0   8.399172000345823e-12 
  1966.0   8.4873488700122e-12 
  1967.0   8.236341255649637e-12 
  1968.0   7.901161153238434e-12 
  1969.0   7.992482926243415e-12 
  1970.0   7.705342810457749e-12 
  1971.0   7.098803725534145e-12 
  1972.0   6.734214651270976e-12 
  1973.0   6.469078369726548e-12 
  1974.0   6.241213282122894e-12 
  1975.0   6.0328885927807054e-12 
  1976.0   5.882614028703355e-12 
  1977.0   5.773051856771006e-12 
  1978.0   5.5942455147735275e-12 
  1979.0   5.458157294763455e-12 
  1980.0   4.598322160585561e-12 
  1981.0   3.608821789495346e-12 
  1982.0   3.1422534120259243e-12 
  1983.0   2.86219105826028e-12 
  1984.0   2.614351159670724e-12 
  1985.0   2.4160277996984996e-12 
  1986.0   2.2364416877873256e-12 
  1987.0   2.1479064881405135e-12 
  1988.0   2.0750649960889082e-12 
  1989.0   2.008348026235582e-12 
  1990.0   2.0358835940450998e-12 
  1991.0   2.1228772724629914e-12 
  1992.0   2.1171923744163788e-12 
  1993.0   2.0428825736332094e-12 
  1994.0   2.054340736755281e-12 
  1995.0   2.827453608450554e-12 
  1996.0   5.057841042730216e-12 
  1997.0   7.090459357894287e-12 
  1998.0   8.439278109290179e-12 
  1999.0   9.394853522870473e-12 
  2000.0   7.080565254953283e-12 
  2001.0   5.608232453551868e-12 
  2002.0   7.249237080727526e-12 
  2003.0   8.121415239414661e-12 
  2004.0   5.024175491639147e-12 
  2005.0   4.032214281315626e-12 
  2006.0   3.2748831150599504e-12 
  2007.0   2.6057840188587366e-12 
  2008.0   2.2688378413543606e-12 
  2009.0   3.265385183134624e-12 
  2010.0   3.6009186305722642e-12 
  2011.0   2.943375230262107e-12 
  2012.0   3.562041247134769e-12 
  2013.0   4.2919683329899655e-12 
  2014.0   3.961498822525438e-12 
