  1850.0   7.465277963785591 
  1851.0   7.0711138663365505 
  1852.0   7.5638256549746075 
  1853.0   7.106896591040842 
  1854.0   7.1919370860919685 
  1855.0   6.943811686749703 
  1856.0   7.004817140982017 
  1857.0   7.004780902184168 
  1858.0   7.380808521504391 
  1859.0   7.49502648898261 
  1860.0   7.332732114423231 
  1861.0   7.14400038332639 
  1862.0   7.383860865071689 
  1863.0   7.246058656084087 
  1864.0   7.304060803695767 
  1865.0   7.353604365360387 
  1866.0   7.558923096192567 
  1867.0   7.5660173069365975 
  1868.0   7.271017219449507 
  1869.0   7.0800412526747625 
  1870.0   7.699119060769355 
  1871.0   7.521804150659592 
  1872.0   7.473477147140259 
  1873.0   7.497642234596758 
  1874.0   7.642036523633 
  1875.0   7.7192776030851755 
  1876.0   7.676618435153256 
  1877.0   7.703813673403525 
  1878.0   7.725344569424502 
  1879.0   7.735962402035081 
  1880.0   7.849926357847365 
  1881.0   7.9578772515343585 
  1882.0   7.709967428565949 
  1883.0   7.799360067108507 
  1884.0   7.88099230829067 
  1885.0   7.716526370193472 
  1886.0   7.983428099028805 
  1887.0   7.838821019532666 
  1888.0   7.984190383167071 
  1889.0   7.974763920353017 
  1890.0   7.960452730960214 
  1891.0   7.87832829783714 
  1892.0   8.106357461956161 
  1893.0   7.701519417519378 
  1894.0   8.130850672600188 
  1895.0   8.057560313750917 
  1896.0   8.276356193853069 
  1897.0   7.868580450231787 
  1898.0   8.379287992299933 
  1899.0   8.425612133041156 
  1900.0   8.033833466620342 
  1901.0   8.065146297959219 
  1902.0   8.091827231176131 
  1903.0   8.027457134601207 
  1904.0   8.114565316687779 
  1905.0   7.993028211405894 
  1906.0   8.200640388268766 
  1907.0   8.186057001845588 
  1908.0   8.317809750193968 
  1909.0   8.44735160524903 
  1910.0   8.278357945018756 
  1911.0   8.382575651957092 
  1912.0   8.098936921553266 
  1913.0   8.494023365355506 
  1914.0   8.286323241286125 
  1915.0   7.934796699827861 
  1916.0   8.353810125723536 
  1917.0   8.742098997152759 
  1918.0   8.439655191866608 
  1919.0   8.517344065679428 
  1920.0   8.644737764470225 
  1921.0   8.21298592727809 
  1922.0   8.622228068918739 
  1923.0   8.614115320612223 
  1924.0   8.751840989124497 
  1925.0   8.53740857692024 
  1926.0   8.210061710710885 
  1927.0   8.595800532651761 
  1928.0   8.488105870046143 
  1929.0   8.52705162133299 
  1930.0   8.606387159338105 
  1931.0   8.645713737095367 
  1932.0   8.26066392924926 
  1933.0   8.654339019839211 
  1934.0   8.766398125974781 
  1935.0   8.632126571212908 
  1936.0   8.621940193523935 
  1937.0   8.32845335192992 
  1938.0   8.752344397606011 
  1939.0   8.64915609170246 
  1940.0   8.636313124166163 
  1941.0   8.467321630646596 
  1942.0   8.591325451782959 
  1943.0   8.936958154915901 
  1944.0   8.597871704126359 
  1945.0   8.592479277694302 
  1946.0   8.703775841214458 
  1947.0   8.76680755309104 
  1948.0   9.299925898598644 
  1949.0   8.857417562194126 
  1950.0   8.735627332728567 
  1951.0   8.650563130464013 
  1952.0   8.832658195384932 
  1953.0   8.411446619323986 
  1954.0   8.821626170473134 
  1955.0   8.721240645634417 
  1956.0   8.90657434024717 
  1957.0   8.601854334632801 
  1958.0   8.899735089409065 
  1959.0   8.934513106755825 
  1960.0   9.172404093829915 
  1961.0   9.136779847630995 
  1962.0   8.839054902793615 
  1963.0   8.644415257487287 
  1964.0   8.582418890798843 
  1965.0   8.629217641647761 
  1966.0   8.679156080688104 
  1967.0   8.790726890981935 
  1968.0   9.063211170080638 
  1969.0   8.869215063014417 
  1970.0   8.839874018931765 
  1971.0   8.764481157776858 
  1972.0   9.079909972655749 
  1973.0   8.988237284091515 
  1974.0   8.74099432889463 
  1975.0   8.632057140264404 
  1976.0   8.808843312893616 
  1977.0   9.198161957297957 
  1978.0   8.785959928137308 
  1979.0   8.760451739306774 
  1980.0   8.865753128865165 
  1981.0   9.450760026836676 
  1982.0   9.027302414249945 
  1983.0   9.063900380936326 
  1984.0   9.187873793178333 
  1985.0   9.078513551292106 
  1986.0   9.02381870279265 
  1987.0   9.07535817633646 
  1988.0   9.144453034980186 
  1989.0   9.170997412915854 
  1990.0   9.026363653187174 
  1991.0   8.92840378137735 
  1992.0   9.227178985855392 
  1993.0   8.856640100704384 
  1994.0   9.12618380489851 
  1995.0   9.274285024863207 
  1996.0   9.397653536851987 
  1997.0   9.425174875977971 
  1998.0   9.80937427066696 
  1999.0   9.465465141057674 
  2000.0   9.23238704359696 
  2001.0   9.317316809109473 
  2002.0   9.495367400546032 
  2003.0   9.901578317480704 
  2004.0   9.407689058532148 
  2005.0   9.524868504493668 
  2006.0   9.314760683896642 
  2007.0   9.291577894309318 
  2008.0   9.444476976769163 
  2009.0   9.659239594088305 
  2010.0   9.815986408148438 
  2011.0   9.627270699051158 
  2012.0   9.439813466519661 
  2013.0   9.857779475852588 
  2014.0   10.158296747611251 
