  1850.0   9.67807407089292 
  1851.0   9.941841780541836 
  1852.0   9.984073637375403 
  1853.0   9.75209681731245 
  1854.0   10.040346026734074 
  1855.0   10.129834768155717 
  1856.0   10.18006595892211 
  1857.0   10.1176405701562 
  1858.0   10.06037877188981 
  1859.0   9.68579323847191 
  1860.0   9.23397515711239 
  1861.0   9.456603393931665 
  1862.0   9.393331848400956 
  1863.0   9.913518559193122 
  1864.0   9.74668376489626 
  1865.0   9.627953765302228 
  1866.0   9.663835129286829 
  1867.0   9.990550551358355 
  1868.0   10.209043282877165 
  1869.0   10.054527706856117 
  1870.0   9.621584165788702 
  1871.0   10.015016089859536 
  1872.0   10.219093526755039 
  1873.0   10.006078136185454 
  1874.0   9.52708162726229 
  1875.0   10.191238890177402 
  1876.0   10.088678930915004 
  1877.0   9.740131555476681 
  1878.0   10.356980742559811 
  1879.0   10.32550366420752 
  1880.0   10.42815162144725 
  1881.0   10.137764177218257 
  1882.0   9.971208000287511 
  1883.0   10.194562261019072 
  1884.0   10.463909945118298 
  1885.0   10.567608928655197 
  1886.0   10.365947313457465 
  1887.0   10.242312505913684 
  1888.0   10.621623732318632 
  1889.0   10.876156742014258 
  1890.0   10.45198562467135 
  1891.0   10.483054853151748 
  1892.0   10.344230266855801 
  1893.0   10.516969210025486 
  1894.0   10.578851963250727 
  1895.0   10.960288587611041 
  1896.0   10.57557255632774 
  1897.0   10.532396385649207 
  1898.0   10.53934305780759 
  1899.0   10.322639045227238 
  1900.0   10.23078451606077 
  1901.0   10.82743795493414 
  1902.0   10.595351336088685 
  1903.0   10.75275671224382 
  1904.0   10.58833639718372 
  1905.0   10.713530258970332 
  1906.0   10.355876674946996 
  1907.0   10.45149422494535 
  1908.0   9.970925744397913 
  1909.0   10.8814273886156 
  1910.0   10.818014403691324 
  1911.0   10.444879031768437 
  1912.0   10.964985504291917 
  1913.0   10.622210018962736 
  1914.0   10.138321129625934 
  1915.0   10.497079681107044 
  1916.0   10.791246030397009 
  1917.0   9.839932248449703 
  1918.0   10.179047473072838 
  1919.0   11.084904964274843 
  1920.0   11.14535174024767 
  1921.0   10.469043795561014 
  1922.0   10.75789174365481 
  1923.0   10.50800592872379 
  1924.0   10.336303950748778 
  1925.0   10.683759777108914 
  1926.0   10.61418699315392 
  1927.0   10.537598329189539 
  1928.0   10.180197698091018 
  1929.0   10.841899378982 
  1930.0   10.733379500311004 
  1931.0   11.15837648853418 
  1932.0   10.881681545522248 
  1933.0   10.726533595936804 
  1934.0   10.517705710353905 
  1935.0   11.274816157337316 
  1936.0   10.910243785912137 
  1937.0   10.567299871114253 
  1938.0   10.892234690986148 
  1939.0   10.572925167319607 
  1940.0   11.429531146581931 
  1941.0   11.183179451611549 
  1942.0   10.688665752705454 
  1943.0   10.187240454413052 
  1944.0   10.447466658227434 
  1945.0   11.137106847442451 
  1946.0   11.037474780916783 
  1947.0   10.967973045120326 
  1948.0   11.444200823127591 
  1949.0   10.781340036665256 
  1950.0   11.002054327415426 
  1951.0   11.003681216671643 
  1952.0   10.928440492209598 
  1953.0   11.100835268503866 
  1954.0   11.347252068562844 
  1955.0   11.366572294534288 
  1956.0   11.457861709210855 
  1957.0   11.327701979901187 
  1958.0   11.392000694689859 
  1959.0   11.153628060553375 
  1960.0   11.050577731873814 
  1961.0   10.896373336598774 
  1962.0   11.573521520251003 
  1963.0   10.946131280349467 
  1964.0   11.355466592516473 
  1965.0   11.118128849753159 
  1966.0   11.327376344737026 
  1967.0   11.132450677964357 
  1968.0   11.007323391002599 
  1969.0   11.29863531511219 
  1970.0   11.796633337691828 
  1971.0   11.334188862130189 
  1972.0   11.527017623163674 
  1973.0   11.30250510427367 
  1974.0   11.600146068188241 
  1975.0   11.413151896633075 
  1976.0   11.181814240472795 
  1977.0   11.885207577356041 
  1978.0   10.9848681910379 
  1979.0   11.13312136088768 
  1980.0   12.020344493261224 
  1981.0   11.772400256582864 
  1982.0   12.034598141801945 
  1983.0   12.05316192269861 
  1984.0   11.774785363676234 
  1985.0   11.903100688145615 
  1986.0   11.728074205328982 
  1987.0   11.502458866403229 
  1988.0   11.893751272034589 
  1989.0   12.43710640895762 
  1990.0   12.553131619215725 
  1991.0   12.929959833050672 
  1992.0   12.242908501093432 
  1993.0   12.412878132985194 
  1994.0   12.302066986036124 
  1995.0   12.132421407287238 
  1996.0   12.796952588162311 
  1997.0   13.197949666554628 
  1998.0   12.731008482089424 
  1999.0   13.273687694815802 
  2000.0   13.71411533011354 
  2001.0   13.545989511779052 
  2002.0   12.812799607236673 
  2003.0   13.3397194457509 
  2004.0   12.471547495661037 
  2005.0   12.881032356048635 
  2006.0   12.932057343188019 
  2007.0   13.60502115762592 
  2008.0   13.604265969692896 
  2009.0   13.157015169176573 
  2010.0   13.590870176038596 
  2011.0   13.797446568948173 
  2012.0   13.450816335391567 
  2013.0   13.827364161476485 
  2014.0   14.42635875158476 
