  1850.0   165.80143712492531 
  1851.0   165.73069844171118 
  1852.0   165.66414398150664 
  1853.0   165.6181331423455 
  1854.0   165.5650662459456 
  1855.0   165.50183624959374 
  1856.0   165.4441477387963 
  1857.0   165.4158535699295 
  1858.0   165.41416254974922 
  1859.0   165.4339696611532 
  1860.0   165.4431014825822 
  1861.0   165.45319406047273 
  1862.0   165.49680063042146 
  1863.0   165.5547891772116 
  1864.0   165.63205772690756 
  1865.0   165.70234642770993 
  1866.0   165.74330954703686 
  1867.0   165.79851467650735 
  1868.0   165.8320000882916 
  1869.0   165.85683582516089 
  1870.0   165.89887395371161 
  1871.0   165.9547788261635 
  1872.0   166.0420401400026 
  1873.0   166.11334559693518 
  1874.0   166.20267086189511 
  1875.0   166.27868655946327 
  1876.0   166.35589483144602 
  1877.0   166.41205074973834 
  1878.0   166.42380961549372 
  1879.0   166.45537230072358 
  1880.0   166.4935141413262 
  1881.0   166.49660238920882 
  1882.0   166.51508307146858 
  1883.0   166.53904026785366 
  1884.0   166.5740356628971 
  1885.0   166.64653306906595 
  1886.0   166.76193709567016 
  1887.0   166.87360145461912 
  1888.0   166.95840025031129 
  1889.0   167.02262892864553 
  1890.0   167.0964069760239 
  1891.0   167.1654575270479 
  1892.0   167.2204819989527 
  1893.0   167.26510264628402 
  1894.0   167.30978756755437 
  1895.0   167.3765045764299 
  1896.0   167.44748889792962 
  1897.0   167.5182077902057 
  1898.0   167.63965959099556 
  1899.0   167.75668358305103 
  1900.0   167.84915865980398 
  1901.0   167.92059703186513 
  1902.0   167.93647037046193 
  1903.0   167.9633358255447 
  1904.0   168.0407010408741 
  1905.0   168.14113533584393 
  1906.0   168.22641243600623 
  1907.0   168.28540807794863 
  1908.0   168.34690015187996 
  1909.0   168.407063669849 
  1910.0   168.43289329075836 
  1911.0   168.4592429045186 
  1912.0   168.46801976528474 
  1913.0   168.52976831260753 
  1914.0   168.63135781498355 
  1915.0   168.74578738046088 
  1916.0   168.8535320922639 
  1917.0   168.9234984064047 
  1918.0   168.94151655974287 
  1919.0   168.9379605092556 
  1920.0   168.94907837595622 
  1921.0   168.97282714197965 
  1922.0   169.01761621503175 
  1923.0   169.08079940963344 
  1924.0   169.15057890152372 
  1925.0   169.21841975999183 
  1926.0   169.26999606590795 
  1927.0   169.3283151618446 
  1928.0   169.4230805531809 
  1929.0   169.50938275486513 
  1930.0   169.58859701047402 
  1931.0   169.66094107365208 
  1932.0   169.69986750613063 
  1933.0   169.6907236953857 
  1934.0   169.68975454809694 
  1935.0   169.69680494317447 
  1936.0   169.68391828014134 
  1937.0   169.70474846981696 
  1938.0   169.74581459214426 
  1939.0   169.79805281040797 
  1940.0   169.91038971631355 
  1941.0   170.02969488620064 
  1942.0   170.15380909369418 
  1943.0   170.23799940770098 
  1944.0   170.31539974681326 
  1945.0   170.36424171934812 
  1946.0   170.37867327128953 
  1947.0   170.4438263171659 
  1948.0   170.54408076871505 
  1949.0   170.6667210944999 
  1950.0   170.83734350074383 
  1951.0   171.02507134834536 
  1952.0   171.14405177732215 
  1953.0   171.22701401228395 
  1954.0   171.26386040150499 
  1955.0   171.3036427167219 
  1956.0   171.34164004431324 
  1957.0   171.34750385062316 
  1958.0   171.39568604575237 
  1959.0   171.472360117063 
  1960.0   171.5870985442441 
  1961.0   171.67983420601104 
  1962.0   171.77592757378534 
  1963.0   171.89032978733212 
  1964.0   172.02267874373737 
  1965.0   172.15598621428614 
  1966.0   172.32398877150382 
  1967.0   172.47197914240553 
  1968.0   172.566609215088 
  1969.0   172.62691242835612 
  1970.0   172.6878847034703 
  1971.0   172.77731314731622 
  1972.0   172.844989403791 
  1973.0   172.9153512048604 
  1974.0   173.0396773379029 
  1975.0   173.17045734221412 
  1976.0   173.29855076139705 
  1977.0   173.4108371062043 
  1978.0   173.50215329227052 
  1979.0   173.5547963923671 
  1980.0   173.5930551170846 
  1981.0   173.68584859579974 
  1982.0   173.84450091470455 
  1983.0   174.00270756450706 
  1984.0   174.1266263609266 
  1985.0   174.22906718298722 
  1986.0   174.28266631153593 
  1987.0   174.38010736811034 
  1988.0   174.50650120895773 
  1989.0   174.6607996414309 
  1990.0   174.8178286371337 
  1991.0   174.95186089229603 
  1992.0   175.05410877346068 
  1993.0   175.1800723244339 
  1994.0   175.27330550606342 
  1995.0   175.33448357838077 
  1996.0   175.3925115203928 
  1997.0   175.47822041786023 
  1998.0   175.55270387765881 
  1999.0   175.60667154339268 
  2000.0   175.67190141364935 
  2001.0   175.73805027726027 
  2002.0   175.79728371353582 
  2003.0   175.8649413921688 
  2004.0   175.89173605407558 
  2005.0   175.91840961873336 
  2006.0   175.96394791296314 
  2007.0   176.01624575362402 
  2008.0   176.11931532080533 
  2009.0   176.19085224085913 
  2010.0   176.23694987170106 
  2011.0   176.24263576286188 
  2012.0   176.3137305278104 
  2013.0   176.39214945854147 
  2014.0   176.52599124169743 
