  1850.0   461.16048482907695 
  1851.0   460.84295246486903 
  1852.0   460.6587042649961 
  1853.0   460.28046973562647 
  1854.0   459.8810935755506 
  1855.0   459.70993507082005 
  1856.0   459.70856475821836 
  1857.0   459.46805741361214 
  1858.0   459.1793288612372 
  1859.0   458.900981972563 
  1860.0   458.5892851092308 
  1861.0   458.30313920847175 
  1862.0   458.09096697016565 
  1863.0   458.15629566401725 
  1864.0   458.1450361511579 
  1865.0   457.95337585652345 
  1866.0   457.8283427741396 
  1867.0   457.81615282814386 
  1868.0   457.8096186301038 
  1869.0   457.9137031181105 
  1870.0   458.14267598134666 
  1871.0   458.08198286657563 
  1872.0   457.7905949302644 
  1873.0   457.56777661976275 
  1874.0   457.35934005999593 
  1875.0   456.89724373014155 
  1876.0   456.56959071241977 
  1877.0   456.4000978733265 
  1878.0   456.28478571590153 
  1879.0   456.0927699232235 
  1880.0   455.9066456058955 
  1881.0   455.97421579728007 
  1882.0   456.0506170609535 
  1883.0   455.8291486069917 
  1884.0   455.68555288653215 
  1885.0   455.78855273910153 
  1886.0   455.9180732585941 
  1887.0   455.720572563539 
  1888.0   455.680849006595 
  1889.0   455.6819309265781 
  1890.0   455.7957932622094 
  1891.0   455.59036508975316 
  1892.0   455.4206750303773 
  1893.0   455.29362303991206 
  1894.0   455.1037757649103 
  1895.0   454.92422885052565 
  1896.0   454.89813314626355 
  1897.0   454.82294457571726 
  1898.0   454.5368705598873 
  1899.0   453.9650466983156 
  1900.0   453.69263617024245 
  1901.0   454.03889237916144 
  1902.0   454.26911844469566 
  1903.0   454.45306180265834 
  1904.0   454.451719056102 
  1905.0   454.1904514033758 
  1906.0   454.32594628553113 
  1907.0   454.5281458955822 
  1908.0   454.59793660101514 
  1909.0   454.8758644911801 
  1910.0   455.0520097217237 
  1911.0   455.32416048020355 
  1912.0   455.5471627955542 
  1913.0   455.9199625872526 
  1914.0   455.9343437496807 
  1915.0   456.0089996489276 
  1916.0   456.15824219389026 
  1917.0   456.46629629024784 
  1918.0   456.7995991787511 
  1919.0   457.1268929900843 
  1920.0   457.59994331667707 
  1921.0   458.1069072980731 
  1922.0   458.38366035170077 
  1923.0   458.76375051982416 
  1924.0   459.1553421664768 
  1925.0   459.5651552195513 
  1926.0   460.0683277017084 
  1927.0   460.3341886894842 
  1928.0   460.59005847795794 
  1929.0   460.7783524161496 
  1930.0   460.9898767973866 
  1931.0   461.09226642290366 
  1932.0   461.446705040704 
  1933.0   461.7055535536339 
  1934.0   461.81029841722756 
  1935.0   462.03732168810836 
  1936.0   462.2179516992287 
  1937.0   462.35957754421185 
  1938.0   462.42449079939075 
  1939.0   462.4251811630749 
  1940.0   462.5653263634765 
  1941.0   462.8904881308795 
  1942.0   462.9507671223496 
  1943.0   463.06842810164676 
  1944.0   463.3414756816436 
  1945.0   463.68947557912713 
  1946.0   463.94830574288954 
  1947.0   464.2586432879987 
  1948.0   464.5681317521192 
  1949.0   464.92566497476554 
  1950.0   465.0150558320894 
  1951.0   465.38094029804097 
  1952.0   465.6462872925922 
  1953.0   466.0590824151513 
  1954.0   466.5561807098653 
  1955.0   466.91816378348545 
  1956.0   467.1332947686416 
  1957.0   467.65429318542976 
  1958.0   468.2405707823949 
  1959.0   468.67352806492636 
  1960.0   469.2634905524071 
  1961.0   469.9387509111919 
  1962.0   470.40121574048885 
  1963.0   470.73346018610494 
  1964.0   471.30900043306497 
  1965.0   471.7687780296422 
  1966.0   472.190241504059 
  1967.0   472.6750949827345 
  1968.0   472.9793840315936 
  1969.0   473.5159459842399 
  1970.0   474.0947125922993 
  1971.0   474.6728508393025 
  1972.0   475.2746266135389 
  1973.0   475.8204682173775 
  1974.0   476.3937567452614 
  1975.0   476.809777103356 
  1976.0   477.4263225620198 
  1977.0   478.1792427393998 
  1978.0   479.0138540708453 
  1979.0   479.7712737441839 
  1980.0   480.381000415694 
  1981.0   480.91750942139254 
  1982.0   481.30770877871186 
  1983.0   482.01374418233945 
  1984.0   482.8159070347616 
  1985.0   483.48609323755613 
  1986.0   484.23321369050547 
  1987.0   484.7581473633448 
  1988.0   485.3815825518451 
  1989.0   486.02115867826154 
  1990.0   486.549851434775 
  1991.0   486.9595241966534 
  1992.0   487.5069403716576 
  1993.0   488.11669111391063 
  1994.0   488.66205591478075 
  1995.0   489.20409907445304 
  1996.0   489.6783161236922 
  1997.0   490.7214069866812 
  1998.0   491.51927582479306 
  1999.0   492.48474472940495 
  2000.0   493.45635424831954 
  2001.0   494.283331152747 
  2002.0   495.0533001875002 
  2003.0   495.36455652127444 
  2004.0   496.6407978096151 
  2005.0   497.42853525918866 
  2006.0   498.492221818176 
  2007.0   498.8842890230685 
  2008.0   499.2598908024789 
  2009.0   500.0493104982391 
  2010.0   501.824222057217 
  2011.0   502.47157963968704 
  2012.0   502.6543102367622 
  2013.0   504.18732490459865 
  2014.0   504.05299342665523 
