  1850.0   9.611895946822531e-11 
  1851.0   9.971517933609794e-11 
  1852.0   1.0805966554763209e-10 
  1853.0   1.1424136513265633e-10 
  1854.0   1.2492585006848393e-10 
  1855.0   1.3158530963630422e-10 
  1856.0   1.301760178380428e-10 
  1857.0   1.4128717837193039e-10 
  1858.0   1.4737580706346637e-10 
  1859.0   1.45602113542776e-10 
  1860.0   1.4971915962121966e-10 
  1861.0   1.5235242204977227e-10 
  1862.0   1.5277259687789315e-10 
  1863.0   1.6437422513435504e-10 
  1864.0   1.549336349532976e-10 
  1865.0   1.6893417833467252e-10 
  1866.0   1.6010247079188798e-10 
  1867.0   1.5779949411168757e-10 
  1868.0   1.6605899401119813e-10 
  1869.0   1.6500692483162184e-10 
  1870.0   1.689116038280988e-10 
  1871.0   1.8219258753738121e-10 
  1872.0   1.869598269347026e-10 
  1873.0   2.0100018377835218e-10 
  1874.0   1.9589874357342615e-10 
  1875.0   2.3141522262401118e-10 
  1876.0   2.3929089849516324e-10 
  1877.0   2.515845808019533e-10 
  1878.0   2.7310107371965914e-10 
  1879.0   2.6990295755447776e-10 
  1880.0   2.881142983982324e-10 
  1881.0   2.8205821580473756e-10 
  1882.0   2.9834351294859484e-10 
  1883.0   2.9863983058708816e-10 
  1884.0   3.073870195398807e-10 
  1885.0   2.9775477525685494e-10 
  1886.0   3.3914757176672657e-10 
  1887.0   3.152931071043408e-10 
  1888.0   3.245386427909953e-10 
  1889.0   3.5279390797470863e-10 
  1890.0   3.4600125288909753e-10 
  1891.0   3.637379839989091e-10 
  1892.0   3.487752466909129e-10 
  1893.0   3.788878110127741e-10 
  1894.0   3.769547804437656e-10 
  1895.0   4.02814233175747e-10 
  1896.0   3.980240943019099e-10 
  1897.0   4.03574428800248e-10 
  1898.0   4.064586895485783e-10 
  1899.0   4.0075388686771703e-10 
  1900.0   4.5154869342923523e-10 
  1901.0   4.4005932825496333e-10 
  1902.0   4.407520422999214e-10 
  1903.0   4.440360146978254e-10 
  1904.0   4.309878948783233e-10 
  1905.0   4.3037834513475505e-10 
  1906.0   4.815034331013998e-10 
  1907.0   4.905979963004287e-10 
  1908.0   4.588884997530523e-10 
  1909.0   5.041515770307958e-10 
  1910.0   4.96270838809002e-10 
  1911.0   4.891312151617397e-10 
  1912.0   4.878285019024468e-10 
  1913.0   4.83410659254986e-10 
  1914.0   4.743693021424069e-10 
  1915.0   4.794774352724045e-10 
  1916.0   4.745561456548195e-10 
  1917.0   4.938978793769272e-10 
  1918.0   4.825401366905395e-10 
  1919.0   4.970419757898769e-10 
  1920.0   4.879644080575988e-10 
  1921.0   4.759912834237383e-10 
  1922.0   5.15644760823778e-10 
  1923.0   5.099449807472575e-10 
  1924.0   5.184769687962251e-10 
  1925.0   5.386977805884397e-10 
  1926.0   5.126565869043603e-10 
  1927.0   5.296670246765582e-10 
  1928.0   5.465313153736549e-10 
  1929.0   5.757781452704531e-10 
  1930.0   5.382052028496508e-10 
  1931.0   5.526137260005653e-10 
  1932.0   5.406984523620613e-10 
  1933.0   5.50157575173782e-10 
  1934.0   5.506762331951625e-10 
  1935.0   5.658323200479738e-10 
  1936.0   5.637200402811603e-10 
  1937.0   5.863620203444812e-10 
  1938.0   5.847151441010988e-10 
  1939.0   6.136117357579975e-10 
  1940.0   5.530560829327714e-10 
  1941.0   6.045415560705943e-10 
  1942.0   6.045745949951725e-10 
  1943.0   6.178443603009283e-10 
  1944.0   6.316204820910671e-10 
  1945.0   6.516995414755695e-10 
  1946.0   6.889915902068151e-10 
  1947.0   6.603815900822603e-10 
  1948.0   6.251009740430585e-10 
  1949.0   6.775445976813977e-10 
  1950.0   6.921009291190749e-10 
  1951.0   7.081790061880251e-10 
  1952.0   7.37217555952964e-10 
  1953.0   7.594825862220932e-10 
  1954.0   7.375917048512626e-10 
  1955.0   7.87111190870596e-10 
  1956.0   7.872604702670118e-10 
  1957.0   7.745311172185088e-10 
  1958.0   8.261214306554437e-10 
  1959.0   8.179933562041079e-10 
  1960.0   8.252130339654431e-10 
  1961.0   8.657233619426365e-10 
  1962.0   8.659055673174894e-10 
  1963.0   8.623458254529541e-10 
  1964.0   8.827276281394175e-10 
  1965.0   8.985837433365066e-10 
  1966.0   9.101107311542641e-10 
  1967.0   8.936096206546216e-10 
  1968.0   9.098208872265556e-10 
  1969.0   9.624924844360875e-10 
  1970.0   9.409357678880299e-10 
  1971.0   9.707471840957886e-10 
  1972.0   9.677354535285594e-10 
  1973.0   1.0230427209610804e-09 
  1974.0   1.0179180862017305e-09 
  1975.0   1.0251496965013577e-09 
  1976.0   1.0204675193955676e-09 
  1977.0   1.0415916785973965e-09 
  1978.0   1.0156573684751776e-09 
  1979.0   1.069923838674888e-09 
  1980.0   1.0609707349059378e-09 
  1981.0   1.061185925151728e-09 
  1982.0   1.0700453440523237e-09 
  1983.0   1.0192158009390601e-09 
  1984.0   1.0777830267175178e-09 
  1985.0   1.1221546264438118e-09 
  1986.0   1.0956927074100256e-09 
  1987.0   1.085845514308607e-09 
  1988.0   1.1840515589002044e-09 
  1989.0   1.056835934560189e-09 
  1990.0   1.0806131908765546e-09 
  1991.0   1.1054479575200775e-09 
  1992.0   1.194887736476211e-09 
  1993.0   1.1551660092183553e-09 
  1994.0   1.1246125405791789e-09 
  1995.0   1.1252692682371568e-09 
  1996.0   1.130131266037709e-09 
  1997.0   1.1948357848458366e-09 
  1998.0   1.1807779670641472e-09 
  1999.0   1.1014165158337679e-09 
  2000.0   1.190852234242695e-09 
  2001.0   1.1419800693470099e-09 
  2002.0   1.146860252743087e-09 
  2003.0   1.1456326096547135e-09 
  2004.0   1.1457848222976262e-09 
  2005.0   1.1691651602054272e-09 
  2006.0   1.1366729966084558e-09 
  2007.0   1.151154789696543e-09 
  2008.0   1.1346918775991377e-09 
  2009.0   1.214040321631212e-09 
  2010.0   1.0963576904705197e-09 
  2011.0   1.1324439674384406e-09 
  2012.0   1.221952488803058e-09 
  2013.0   1.161064930879394e-09 
  2014.0   1.148247338922987e-09 
