  1850.0   17.274390481047767 
  1851.0   16.67735504960886 
  1852.0   17.628618111909987 
  1853.0   16.339172510892 
  1854.0   16.246496122071825 
  1855.0   16.95698358377627 
  1856.0   15.966552112644985 
  1857.0   16.426067644206565 
  1858.0   16.67506747907019 
  1859.0   17.08543864828647 
  1860.0   17.014269720793813 
  1861.0   16.740643901699848 
  1862.0   16.922986843058233 
  1863.0   16.760196000760246 
  1864.0   15.482956804500438 
  1865.0   16.560096940652205 
  1866.0   16.975084224136243 
  1867.0   17.18534592615931 
  1868.0   17.154820790319228 
  1869.0   16.034958835581744 
  1870.0   16.51777410716296 
  1871.0   16.02548270446506 
  1872.0   16.793400222885374 
  1873.0   16.480890885872853 
  1874.0   16.639544288389327 
  1875.0   16.783006064608514 
  1876.0   15.994320352569199 
  1877.0   16.436614449196405 
  1878.0   16.572332361184962 
  1879.0   16.868159470162656 
  1880.0   16.400246329116808 
  1881.0   16.717589049914206 
  1882.0   16.8904595358581 
  1883.0   16.878343215104454 
  1884.0   17.674668166165528 
  1885.0   16.42940634685577 
  1886.0   16.621394368928105 
  1887.0   16.41292568565802 
  1888.0   16.908279062943006 
  1889.0   16.51063513154614 
  1890.0   16.722818695727312 
  1891.0   16.381100050554384 
  1892.0   17.22871863496533 
  1893.0   16.954253530957473 
  1894.0   16.268088754244868 
  1895.0   16.75924116731008 
  1896.0   15.998090677642518 
  1897.0   17.098268111207485 
  1898.0   16.94893227073416 
  1899.0   16.536005534503044 
  1900.0   17.077459090632892 
  1901.0   16.517042135778283 
  1902.0   16.21491649712239 
  1903.0   17.14191924745201 
  1904.0   16.680868057553482 
  1905.0   17.649048318388875 
  1906.0   17.413412272597217 
  1907.0   16.43581859590577 
  1908.0   16.87635428949578 
  1909.0   16.97512064148418 
  1910.0   16.856949951114764 
  1911.0   16.572197377148758 
  1912.0   17.44068904273962 
  1913.0   17.04937112389638 
  1914.0   16.616228812212565 
  1915.0   16.79569659900182 
  1916.0   17.133004710247373 
  1917.0   16.614751971622887 
  1918.0   17.09068779184821 
  1919.0   15.979864662207001 
  1920.0   17.111361198838882 
  1921.0   16.887293277055267 
  1922.0   17.808869478234353 
  1923.0   17.04523225031872 
  1924.0   15.607338485671384 
  1925.0   17.07161011161416 
  1926.0   16.363906413808014 
  1927.0   16.784138774243456 
  1928.0   17.39380478306469 
  1929.0   17.27035432877642 
  1930.0   17.19327636160947 
  1931.0   17.1893905810839 
  1932.0   17.62529139090387 
  1933.0   17.34556810634815 
  1934.0   16.7037054478228 
  1935.0   17.241285493424137 
  1936.0   17.080529182814285 
  1937.0   16.438603742681504 
  1938.0   16.694180935639555 
  1939.0   15.914223955843498 
  1940.0   16.912104925060895 
  1941.0   16.802566433977933 
  1942.0   17.614466442252713 
  1943.0   17.158564417129075 
  1944.0   17.03915373606894 
  1945.0   16.62050583771253 
  1946.0   16.488116075737125 
  1947.0   17.551399532303044 
  1948.0   17.226794337511844 
  1949.0   17.804103716300286 
  1950.0   17.06150946654444 
  1951.0   17.26988601951327 
  1952.0   17.50844870216909 
  1953.0   16.573226901276133 
  1954.0   17.331500025901075 
  1955.0   17.211614472720367 
  1956.0   16.807498734836035 
  1957.0   17.14421172576574 
  1958.0   16.820187725792508 
  1959.0   17.506606523882756 
  1960.0   17.383545357218594 
  1961.0   17.40286148309839 
  1962.0   17.211608642995024 
  1963.0   17.581327788562824 
  1964.0   16.823713462807834 
  1965.0   16.600430996745114 
  1966.0   17.594101770269166 
  1967.0   16.7728821116123 
  1968.0   17.769678847869596 
  1969.0   17.45655600845756 
  1970.0   16.73387466826402 
  1971.0   17.293251225680116 
  1972.0   17.35364372118172 
  1973.0   15.713783085207037 
  1974.0   16.55297113750784 
  1975.0   16.82994710579256 
  1976.0   16.307960895398107 
  1977.0   16.8222429347947 
  1978.0   16.553657553251877 
  1979.0   16.354846006163957 
  1980.0   17.32867954685916 
  1981.0   16.141166623525386 
  1982.0   16.756161878098 
  1983.0   16.444457441738173 
  1984.0   16.955310816669446 
  1985.0   16.670882399162856 
  1986.0   16.656949366902214 
  1987.0   16.751460960722113 
  1988.0   17.25490231549908 
  1989.0   16.50182312770675 
  1990.0   17.696483574545955 
  1991.0   18.529224792213512 
  1992.0   17.967672533478193 
  1993.0   17.52659390930617 
  1994.0   17.338565337280944 
  1995.0   17.87932354495322 
  1996.0   18.080429466186118 
  1997.0   18.228578815047968 
  1998.0   17.997282730733698 
  1999.0   18.343475113863914 
  2000.0   17.975499141489166 
  2001.0   17.916448499547347 
  2002.0   18.19788219717839 
  2003.0   18.716049071702557 
  2004.0   18.007513925587332 
  2005.0   17.808775590207205 
  2006.0   19.570506955210753 
  2007.0   17.98910192534428 
  2008.0   19.07664963727395 
  2009.0   20.04747553705953 
  2010.0   19.928561723871244 
  2011.0   19.25041595840435 
  2012.0   18.28557082195131 
  2013.0   18.566977812491405 
  2014.0   18.712132481429414 
