  1850.0   7.558383668997326e-10 
  1851.0   6.421805643419443e-10 
  1852.0   8.197050923004554e-10 
  1853.0   6.525717473244105e-10 
  1854.0   9.604715769686208e-10 
  1855.0   6.615047576127209e-10 
  1856.0   7.61718067860592e-10 
  1857.0   4.975837876492047e-10 
  1858.0   8.144778642169491e-10 
  1859.0   6.854982779407125e-10 
  1860.0   8.633433818484327e-10 
  1861.0   5.637448643800063e-10 
  1862.0   6.452004062511166e-10 
  1863.0   6.552661851720392e-10 
  1864.0   6.416899228022234e-10 
  1865.0   3.834460427176465e-10 
  1866.0   7.843839785680093e-10 
  1867.0   7.471670324320706e-10 
  1868.0   6.41624705803942e-10 
  1869.0   8.09129374923523e-10 
  1870.0   6.435616836521993e-10 
  1871.0   7.497902426307779e-10 
  1872.0   8.241599387542042e-10 
  1873.0   9.593114807554467e-10 
  1874.0   4.882884692159428e-10 
  1875.0   6.205380200252344e-10 
  1876.0   7.613558903801016e-10 
  1877.0   7.508040756332977e-10 
  1878.0   6.645933290474359e-10 
  1879.0   5.616360298936865e-10 
  1880.0   6.131963162301199e-10 
  1881.0   5.151087326901563e-10 
  1882.0   6.163751859095404e-10 
  1883.0   6.640240097399744e-10 
  1884.0   6.014755927395384e-10 
  1885.0   6.855745916889561e-10 
  1886.0   5.500881438983555e-10 
  1887.0   6.075069227408197e-10 
  1888.0   5.230832480218908e-10 
  1889.0   7.083362359414796e-10 
  1890.0   5.83953602611727e-10 
  1891.0   7.752494819842192e-10 
  1892.0   5.941474416617701e-10 
  1893.0   6.659413009750298e-10 
  1894.0   6.06202493641703e-10 
  1895.0   5.743953252495274e-10 
  1896.0   6.417963272882539e-10 
  1897.0   6.753430161793628e-10 
  1898.0   5.375167191459531e-10 
  1899.0   5.190991121164678e-10 
  1900.0   5.466623259110299e-10 
  1901.0   9.842188897039303e-10 
  1902.0   7.285447812886546e-10 
  1903.0   7.37952809826761e-10 
  1904.0   6.21163095379275e-10 
  1905.0   7.741465654669181e-10 
  1906.0   8.150812662050362e-10 
  1907.0   9.911601721470859e-10 
  1908.0   9.84231957317557e-10 
  1909.0   5.355655726163945e-10 
  1910.0   5.687971951971665e-10 
  1911.0   5.981481576081393e-10 
  1912.0   6.618784152356899e-10 
  1913.0   5.613316063690142e-10 
  1914.0   6.159141198807683e-10 
  1915.0   6.223172275628392e-10 
  1916.0   6.642358005760542e-10 
  1917.0   6.15380370264789e-10 
  1918.0   6.600033747600497e-10 
  1919.0   6.809056079369678e-10 
  1920.0   4.862925998255607e-10 
  1921.0   6.425508982733576e-10 
  1922.0   7.253673643739607e-10 
  1923.0   5.671694543912131e-10 
  1924.0   5.606740965124657e-10 
  1925.0   8.809341131893696e-10 
  1926.0   4.661444000183774e-10 
  1927.0   4.843708854270331e-10 
  1928.0   6.609823083926715e-10 
  1929.0   4.4910176553315516e-10 
  1930.0   6.463542662304389e-10 
  1931.0   7.760785064682355e-10 
  1932.0   4.780253017860726e-10 
  1933.0   7.082034352306147e-10 
  1934.0   6.846176270234598e-10 
  1935.0   8.647393234016712e-10 
  1936.0   4.693653464098916e-10 
  1937.0   7.101938918301815e-10 
  1938.0   6.20467991791987e-10 
  1939.0   5.811885595468276e-10 
  1940.0   5.911188173451014e-10 
  1941.0   5.735246561382634e-10 
  1942.0   5.876485957979132e-10 
  1943.0   5.064432607620596e-10 
  1944.0   5.181965205669509e-10 
  1945.0   4.671106755178928e-10 
  1946.0   4.0668706759516727e-10 
  1947.0   4.1062091465844773e-10 
  1948.0   4.0859330545756795e-10 
  1949.0   5.464483116503268e-10 
  1950.0   3.63683602427417e-10 
  1951.0   5.662197288952022e-10 
  1952.0   5.825125454013836e-10 
  1953.0   4.391586800480892e-10 
  1954.0   5.390494599816528e-10 
  1955.0   6.538796290350129e-10 
  1956.0   8.083949542630789e-10 
  1957.0   5.374323522954259e-10 
  1958.0   4.463139669097017e-10 
  1959.0   5.599859390030756e-10 
  1960.0   4.1508644644236615e-10 
  1961.0   5.407091424502413e-10 
  1962.0   4.995554950604161e-10 
  1963.0   4.800591926779219e-10 
  1964.0   5.574161070498475e-10 
  1965.0   6.350466796005185e-10 
  1966.0   6.462688020318939e-10 
  1967.0   4.79508731317281e-10 
  1968.0   3.472835365491095e-10 
  1969.0   4.311449150221697e-10 
  1970.0   3.9146558297188256e-10 
  1971.0   6.619079374443123e-10 
  1972.0   3.805725012991453e-10 
  1973.0   4.405139400797875e-10 
  1974.0   5.473449807241054e-10 
  1975.0   6.167936862967629e-10 
  1976.0   5.242199305899334e-10 
  1977.0   3.9182347504905343e-10 
  1978.0   4.715844583948371e-10 
  1979.0   6.151460743199538e-10 
  1980.0   1.1050113802511035e-09 
  1981.0   4.889857530350668e-10 
  1982.0   5.677988078725127e-10 
  1983.0   5.341791126888814e-10 
  1984.0   3.7627493298442533e-10 
  1985.0   5.19615702178959e-10 
  1986.0   4.731683730852945e-10 
  1987.0   7.912320166128755e-10 
  1988.0   5.251211639965345e-10 
  1989.0   7.257337055047137e-10 
  1990.0   5.745323517178825e-10 
  1991.0   5.131355702852159e-10 
  1992.0   5.913390025749156e-10 
  1993.0   4.753958821469641e-10 
  1994.0   4.4098064481687037e-10 
  1995.0   6.878166625858322e-10 
  1996.0   3.7650553074816027e-10 
  1997.0   4.034668382690395e-10 
  1998.0   4.864955806623069e-10 
  1999.0   5.132529249261426e-10 
  2000.0   4.464059828740882e-10 
  2001.0   4.796338612622471e-10 
  2002.0   6.441437560304428e-10 
  2003.0   4.211095754026596e-10 
  2004.0   5.77175726402714e-10 
  2005.0   4.405044578222553e-10 
  2006.0   4.432506109102818e-10 
  2007.0   6.184153639023171e-10 
  2008.0   6.671362415096266e-10 
  2009.0   4.752078611126836e-10 
  2010.0   5.414792950801833e-10 
  2011.0   4.5892165207440195e-10 
  2012.0   4.647139087952611e-10 
  2013.0   6.081485867641219e-10 
  2014.0   8.766176488080608e-10 
