  1850.0   3.047565656501797e-11 
  1851.0   3.25965221438868e-11 
  1852.0   3.7362866424680744e-11 
  1853.0   4.0268450118451595e-11 
  1854.0   3.795190389974351e-11 
  1855.0   3.522848063817856e-11 
  1856.0   4.0556850430973104e-11 
  1857.0   4.1681895170990834e-11 
  1858.0   3.762628782661203e-11 
  1859.0   4.074832793939993e-11 
  1860.0   4.1900267931323696e-11 
  1861.0   4.2366438434668384e-11 
  1862.0   4.6015328377701806e-11 
  1863.0   5.482090952690218e-11 
  1864.0   5.984136110614149e-11 
  1865.0   5.30058608857444e-11 
  1866.0   5.1904734493985834e-11 
  1867.0   4.93134873193074e-11 
  1868.0   4.972745937795802e-11 
  1869.0   4.729852634466258e-11 
  1870.0   4.495577126129257e-11 
  1871.0   4.915393373873086e-11 
  1872.0   5.289723943392852e-11 
  1873.0   4.737677643232138e-11 
  1874.0   4.84673173008522e-11 
  1875.0   5.056687487167932e-11 
  1876.0   5.5635322602940713e-11 
  1877.0   5.722045423868156e-11 
  1878.0   6.366619740085353e-11 
  1879.0   7.412233961283033e-11 
  1880.0   6.534039602416585e-11 
  1881.0   5.740221527566217e-11 
  1882.0   6.007799026804125e-11 
  1883.0   6.335298515373661e-11 
  1884.0   6.2179272397123e-11 
  1885.0   7.164400013480997e-11 
  1886.0   7.497560037255734e-11 
  1887.0   7.097929185058867e-11 
  1888.0   6.592852400580826e-11 
  1889.0   6.557048195234365e-11 
  1890.0   7.210821589148556e-11 
  1891.0   7.684480676869067e-11 
  1892.0   7.123311053097551e-11 
  1893.0   7.396940733148541e-11 
  1894.0   8.384739583917176e-11 
  1895.0   8.24559750264019e-11 
  1896.0   8.812363600589704e-11 
  1897.0   8.522174407464596e-11 
  1898.0   9.170542466965512e-11 
  1899.0   9.188995109176527e-11 
  1900.0   1.0506654956149084e-10 
  1901.0   1.048491463317997e-10 
  1902.0   8.78286922856863e-11 
  1903.0   9.724897152449308e-11 
  1904.0   1.0055807296843673e-10 
  1905.0   1.007109635690603e-10 
  1906.0   9.403211583239279e-11 
  1907.0   7.98707993768273e-11 
  1908.0   8.756479651537202e-11 
  1909.0   1.009893538995684e-10 
  1910.0   9.228805386080216e-11 
  1911.0   8.593647539650796e-11 
  1912.0   9.462315782415104e-11 
  1913.0   9.589555829697731e-11 
  1914.0   9.2351725239505e-11 
  1915.0   9.516333634263224e-11 
  1916.0   1.0947494024176238e-10 
  1917.0   1.0510698895310469e-10 
  1918.0   1.0553576235946762e-10 
  1919.0   1.0262629180343658e-10 
  1920.0   1.1767155448737944e-10 
  1921.0   1.2206500255673515e-10 
  1922.0   1.270481680339943e-10 
  1923.0   1.2260577950215085e-10 
  1924.0   1.2083679887665443e-10 
  1925.0   1.0738326315200776e-10 
  1926.0   9.818740025953497e-11 
  1927.0   9.680189332469465e-11 
  1928.0   1.0009939854730768e-10 
  1929.0   1.1039177305942648e-10 
  1930.0   9.707290494529657e-11 
  1931.0   1.0393547321333095e-10 
  1932.0   1.0429813518814732e-10 
  1933.0   1.0173969243100466e-10 
  1934.0   8.808820241299538e-11 
  1935.0   1.0881690588881897e-10 
  1936.0   1.2971385798448308e-10 
  1937.0   1.1864612626527256e-10 
  1938.0   1.1503217830109893e-10 
  1939.0   1.1856277347174477e-10 
  1940.0   1.2041398774313095e-10 
  1941.0   1.2607841420685054e-10 
  1942.0   1.2351261273200653e-10 
  1943.0   1.293403942628456e-10 
  1944.0   1.3455164877358382e-10 
  1945.0   1.2336216616984088e-10 
  1946.0   1.4718654681032006e-10 
  1947.0   1.4171294050059002e-10 
  1948.0   1.1697417933662335e-10 
  1949.0   1.361735603772785e-10 
  1950.0   1.453159887189783e-10 
  1951.0   1.3837193153112905e-10 
  1952.0   1.6583407320938444e-10 
  1953.0   1.6472654198986082e-10 
  1954.0   1.1665543083775932e-10 
  1955.0   1.3254790463527619e-10 
  1956.0   1.7128279718237364e-10 
  1957.0   1.6847702023426208e-10 
  1958.0   1.5317105286548527e-10 
  1959.0   1.55153172601432e-10 
  1960.0   1.477385081704832e-10 
  1961.0   1.6433371106757173e-10 
  1962.0   1.7354545236725095e-10 
  1963.0   1.869667348831666e-10 
  1964.0   1.9498697521840384e-10 
  1965.0   2.181849304565758e-10 
  1966.0   2.0561216410183184e-10 
  1967.0   2.197019234619178e-10 
  1968.0   2.1230345845201853e-10 
  1969.0   2.2754005692415948e-10 
  1970.0   2.1415065889209088e-10 
  1971.0   2.355250364993568e-10 
  1972.0   2.9682740981629465e-10 
  1973.0   2.8797801877766755e-10 
  1974.0   2.5002274916417626e-10 
  1975.0   2.3004972273363947e-10 
  1976.0   2.846823474327824e-10 
  1977.0   3.2219636406276717e-10 
  1978.0   3.359631930153334e-10 
  1979.0   3.389433124480539e-10 
  1980.0   3.458274861875382e-10 
  1981.0   3.5419635893834723e-10 
  1982.0   3.716607303865507e-10 
  1983.0   3.919203182033116e-10 
  1984.0   4.1454276840293533e-10 
  1985.0   4.405809433553119e-10 
  1986.0   4.2913951361932336e-10 
  1987.0   3.9347333192865254e-10 
  1988.0   3.87313217176259e-10 
  1989.0   3.908835347537091e-10 
  1990.0   3.2480838531941453e-10 
  1991.0   2.6179755217072206e-10 
  1992.0   3.496326438594504e-10 
  1993.0   3.781671522004786e-10 
  1994.0   3.835690201821634e-10 
  1995.0   3.7438850880382887e-10 
  1996.0   3.7497583408557907e-10 
  1997.0   3.85411968642371e-10 
  1998.0   3.415024321731418e-10 
  1999.0   3.713474664325462e-10 
  2000.0   3.7938207733760065e-10 
  2001.0   3.6172492228262446e-10 
  2002.0   3.5097683869669717e-10 
  2003.0   3.471889021260705e-10 
  2004.0   3.2833143003122064e-10 
  2005.0   3.4824088307049306e-10 
  2006.0   3.4588292285142535e-10 
  2007.0   3.721472676067803e-10 
  2008.0   4.2224724772049813e-10 
  2009.0   4.0013210332447806e-10 
  2010.0   3.6243052709238874e-10 
  2011.0   3.4713106312286467e-10 
  2012.0   3.9028435358009736e-10 
  2013.0   3.7803104138406617e-10 
  2014.0   3.862297524565618e-10 
