  1850.0   84.78124655144774 
  1851.0   84.79568407067596 
  1852.0   84.47823172926458 
  1853.0   84.30112719425384 
  1854.0   83.83002566773497 
  1855.0   83.575932283334 
  1856.0   83.60122829599405 
  1857.0   83.7728960133813 
  1858.0   83.81610073217142 
  1859.0   83.61901542458573 
  1860.0   83.48272019108923 
  1861.0   83.50069311228607 
  1862.0   83.26724117847972 
  1863.0   83.09299133289281 
  1864.0   82.90096420259349 
  1865.0   82.77402899904003 
  1866.0   82.90572916360101 
  1867.0   82.9152423212689 
  1868.0   82.92919465868769 
  1869.0   83.18585263793622 
  1870.0   83.08522096649861 
  1871.0   83.06175630399733 
  1872.0   82.92971943254408 
  1873.0   82.50885228697433 
  1874.0   82.1879766225106 
  1875.0   82.25887094256687 
  1876.0   82.49531292219508 
  1877.0   82.36602069737457 
  1878.0   82.08847841247604 
  1879.0   81.74195142432099 
  1880.0   81.68242450118446 
  1881.0   81.63181455786011 
  1882.0   81.69238586700787 
  1883.0   81.90625905991446 
  1884.0   81.6389592872293 
  1885.0   81.24468923485789 
  1886.0   81.04426208810389 
  1887.0   81.1441574095329 
  1888.0   81.02434779208089 
  1889.0   80.93302813636048 
  1890.0   80.72397436131939 
  1891.0   80.11518833305878 
  1892.0   79.86948653768921 
  1893.0   79.89028538015393 
  1894.0   79.8597905838821 
  1895.0   79.61211171280856 
  1896.0   79.15295013206003 
  1897.0   78.66425595498691 
  1898.0   78.65568037857483 
  1899.0   78.45939411622561 
  1900.0   78.34673769699081 
  1901.0   78.07323120947223 
  1902.0   77.90793111604039 
  1903.0   77.89362305503913 
  1904.0   77.94852179938108 
  1905.0   77.89683606281545 
  1906.0   77.64695790450554 
  1907.0   77.34883666928006 
  1908.0   77.44855788967268 
  1909.0   77.43076672379253 
  1910.0   77.09263300142628 
  1911.0   77.07643619248212 
  1912.0   77.01941257146693 
  1913.0   76.63327917845668 
  1914.0   76.42160747032075 
  1915.0   76.49256936570617 
  1916.0   76.73874099710471 
  1917.0   76.79636324194804 
  1918.0   76.56945561245861 
  1919.0   76.49104943915816 
  1920.0   76.53738268363249 
  1921.0   76.76104695275654 
  1922.0   76.70253183757764 
  1923.0   76.3012529531824 
  1924.0   75.75958699020637 
  1925.0   75.50987629563765 
  1926.0   75.6042683473398 
  1927.0   76.10304245668667 
  1928.0   76.44221280287223 
  1929.0   76.64961469954513 
  1930.0   76.66289420697593 
  1931.0   76.39866845966445 
  1932.0   76.3370934362152 
  1933.0   76.40748995046947 
  1934.0   76.44298899959458 
  1935.0   76.80084228387004 
  1936.0   76.92480423855814 
  1937.0   76.95961647434807 
  1938.0   76.82094320120662 
  1939.0   77.17304749251004 
  1940.0   77.31602026092483 
  1941.0   77.48116990880264 
  1942.0   77.24962264706565 
  1943.0   76.83836022245345 
  1944.0   76.58009557220252 
  1945.0   76.50267568078962 
  1946.0   76.0825090429544 
  1947.0   76.10073717918587 
  1948.0   76.21531866543066 
  1949.0   76.57767310748461 
  1950.0   76.88511353198973 
  1951.0   76.92886952233212 
  1952.0   76.8463316328077 
  1953.0   76.70026257266527 
  1954.0   76.46464919204183 
  1955.0   76.1370012694157 
  1956.0   76.28885167616303 
  1957.0   76.06228628298922 
  1958.0   75.95301806809489 
  1959.0   75.66255995035473 
  1960.0   75.65871572828749 
  1961.0   75.718736345143 
  1962.0   76.00010619372624 
  1963.0   75.91124899397077 
  1964.0   76.04755598612878 
  1965.0   76.24189018875795 
  1966.0   76.71358949250177 
  1967.0   76.69134819887414 
  1968.0   76.47878832280257 
  1969.0   76.380658458097 
  1970.0   76.5079768839711 
  1971.0   76.67914150877176 
  1972.0   76.66175029970512 
  1973.0   76.69553124479113 
  1974.0   76.98779436096042 
  1975.0   77.27797764208363 
  1976.0   77.47743529026852 
  1977.0   77.73631736247103 
  1978.0   77.9738845948132 
  1979.0   77.9498035220187 
  1980.0   78.13445892079406 
  1981.0   78.26784670654703 
  1982.0   78.02219351935499 
  1983.0   77.96436227725859 
  1984.0   77.87415529566555 
  1985.0   78.06878395289178 
  1986.0   78.13992481120643 
  1987.0   78.46871199295892 
  1988.0   78.82153778178558 
  1989.0   78.89534387187325 
  1990.0   79.48942886514962 
  1991.0   79.96623536969494 
  1992.0   80.20146714930878 
  1993.0   80.2171419188394 
  1994.0   79.97610286837539 
  1995.0   80.21541902321572 
  1996.0   80.87002744697303 
  1997.0   81.18997328459055 
  1998.0   81.31791631364686 
  1999.0   81.44769590803553 
  2000.0   81.55049067932688 
  2001.0   81.69020193174572 
  2002.0   81.92042384116317 
  2003.0   82.30138827500035 
  2004.0   82.7718611450933 
  2005.0   83.41456124755011 
  2006.0   83.80199491383861 
  2007.0   83.76366837790637 
  2008.0   84.03966375961508 
  2009.0   84.7445819472829 
  2010.0   85.50173917976863 
  2011.0   85.62736118231746 
  2012.0   86.20138749470182 
  2013.0   86.29472398482933 
  2014.0   87.0016235005821 
