  1850.0   286.26907109907995 
  1851.0   285.6575518312806 
  1852.0   285.2571729725966 
  1853.0   285.118629358971 
  1854.0   284.99266616002916 
  1855.0   284.6205303080513 
  1856.0   284.3347680706739 
  1857.0   284.2835134600109 
  1858.0   284.30291251922006 
  1859.0   284.32634333330026 
  1860.0   284.2148849798489 
  1861.0   284.3787900458655 
  1862.0   284.7767126630775 
  1863.0   285.061271719656 
  1864.0   285.43492801416966 
  1865.0   285.5139705754675 
  1866.0   285.55678846261145 
  1867.0   285.74930020648554 
  1868.0   285.781897614447 
  1869.0   285.99250331952186 
  1870.0   286.2138769563468 
  1871.0   286.27886536649316 
  1872.0   286.56761236622225 
  1873.0   286.678987288156 
  1874.0   286.80493677957213 
  1875.0   286.71642238554256 
  1876.0   286.6640652365188 
  1877.0   286.3621208715132 
  1878.0   285.94644357655795 
  1879.0   285.87896648081824 
  1880.0   285.70153992874003 
  1881.0   285.4686451995848 
  1882.0   285.4935107249463 
  1883.0   285.6474835661516 
  1884.0   285.9512857210321 
  1885.0   286.30114078782805 
  1886.0   286.54649775632464 
  1887.0   286.6481374129196 
  1888.0   286.7254673526294 
  1889.0   286.754629795059 
  1890.0   286.90947130665035 
  1891.0   286.8255475946953 
  1892.0   286.60235551696536 
  1893.0   286.34637636027145 
  1894.0   286.1916853719693 
  1895.0   286.22386172688726 
  1896.0   286.2087554492749 
  1897.0   286.3999877242907 
  1898.0   286.6682676310667 
  1899.0   286.68188889594336 
  1900.0   286.53994969954175 
  1901.0   286.37182722856903 
  1902.0   286.00191748286437 
  1903.0   285.97774035390245 
  1904.0   286.1666573350983 
  1905.0   286.33776272220206 
  1906.0   286.40075613087345 
  1907.0   286.2933591588307 
  1908.0   286.29604321244256 
  1909.0   286.1796442231864 
  1910.0   285.94558952565825 
  1911.0   285.7879821903602 
  1912.0   285.70264312397643 
  1913.0   285.97574456519186 
  1914.0   286.291965635916 
  1915.0   286.6970553126215 
  1916.0   286.82085325373475 
  1917.0   286.75394297324505 
  1918.0   286.44872824511805 
  1919.0   286.2075064563539 
  1920.0   286.11389538509223 
  1921.0   286.10820908030144 
  1922.0   286.33124340482374 
  1923.0   286.55537784010255 
  1924.0   286.84343100083544 
  1925.0   286.9821137437936 
  1926.0   287.12403702562466 
  1927.0   287.552860136447 
  1928.0   287.916926324403 
  1929.0   288.055581196851 
  1930.0   288.24664467685653 
  1931.0   288.3379627237987 
  1932.0   288.2610444599453 
  1933.0   288.0689141915587 
  1934.0   288.16631996809326 
  1935.0   288.1942483997062 
  1936.0   288.16835859423713 
  1937.0   288.36716612897135 
  1938.0   288.5426674657951 
  1939.0   288.8403060623946 
  1940.0   289.2364519511335 
  1941.0   289.4404905395624 
  1942.0   289.5966279418592 
  1943.0   289.54438736795845 
  1944.0   289.53757759523035 
  1945.0   289.23933784407694 
  1946.0   289.00841847213405 
  1947.0   289.20140822143856 
  1948.0   289.53408425700115 
  1949.0   289.9013473270097 
  1950.0   290.3080436761256 
  1951.0   290.46600180792757 
  1952.0   290.5005819482926 
  1953.0   290.61238993521954 
  1954.0   290.52894131870187 
  1955.0   290.5021112720007 
  1956.0   290.41468509709176 
  1957.0   290.4261799783365 
  1958.0   290.7108182382143 
  1959.0   291.0114708586176 
  1960.0   291.2708078538102 
  1961.0   291.4414161433726 
  1962.0   291.7537632881401 
  1963.0   292.151037343069 
  1964.0   292.6166600029112 
  1965.0   293.19093353313167 
  1966.0   293.8025973844323 
  1967.0   293.9396162788476 
  1968.0   293.9548709186552 
  1969.0   293.9451262017987 
  1970.0   294.1865935750951 
  1971.0   294.44779942939897 
  1972.0   294.51743203540724 
  1973.0   294.88320896023646 
  1974.0   295.4491437939092 
  1975.0   295.87596551307104 
  1976.0   296.2811115549313 
  1977.0   296.612680296712 
  1978.0   296.7648229096172 
  1979.0   296.72559884797056 
  1980.0   296.9015889247105 
  1981.0   297.36761578719376 
  1982.0   297.97854789523967 
  1983.0   298.3781593593917 
  1984.0   298.7112730161987 
  1985.0   298.8296756369308 
  1986.0   299.03705128643344 
  1987.0   299.47693734797457 
  1988.0   299.9038151126288 
  1989.0   300.36029227286593 
  1990.0   300.6586018401204 
  1991.0   300.79808652776705 
  1992.0   301.1719944689468 
  1993.0   301.548710740895 
  1994.0   301.66145983326925 
  1995.0   301.93124053125024 
  1996.0   302.37344693411353 
  1997.0   302.84041410509934 
  1998.0   303.004134891704 
  1999.0   303.21601018692235 
  2000.0   303.44505558960367 
  2001.0   303.56655387249083 
  2002.0   303.8434010854519 
  2003.0   304.14954458474125 
  2004.0   304.3780663766514 
  2005.0   304.7498418443802 
  2006.0   305.2281776715949 
  2007.0   305.6614722136085 
  2008.0   306.16703249144314 
  2009.0   306.38992211334465 
  2010.0   306.4986249742732 
  2011.0   306.85415580123475 
  2012.0   307.2486012616095 
  2013.0   307.825691854561 
  2014.0   308.247111563578 
