  1850.0   2.366427359927162 
  1851.0   2.309757863218612 
  1852.0   2.3691187883368676 
  1853.0   2.383943797726739 
  1854.0   2.3537646043972598 
  1855.0   2.315286678881773 
  1856.0   2.357351889210224 
  1857.0   2.4642301742923918 
  1858.0   2.3800428692310693 
  1859.0   2.2860845172048205 
  1860.0   2.355176079945209 
  1861.0   2.393583876935761 
  1862.0   2.377988879621793 
  1863.0   2.350634015751105 
  1864.0   2.29854494274878 
  1865.0   2.3931287014913614 
  1866.0   2.348349038647446 
  1867.0   2.409060059311941 
  1868.0   2.2830937631820225 
  1869.0   2.3969069280727853 
  1870.0   2.380224828585212 
  1871.0   2.484639877977408 
  1872.0   2.533816931641728 
  1873.0   2.3067561340565206 
  1874.0   2.371493415904687 
  1875.0   2.46809784128704 
  1876.0   2.371080641197395 
  1877.0   2.3648540391682853 
  1878.0   2.394427631689847 
  1879.0   2.3967609462101858 
  1880.0   2.2665083825703647 
  1881.0   2.3877255122883048 
  1882.0   2.3886616986487894 
  1883.0   2.4018988769217238 
  1884.0   2.3960570905999976 
  1885.0   2.3563910361717295 
  1886.0   2.355402482135518 
  1887.0   2.5090479610244647 
  1888.0   2.421626690821184 
  1889.0   2.4368653739888297 
  1890.0   2.383523797394567 
  1891.0   2.3599381330172795 
  1892.0   2.309340007846237 
  1893.0   2.401967433982288 
  1894.0   2.374710698641289 
  1895.0   2.3870046991493017 
  1896.0   2.3950015149769355 
  1897.0   2.4426990469968004 
  1898.0   2.307927620777109 
  1899.0   2.3682945333742227 
  1900.0   2.297250907608847 
  1901.0   2.2939319489469643 
  1902.0   2.3271025033036525 
  1903.0   2.28043526768562 
  1904.0   2.3737742459883497 
  1905.0   2.437593395894555 
  1906.0   2.3486749547291446 
  1907.0   2.264893141994378 
  1908.0   2.2798400840646997 
  1909.0   2.2719884720223904 
  1910.0   2.2476007304855803 
  1911.0   2.3326141000340748 
  1912.0   2.3640578042847165 
  1913.0   2.3704244166479373 
  1914.0   2.5615451872244 
  1915.0   2.457253879886734 
  1916.0   2.3455111311957912 
  1917.0   2.2581397537909966 
  1918.0   2.2466391229199356 
  1919.0   2.2404366251958048 
  1920.0   2.251616467964046 
  1921.0   2.4172411654975594 
  1922.0   2.324842442028082 
  1923.0   2.4069209268405065 
  1924.0   2.4092406501618213 
  1925.0   2.3126359133168366 
  1926.0   2.5319879812318478 
  1927.0   2.4331656016441836 
  1928.0   2.318927668852649 
  1929.0   2.293488805475332 
  1930.0   2.38359948616188 
  1931.0   2.327920272455064 
  1932.0   2.3389440295517034 
  1933.0   2.3768933139103496 
  1934.0   2.385228737966918 
  1935.0   2.3617687104927096 
  1936.0   2.3168421040514473 
  1937.0   2.3124627096690653 
  1938.0   2.4707430149614047 
  1939.0   2.3227342426692927 
  1940.0   2.3101387349497973 
  1941.0   2.3624926253838994 
  1942.0   2.363688660067071 
  1943.0   2.3512652466163706 
  1944.0   2.2088554377801275 
  1945.0   2.280785867396449 
  1946.0   2.430662514311414 
  1947.0   2.3940433121681357 
  1948.0   2.4395851328821085 
  1949.0   2.4002576613927076 
  1950.0   2.2975249461225964 
  1951.0   2.372002954068502 
  1952.0   2.4536060503066546 
  1953.0   2.313930252612712 
  1954.0   2.276645372796772 
  1955.0   2.3099376444133117 
  1956.0   2.2772154804408737 
  1957.0   2.4405574653915125 
  1958.0   2.3634212652673643 
  1959.0   2.367577816412623 
  1960.0   2.275232724772817 
  1961.0   2.3214646829423717 
  1962.0   2.3572929411385846 
  1963.0   2.4783911331195956 
  1964.0   2.360176554649132 
  1965.0   2.367463052390379 
  1966.0   2.3436391496493396 
  1967.0   2.213321195763366 
  1968.0   2.2429049029492303 
  1969.0   2.3594820103050007 
  1970.0   2.368084405909953 
  1971.0   2.2004265009446584 
  1972.0   2.2773073780477953 
  1973.0   2.4099479067267415 
  1974.0   2.404903933356445 
  1975.0   2.3466962159278952 
  1976.0   2.273657977857582 
  1977.0   2.357676523224617 
  1978.0   2.1839190347596724 
  1979.0   2.2529877461537016 
  1980.0   2.4147355260681436 
  1981.0   2.323212632426226 
  1982.0   2.2482535168978983 
  1983.0   2.245781202800798 
  1984.0   2.230527844028214 
  1985.0   2.2799771025004327 
  1986.0   2.298217042181713 
  1987.0   2.407981103707705 
  1988.0   2.327761951002407 
  1989.0   2.354208385016509 
  1990.0   2.2478667092620235 
  1991.0   2.3496408861865072 
  1992.0   2.2677219082072173 
  1993.0   2.31221190644878 
  1994.0   2.260302967035701 
  1995.0   2.3101930385725082 
  1996.0   2.4577590462988246 
  1997.0   2.361068773480104 
  1998.0   2.3683310141091316 
  1999.0   2.3601453945556 
  2000.0   2.328774596102793 
  2001.0   2.372444110718434 
  2002.0   2.455578634511109 
  2003.0   2.3654190261932415 
  2004.0   2.4299553756787353 
  2005.0   2.3456785617697027 
  2006.0   2.3386275452632277 
  2007.0   2.394379511274845 
  2008.0   2.373282845387173 
  2009.0   2.2229442601872065 
  2010.0   2.373740390079842 
  2011.0   2.4721016646696077 
  2012.0   2.464295494544493 
  2013.0   2.484346249707011 
  2014.0   2.422583675326232 
