  1850.0   4.873968584036708 
  1851.0   4.401386916768173 
  1852.0   4.976046485204484 
  1853.0   4.900593182629688 
  1854.0   4.9868785234836 
  1855.0   4.801425919810642 
  1856.0   4.782504432743127 
  1857.0   5.007828961159067 
  1858.0   4.767638921540919 
  1859.0   4.936649962722377 
  1860.0   4.840548563098016 
  1861.0   4.967165155262969 
  1862.0   4.844271675771778 
  1863.0   5.093642001348534 
  1864.0   4.803956686115665 
  1865.0   4.7482829784197635 
  1866.0   5.219685036994416 
  1867.0   4.857599194879883 
  1868.0   4.354664964831593 
  1869.0   4.588569317383049 
  1870.0   5.0847993260693665 
  1871.0   4.801066253723921 
  1872.0   4.951259929847591 
  1873.0   5.112470199048211 
  1874.0   4.666740420658871 
  1875.0   4.63355029444319 
  1876.0   5.268408979549281 
  1877.0   4.933255626257978 
  1878.0   4.779321871564214 
  1879.0   4.977985574744757 
  1880.0   4.700606098793368 
  1881.0   5.093285145337758 
  1882.0   4.879115716122617 
  1883.0   4.48343467886844 
  1884.0   4.729541214367397 
  1885.0   5.0878001240142074 
  1886.0   4.930847849591412 
  1887.0   4.758808999150654 
  1888.0   4.962484343180419 
  1889.0   4.746312947688298 
  1890.0   4.9454002743686125 
  1891.0   4.656355584099035 
  1892.0   4.579991768570854 
  1893.0   4.933950335850531 
  1894.0   5.317185908768465 
  1895.0   4.480367676336071 
  1896.0   4.632988919976432 
  1897.0   4.600167391384846 
  1898.0   4.724000314844485 
  1899.0   5.05904315586772 
  1900.0   4.91796947580095 
  1901.0   4.632695694803864 
  1902.0   4.857522824884803 
  1903.0   4.656844526913387 
  1904.0   4.688312489979301 
  1905.0   4.888549630157255 
  1906.0   4.77838864154583 
  1907.0   4.775488541879078 
  1908.0   4.879946096766888 
  1909.0   4.675185375966531 
  1910.0   4.536167568555117 
  1911.0   4.8165307670957 
  1912.0   4.535218830759884 
  1913.0   4.929418356519358 
  1914.0   4.668609714221035 
  1915.0   4.746799625459048 
  1916.0   4.8058724872777745 
  1917.0   4.716001737877252 
  1918.0   4.557372886888675 
  1919.0   4.723754503014562 
  1920.0   4.888584008963847 
  1921.0   4.6897682587071 
  1922.0   4.817719705969723 
  1923.0   4.897736244802436 
  1924.0   5.194745794129558 
  1925.0   4.347009367596275 
  1926.0   4.718244997385263 
  1927.0   5.109515126426574 
  1928.0   4.733902387983632 
  1929.0   4.816631708775553 
  1930.0   4.8703960469943235 
  1931.0   5.252804472666304 
  1932.0   4.685804355263567 
  1933.0   4.717812987202507 
  1934.0   5.315081134231644 
  1935.0   4.878775742052547 
  1936.0   4.762397610508181 
  1937.0   5.107867842091381 
  1938.0   4.835523469320205 
  1939.0   4.83227307089308 
  1940.0   4.95555691678928 
  1941.0   4.797208099105659 
  1942.0   4.952590997735944 
  1943.0   5.3471489528192935 
  1944.0   4.7678731377431225 
  1945.0   4.721096460624443 
  1946.0   4.89556789484854 
  1947.0   5.135177956468964 
  1948.0   4.985962379374517 
  1949.0   4.792390302509833 
  1950.0   4.768654322951193 
  1951.0   5.0128428655852435 
  1952.0   4.757287922143604 
  1953.0   5.070675323829843 
  1954.0   4.846373118866461 
  1955.0   5.113062159749536 
  1956.0   4.902328392851018 
  1957.0   4.437929994345635 
  1958.0   4.6773409566523645 
  1959.0   4.879807157855996 
  1960.0   5.025524385430575 
  1961.0   4.981338146323411 
  1962.0   4.840473552596354 
  1963.0   4.906061887649855 
  1964.0   4.817616929236369 
  1965.0   4.98914887594355 
  1966.0   4.785671969005479 
  1967.0   5.008718685891808 
  1968.0   5.064120816605804 
  1969.0   4.818073782757876 
  1970.0   4.7794938680683385 
  1971.0   5.217266034915732 
  1972.0   5.015600264329269 
  1973.0   4.788451648028551 
  1974.0   4.890835165152313 
  1975.0   4.9620832090288465 
  1976.0   5.039864255077267 
  1977.0   4.8613634689765135 
  1978.0   4.660867233734182 
  1979.0   4.987325519457616 
  1980.0   5.068291347666979 
  1981.0   4.920891610682708 
  1982.0   5.3716508512502745 
  1983.0   5.132981650320816 
  1984.0   5.0664567357497425 
  1985.0   4.610241532926773 
  1986.0   5.3546416714291984 
  1987.0   5.340336308803578 
  1988.0   4.920468566607321 
  1989.0   5.257817037244524 
  1990.0   4.881721924135369 
  1991.0   5.469028922875675 
  1992.0   5.316554335127017 
  1993.0   4.836369367104055 
  1994.0   5.326353785163274 
  1995.0   4.863061466041264 
  1996.0   5.192313156171089 
  1997.0   5.781790187036576 
  1998.0   5.088208497962574 
  1999.0   5.199487608650977 
  2000.0   5.00025146124058 
  2001.0   5.043907972623746 
  2002.0   5.4584533174939445 
  2003.0   5.424520492706619 
  2004.0   5.27408963873761 
  2005.0   4.809233180784165 
  2006.0   5.0115013888820075 
  2007.0   5.492174507921009 
  2008.0   5.893126893742329 
  2009.0   5.035698463415077 
  2010.0   5.323990576961596 
  2011.0   5.521413188887926 
  2012.0   5.295244729844158 
  2013.0   5.371074304207554 
  2014.0   5.163901890580946 
