  1850.0   0.026365839915617043 
  1851.0   0.0040609531751418 
  1852.0   -0.10462164202327102 
  1853.0   -0.05387695958622681 
  1854.0   -0.006924634682462322 
  1855.0   0.10551144223678173 
  1856.0   -0.2322713612900217 
  1857.0   -0.23824462995999196 
  1858.0   -0.005112748157012861 
  1859.0   -0.03576219033120687 
  1860.0   -0.15700528108123038 
  1861.0   -0.043068127266912476 
  1862.0   -0.0641123960698273 
  1863.0   -0.10891542341929482 
  1864.0   -0.15965186399466008 
  1865.0   0.07233520887767177 
  1866.0   0.2122434799599749 
  1867.0   0.09101865557319143 
  1868.0   -0.08446443392528473 
  1869.0   0.052557539897582085 
  1870.0   -0.05267471656526277 
  1871.0   -0.1209766812826213 
  1872.0   -0.22618536122243513 
  1873.0   -0.09751855581086545 
  1874.0   -0.10106071384956851 
  1875.0   -0.01497910132100365 
  1876.0   -0.037695167127285524 
  1877.0   -0.22585686373152955 
  1878.0   -0.009889252659853298 
  1879.0   -0.08267140700043059 
  1880.0   -0.028912859407009023 
  1881.0   -0.18109147675745563 
  1882.0   -0.16634700210755077 
  1883.0   -0.23772855839969026 
  1884.0   -0.07649351134954759 
  1885.0   -0.07263583058227334 
  1886.0   -0.09926863294640077 
  1887.0   -0.07525298676202333 
  1888.0   -0.03625176093180634 
  1889.0   0.0489253121829539 
  1890.0   -0.09741583570359903 
  1891.0   -0.028626942830726438 
  1892.0   -0.05960770476321892 
  1893.0   -0.14287789230890896 
  1894.0   -0.1343558634542718 
  1895.0   -0.17534314833110992 
  1896.0   -0.029018517412831363 
  1897.0   -0.101365459092931 
  1898.0   0.032508480927319824 
  1899.0   0.034363947543454794 
  1900.0   -0.05396908539220803 
  1901.0   -0.23762795382868881 
  1902.0   -0.1214905799944201 
  1903.0   -0.03946600059358595 
  1904.0   0.01957255634305486 
  1905.0   -0.13214196650583426 
  1906.0   -0.035323836440724725 
  1907.0   -0.04017686009148005 
  1908.0   -0.14472772373196688 
  1909.0   -0.20768846883602646 
  1910.0   -0.12771757557568977 
  1911.0   0.07699494469986361 
  1912.0   0.05493295059210699 
  1913.0   -0.20458381624492616 
  1914.0   0.0784452262269674 
  1915.0   0.02075777756784345 
  1916.0   0.2077701951955669 
  1917.0   -0.04607716598018711 
  1918.0   -0.3023998465612724 
  1919.0   0.05691943037171099 
  1920.0   0.08429047489333823 
  1921.0   -0.08375638337009735 
  1922.0   -0.09908898125099025 
  1923.0   -0.11531658648193685 
  1924.0   -0.10638182018369831 
  1925.0   -0.15662931709013012 
  1926.0   -0.0013551748660790043 
  1927.0   0.02181057479704397 
  1928.0   0.07335023749475197 
  1929.0   -0.1537562987720179 
  1930.0   -0.02733114706503175 
  1931.0   -0.16969126086029643 
  1932.0   -0.19535551221270286 
  1933.0   0.12170682670058536 
  1934.0   -0.06628762998386298 
  1935.0   0.016416572794822542 
  1936.0   -0.07059470631453968 
  1937.0   0.026900304304887393 
  1938.0   -0.08562060083401911 
  1939.0   -0.0013044995505455442 
  1940.0   0.08933418890368738 
  1941.0   -0.10337787465723679 
  1942.0   -0.3004711446870245 
  1943.0   -0.029322808101268225 
  1944.0   -0.1327682116821448 
  1945.0   -0.17569905377062128 
  1946.0   -0.19028095336610146 
  1947.0   -0.06977375397645767 
  1948.0   -0.06888106641658066 
  1949.0   0.036836850308794564 
  1950.0   -0.07611847670048774 
  1951.0   -0.041335986168774395 
  1952.0   -0.1802045417331637 
  1953.0   0.04424504415172834 
  1954.0   0.13653673010682554 
  1955.0   0.05372905371027148 
  1956.0   -0.01753088159731067 
  1957.0   -0.07776097152047723 
  1958.0   -0.060991656493958026 
  1959.0   -0.11850214298001839 
  1960.0   -0.03941906294631136 
  1961.0   0.16560997348040427 
  1962.0   0.10285563590794927 
  1963.0   0.24256582289028783 
  1964.0   0.23802715499474955 
  1965.0   0.18865351579185832 
  1966.0   0.3152790003405384 
  1967.0   -0.0388317463009434 
  1968.0   0.2699174974939555 
  1969.0   0.010460557966829024 
  1970.0   0.07198023027295666 
  1971.0   0.08062394337908271 
  1972.0   0.1933406162588252 
  1973.0   0.2467963073986655 
  1974.0   0.2804418149045745 
  1975.0   0.24193168191422254 
  1976.0   0.35761766553687735 
  1977.0   0.3041534554153476 
  1978.0   0.1698616973894544 
  1979.0   0.10136073940056661 
  1980.0   0.2507794978506268 
  1981.0   0.22951898242564578 
  1982.0   0.3620188326652785 
  1983.0   0.18453500073137052 
  1984.0   0.21179995483651226 
  1985.0   0.09344995046356104 
  1986.0   0.20023360861140446 
  1987.0   0.18881986333931258 
  1988.0   0.02367981329975852 
  1989.0   0.10002761069255482 
  1990.0   0.2907407346152661 
  1991.0   0.2508399522986979 
  1992.0   0.38973354554869805 
  1993.0   0.24339350751921152 
  1994.0   0.23572532667503465 
  1995.0   0.4786720775412242 
  1996.0   0.03674382617084605 
  1997.0   0.4099779648037321 
  1998.0   0.12299730617192078 
  1999.0   0.5398240438584475 
  2000.0   0.4266109888983106 
  2001.0   0.1202738524350938 
  2002.0   0.22630742321131206 
  2003.0   0.17099202937327948 
  2004.0   0.16059428575093007 
  2005.0   0.33154560273599515 
  2006.0   0.09763133507380431 
  2007.0   0.41705715833308327 
  2008.0   0.3125614055988839 
  2009.0   0.4007637440721434 
  2010.0   0.4143999221501249 
  2011.0   0.40342904520307904 
  2012.0   0.24136569983840217 
  2013.0   0.3349165227974742 
  2014.0   0.6161498464851077 
