  1850.0   275.3815322278217 
  1851.0   275.2853357936607 
  1852.0   274.82483900181 
  1853.0   276.13998397190113 
  1854.0   275.6365695284015 
  1855.0   275.1526724639601 
  1856.0   275.22126448528695 
  1857.0   275.43200167733977 
  1858.0   275.22158265212556 
  1859.0   275.29635296038276 
  1860.0   275.06555177987997 
  1861.0   274.7373006247796 
  1862.0   275.421479943286 
  1863.0   275.26577788674035 
  1864.0   275.4790918542683 
  1865.0   275.5946177412626 
  1866.0   275.20725349496234 
  1867.0   275.6710670537578 
  1868.0   275.0544569544906 
  1869.0   275.67205810752 
  1870.0   275.0186881561684 
  1871.0   275.3433925782202 
  1872.0   275.5125378016898 
  1873.0   275.23884443504653 
  1874.0   275.05389952085466 
  1875.0   275.4964483433965 
  1876.0   275.711065671189 
  1877.0   275.26480797515785 
  1878.0   275.2776700328633 
  1879.0   275.4907947151705 
  1880.0   275.4491824950469 
  1881.0   275.25303040824673 
  1882.0   275.153007595256 
  1883.0   275.7804572472449 
  1884.0   274.49251092385697 
  1885.0   274.9576459120796 
  1886.0   274.9725936707145 
  1887.0   275.21921402000834 
  1888.0   275.21579479053844 
  1889.0   275.6223048717293 
  1890.0   275.1831589380128 
  1891.0   275.2265730343461 
  1892.0   275.325170026415 
  1893.0   275.6804009532528 
  1894.0   275.52163440461334 
  1895.0   275.46860701218134 
  1896.0   276.2090699423973 
  1897.0   275.81825776340736 
  1898.0   275.31762666473026 
  1899.0   275.71942627075845 
  1900.0   276.1984922988053 
  1901.0   275.5664198616906 
  1902.0   275.65967296805053 
  1903.0   274.84252738756624 
  1904.0   275.6479795828139 
  1905.0   275.3205624141256 
  1906.0   275.74415022705244 
  1907.0   275.2788170777859 
  1908.0   275.01057514036984 
  1909.0   275.52174587661904 
  1910.0   275.72247074385405 
  1911.0   276.0559434958582 
  1912.0   275.17837911049384 
  1913.0   275.07285398112083 
  1914.0   275.23087239859734 
  1915.0   275.91710271878253 
  1916.0   275.84799157379814 
  1917.0   275.68278279340575 
  1918.0   275.81112630180996 
  1919.0   275.39066105996955 
  1920.0   276.0748206271153 
  1921.0   275.8423808121834 
  1922.0   275.72962051903767 
  1923.0   275.91486162654144 
  1924.0   275.7862276198467 
  1925.0   275.6041758138632 
  1926.0   275.6229448448344 
  1927.0   275.3353135216927 
  1928.0   275.8740064811408 
  1929.0   275.62740467356076 
  1930.0   275.33434105086394 
  1931.0   275.60292378693293 
  1932.0   276.5225385026858 
  1933.0   275.8350765477653 
  1934.0   275.7867816574205 
  1935.0   275.55164213558334 
  1936.0   275.7105360227845 
  1937.0   275.18265893443566 
  1938.0   276.0777302612229 
  1939.0   275.48749632634195 
  1940.0   275.7563560728787 
  1941.0   275.1339526699989 
  1942.0   275.81745249595053 
  1943.0   275.6011649267599 
  1944.0   275.5098758896033 
  1945.0   275.40420502157644 
  1946.0   274.8047195900711 
  1947.0   275.6010327672481 
  1948.0   275.6215538155683 
  1949.0   275.62125749407505 
  1950.0   275.92754354235586 
  1951.0   275.5901230411248 
  1952.0   275.17686450521893 
  1953.0   275.49409949028234 
  1954.0   275.7515781412677 
  1955.0   276.0375120175743 
  1956.0   275.3419205286049 
  1957.0   275.77321166116093 
  1958.0   275.451936964673 
  1959.0   275.4144405358733 
  1960.0   275.74978303451735 
  1961.0   275.32783286018474 
  1962.0   275.169343059527 
  1963.0   275.6620100523512 
  1964.0   274.9693895118556 
  1965.0   274.75952036710504 
  1966.0   274.96488442118715 
  1967.0   274.8772214106792 
  1968.0   274.99961669626197 
  1969.0   275.36323320735784 
  1970.0   275.25926012994677 
  1971.0   275.3758247829307 
  1972.0   275.60291777020086 
  1973.0   275.32687275212044 
  1974.0   275.2366876965018 
  1975.0   274.6558423113402 
  1976.0   275.0904339159164 
  1977.0   275.47291430072977 
  1978.0   274.9217017539152 
  1979.0   275.30033706572266 
  1980.0   275.0882615362824 
  1981.0   275.48255935492153 
  1982.0   275.7618661348365 
  1983.0   275.08366134736127 
  1984.0   275.26423849311584 
  1985.0   275.280542930321 
  1986.0   275.2650796150665 
  1987.0   275.50808887356555 
  1988.0   275.111442297714 
  1989.0   275.33466627880574 
  1990.0   275.7996380767092 
  1991.0   276.2940774368062 
  1992.0   275.2175937394426 
  1993.0   274.8577177648108 
  1994.0   275.2474284660975 
  1995.0   275.3524456409733 
  1996.0   275.21885385975963 
  1997.0   275.45125437185334 
  1998.0   276.05334488885256 
  1999.0   276.0524136643339 
  2000.0   275.76985489591493 
  2001.0   276.4521697495441 
  2002.0   276.21434636609735 
  2003.0   275.8320488217185 
  2004.0   276.60279220644657 
  2005.0   276.1877974838067 
  2006.0   275.85157553336745 
  2007.0   275.7407162885319 
  2008.0   275.8577406295303 
  2009.0   276.07381126997853 
  2010.0   275.977727448884 
  2011.0   276.11223244624586 
  2012.0   276.1133713289702 
  2013.0   276.6460331724927 
  2014.0   276.3756267889831 
