  1850.0   1.2410634044286927e-10 
  1851.0   1.4044753338284613e-10 
  1852.0   2.6272579590291356e-10 
  1853.0   1.7360219048420249e-10 
  1854.0   1.2552083930111507e-10 
  1855.0   1.8148694066307462e-10 
  1856.0   1.9685365356509824e-10 
  1857.0   1.67522545142204e-10 
  1858.0   1.3456842823374938e-10 
  1859.0   1.3458254015776287e-10 
  1860.0   1.728533694638385e-10 
  1861.0   1.559640415019418e-10 
  1862.0   2.139685072408288e-10 
  1863.0   1.6246806883415212e-10 
  1864.0   9.858206831081264e-11 
  1865.0   1.0398255806497817e-10 
  1866.0   1.2093156826679627e-10 
  1867.0   2.57673818640037e-10 
  1868.0   1.7314678507713347e-10 
  1869.0   1.9899991189914446e-10 
  1870.0   1.0665684403027295e-10 
  1871.0   2.2898138338351539e-10 
  1872.0   2.152573264168621e-10 
  1873.0   1.8494362647169935e-10 
  1874.0   1.4507707831527202e-10 
  1875.0   1.7903623160624283e-10 
  1876.0   1.3952942134362086e-10 
  1877.0   1.057486363055212e-10 
  1878.0   1.4836233039671588e-10 
  1879.0   1.8179345683643555e-10 
  1880.0   2.2954807856911739e-10 
  1881.0   1.7212534011965434e-10 
  1882.0   3.1887652934587895e-10 
  1883.0   2.849272406741562e-10 
  1884.0   2.217477673440549e-10 
  1885.0   2.103433861338556e-10 
  1886.0   1.981722533013624e-10 
  1887.0   1.8188593609637945e-10 
  1888.0   2.405965616654472e-10 
  1889.0   1.0976085549004297e-10 
  1890.0   1.2263313331792515e-10 
  1891.0   1.6818240963463393e-10 
  1892.0   2.9309524796889485e-10 
  1893.0   1.8893392714664497e-10 
  1894.0   2.0917823915142515e-10 
  1895.0   1.7221192475281283e-10 
  1896.0   1.1481950166902769e-10 
  1897.0   2.7658199482897445e-10 
  1898.0   2.034081659364315e-10 
  1899.0   1.9976016094983884e-10 
  1900.0   1.4071559445239292e-10 
  1901.0   2.1047052197255518e-10 
  1902.0   1.7498757442315207e-10 
  1903.0   1.2214531098185577e-10 
  1904.0   1.5863894952069475e-10 
  1905.0   2.584347398860338e-10 
  1906.0   2.07928514146321e-10 
  1907.0   1.75887172323918e-10 
  1908.0   1.6970230090095047e-10 
  1909.0   1.7536238827869975e-10 
  1910.0   1.5113948054024339e-10 
  1911.0   1.1344282118645704e-10 
  1912.0   1.1486416052796615e-10 
  1913.0   1.8627326232708508e-10 
  1914.0   1.0713357535871545e-10 
  1915.0   1.0728961247610205e-10 
  1916.0   1.2710753109211208e-10 
  1917.0   1.8767817682633379e-10 
  1918.0   1.387471202408204e-10 
  1919.0   1.505400718233114e-10 
  1920.0   2.2221956708513136e-10 
  1921.0   2.7553167426047954e-10 
  1922.0   2.2226944511419033e-10 
  1923.0   1.5764890039355794e-10 
  1924.0   1.627201802502895e-10 
  1925.0   2.357573801209552e-10 
  1926.0   1.8218127428849714e-10 
  1927.0   2.2013620755930517e-10 
  1928.0   2.0600873631730727e-10 
  1929.0   2.1233733203954913e-10 
  1930.0   2.033112058828024e-10 
  1931.0   2.4693899622901756e-10 
  1932.0   1.6432842362280177e-10 
  1933.0   1.6591565911061466e-10 
  1934.0   3.1921439418829233e-10 
  1935.0   1.3586734567309057e-10 
  1936.0   1.687479498384571e-10 
  1937.0   1.4839066308200942e-10 
  1938.0   2.0240139088185268e-10 
  1939.0   2.0037834955907448e-10 
  1940.0   2.619455250943853e-10 
  1941.0   4.1540196472489317e-10 
  1942.0   3.734881031778961e-10 
  1943.0   2.306841446665045e-10 
  1944.0   2.562960007543451e-10 
  1945.0   2.953949611978614e-10 
  1946.0   3.4227462505538116e-10 
  1947.0   2.3300344502328996e-10 
  1948.0   3.1827655053505247e-10 
  1949.0   1.9509539134204607e-10 
  1950.0   2.7037270704567563e-10 
  1951.0   4.5386631645355117e-10 
  1952.0   3.002908690840508e-10 
  1953.0   2.706249802910851e-10 
  1954.0   2.0485263264932845e-10 
  1955.0   2.2223312292926082e-10 
  1956.0   2.2417061022319806e-10 
  1957.0   2.3065694225041199e-10 
  1958.0   1.978700988959723e-10 
  1959.0   3.3410248828993007e-10 
  1960.0   2.7380158535841307e-10 
  1961.0   8.119495303345062e-11 
  1962.0   1.744881628293157e-10 
  1963.0   8.130520350400676e-11 
  1964.0   8.532580384022812e-11 
  1965.0   1.1168694021062767e-10 
  1966.0   1.147397216911202e-10 
  1967.0   1.5414658878759617e-10 
  1968.0   1.0209422833642912e-10 
  1969.0   1.0890434337058347e-10 
  1970.0   1.0566905194809995e-10 
  1971.0   1.1316538875104864e-10 
  1972.0   2.368179793053738e-10 
  1973.0   1.339883973342458e-10 
  1974.0   1.2889106545961334e-10 
  1975.0   1.710564159342047e-10 
  1976.0   1.7523622067764747e-10 
  1977.0   1.4216576352818442e-10 
  1978.0   1.6005743553249066e-10 
  1979.0   1.799517460105077e-10 
  1980.0   1.5264187333344043e-10 
  1981.0   1.402515883890507e-10 
  1982.0   1.266519618698921e-10 
  1983.0   1.7914420306945077e-10 
  1984.0   1.4522920280764529e-10 
  1985.0   1.5717653565547373e-10 
  1986.0   1.6833461266811518e-10 
  1987.0   1.793273789615127e-10 
  1988.0   1.8546672179088072e-10 
  1989.0   1.503353857229861e-10 
  1990.0   1.2734372647639329e-10 
  1991.0   1.3831386803981768e-10 
  1992.0   1.2183075415148623e-10 
  1993.0   1.0554332702374366e-10 
  1994.0   9.687880290289744e-11 
  1995.0   8.394084268795848e-11 
  1996.0   9.121432920770315e-11 
  1997.0   1.5160007405489897e-10 
  1998.0   1.4446271709137763e-10 
  1999.0   1.3216816906229395e-10 
  2000.0   1.2308729579054707e-10 
  2001.0   2.0369150742710062e-10 
  2002.0   1.7488505924696302e-10 
  2003.0   1.8768776489042317e-10 
  2004.0   6.699796980665489e-11 
  2005.0   2.5444895817534e-10 
  2006.0   1.5286832143089246e-10 
  2007.0   1.5854855460221444e-10 
  2008.0   1.5103376180148462e-10 
  2009.0   1.169981940719773e-10 
  2010.0   1.0898402645522505e-10 
  2011.0   1.2920903670989247e-10 
  2012.0   1.3891427469123246e-10 
  2013.0   1.3070657612899356e-10 
  2014.0   9.768623598185649e-11 
