  1850.0   0.9341814155833147 
  1851.0   0.9459946177989014 
  1852.0   0.9247520626606376 
  1853.0   0.9355087058866834 
  1854.0   0.9135053956499735 
  1855.0   0.937503039899981 
  1856.0   0.9285542280464596 
  1857.0   0.9366002740967125 
  1858.0   0.9647882136948719 
  1859.0   0.9645223601620752 
  1860.0   0.9665094536443897 
  1861.0   0.9511390104431958 
  1862.0   0.9384973101531167 
  1863.0   0.9374122631617796 
  1864.0   0.9506420107317972 
  1865.0   0.9584129987659791 
  1866.0   0.9701827544553772 
  1867.0   0.9500335540828018 
  1868.0   0.9561143225263821 
  1869.0   0.9134252109112891 
  1870.0   0.9346176992094554 
  1871.0   0.9462158732903071 
  1872.0   0.9435427302486957 
  1873.0   0.9440036534060655 
  1874.0   0.9518618483349884 
  1875.0   0.9244956148051326 
  1876.0   0.9201162593377061 
  1877.0   0.9278480925244437 
  1878.0   0.9330008963885729 
  1879.0   0.9591621216765565 
  1880.0   0.9473770618248716 
  1881.0   0.9445457523881658 
  1882.0   0.9555843823174165 
  1883.0   0.9841881786622617 
  1884.0   0.9723266400653682 
  1885.0   0.9730846236254842 
  1886.0   0.9629121876708518 
  1887.0   0.9564870338998877 
  1888.0   0.9228398170470972 
  1889.0   0.949032718139514 
  1890.0   0.9628719418490006 
  1891.0   0.9576640497752202 
  1892.0   0.914924713216713 
  1893.0   0.9148203739132084 
  1894.0   0.9200426227571374 
  1895.0   0.9298264368512171 
  1896.0   0.9287241035282133 
  1897.0   0.9176747283309302 
  1898.0   0.9484375495952756 
  1899.0   0.954392441195127 
  1900.0   0.9671343686868538 
  1901.0   0.9438063347231055 
  1902.0   0.9523845210022457 
  1903.0   0.9305146845311516 
  1904.0   0.9439587866277527 
  1905.0   0.943542136881694 
  1906.0   0.9550741199985145 
  1907.0   0.9170331563182562 
  1908.0   0.9066487881104226 
  1909.0   0.9223660576137085 
  1910.0   0.9124307744383247 
  1911.0   0.9023858500929344 
  1912.0   0.9093142608143359 
  1913.0   0.9031910444967015 
  1914.0   0.9212602121861074 
  1915.0   0.9147075205135735 
  1916.0   0.9341935167261235 
  1917.0   0.9455170733178774 
  1918.0   0.9482180872284904 
  1919.0   0.9571027026302057 
  1920.0   0.9398861363046703 
  1921.0   0.9540570983526364 
  1922.0   0.9776983301117843 
  1923.0   0.9865982545143659 
  1924.0   0.99236677690014 
  1925.0   0.9778299088063538 
  1926.0   0.9740284367095169 
  1927.0   0.9775971064816332 
  1928.0   0.9563562496503811 
  1929.0   0.9637119231683677 
  1930.0   0.9665256758805205 
  1931.0   0.9802118878084541 
  1932.0   1.0135421016319506 
  1933.0   1.0081059081104538 
  1934.0   0.9812471150958963 
  1935.0   1.0016476110049464 
  1936.0   1.0245509479115944 
  1937.0   0.9849289630921824 
  1938.0   1.0041648789846247 
  1939.0   1.0134943813716313 
  1940.0   1.0146049660847598 
  1941.0   1.0011099835685084 
  1942.0   1.0041706999341276 
  1943.0   1.0006096395891022 
  1944.0   0.9921577052175624 
  1945.0   1.0011766912687337 
  1946.0   1.0032144448678055 
  1947.0   1.000083094962277 
  1948.0   0.973581863075163 
  1949.0   0.9639601365076136 
  1950.0   0.9558874396861288 
  1951.0   0.9732119816591549 
  1952.0   0.9899956595841904 
  1953.0   1.0011209113116097 
  1954.0   0.9597204450552952 
  1955.0   0.9967477050786413 
  1956.0   1.0243371375714483 
  1957.0   1.0374301946064406 
  1958.0   1.0270427583158155 
  1959.0   1.013981122546276 
  1960.0   1.0165771570956135 
  1961.0   1.0350346634435905 
  1962.0   1.0010737180523992 
  1963.0   0.9929366952993705 
  1964.0   1.0108186557388035 
  1965.0   0.9944496760372006 
  1966.0   0.9859459114572203 
  1967.0   1.0128651275126606 
  1968.0   1.0139363061572826 
  1969.0   1.025517726508555 
  1970.0   1.0320576451388568 
  1971.0   1.0399858210764932 
  1972.0   1.038904945103195 
  1973.0   1.058207893529067 
  1974.0   1.037082540031506 
  1975.0   1.0273190927603224 
  1976.0   1.040984035830488 
  1977.0   1.0737456684449953 
  1978.0   1.0876103027086839 
  1979.0   1.068335519047854 
  1980.0   1.0763457877294829 
  1981.0   1.0698635485722736 
  1982.0   1.102548617135868 
  1983.0   1.1134487563634792 
  1984.0   1.1432510713636672 
  1985.0   1.1657445285572154 
  1986.0   1.1542205005816382 
  1987.0   1.152549870752745 
  1988.0   1.1525954593973875 
  1989.0   1.135907858771057 
  1990.0   1.1114801340715368 
  1991.0   1.1088615100041161 
  1992.0   1.1041008880488583 
  1993.0   1.1292060271089563 
  1994.0   1.1442436072394946 
  1995.0   1.1572750882269087 
  1996.0   1.1411106719263682 
  1997.0   1.1633691325963817 
  1998.0   1.170275180936764 
  1999.0   1.1681152488755955 
  2000.0   1.1792143182063148 
  2001.0   1.2108335618036026 
  2002.0   1.1951288089926901 
  2003.0   1.1892601272904404 
  2004.0   1.1484490754352985 
  2005.0   1.1551310081572024 
  2006.0   1.1619262126005168 
  2007.0   1.1825410014876652 
  2008.0   1.227576074964971 
  2009.0   1.2370203699664952 
  2010.0   1.2057290496526376 
  2011.0   1.2276487897154402 
  2012.0   1.2597410834503289 
  2013.0   1.2845996511664453 
  2014.0   1.264613809591097 
