  1850.0   0.09510963617391172 
  1851.0   -0.15098205037737802 
  1852.0   0.08317318302374117 
  1853.0   0.09374279705671457 
  1854.0   -0.27158756938387596 
  1855.0   -0.14410890811798718 
  1856.0   -0.14553200951075432 
  1857.0   -0.0642045650730839 
  1858.0   0.021155308251156416 
  1859.0   -0.023860399732690843 
  1860.0   -0.06191356895258815 
  1861.0   -0.4021006498027719 
  1862.0   0.3805573647769495 
  1863.0   0.21582520819498918 
  1864.0   0.2939302146433692 
  1865.0   0.21866525900930173 
  1866.0   -0.4170549592187398 
  1867.0   0.2747765348570663 
  1868.0   -0.2217907274247202 
  1869.0   -0.4112498042441267 
  1870.0   -0.3835189680349292 
  1871.0   0.05611129872822502 
  1872.0   -0.4602542566800378 
  1873.0   0.13901768663788394 
  1874.0   0.16455326529058475 
  1875.0   -0.5966348207961335 
  1876.0   -0.07633798921550233 
  1877.0   -0.15699163684393425 
  1878.0   0.2367079069198029 
  1879.0   0.06324941629287396 
  1880.0   -0.2667281985519524 
  1881.0   -0.22521686996102352 
  1882.0   -0.5954427097226681 
  1883.0   -0.36506639522709466 
  1884.0   0.011538701466737373 
  1885.0   0.13224820490800607 
  1886.0   -0.38203499527297863 
  1887.0   -0.1676485411055768 
  1888.0   -0.22451779304409022 
  1889.0   0.15110962259331162 
  1890.0   -0.01907116693245408 
  1891.0   -0.46545048648988774 
  1892.0   -0.3123718726352482 
  1893.0   -0.47654704341216964 
  1894.0   0.06145064273609295 
  1895.0   -0.17350942885448856 
  1896.0   -0.21891392898070358 
  1897.0   -0.16107122348114036 
  1898.0   -0.4151399633405537 
  1899.0   -0.41207228679133445 
  1900.0   -0.3749323970984303 
  1901.0   -0.4755724602549157 
  1902.0   -0.40086730245243213 
  1903.0   -0.2979938937057162 
  1904.0   -0.09466325560627156 
  1905.0   -0.2922618300456844 
  1906.0   -0.3504635875705159 
  1907.0   -0.5622069288907231 
  1908.0   -0.3835361046173911 
  1909.0   -0.3123617686720788 
  1910.0   -0.4082175993541981 
  1911.0   -0.7563612665345595 
  1912.0   -0.2771480687604961 
  1913.0   -0.04100659667485811 
  1914.0   -0.3461158723832874 
  1915.0   -0.22736316628738312 
  1916.0   -0.3519847276789905 
  1917.0   -0.40075202820426287 
  1918.0   -0.5088747237477025 
  1919.0   0.18438526507069972 
  1920.0   -0.13440575057363924 
  1921.0   0.010714245153866328 
  1922.0   -0.19306132069063836 
  1923.0   -0.19812308632994088 
  1924.0   0.08898689259799027 
  1925.0   0.05423734067400198 
  1926.0   -0.006231877391773925 
  1927.0   0.14159940495926548 
  1928.0   -0.45609558055530597 
  1929.0   -0.41165290218692013 
  1930.0   -0.11534058717457175 
  1931.0   -0.45007265960140874 
  1932.0   -0.17859302911691885 
  1933.0   -0.10803756119770458 
  1934.0   -0.2703088558012053 
  1935.0   -0.23739675450040787 
  1936.0   -0.05294228628249299 
  1937.0   -0.2940137735870829 
  1938.0   -0.27776690346572563 
  1939.0   -0.41573301422252323 
  1940.0   0.23059367065061356 
  1941.0   -0.04332464531159177 
  1942.0   -0.21513905678611459 
  1943.0   -0.49414056302144077 
  1944.0   0.27948215775725943 
  1945.0   -0.15883969362636624 
  1946.0   -0.03147406781435866 
  1947.0   0.2454945462920407 
  1948.0   0.10299197952361765 
  1949.0   -0.5793712252394975 
  1950.0   -0.44223478404026606 
  1951.0   -0.22503604227633445 
  1952.0   0.031139394610853785 
  1953.0   -0.19472874735796217 
  1954.0   -0.005142950466609611 
  1955.0   -0.25545939679360996 
  1956.0   -0.4111041058306163 
  1957.0   0.08497822128922895 
  1958.0   0.03137400977920229 
  1959.0   -0.22741815563897733 
  1960.0   -0.14718678442116453 
  1961.0   -0.4620457418459582 
  1962.0   0.24871012361166334 
  1963.0   0.2978847642255973 
  1964.0   -0.2885549585442568 
  1965.0   0.24636478406290857 
  1966.0   -0.057132300028118276 
  1967.0   0.04360937934272417 
  1968.0   -0.4319754603319593 
  1969.0   -0.06595474885021783 
  1970.0   0.06540995260771475 
  1971.0   -0.38105724290712234 
  1972.0   -0.05005740602988564 
  1973.0   -0.032144303977099525 
  1974.0   -0.27502558354699963 
  1975.0   0.09108763335387857 
  1976.0   -0.102515691704374 
  1977.0   0.00810658342771907 
  1978.0   -0.3328742378711465 
  1979.0   0.07254993342148797 
  1980.0   -0.24313194566306234 
  1981.0   0.050114405579746696 
  1982.0   0.2121824120839189 
  1983.0   0.05229756884021295 
  1984.0   0.29208213023057183 
  1985.0   -0.34653374273244686 
  1986.0   0.034860835597440416 
  1987.0   -0.04599290477959279 
  1988.0   0.043509490122299745 
  1989.0   0.09515907580179159 
  1990.0   0.11916405317118847 
  1991.0   -0.22283112059861937 
  1992.0   0.0935287391454592 
  1993.0   0.10799615914126641 
  1994.0   0.1122834997016698 
  1995.0   0.0783020546242695 
  1996.0   0.17993790686537417 
  1997.0   0.054217208736933885 
  1998.0   0.36580335906092565 
  1999.0   0.08101141639443733 
  2000.0   0.528284130392553 
  2001.0   0.20754977239870195 
  2002.0   0.5426462333884922 
  2003.0   0.5191629257122323 
  2004.0   0.5254574524603206 
  2005.0   0.49884813438868675 
  2006.0   -0.014182765516410066 
  2007.0   -0.027153268100825006 
  2008.0   0.5252411711889657 
  2009.0   0.2964125898763866 
  2010.0   0.5005821047972042 
  2011.0   0.27445639126953575 
  2012.0   0.22140470182242705 
  2013.0   0.5854924190704447 
  2014.0   0.8476756974021664 
