  1850.0   314.76879197336666 
  1851.0   314.7364394377449 
  1852.0   314.7194668614147 
  1853.0   314.72077527726424 
  1854.0   314.71224507232 
  1855.0   314.68011248387836 
  1856.0   314.682486891474 
  1857.0   314.71563172830173 
  1858.0   314.729942076079 
  1859.0   314.7143773722145 
  1860.0   314.7149464385663 
  1861.0   314.71540622611474 
  1862.0   314.7228687956437 
  1863.0   314.735074675042 
  1864.0   314.7423654931896 
  1865.0   314.71681678912273 
  1866.0   314.6710640388943 
  1867.0   314.6315746310453 
  1868.0   314.6189311128805 
  1869.0   314.6384698575052 
  1870.0   314.65659860542286 
  1871.0   314.6845680322301 
  1872.0   314.7462706601852 
  1873.0   314.7800618511981 
  1874.0   314.79597745043037 
  1875.0   314.7766563735838 
  1876.0   314.75185615382514 
  1877.0   314.7626628353875 
  1878.0   314.7639303249242 
  1879.0   314.77254807860777 
  1880.0   314.8110206095136 
  1881.0   314.837397755499 
  1882.0   314.85181134986766 
  1883.0   314.86435309304585 
  1884.0   314.89940170282114 
  1885.0   314.92275397684676 
  1886.0   314.94509088062176 
  1887.0   314.9606225756724 
  1888.0   314.95828711319325 
  1889.0   314.9490849693946 
  1890.0   314.94301384423864 
  1891.0   314.96546478319226 
  1892.0   315.0036160506933 
  1893.0   315.0508055491863 
  1894.0   315.1092425657085 
  1895.0   315.1447334391758 
  1896.0   315.17027529571766 
  1897.0   315.191206705737 
  1898.0   315.18709076793834 
  1899.0   315.1964113788025 
  1900.0   315.22438603229205 
  1901.0   315.26941863554543 
  1902.0   315.32256787508805 
  1903.0   315.3336542052313 
  1904.0   315.35115326303077 
  1905.0   315.387528756747 
  1906.0   315.44241435634405 
  1907.0   315.449962731725 
  1908.0   315.4910480996795 
  1909.0   315.5466248458303 
  1910.0   315.59775947544324 
  1911.0   315.59933915358704 
  1912.0   315.5636155991296 
  1913.0   315.5626145063381 
  1914.0   315.59067733835474 
  1915.0   315.60678897066305 
  1916.0   315.62294866161585 
  1917.0   315.661168196388 
  1918.0   315.73724456844275 
  1919.0   315.7891435290918 
  1920.0   315.8366857534821 
  1921.0   315.8608206366224 
  1922.0   315.9083337102115 
  1923.0   315.95373873561675 
  1924.0   315.99303318253305 
  1925.0   316.0364380523212 
  1926.0   316.08450321863364 
  1927.0   316.1126113947855 
  1928.0   316.1182586492504 
  1929.0   316.1555787896399 
  1930.0   316.1981512666979 
  1931.0   316.22880204201925 
  1932.0   316.24615391755896 
  1933.0   316.2458223244913 
  1934.0   316.24172952804486 
  1935.0   316.22631520839445 
  1936.0   316.23483205849936 
  1937.0   316.2696437695204 
  1938.0   316.3051736912805 
  1939.0   316.33819099096354 
  1940.0   316.36754484540324 
  1941.0   316.3896416433837 
  1942.0   316.4133840718252 
  1943.0   316.4256062885195 
  1944.0   316.48802695361417 
  1945.0   316.557011234624 
  1946.0   316.6453913785824 
  1947.0   316.6859281960554 
  1948.0   316.7117581567157 
  1949.0   316.7201965279195 
  1950.0   316.75085752953163 
  1951.0   316.78392204247666 
  1952.0   316.85320852612654 
  1953.0   316.87714276585785 
  1954.0   316.89748042774335 
  1955.0   316.9514287569066 
  1956.0   317.02915656253185 
  1957.0   317.10536845855506 
  1958.0   317.20673362375857 
  1959.0   317.28267060537553 
  1960.0   317.3552342623613 
  1961.0   317.3836807717155 
  1962.0   317.4588361879304 
  1963.0   317.5637644347065 
  1964.0   317.6489550189596 
  1965.0   317.73482992409424 
  1966.0   317.8218659849586 
  1967.0   317.9450342538625 
  1968.0   318.07456065164985 
  1969.0   318.19145131699895 
  1970.0   318.3111212669931 
  1971.0   318.4114857920737 
  1972.0   318.49575835961525 
  1973.0   318.58198428787574 
  1974.0   318.6825150396507 
  1975.0   318.7817663381536 
  1976.0   318.8726399958873 
  1977.0   318.975855554698 
  1978.0   319.1030117589985 
  1979.0   319.25929624196374 
  1980.0   319.3852976841827 
  1981.0   319.4860504446032 
  1982.0   319.57348977195403 
  1983.0   319.6844233296158 
  1984.0   319.8476653522982 
  1985.0   319.9974172972443 
  1986.0   320.1330399379231 
  1987.0   320.2570437304179 
  1988.0   320.4094354776984 
  1989.0   320.545184859135 
  1990.0   320.66071631164 
  1991.0   320.7288085886892 
  1992.0   320.814657544612 
  1993.0   320.9490392727918 
  1994.0   321.0817312796648 
  1995.0   321.14919976038533 
  1996.0   321.2488729099891 
  1997.0   321.3612069425204 
  1998.0   321.49778454405225 
  1999.0   321.61189923355346 
  2000.0   321.71791871669564 
  2001.0   321.876917537703 
  2002.0   322.03692788000063 
  2003.0   322.1575000432163 
  2004.0   322.2715465864296 
  2005.0   322.3608910931586 
  2006.0   322.47124915772025 
  2007.0   322.5395830991549 
  2008.0   322.63816772714455 
  2009.0   322.74876890104025 
  2010.0   322.8655292347634 
  2011.0   322.9975320615838 
  2012.0   323.12127454620764 
  2013.0   323.24838457387204 
  2014.0   323.3195709157205 
