  2015.0   0.9931616726023309 
  2016.0   0.9487482746562301 
  2017.0   0.9788564631092602 
  2018.0   0.9759635286213451 
  2019.0   0.9353948715531599 
  2020.0   1.0417285904008606 
  2021.0   1.0228069702513638 
  2022.0   0.9843411769016229 
  2023.0   1.0506012077833433 
  2024.0   1.0134461504127268 
  2025.0   0.9936737855886545 
  2026.0   1.1181673760805482 
  2027.0   1.106763611332408 
  2028.0   1.0948004678273082 
  2029.0   1.0935536272746393 
  2030.0   1.0431447258691473 
  2031.0   1.1681021063373909 
  2032.0   1.1268084020825684 
  2033.0   1.1161152023496694 
  2034.0   1.058563109435283 
  2035.0   1.1105144386126755 
  2036.0   1.042192317046841 
  2037.0   1.1815190146990844 
  2038.0   1.1102267479823134 
  2039.0   1.0675723781175563 
  2040.0   1.1246107479265315 
  2041.0   1.1131570487729274 
  2042.0   1.2096350386878105 
  2043.0   1.1719256519971573 
  2044.0   1.1617307577270402 
  2045.0   1.1932396650194619 
  2046.0   1.1423075041647066 
  2047.0   1.1295767220188595 
  2048.0   1.077816858119259 
  2049.0   1.088782392613734 
  2050.0   1.0488646134938173 
  2051.0   1.1495992946123446 
  2052.0   1.1208723916938332 
  2053.0   1.1519293217792828 
  2054.0   1.1396902275355332 
  2055.0   1.0737007252930932 
  2056.0   1.1772659430491246 
  2057.0   1.1496237037911998 
  2058.0   1.1358995842388564 
  2059.0   1.1890727078340586 
  2060.0   1.1174896970365578 
  2061.0   1.122975074329392 
  2062.0   1.1466326467127896 
  2063.0   1.0612563644179642 
  2064.0   1.0724805159984048 
  2065.0   1.0873589065959035 
  2066.0   1.2652204432899241 
  2067.0   1.1954009320092867 
  2068.0   1.0626174628185276 
  2069.0   1.113462750494672 
  2070.0   1.2368708031919409 
  2071.0   1.1381131754007505 
  2072.0   1.117692772697246 
  2073.0   1.220332343017126 
  2074.0   1.268814472090266 
  2075.0   1.2029027711118863 
  2076.0   1.195884556065356 
  2077.0   1.121805728264252 
  2078.0   1.2101111681178047 
  2079.0   1.21288223131527 
  2080.0   1.1072956620438543 
  2081.0   1.2432755306998513 
  2082.0   1.2128055186411821 
  2083.0   1.172651734045298 
  2084.0   1.1120517857809804 
  2085.0   1.1427797525379504 
  2086.0   1.193499213870151 
  2087.0   1.2555994180409369 
  2088.0   1.2418081492595507 
  2089.0   1.1667015930785172 
  2090.0   1.2800999601786924 
  2091.0   1.2414236313536906 
  2092.0   1.146381156594683 
  2093.0   1.1878695800976868 
  2094.0   1.167844947353379 
  2095.0   1.2100971918512726 
  2096.0   1.1673955862512868 
  2097.0   1.1223559745636587 
  2098.0   1.1859705108939598 
  2099.0   1.211328165988754 
  2100.0   1.2396863569650085 
