  2015.0   7.394261241956424e-14 
  2016.0   8.575932838456611e-14 
  2017.0   8.735609416387739e-14 
  2018.0   8.731943257224348e-14 
  2019.0   8.64808606385469e-14 
  2020.0   8.480951000814087e-14 
  2021.0   8.12765758166442e-14 
  2022.0   7.939986986364446e-14 
  2023.0   7.794396118316533e-14 
  2024.0   7.899287223420818e-14 
  2025.0   8.134158818024337e-14 
  2026.0   7.514819005927809e-14 
  2027.0   7.008803408273075e-14 
  2028.0   6.980972024221183e-14 
  2029.0   6.971279480425671e-14 
  2030.0   6.955976741497857e-14 
  2031.0   6.959713800055017e-14 
  2032.0   6.996060122417959e-14 
  2033.0   7.129460880261236e-14 
  2034.0   7.174829723991327e-14 
  2035.0   7.209016271319043e-14 
  2036.0   7.149680022729725e-14 
  2037.0   7.068916575236169e-14 
  2038.0   6.99035171857884e-14 
  2039.0   6.943773528787463e-14 
  2040.0   6.935894860861169e-14 
  2041.0   6.926406370422728e-14 
  2042.0   6.923395780556839e-14 
  2043.0   6.874807553375417e-14 
  2044.0   6.827263086610697e-14 
  2045.0   7.036384839573641e-14 
  2046.0   7.01032382659538e-14 
  2047.0   7.049268803963185e-14 
  2048.0   7.033434367528733e-14 
  2049.0   6.964228636974017e-14 
  2050.0   6.781911415783091e-14 
  2051.0   5.827521047330587e-14 
  2052.0   5.765093723060083e-14 
  2053.0   5.743116268608282e-14 
  2054.0   5.759431096817663e-14 
  2055.0   5.709612152587678e-14 
  2056.0   5.459127624513406e-14 
  2057.0   5.445738276260692e-14 
  2058.0   5.3840359578535895e-14 
  2059.0   5.5770820969188086e-14 
  2060.0   5.5312253638253245e-14 
  2061.0   5.418689869169613e-14 
  2062.0   5.3708846183033917e-14 
  2063.0   5.320671200926263e-14 
  2064.0   5.2763805507020256e-14 
  2065.0   4.967494952110618e-14 
  2066.0   4.9499299376536093e-14 
  2067.0   4.754197694121523e-14 
  2068.0   4.715157885391605e-14 
  2069.0   1.0785236118095718e-13 
  2070.0   1.3216121617926537e-13 
  2071.0   1.3107394040695732e-13 
  2072.0   1.2204914185800366e-13 
  2073.0   3.3680458368757894e-13 
  2074.0   2.5837593080176164e-13 
  2075.0   3.3387401732593544e-13 
  2076.0   3.404679521173867e-13 
  2077.0   7.850731026779718e-13 
  2078.0   7.902734115327733e-13 
  2079.0   7.942261667686134e-13 
  2080.0   9.911065712778953e-13 
  2081.0   9.923703865237584e-13 
  2082.0   1.1688808060616405e-12 
  2083.0   1.2311473799922581e-12 
  2084.0   1.3014113243127884e-12 
  2085.0   1.3150049378481877e-12 
  2086.0   1.2900524923747215e-12 
  2087.0   1.2128491892839646e-12 
  2088.0   1.2063977829375437e-12 
  2089.0   1.2721300427409269e-12 
  2090.0   1.3173076865999496e-12 
  2091.0   1.3858064556988934e-12 
  2092.0   1.4719988165509546e-12 
  2093.0   1.456500117091647e-12 
  2094.0   1.432191716109966e-12 
  2095.0   1.423780677583549e-12 
  2096.0   1.4053914211402967e-12 
  2097.0   1.3977820434011118e-12 
  2098.0   1.3750657317841724e-12 
  2099.0   1.3742123738876418e-12 
  2100.0   1.6142077990787861e-12 
