  2015.0   5.045677798070949 
  2016.0   5.058107567212652 
  2017.0   5.043203825397952 
  2018.0   5.040557421557963 
  2019.0   5.092912133949212 
  2020.0   5.061153783458795 
  2021.0   5.084157538966172 
  2022.0   5.115513867192869 
  2023.0   5.16198861366278 
  2024.0   5.185176397563989 
  2025.0   5.155869453240736 
  2026.0   5.161138003932516 
  2027.0   5.222983735957797 
  2028.0   5.2991769368855755 
  2029.0   5.284721378911003 
  2030.0   5.280435073616282 
  2031.0   5.324858408616061 
  2032.0   5.335216497604597 
  2033.0   5.372191753400656 
  2034.0   5.461723856230762 
  2035.0   5.5092663652392275 
  2036.0   5.552435401383848 
  2037.0   5.6048118891194365 
  2038.0   5.655383388671842 
  2039.0   5.669330456633832 
  2040.0   5.725352480529738 
  2041.0   5.708222895338446 
  2042.0   5.73295974895986 
  2043.0   5.808212934249195 
  2044.0   5.846909481904118 
  2045.0   5.878037302848626 
  2046.0   5.925962165240229 
  2047.0   5.978322647396938 
  2048.0   5.969619349802519 
  2049.0   5.8966245756234885 
  2050.0   5.896853983422557 
  2051.0   5.972096144197461 
  2052.0   5.9880650232040376 
  2053.0   5.991454287454701 
  2054.0   5.959914776929422 
  2055.0   5.978118022866451 
  2056.0   6.045377531850931 
  2057.0   6.023760546885665 
  2058.0   5.980956597955926 
  2059.0   6.03669739132451 
  2060.0   6.059601287178007 
  2061.0   6.029262225357112 
  2062.0   6.021482124981752 
  2063.0   6.072671381905417 
  2064.0   6.097083801970277 
  2065.0   6.076093700185098 
  2066.0   6.044759198252516 
  2067.0   6.128664944802025 
  2068.0   6.143801459096944 
  2069.0   6.135552675315647 
  2070.0   6.213914743235065 
  2071.0   6.231018653113412 
  2072.0   6.179796663797363 
  2073.0   6.119480262644069 
  2074.0   6.1475429624011655 
  2075.0   6.156166800733496 
  2076.0   6.108189527260457 
  2077.0   6.070784109541783 
  2078.0   6.0359821739149595 
  2079.0   6.14538177817732 
  2080.0   6.161449372398663 
  2081.0   6.190031013843161 
  2082.0   6.233655084682104 
  2083.0   6.2732152691168945 
  2084.0   6.262424694389864 
  2085.0   6.271198767181304 
  2086.0   6.373895528566753 
  2087.0   6.388407007004147 
  2088.0   6.313037900601762 
  2089.0   6.331143923367897 
  2090.0   6.38027660481578 
  2091.0   6.359663752993619 
  2092.0   6.399278605352999 
  2093.0   6.440943999104986 
  2094.0   6.4155107600767725 
  2095.0   6.4256522825471105 
  2096.0   6.398887905833107 
  2097.0   6.349529915470862 
  2098.0   6.333729411388914 
  2099.0   6.387617548163729 
  2100.0   6.3812699173501075 
