  2015.0   1.1711498161642506 
  2016.0   1.3649599458406734 
  2017.0   1.3909034834704121 
  2018.0   1.25040590901329 
  2019.0   1.2248807742389174 
  2020.0   1.2467603146233606 
  2021.0   1.2776795074672167 
  2022.0   1.3310922871675732 
  2023.0   1.2489371135165634 
  2024.0   1.2174406207488828 
  2025.0   1.1268026748715503 
  2026.0   1.095769004818586 
  2027.0   1.1389142781748887 
  2028.0   1.326361198172921 
  2029.0   1.4796419634256186 
  2030.0   1.3704736848820707 
  2031.0   1.2906943202896828 
  2032.0   1.4139682438801635 
  2033.0   1.357714286996336 
  2034.0   1.3534637484789787 
  2035.0   1.4081617381802516 
  2036.0   1.3875990639362767 
  2037.0   1.2294858645654658 
  2038.0   1.19914896318876 
  2039.0   1.410190531331724 
  2040.0   1.6191662989936733 
  2041.0   1.3826166948665983 
  2042.0   1.2781866626272558 
  2043.0   1.3928053026711085 
  2044.0   1.388274672551833 
  2045.0   1.2918177091884109 
  2046.0   1.2881122515179484 
  2047.0   1.4912600945159522 
  2048.0   1.396006513515015 
  2049.0   1.3528783331877514 
  2050.0   1.3402893842697896 
  2051.0   1.3584289133119403 
  2052.0   1.3669185537226025 
  2053.0   1.3900304619268242 
  2054.0   1.3970182054032676 
  2055.0   1.4446667706655234 
  2056.0   1.2938673954028008 
  2057.0   1.3049033039778253 
  2058.0   1.3949623750768203 
  2059.0   1.4601941277165742 
  2060.0   1.5331994898773498 
  2061.0   1.6147572811938486 
  2062.0   1.563236041679771 
  2063.0   1.5099035388022302 
  2064.0   1.3433137796997665 
  2065.0   1.4364430396021672 
  2066.0   1.5790758767690893 
  2067.0   1.4430404169343467 
  2068.0   1.3635483232841954 
  2069.0   1.420752838800389 
  2070.0   1.431183910872706 
  2071.0   1.2304305517290652 
  2072.0   1.3219126151907388 
  2073.0   1.5093725606822639 
  2074.0   1.5412699408883583 
  2075.0   1.3696556341145738 
  2076.0   1.4135910690396083 
  2077.0   1.4006928809087034 
  2078.0   1.3698638696464087 
  2079.0   1.4488779950161659 
  2080.0   1.5672027745527766 
  2081.0   1.5332666095600824 
  2082.0   1.4529149735684415 
  2083.0   1.358739443070492 
  2084.0   1.4547088901881615 
  2085.0   1.5582292556605533 
  2086.0   1.579816192958938 
  2087.0   1.520854688196896 
  2088.0   1.5098413168092961 
  2089.0   1.4733376956088393 
  2090.0   1.3124814834917222 
  2091.0   1.322845432270563 
  2092.0   1.487636766761825 
  2093.0   1.459236412858504 
  2094.0   1.4235469032665995 
  2095.0   1.4498152805853033 
  2096.0   1.5139118701221963 
  2097.0   1.5396356750901288 
  2098.0   1.4825660516136807 
  2099.0   1.3742813165803325 
  2100.0   1.368369254466319 
