  2015.0   0.18572032062453603 
  2016.0   0.15759249222640284 
  2017.0   0.09412919694640146 
  2018.0   0.289894865334292 
  2019.0   0.1504053634413686 
  2020.0   0.204924052177792 
  2021.0   0.25560828638210586 
  2022.0   0.09122452486304108 
  2023.0   0.14537940763489923 
  2024.0   0.12945178721391237 
  2025.0   0.2162434565810699 
  2026.0   0.1306279839345101 
  2027.0   0.2236907588127091 
  2028.0   0.1688582530308131 
  2029.0   0.02549400873605614 
  2030.0   0.2571422758823687 
  2031.0   0.19619490863273492 
  2032.0   0.21411013001636353 
  2033.0   0.003755586966588778 
  2034.0   0.25608111387845284 
  2035.0   0.10436942426745094 
  2036.0   0.21767085152885912 
  2037.0   0.1499311260474657 
  2038.0   0.14587071971128948 
  2039.0   0.1638282473614541 
  2040.0   0.19124541310435458 
  2041.0   0.16528174266653287 
  2042.0   0.133073533577436 
  2043.0   0.2638032028272981 
  2044.0   0.15702556838909792 
  2045.0   0.16961663659492762 
  2046.0   0.25435432223248683 
  2047.0   0.07436855134471813 
  2048.0   0.17034025250744023 
  2049.0   0.11208442000757914 
  2050.0   0.20843752470509952 
  2051.0   0.194685414808939 
  2052.0   0.20805134400934097 
  2053.0   0.0001042715408787092 
  2054.0   0.23356332463332583 
  2055.0   0.1757116826146964 
  2056.0   0.01622740903301896 
  2057.0   0.158333496683218 
  2058.0   0.19095611472723506 
  2059.0   0.15282074437176255 
  2060.0   0.11590105241837131 
  2061.0   0.18353751928174725 
  2062.0   0.12785326581633483 
  2063.0   0.13705987697934469 
  2064.0   0.01480722489640871 
  2065.0   0.25377320704847944 
  2066.0   0.18767370027114602 
  2067.0   0.027093317344277824 
  2068.0   0.09616133792342055 
  2069.0   0.16380699272380245 
  2070.0   0.06966098970658158 
  2071.0   0.12786652150858283 
  2072.0   0.2499266622677232 
  2073.0   0.07530783511678686 
  2074.0   0.057049275515378944 
  2075.0   0.05923580761363415 
  2076.0   0.12210252945917682 
  2077.0   0.17070257283990045 
  2078.0   0.12035694619965327 
  2079.0   0.15793601167042728 
  2080.0   0.06915917611690278 
  2081.0   0.02272751394677659 
  2082.0   0.026916111169798335 
  2083.0   0.10073739266538974 
  2084.0   0.0581165862176467 
  2085.0   0.03913838180760633 
  2086.0   0.04174786551047303 
  2087.0   0.1464643510457974 
  2088.0   0.025356474295004493 
  2089.0   0.11439417753258303 
  2090.0   0.18684653799303563 
  2091.0   -0.001062399996141405 
  2092.0   0.11046756882105098 
  2093.0   0.14303968544382423 
  2094.0   0.03373304439172846 
  2095.0   -0.015130162698140413 
  2096.0   -0.025758033470256514 
  2097.0   0.08822344741785375 
  2098.0   0.0325897754524005 
  2099.0   0.11024319023243852 
  2100.0   0.0716570031866343 
