  2015.0   6.301086583603541e-14 
  2016.0   6.990896348806056e-14 
  2017.0   7.257474509066955e-14 
  2018.0   6.429650242874954e-14 
  2019.0   7.640455848956767e-14 
  2020.0   7.221829425206244e-14 
  2021.0   5.94638891402143e-14 
  2022.0   7.470682179812658e-14 
  2023.0   8.255600987128351e-14 
  2024.0   8.414966721605609e-14 
  2025.0   5.851366202564004e-14 
  2026.0   3.931212199448541e-14 
  2027.0   3.586149268018786e-14 
  2028.0   5.703081980787944e-14 
  2029.0   4.4422320061403135e-14 
  2030.0   2.8812948859352044e-14 
  2031.0   2.2075797230763867e-14 
  2032.0   1.784250062194376e-14 
  2033.0   1.9400995462374473e-14 
  2034.0   3.756898811799077e-14 
  2035.0   4.017321423621601e-14 
  2036.0   3.2752780373905804e-14 
  2037.0   3.116952473813896e-14 
  2038.0   3.1799560274725314e-14 
  2039.0   3.106498248487217e-14 
  2040.0   4.157934874133383e-14 
  2041.0   4.7375765757126086e-14 
  2042.0   4.878919805728401e-14 
  2043.0   6.268935834359182e-14 
  2044.0   6.840121411243156e-14 
  2045.0   6.077882441327846e-14 
  2046.0   5.889263371120603e-14 
  2047.0   6.892144590303906e-14 
  2048.0   8.018548333830201e-14 
  2049.0   7.16866980355676e-14 
  2050.0   6.310624591070187e-14 
  2051.0   4.958701964944326e-14 
  2052.0   4.0835706917025915e-14 
  2053.0   3.725459838869295e-14 
  2054.0   2.86679749596765e-14 
  2055.0   2.6409472268389828e-14 
  2056.0   3.6352671961538395e-14 
  2057.0   2.946102527043004e-14 
  2058.0   1.903385111485183e-14 
  2059.0   2.0045874168845663e-14 
  2060.0   2.3663778973157378e-14 
  2061.0   1.7256905802570644e-14 
  2062.0   1.5217357841799745e-14 
  2063.0   2.7686487085296874e-14 
  2064.0   3.423026857918044e-14 
  2065.0   2.176967486220771e-14 
  2066.0   1.3599177644600096e-14 
  2067.0   1.447135590917408e-14 
  2068.0   1.5539412731319842e-14 
  2069.0   1.391039817801779e-14 
  2070.0   2.1572499216996268e-14 
  2071.0   2.9103528776314015e-14 
  2072.0   1.997012963072464e-14 
  2073.0   1.1131444367260145e-14 
  2074.0   7.789834818488314e-15 
  2075.0   1.3139960122390027e-14 
  2076.0   1.4412118390247712e-14 
  2077.0   1.1975658026051482e-14 
  2078.0   9.398958406079937e-15 
  2079.0   1.3335185401219559e-14 
  2080.0   1.77777328158923e-14 
  2081.0   2.4978151425577622e-14 
  2082.0   3.0499943411115126e-14 
  2083.0   2.4331564488478158e-14 
  2084.0   1.9884975787259262e-14 
  2085.0   1.9154925358259513e-14 
  2086.0   1.8833871834070376e-14 
  2087.0   1.7498653404334883e-14 
  2088.0   1.1940838921634086e-14 
  2089.0   1.257385907533723e-14 
  2090.0   1.8553607090099245e-14 
  2091.0   2.112793178462585e-14 
  2092.0   2.1891761335568054e-14 
  2093.0   2.9137409835299855e-14 
  2094.0   2.936605217180114e-14 
  2095.0   2.933712574141569e-14 
  2096.0   3.782799132751699e-14 
  2097.0   3.299479891666934e-14 
  2098.0   3.2867292405652205e-14 
  2099.0   4.586719385663908e-14 
  2100.0   3.689690113811521e-14 
