  2015.0   6.723184689555756e-11 
  2016.0   8.409133205141042e-11 
  2017.0   6.651162616018078e-11 
  2018.0   9.849238293058777e-11 
  2019.0   7.502226935102423e-11 
  2020.0   5.847998898267437e-11 
  2021.0   1.0702053946902352e-10 
  2022.0   9.671180386856497e-11 
  2023.0   7.251038391516023e-11 
  2024.0   9.352547620206682e-11 
  2025.0   7.844545883701688e-11 
  2026.0   1.0331183695697583e-10 
  2027.0   8.723626786942086e-11 
  2028.0   7.15094728809386e-11 
  2029.0   7.908479167951677e-11 
  2030.0   7.571009299018743e-11 
  2031.0   9.522319181113822e-11 
  2032.0   9.457654509143249e-11 
  2033.0   6.57364513871315e-11 
  2034.0   9.976433798504237e-11 
  2035.0   9.991134319340718e-11 
  2036.0   9.643148763991348e-11 
  2037.0   7.577485731569876e-11 
  2038.0   1.0025287502442937e-10 
  2039.0   1.385749897489045e-10 
  2040.0   7.89353311499322e-11 
  2041.0   7.741808917010093e-11 
  2042.0   1.0666498818337454e-10 
  2043.0   1.187906691949365e-10 
  2044.0   1.2290164344486423e-10 
  2045.0   9.229528747339515e-11 
  2046.0   8.866925599636757e-11 
  2047.0   1.6069452052082203e-10 
  2048.0   1.025052728934789e-10 
  2049.0   8.772046538673683e-11 
  2050.0   1.4064794832900473e-10 
  2051.0   1.3661549906529615e-10 
  2052.0   1.295482346067415e-10 
  2053.0   1.9585427021444505e-10 
  2054.0   1.6246563382668724e-10 
  2055.0   9.969615228700276e-11 
  2056.0   1.6983724215103881e-10 
  2057.0   1.660162523775089e-10 
  2058.0   1.397247284964563e-10 
  2059.0   9.351160424266292e-11 
  2060.0   1.1466933526742676e-10 
  2061.0   1.5933267447508393e-10 
  2062.0   1.6496595394113202e-10 
  2063.0   1.7624778044555812e-10 
  2064.0   2.0402078577242577e-10 
  2065.0   1.4617459369776925e-10 
  2066.0   6.813223309379925e-11 
  2067.0   1.1547275435165524e-10 
  2068.0   1.186668588004717e-10 
  2069.0   1.870638474837324e-10 
  2070.0   1.4373013787497777e-10 
  2071.0   1.695295628318142e-10 
  2072.0   1.3275402120795643e-10 
  2073.0   1.3687943810775485e-10 
  2074.0   1.1347208896978967e-10 
  2075.0   1.931367846245332e-10 
  2076.0   1.1836036369450095e-10 
  2077.0   9.212856681677792e-11 
  2078.0   1.1079221553695748e-10 
  2079.0   1.6674421565920346e-10 
  2080.0   1.138300988149663e-10 
  2081.0   1.4814356485909077e-10 
  2082.0   9.590017910144199e-11 
  2083.0   2.03399620623806e-10 
  2084.0   2.1881329133546515e-10 
  2085.0   1.509997004389233e-10 
  2086.0   1.2306660789437945e-10 
  2087.0   1.3179385561819173e-10 
  2088.0   1.0944687384880541e-10 
  2089.0   1.6004333086601986e-10 
  2090.0   1.3395677107133637e-10 
  2091.0   1.637126156624511e-10 
  2092.0   1.2498233035915686e-10 
  2093.0   1.5642187511061968e-10 
  2094.0   1.3162307384227254e-10 
  2095.0   1.555585991759755e-10 
  2096.0   9.947347896784151e-11 
  2097.0   1.603270518701992e-10 
  2098.0   1.9683841670232616e-10 
  2099.0   1.5483484173655785e-10 
  2100.0   1.4493835593916482e-10 
