  2015.0   8.329197064823881e-13 
  2016.0   7.316973446015619e-13 
  2017.0   6.516460790571726e-13 
  2018.0   5.882785303930454e-13 
  2019.0   5.380841303726751e-13 
  2020.0   4.973222239099147e-13 
  2021.0   4.638797894013709e-13 
  2022.0   4.368213637081347e-13 
  2023.0   4.147685265886607e-13 
  2024.0   3.9672738475142925e-13 
  2025.0   3.8333759718305383e-13 
  2026.0   3.734070351518765e-13 
  2027.0   3.6483070136778446e-13 
  2028.0   3.5725239947867895e-13 
  2029.0   3.5058538995767587e-13 
  2030.0   3.464572802161671e-13 
  2031.0   3.4427235261484297e-13 
  2032.0   3.424342901601651e-13 
  2033.0   3.401382678068143e-13 
  2034.0   3.371460505181372e-13 
  2035.0   3.333729509495992e-13 
  2036.0   3.289953660910179e-13 
  2037.0   3.2484508067792636e-13 
  2038.0   3.2098629553226707e-13 
  2039.0   3.175527300446004e-13 
  2040.0   3.1327021397669693e-13 
  2041.0   3.08714125086849e-13 
  2042.0   3.048392272725428e-13 
  2043.0   3.0133668988943935e-13 
  2044.0   2.981454353424472e-13 
  2045.0   2.9625781417672387e-13 
  2046.0   2.953091171508123e-13 
  2047.0   2.9414855020024625e-13 
  2048.0   2.930742695529208e-13 
  2049.0   2.9206286857943056e-13 
  2050.0   2.8901690525541643e-13 
  2051.0   2.8076686768880425e-13 
  2052.0   2.701783298546906e-13 
  2053.0   2.6140439944117704e-13 
  2054.0   2.5423623612824175e-13 
  2055.0   2.6113586399917193e-13 
  2056.0   2.7899422748332834e-13 
  2057.0   2.925658084257215e-13 
  2058.0   3.021085869206934e-13 
  2059.0   3.090422936567945e-13 
  2060.0   3.037192839088367e-13 
  2061.0   2.885512676370312e-13 
  2062.0   2.751658395958058e-13 
  2063.0   2.641698669112877e-13 
  2064.0   2.5552521329667326e-13 
  2065.0   2.4822874638873864e-13 
  2066.0   2.4230870214113643e-13 
  2067.0   2.369883580578425e-13 
  2068.0   2.3164857357474086e-13 
  2069.0   2.347582782494825e-13 
  2070.0   2.4701057714731367e-13 
  2071.0   2.597872385368218e-13 
  2072.0   2.6864235019551396e-13 
  2073.0   2.9010230237472927e-13 
  2074.0   3.1499529663292475e-13 
  2075.0   3.400284293074741e-13 
  2076.0   3.7060335900548713e-13 
  2077.0   4.2308995814884494e-13 
  2078.0   4.896038439118178e-13 
  2079.0   5.424509432957748e-13 
  2080.0   5.998062249817614e-13 
  2081.0   6.593804843809946e-13 
  2082.0   7.161428785334027e-13 
  2083.0   7.720146204132926e-13 
  2084.0   8.23849759246291e-13 
  2085.0   8.669930348847542e-13 
  2086.0   8.971905852969324e-13 
  2087.0   9.205692763557322e-13 
  2088.0   9.424802090522217e-13 
  2089.0   9.701383056309783e-13 
  2090.0   9.928016778528209e-13 
  2091.0   1.0012978442697826e-12 
  2092.0   1.0061060227742676e-12 
  2093.0   1.0192639327038682e-12 
  2094.0   1.0427596403993675e-12 
  2095.0   1.0689288871349497e-12 
  2096.0   1.0878998826588366e-12 
  2097.0   1.0975453331220382e-12 
  2098.0   1.1019565688972413e-12 
  2099.0   1.1030164406430226e-12 
  2100.0   1.0031875449280757e-12 
