  2015.0   0.5006401271613601 
  2016.0   0.5050478651873432 
  2017.0   0.4861237392659146 
  2018.0   0.5966275011312301 
  2019.0   0.4780674415262371 
  2020.0   0.5023178079251598 
  2021.0   0.5821112773802966 
  2022.0   0.5623004532898362 
  2023.0   0.5835494323899305 
  2024.0   0.5262818683393378 
  2025.0   0.502579269111958 
  2026.0   0.6205882744291938 
  2027.0   0.5319809088745735 
  2028.0   0.4700449565227245 
  2029.0   0.5639058649128331 
  2030.0   0.4685604644939239 
  2031.0   0.5158521569014137 
  2032.0   0.670801697394371 
  2033.0   0.5421522317363878 
  2034.0   0.48291395131870374 
  2035.0   0.4654291274467327 
  2036.0   0.5877119311635238 
  2037.0   0.5692403183312177 
  2038.0   0.5748874676593888 
  2039.0   0.5175551003676531 
  2040.0   0.49045983221230677 
  2041.0   0.5374812971649143 
  2042.0   0.5553744544754606 
  2043.0   0.6331954647065682 
  2044.0   0.4463565450862905 
  2045.0   0.3506676212224397 
  2046.0   0.4735721480086191 
  2047.0   0.47241734320445783 
  2048.0   0.5545850042547122 
  2049.0   0.5681213991153164 
  2050.0   0.44656758122845075 
  2051.0   0.3948296229285755 
  2052.0   0.39848665471934563 
  2053.0   0.5825123810969492 
  2054.0   0.47885893950437536 
  2055.0   0.3778484610665832 
  2056.0   0.5796060402192239 
  2057.0   0.6534089518942939 
  2058.0   0.6279420998573605 
  2059.0   0.597620986660819 
  2060.0   0.5370220391182324 
  2061.0   0.5419363079436763 
  2062.0   0.48414712780281016 
  2063.0   0.5706887171071857 
  2064.0   0.4864494356369477 
  2065.0   0.582572878882691 
  2066.0   0.5709331380748847 
  2067.0   0.4930463341208299 
  2068.0   0.4863745493138339 
  2069.0   0.5778747938170575 
  2070.0   0.5590530080929256 
  2071.0   0.38985564866953776 
  2072.0   0.38409597295076103 
  2073.0   0.5287630586935114 
  2074.0   0.5187529129546117 
  2075.0   0.47785593492236633 
  2076.0   0.46706899757269027 
  2077.0   0.5403974692469584 
  2078.0   0.4715995293973468 
  2079.0   0.5048705186597345 
  2080.0   0.5376889611000525 
  2081.0   0.5961263753542214 
  2082.0   0.5417557046017806 
  2083.0   0.5848676260370844 
  2084.0   0.5954612345479855 
  2085.0   0.4462427927174788 
  2086.0   0.450959984324066 
  2087.0   0.42989203528738146 
  2088.0   0.5412076464274205 
  2089.0   0.6159746413965071 
  2090.0   0.47277612328784396 
  2091.0   0.6417634127976486 
  2092.0   0.47897252319546546 
  2093.0   0.5433958717622985 
  2094.0   0.7846102826632892 
  2095.0   0.6463377453621016 
  2096.0   0.4199076692146546 
  2097.0   0.4648900078974346 
  2098.0   0.4700607459069938 
  2099.0   0.5628430128778159 
  2100.0   0.5433982286522563 
