  2015.0   1.408949347969346e-10 
  2016.0   1.5595457317363957e-10 
  2017.0   1.5947054564681346e-10 
  2018.0   1.725675459060988e-10 
  2019.0   1.8708308861033195e-10 
  2020.0   1.7237301726409385e-10 
  2021.0   1.8850804644088566e-10 
  2022.0   2.228979361860331e-10 
  2023.0   1.978562197625816e-10 
  2024.0   1.9431208246844083e-10 
  2025.0   2.419510918418762e-10 
  2026.0   2.300923672568895e-10 
  2027.0   2.202349398590872e-10 
  2028.0   1.9933307541713534e-10 
  2029.0   2.0180392880832656e-10 
  2030.0   2.3296952000885797e-10 
  2031.0   2.0049920340149537e-10 
  2032.0   1.8452856888360783e-10 
  2033.0   1.9735597357683962e-10 
  2034.0   2.3003507151284357e-10 
  2035.0   2.3416186741558595e-10 
  2036.0   2.5686551093683593e-10 
  2037.0   2.1548752152053978e-10 
  2038.0   2.2068227638463436e-10 
  2039.0   2.5339661961041025e-10 
  2040.0   2.687199748109233e-10 
  2041.0   2.830829726547079e-10 
  2042.0   2.1318083084416747e-10 
  2043.0   2.039883223981798e-10 
  2044.0   2.44529400252697e-10 
  2045.0   2.130084332958187e-10 
  2046.0   2.2825470499274504e-10 
  2047.0   2.2704027614585622e-10 
  2048.0   2.4576983967820217e-10 
  2049.0   2.528378276666466e-10 
  2050.0   2.692704068144569e-10 
  2051.0   2.2758137855604253e-10 
  2052.0   2.4624821281073443e-10 
  2053.0   2.232494166803151e-10 
  2054.0   2.2925541317204866e-10 
  2055.0   3.041800149864638e-10 
  2056.0   2.4204042317421697e-10 
  2057.0   2.2044323198180355e-10 
  2058.0   2.481390379151315e-10 
  2059.0   2.1498950327793987e-10 
  2060.0   2.2044839757573694e-10 
  2061.0   2.0648375751150945e-10 
  2062.0   2.033571271021624e-10 
  2063.0   2.6523798340391145e-10 
  2064.0   2.8240053916579983e-10 
  2065.0   3.3424676037467704e-10 
  2066.0   2.687805040122914e-10 
  2067.0   2.479097219071949e-10 
  2068.0   2.74060560706264e-10 
  2069.0   2.864347112330715e-10 
  2070.0   2.2562264756367013e-10 
  2071.0   2.471897870570898e-10 
  2072.0   3.008787030947667e-10 
  2073.0   2.5604376052663997e-10 
  2074.0   2.477839727089875e-10 
  2075.0   2.9304746755533014e-10 
  2076.0   2.3885096120458e-10 
  2077.0   3.089382771100251e-10 
  2078.0   2.7579257601174795e-10 
  2079.0   2.6683466306157745e-10 
  2080.0   2.864137962005807e-10 
  2081.0   2.4113016847403463e-10 
  2082.0   2.154669334455709e-10 
  2083.0   2.378869133602139e-10 
  2084.0   2.9627908878405465e-10 
  2085.0   3.295667524589982e-10 
  2086.0   3.1631050111752527e-10 
  2087.0   2.876991645478792e-10 
  2088.0   2.968656086673779e-10 
  2089.0   2.96861575481711e-10 
  2090.0   2.9145053495021843e-10 
  2091.0   2.8139194382294264e-10 
  2092.0   3.06026028162822e-10 
  2093.0   2.4997844685702637e-10 
  2094.0   3.162551602036927e-10 
  2095.0   2.530939428901781e-10 
  2096.0   2.4019584308681014e-10 
  2097.0   3.0591497093435437e-10 
  2098.0   3.1291416928816065e-10 
  2099.0   3.2154978691097376e-10 
  2100.0   2.8323147998516647e-10 
