  2015.0   1.405886304070706 
  2016.0   1.4766569541697987 
  2017.0   1.5523888649995716 
  2018.0   1.4680444215187063 
  2019.0   1.2499835924372962 
  2020.0   1.2771275802620874 
  2021.0   1.3778418224114104 
  2022.0   1.3313887318746451 
  2023.0   1.3293569230829678 
  2024.0   1.3169423558825077 
  2025.0   1.333621161130643 
  2026.0   1.3187726633985621 
  2027.0   1.2800142774494376 
  2028.0   1.2809122786851348 
  2029.0   1.314187423300309 
  2030.0   1.3575529758252856 
  2031.0   1.392097956191542 
  2032.0   1.3697367916391827 
  2033.0   1.6154054963616404 
  2034.0   1.466990310103309 
  2035.0   1.4877314915268278 
  2036.0   1.3285831402741086 
  2037.0   1.4329868052731645 
  2038.0   1.5129235446354101 
  2039.0   1.3163078262238996 
  2040.0   1.2394035205237233 
  2041.0   1.3123741555315402 
  2042.0   1.3297938844645278 
  2043.0   1.519416251381986 
  2044.0   1.4295689532626785 
  2045.0   1.3847574113246974 
  2046.0   1.2928596945710928 
  2047.0   1.5009477559363134 
  2048.0   1.3157231184435352 
  2049.0   1.4037533975546774 
  2050.0   1.3907522312660148 
  2051.0   1.4803684247625553 
  2052.0   1.3002681898480082 
  2053.0   1.400521797448407 
  2054.0   1.4260867937717328 
  2055.0   1.4851192237851283 
  2056.0   1.381461878288791 
  2057.0   1.2717583677226942 
  2058.0   1.3872496318569925 
  2059.0   1.2340412239588856 
  2060.0   1.4743534002137264 
  2061.0   1.3451470970282873 
  2062.0   1.427587670671647 
  2063.0   1.698485711141525 
  2064.0   1.5355925552000094 
  2065.0   1.3208871203688977 
  2066.0   1.2821294449075245 
  2067.0   1.4228854676889928 
  2068.0   1.4650227679955734 
  2069.0   1.3568509129297557 
  2070.0   1.3013241646860692 
  2071.0   1.1783313546470446 
  2072.0   1.6735267202802004 
  2073.0   1.3885382784071763 
  2074.0   1.3212329198776136 
  2075.0   1.3286796499165252 
  2076.0   1.5233010656976764 
  2077.0   1.5055993485315156 
  2078.0   1.380580470321577 
  2079.0   1.3909281396523634 
  2080.0   1.2799091807300331 
  2081.0   1.281272232550814 
  2082.0   1.4188892503138026 
  2083.0   1.387133326800331 
  2084.0   1.2956188471198407 
  2085.0   1.4283092958840438 
  2086.0   1.410240143438421 
  2087.0   1.3878169471638993 
  2088.0   1.4322107291231316 
  2089.0   1.5759503776546264 
  2090.0   1.324813352594648 
  2091.0   1.2335570503396198 
  2092.0   1.346720377977343 
  2093.0   1.3469662174974408 
  2094.0   1.3711061869548256 
  2095.0   1.3125240210771674 
  2096.0   1.4098504309256141 
  2097.0   1.4724231727275454 
  2098.0   1.4394214039585538 
  2099.0   1.2614006398893194 
  2100.0   1.2430360201181438 
