  2015.0   0.7334113274578647 
  2016.0   0.5798277245336939 
  2017.0   0.7455031971727535 
  2018.0   0.6077657959337469 
  2019.0   0.6139760304644325 
  2020.0   0.5352169712939515 
  2021.0   0.6941833401275277 
  2022.0   0.5100946216080807 
  2023.0   0.6423323882156055 
  2024.0   0.5385310522186622 
  2025.0   0.5481709400692225 
  2026.0   0.718431969675109 
  2027.0   0.6492664637523909 
  2028.0   0.6862848025853664 
  2029.0   0.6842120460812476 
  2030.0   0.61814768264507 
  2031.0   0.7981955041686224 
  2032.0   0.6847744247381465 
  2033.0   0.6437731759017686 
  2034.0   0.7253751031530417 
  2035.0   0.7464431144821573 
  2036.0   0.6518967167587983 
  2037.0   0.5901266607555203 
  2038.0   0.8010120415645174 
  2039.0   0.6967531293545732 
  2040.0   0.6090641844797772 
  2041.0   0.6726869698700608 
  2042.0   0.7598595482810991 
  2043.0   0.665351530469482 
  2044.0   0.5665554545176824 
  2045.0   0.6654826352604175 
  2046.0   0.6774930149819414 
  2047.0   0.6750541994332203 
  2048.0   0.5957887683795988 
  2049.0   0.6590638410166821 
  2050.0   0.6077552764023091 
  2051.0   0.6173307037717073 
  2052.0   0.6118731222609382 
  2053.0   0.6885033804655132 
  2054.0   0.5647667607822906 
  2055.0   0.692207935110866 
  2056.0   0.7980148188818906 
  2057.0   0.7200683890806715 
  2058.0   0.5981382668410454 
  2059.0   0.5564815541112865 
  2060.0   0.8301878168952326 
  2061.0   0.7590177596274235 
  2062.0   0.8045958286963399 
  2063.0   0.7467328335934439 
  2064.0   0.6314064891538461 
  2065.0   0.6943673469494572 
  2066.0   0.6985527613946884 
  2067.0   0.572369909850574 
  2068.0   0.6413270955797248 
  2069.0   0.6736040682573476 
  2070.0   0.8181285945554586 
  2071.0   0.733046554640492 
  2072.0   0.5124041622042741 
  2073.0   0.6805460825625445 
  2074.0   0.7731223738719316 
  2075.0   0.787911921907069 
  2076.0   0.6274851414751452 
  2077.0   0.6154159495901832 
  2078.0   0.681175921662104 
  2079.0   0.768784421478272 
  2080.0   0.8053813860345198 
  2081.0   0.6212560548772013 
  2082.0   0.709936750832613 
  2083.0   0.6418115620993763 
  2084.0   0.7275579257466783 
  2085.0   0.9305874779928108 
  2086.0   0.8878457691925942 
  2087.0   0.5694403177402944 
  2088.0   0.6344764217436831 
  2089.0   0.8668330276596599 
  2090.0   0.7827576747437175 
  2091.0   0.6327579764969625 
  2092.0   0.6290570583806995 
  2093.0   0.7450074589603215 
  2094.0   0.6539431826287819 
  2095.0   0.6583795978794297 
  2096.0   0.8359642208152565 
  2097.0   0.6344283618168353 
  2098.0   0.6667295577080538 
  2099.0   0.7528041052453947 
  2100.0   0.8050238491202635 
