  2015.0   0.7514295934399465 
  2016.0   0.7223682748990423 
  2017.0   0.7137441810520929 
  2018.0   0.7193618253843949 
  2019.0   0.7420692389575689 
  2020.0   0.741459102931649 
  2021.0   0.7504017916386624 
  2022.0   0.7515428391768457 
  2023.0   0.7520768920435771 
  2024.0   0.7619729306617808 
  2025.0   0.7636363582075851 
  2026.0   0.7358313502063619 
  2027.0   0.7490178148703921 
  2028.0   0.749996678052594 
  2029.0   0.791482647772317 
  2030.0   0.7421571631936266 
  2031.0   0.7622169691106921 
  2032.0   0.7527879025210217 
  2033.0   0.7634604958361506 
  2034.0   0.7627690877350475 
  2035.0   0.7621288194166949 
  2036.0   0.7794335409623383 
  2037.0   0.7712129315468551 
  2038.0   0.7923385774812053 
  2039.0   0.7626316484299211 
  2040.0   0.7655124902905159 
  2041.0   0.7350888418679552 
  2042.0   0.7729367600548048 
  2043.0   0.7900422179401998 
  2044.0   0.7479460091283066 
  2045.0   0.7587750702010385 
  2046.0   0.7817469817837573 
  2047.0   0.7774028604899323 
  2048.0   0.7441482390181456 
  2049.0   0.7679864735730717 
  2050.0   0.7620715669380421 
  2051.0   0.7774592460059956 
  2052.0   0.7536643285462182 
  2053.0   0.7371041599016563 
  2054.0   0.7616308769771741 
  2055.0   0.7943497180140318 
  2056.0   0.7950886098011974 
  2057.0   0.7850452809932267 
  2058.0   0.7883973040113236 
  2059.0   0.7695187737115607 
  2060.0   0.7601428052033564 
  2061.0   0.7659973218371529 
  2062.0   0.7701964135162283 
  2063.0   0.7975409619293713 
  2064.0   0.7907436493094389 
  2065.0   0.7621768015976783 
  2066.0   0.7637419222578048 
  2067.0   0.7872302845965315 
  2068.0   0.8178486125783926 
  2069.0   0.7821632351982197 
  2070.0   0.7729847237093993 
  2071.0   0.7858252697394537 
  2072.0   0.7917270048422738 
  2073.0   0.8079932041504804 
  2074.0   0.7901774669497531 
  2075.0   0.7676565437916762 
  2076.0   0.7865501463290229 
  2077.0   0.764045847723632 
  2078.0   0.7818370539330836 
  2079.0   0.7936153266639894 
  2080.0   0.8005506446466731 
  2081.0   0.7689025381545705 
  2082.0   0.7613949927611368 
  2083.0   0.7625621009851302 
  2084.0   0.7937325970488175 
  2085.0   0.7737253539218223 
  2086.0   0.7744741311734153 
  2087.0   0.7704133428193185 
  2088.0   0.7776257786317704 
  2089.0   0.7487542912201108 
  2090.0   0.7485219910021574 
  2091.0   0.7559236057298349 
  2092.0   0.7669777138234283 
  2093.0   0.7428673355188801 
  2094.0   0.7397427103634273 
  2095.0   0.766073842563352 
  2096.0   0.7744896035810774 
  2097.0   0.7733176452847424 
  2098.0   0.7501264307084391 
  2099.0   0.7442997499854469 
  2100.0   0.7659723135377563 
