  2015.0   1.9707303786274697 
  2016.0   1.9445009469244838 
  2017.0   2.0223795074811006 
  2018.0   1.9184953489082606 
  2019.0   1.9287475053542857 
  2020.0   2.002444773198724 
  2021.0   1.8760160841449824 
  2022.0   1.975491698730156 
  2023.0   2.056644592882374 
  2024.0   2.0383101124935554 
  2025.0   2.056817611932422 
  2026.0   2.00119550850452 
  2027.0   2.046236790746446 
  2028.0   2.0587552494355577 
  2029.0   2.055647509474759 
  2030.0   2.059641189254928 
  2031.0   2.0082547378350224 
  2032.0   2.0142563341065145 
  2033.0   2.041115934392103 
  2034.0   2.1442457887139237 
  2035.0   2.093412994388611 
  2036.0   2.177202955587142 
  2037.0   2.158061116650035 
  2038.0   2.0671486018323297 
  2039.0   2.1629367287946124 
  2040.0   2.1759400291144404 
  2041.0   2.1864766738686976 
  2042.0   2.17351548246915 
  2043.0   2.195612496994229 
  2044.0   2.19160850268061 
  2045.0   2.1284930533000503 
  2046.0   2.188175294616222 
  2047.0   2.1340805332521424 
  2048.0   2.17177231450231 
  2049.0   2.2247609290607655 
  2050.0   2.1166280436677765 
  2051.0   2.144480825490249 
  2052.0   2.1914708701916377 
  2053.0   2.1632763369997012 
  2054.0   2.2553093124868453 
  2055.0   2.264334843486101 
  2056.0   2.2599404412265733 
  2057.0   2.2851413228719144 
  2058.0   2.2672431109632623 
  2059.0   2.230950687485851 
  2060.0   2.368972254517713 
  2061.0   2.293094661129755 
  2062.0   2.3389281703102522 
  2063.0   2.301209890254136 
  2064.0   2.4422689159663387 
  2065.0   2.3294609479867656 
  2066.0   2.278489228349967 
  2067.0   2.2439618921098634 
  2068.0   2.1464987170845498 
  2069.0   2.1870606496725182 
  2070.0   2.183988544097569 
  2071.0   2.2325514746206636 
  2072.0   2.189863159054029 
  2073.0   2.2753505469862607 
  2074.0   2.1782506162662036 
  2075.0   2.2069215712057604 
  2076.0   2.255457189983904 
  2077.0   2.276397060065407 
  2078.0   2.3284167363427235 
  2079.0   2.422421042261877 
  2080.0   2.297800111500604 
  2081.0   2.3275186668649774 
  2082.0   2.3114412223235594 
  2083.0   2.3429642936603576 
  2084.0   2.247366967904181 
  2085.0   2.305516219765216 
  2086.0   2.4526160639802232 
  2087.0   2.25959633920478 
  2088.0   2.29372959180082 
  2089.0   2.2308010601010624 
  2090.0   2.414562124652431 
  2091.0   2.269737071281646 
  2092.0   2.2513702689087687 
  2093.0   2.319552135884427 
  2094.0   2.2516194601885 
  2095.0   2.200195939989778 
  2096.0   2.2280166450412087 
  2097.0   2.242520366971367 
  2098.0   2.249026089469233 
  2099.0   2.2465898929569894 
  2100.0   2.3031407328003053 
