  2015.0   5.566559320410131 
  2016.0   5.649136219322796 
  2017.0   5.644415245632877 
  2018.0   5.724704165568805 
  2019.0   5.779593202113761 
  2020.0   5.860520376167887 
  2021.0   5.904236135319127 
  2022.0   5.9839101793149165 
  2023.0   6.036975770044744 
  2024.0   5.976353702316611 
  2025.0   6.08186769484266 
  2026.0   6.018281264914577 
  2027.0   5.9231373830025555 
  2028.0   5.944885415368961 
  2029.0   5.951666308942803 
  2030.0   5.864065735579182 
  2031.0   5.859204914640969 
  2032.0   5.851974145381906 
  2033.0   5.810464524859867 
  2034.0   5.862362433174979 
  2035.0   5.696426846378119 
  2036.0   5.759159519211212 
  2037.0   5.863142933349682 
  2038.0   5.935737483206281 
  2039.0   5.852248521534446 
  2040.0   5.816425864227069 
  2041.0   5.895232881314965 
  2042.0   5.922699157335895 
  2043.0   5.858771521043058 
  2044.0   5.993281731911137 
  2045.0   6.1242850127819315 
  2046.0   6.0536945130705915 
  2047.0   6.039033801462163 
  2048.0   6.068711943322491 
  2049.0   6.09386579809712 
  2050.0   6.143190867667523 
  2051.0   6.217429235240213 
  2052.0   6.255155376514615 
  2053.0   6.187061248083297 
  2054.0   6.154635301555977 
  2055.0   6.102681878015765 
  2056.0   6.058054659583972 
  2057.0   5.981947949466117 
  2058.0   5.998143568888014 
  2059.0   6.1629095896525685 
  2060.0   6.034660638012172 
  2061.0   5.9806959044090995 
  2062.0   5.933376083949199 
  2063.0   5.8755344700960555 
  2064.0   5.902937518124045 
  2065.0   6.079619731940207 
  2066.0   6.133772225927007 
  2067.0   6.184333412252115 
  2068.0   6.255981033020898 
  2069.0   6.241729031018957 
  2070.0   6.159414650143599 
  2071.0   6.062420615570441 
  2072.0   6.125706326189553 
  2073.0   6.144941870405189 
  2074.0   6.084242114500213 
  2075.0   5.9920025285853775 
  2076.0   5.991758238414226 
  2077.0   6.127678539097136 
  2078.0   6.105148358060507 
  2079.0   6.006113846317416 
  2080.0   5.974841818227882 
  2081.0   5.972460719790084 
  2082.0   6.0438044036069005 
  2083.0   6.123313981464158 
  2084.0   6.102925983781277 
  2085.0   5.982678594292687 
  2086.0   5.891331715071238 
  2087.0   5.989547313306254 
  2088.0   6.159866634565579 
  2089.0   6.192208989830824 
  2090.0   6.018456213463309 
  2091.0   5.997618976568823 
  2092.0   6.0320203473273475 
  2093.0   6.051623428009125 
  2094.0   6.041551224043023 
  2095.0   6.103909672157968 
  2096.0   6.129334726612209 
  2097.0   6.156266586484099 
  2098.0   6.140689017988734 
  2099.0   6.087054134029174 
  2100.0   5.954351308522411 
