  2015.0   0.8838391949924641 
  2016.0   0.8628991623336799 
  2017.0   0.7074248856780808 
  2018.0   0.8082615323495504 
  2019.0   0.9255775470571135 
  2020.0   0.8483444617792555 
  2021.0   0.8451826242103945 
  2022.0   0.7763404425454548 
  2023.0   0.8362478193504529 
  2024.0   0.7280923703531378 
  2025.0   0.6256987421748018 
  2026.0   0.849870706475583 
  2027.0   0.8300389519213375 
  2028.0   0.7115233790170781 
  2029.0   0.7908415505343293 
  2030.0   0.7115474443727401 
  2031.0   0.7907446813802832 
  2032.0   0.6994855231679332 
  2033.0   0.8321495146028347 
  2034.0   0.9694953970708202 
  2035.0   0.8381842369478993 
  2036.0   0.7732378952463117 
  2037.0   0.8101032442600721 
  2038.0   0.8019058058766405 
  2039.0   0.7656216602141312 
  2040.0   0.7964200538808985 
  2041.0   0.7696438528364316 
  2042.0   0.8663149169918974 
  2043.0   0.7221278450947963 
  2044.0   0.8605356269201581 
  2045.0   0.8627134412967725 
  2046.0   0.8938174419820774 
  2047.0   0.8106350205038114 
  2048.0   0.8122651391132135 
  2049.0   0.7152723527998465 
  2050.0   0.9034014404073042 
  2051.0   0.8632284298271198 
  2052.0   0.7587646412114566 
  2053.0   0.6941884956691139 
  2054.0   0.8690548335483059 
  2055.0   0.7396685969154253 
  2056.0   0.8339044900522735 
  2057.0   0.7539798680422417 
  2058.0   0.771943017499797 
  2059.0   0.7437280724927632 
  2060.0   0.7602615530393068 
  2061.0   0.924621785505457 
  2062.0   0.8050330804953303 
  2063.0   0.7689505317557791 
  2064.0   0.7201445136524502 
  2065.0   0.8660002428705655 
  2066.0   0.9276808158368682 
  2067.0   0.8542032298858211 
  2068.0   0.9315460557834249 
  2069.0   0.8354539518442112 
  2070.0   0.8420080724944732 
  2071.0   0.912015001308128 
  2072.0   0.8334119499337324 
  2073.0   0.7334985169573647 
  2074.0   0.7482118207715251 
  2075.0   0.8807483893068873 
  2076.0   0.8548927942840019 
  2077.0   0.6994820868861001 
  2078.0   0.7624242676165796 
  2079.0   0.8140721331440577 
  2080.0   0.759736794721654 
  2081.0   0.8435607037371697 
  2082.0   0.7486811977653306 
  2083.0   0.7812492467380123 
  2084.0   1.1003620386243704 
  2085.0   0.8616224142672682 
  2086.0   0.8005500544558656 
  2087.0   0.8015223279627641 
  2088.0   0.8818195282956476 
  2089.0   0.8808354248000664 
  2090.0   0.6775826922090099 
  2091.0   0.7866492390157434 
  2092.0   0.7552186957223234 
  2093.0   1.0442657545821188 
  2094.0   0.8040613495122776 
  2095.0   0.7383563921945934 
  2096.0   0.7337772131885271 
  2097.0   0.7995398508772685 
  2098.0   0.8111852660740362 
  2099.0   0.7840748322532404 
  2100.0   0.807056725724981 
