  2015.0   289.7203442208763 
  2016.0   289.99917585972577 
  2017.0   290.04144805280146 
  2018.0   290.05686052020747 
  2019.0   290.698196391216 
  2020.0   289.96579066791116 
  2021.0   290.48606102241604 
  2022.0   290.7045083778 
  2023.0   290.35326343878626 
  2024.0   290.31327908876415 
  2025.0   290.05407137856184 
  2026.0   290.5685792777368 
  2027.0   290.45746400268195 
  2028.0   290.5644231551182 
  2029.0   290.2787752762465 
  2030.0   290.685878772883 
  2031.0   290.83980878620656 
  2032.0   291.6998896686829 
  2033.0   290.845308142227 
  2034.0   290.77058678365245 
  2035.0   290.404058450762 
  2036.0   290.9482842391129 
  2037.0   291.1657749958523 
  2038.0   290.93206552833846 
  2039.0   290.4940545544176 
  2040.0   290.2369714420656 
  2041.0   290.11545579596367 
  2042.0   291.0171080470887 
  2043.0   290.90994836424846 
  2044.0   290.625447781458 
  2045.0   291.4523871076673 
  2046.0   290.9527751292261 
  2047.0   291.1583699395593 
  2048.0   290.86293887399756 
  2049.0   291.2827471164106 
  2050.0   291.10622266585847 
  2051.0   290.7407425418822 
  2052.0   290.98813683939574 
  2053.0   290.7828170554789 
  2054.0   291.00795694443593 
  2055.0   290.9505108058312 
  2056.0   290.80917897635175 
  2057.0   290.57650628450017 
  2058.0   291.555655865832 
  2059.0   291.28130575046674 
  2060.0   291.2529210084006 
  2061.0   291.3721286392188 
  2062.0   290.60638191956565 
  2063.0   291.48370306335045 
  2064.0   290.80350574929656 
  2065.0   290.4554424183076 
  2066.0   291.14066571647703 
  2067.0   290.75777362579987 
  2068.0   290.85948347369134 
  2069.0   290.7283699571992 
  2070.0   291.58182507536117 
  2071.0   290.8714660054629 
  2072.0   290.50050130021265 
  2073.0   290.9514256856064 
  2074.0   291.0170174919936 
  2075.0   290.40008636187576 
  2076.0   290.8534521273758 
  2077.0   290.39977874171444 
  2078.0   290.8741168507057 
  2079.0   290.7501376215538 
  2080.0   291.08543370794945 
  2081.0   291.5827985477091 
  2082.0   290.96807065665786 
  2083.0   290.27364817739317 
  2084.0   291.06758188933236 
  2085.0   291.2654667099219 
  2086.0   291.0566007543125 
  2087.0   290.98389497109986 
  2088.0   290.50948399997174 
  2089.0   290.9897625235188 
  2090.0   291.04226636065073 
  2091.0   290.55522904726706 
  2092.0   290.89759592630776 
  2093.0   291.23788845213164 
  2094.0   290.9489524533992 
  2095.0   291.0128494585036 
  2096.0   290.86784732633464 
  2097.0   290.21121582199805 
  2098.0   290.90788567747796 
  2099.0   290.2419304123878 
  2100.0   291.3296754805537 
