  2015.0   -4.762019269230163e-10 
  2016.0   -4.30207719216814e-10 
  2017.0   -4.4512055945394134e-10 
  2018.0   -4.3583716586752325e-10 
  2019.0   -4.4936196110312975e-10 
  2020.0   -4.370338953554084e-10 
  2021.0   -4.48506605517304e-10 
  2022.0   -4.611209235629437e-10 
  2023.0   -5.168769434852927e-10 
  2024.0   -4.935378071319305e-10 
  2025.0   -4.971893682924407e-10 
  2026.0   -4.579878013515757e-10 
  2027.0   -4.490638653548942e-10 
  2028.0   -5.297307287828165e-10 
  2029.0   -5.006282139274733e-10 
  2030.0   -5.260356532205689e-10 
  2031.0   -5.067169413657557e-10 
  2032.0   -4.947179221858417e-10 
  2033.0   -5.392858302113094e-10 
  2034.0   -4.819753643907177e-10 
  2035.0   -4.5975345112782856e-10 
  2036.0   -4.773504788224322e-10 
  2037.0   -5.083691357007469e-10 
  2038.0   -5.596422090213485e-10 
  2039.0   -5.321893641669523e-10 
  2040.0   -4.728551626892953e-10 
  2041.0   -5.171971557279432e-10 
  2042.0   -4.761233590095561e-10 
  2043.0   -4.283756534603812e-10 
  2044.0   -4.6176716992941426e-10 
  2045.0   -4.709543050568955e-10 
  2046.0   -5.19891701131982e-10 
  2047.0   -4.5361486220525776e-10 
  2048.0   -4.819723100775511e-10 
  2049.0   -4.822044284687688e-10 
  2050.0   -5.368486861406929e-10 
  2051.0   -5.667900567880695e-10 
  2052.0   -4.941995520679159e-10 
  2053.0   -5.014206057296998e-10 
  2054.0   -5.13733081687578e-10 
  2055.0   -5.15134104814543e-10 
  2056.0   -5.017686390407451e-10 
  2057.0   -5.570258672477924e-10 
  2058.0   -5.668075406539531e-10 
  2059.0   -4.968555740332799e-10 
  2060.0   -5.502593157329499e-10 
  2061.0   -5.326007071158545e-10 
  2062.0   -5.137558485684917e-10 
  2063.0   -5.478218693092803e-10 
  2064.0   -5.163319755995622e-10 
  2065.0   -4.84002090861032e-10 
  2066.0   -5.101629006024056e-10 
  2067.0   -5.166802391649735e-10 
  2068.0   -5.321703777142863e-10 
  2069.0   -5.561678592249936e-10 
  2070.0   -5.552806755731736e-10 
  2071.0   -5.178764728062251e-10 
  2072.0   -5.073657300763213e-10 
  2073.0   -5.554879441023865e-10 
  2074.0   -5.243976693854075e-10 
  2075.0   -4.998371037502048e-10 
  2076.0   -5.394219972043517e-10 
  2077.0   -5.224528630558305e-10 
  2078.0   -5.304389182660615e-10 
  2079.0   -4.5309318892499703e-10 
  2080.0   -5.436275252064112e-10 
  2081.0   -4.940003380263656e-10 
  2082.0   -5.524108293603989e-10 
  2083.0   -5.228243080828378e-10 
  2084.0   -4.732053243207546e-10 
  2085.0   -4.598676312387133e-10 
  2086.0   -4.868189517459204e-10 
  2087.0   -5.415048182310277e-10 
  2088.0   -6.188192023885873e-10 
  2089.0   -5.357933836344266e-10 
  2090.0   -5.314289988671478e-10 
  2091.0   -5.060672423011236e-10 
  2092.0   -4.682315610903644e-10 
  2093.0   -4.757305014525421e-10 
  2094.0   -4.961616742110081e-10 
  2095.0   -4.815819136209455e-10 
  2096.0   -4.5871777166801367e-10 
  2097.0   -4.669685277894647e-10 
  2098.0   -4.998940588415381e-10 
  2099.0   -5.442517720431091e-10 
  2100.0   -4.873887931419533e-10 
