  2015.0   1.4273370444919767e-10 
  2016.0   1.5761101729531028e-10 
  2017.0   1.6099189364001746e-10 
  2018.0   1.7398123751296483e-10 
  2019.0   1.8841003836775784e-10 
  2020.0   1.7363038373385827e-10 
  2021.0   1.8970378703714666e-10 
  2022.0   2.2404360364148593e-10 
  2023.0   1.989613576013897e-10 
  2024.0   1.9538435345792667e-10 
  2025.0   2.4300373088265073e-10 
  2026.0   2.3113180167616786e-10 
  2027.0   2.2126224963937581e-10 
  2028.0   2.0035007828425839e-10 
  2029.0   2.0281890016856482e-10 
  2030.0   2.339750031859776e-10 
  2031.0   2.0151381487755987e-10 
  2032.0   1.8555131832016514e-10 
  2033.0   1.983872664502227e-10 
  2034.0   2.3107019063948385e-10 
  2035.0   2.3519854074707105e-10 
  2036.0   2.579080648468741e-10 
  2037.0   2.165343844597168e-10 
  2038.0   2.2173088144957603e-10 
  2039.0   2.5443714445561884e-10 
  2040.0   2.697548892090179e-10 
  2041.0   2.8410177500844337e-10 
  2042.0   2.1418734586593113e-10 
  2043.0   2.049814639440697e-10 
  2044.0   2.4550891165825535e-10 
  2045.0   2.1398515830722146e-10 
  2046.0   2.292283602546508e-10 
  2047.0   2.2800392510259027e-10 
  2048.0   2.4672472315176466e-10 
  2049.0   2.5378540040142604e-10 
  2050.0   2.7021342893640524e-10 
  2051.0   2.2848822772548286e-10 
  2052.0   2.4712387696274027e-10 
  2053.0   2.2409796956187597e-10 
  2054.0   2.300775396147004e-10 
  2055.0   3.049877694837771e-10 
  2056.0   2.4287647984798274e-10 
  2057.0   2.2130312598126925e-10 
  2058.0   2.490170174472753e-10 
  2059.0   2.1588815825209878e-10 
  2060.0   2.2135924165444278e-10 
  2061.0   2.073638507229534e-10 
  2062.0   2.042078386104668e-10 
  2063.0   2.6605871932361694e-10 
  2064.0   2.831982470990261e-10 
  2065.0   3.3502781229487245e-10 
  2066.0   2.6955476744528294e-10 
  2067.0   2.486818016942257e-10 
  2068.0   2.748303544658301e-10 
  2069.0   2.8722537834237673e-10 
  2070.0   2.2643997125474393e-10 
  2071.0   2.480181758160808e-10 
  2072.0   3.0171100993807575e-10 
  2073.0   2.569065807851715e-10 
  2074.0   2.4865484180778484e-10 
  2075.0   2.9394546599189235e-10 
  2076.0   2.3979281382995487e-10 
  2077.0   3.1000965877310616e-10 
  2078.0   2.7691723531827785e-10 
  2079.0   2.6799972384386255e-10 
  2080.0   2.876483166220971e-10 
  2081.0   2.4241663128264715e-10 
  2082.0   2.168238110326049e-10 
  2083.0   2.393174290748077e-10 
  2084.0   2.9777696378051244e-10 
  2085.0   3.311175959166367e-10 
  2086.0   3.178648464300041e-10 
  2087.0   2.8925604198553935e-10 
  2088.0   2.9843524776493807e-10 
  2089.0   2.9849104967705297e-10 
  2090.0   2.9313290864901656e-10 
  2091.0   2.8313241125576824e-10 
  2092.0   3.078516822876392e-10 
  2093.0   2.5187057277489357e-10 
  2094.0   3.181890990974475e-10 
  2095.0   2.5505372657641234e-10 
  2096.0   2.422016464050645e-10 
  2097.0   3.0793556490327174e-10 
  2098.0   3.149315139363379e-10 
  2099.0   3.235469599607543e-10 
  2100.0   2.8526783691560685e-10 
