  2015.0   37.59384631039546 
  2016.0   37.54306330694392 
  2017.0   37.50821525611159 
  2018.0   37.468234744409926 
  2019.0   37.43297455241728 
  2020.0   37.394470770782156 
  2021.0   37.36143870642608 
  2022.0   37.32555975471496 
  2023.0   37.298919248682296 
  2024.0   37.27723725634905 
  2025.0   37.24096864766239 
  2026.0   37.223618039198136 
  2027.0   37.20569980136282 
  2028.0   37.17890693336558 
  2029.0   37.15342302182168 
  2030.0   37.12908731033231 
  2031.0   37.10019713311066 
  2032.0   37.076684099578266 
  2033.0   37.04936551429413 
  2034.0   37.02120905689013 
  2035.0   37.014886600733774 
  2036.0   36.982957088767094 
  2037.0   36.95037543639267 
  2038.0   36.93002503395132 
  2039.0   36.92235893778485 
  2040.0   36.90365214915967 
  2041.0   36.882278367176546 
  2042.0   36.86811405174307 
  2043.0   36.85481681015596 
  2044.0   36.83099256313164 
  2045.0   36.81410941826076 
  2046.0   36.809224398903545 
  2047.0   36.80029398364832 
  2048.0   36.78924042844183 
  2049.0   36.782468302851754 
  2050.0   36.77530082382881 
  2051.0   36.76712424930402 
  2052.0   36.768323386520244 
  2053.0   36.77754053875564 
  2054.0   36.77330684194402 
  2055.0   36.77648353991306 
  2056.0   36.78997008040387 
  2057.0   36.79779247706912 
  2058.0   36.79628321511122 
  2059.0   36.784730139077375 
  2060.0   36.80431927741538 
  2061.0   36.81743641908459 
  2062.0   36.82636529982767 
  2063.0   36.8338237258686 
  2064.0   36.83235950047477 
  2065.0   36.83264174039449 
  2066.0   36.84325335218418 
  2067.0   36.85056463288708 
  2068.0   36.85688932703278 
  2069.0   36.87310807011473 
  2070.0   36.899726773260845 
  2071.0   36.925148033239374 
  2072.0   36.92720696823333 
  2073.0   36.935388132636454 
  2074.0   36.94455174003738 
  2075.0   36.95386614539039 
  2076.0   36.95798059823496 
  2077.0   36.95130579654279 
  2078.0   36.96165878821831 
  2079.0   36.98115548543789 
  2080.0   37.00528434020769 
  2081.0   37.02044924321596 
  2082.0   37.02595069245183 
  2083.0   37.03467410436593 
  2084.0   37.051847174084514 
  2085.0   37.08198003292411 
  2086.0   37.111117841168344 
  2087.0   37.10808871075908 
  2088.0   37.1087760511259 
  2089.0   37.12864776069046 
  2090.0   37.16201808815475 
  2091.0   37.17763777486815 
  2092.0   37.184540951674684 
  2093.0   37.19996375421846 
  2094.0   37.214791047342295 
  2095.0   37.22780585240424 
  2096.0   37.24698403458192 
  2097.0   37.25954770613339 
  2098.0   37.277677036996614 
  2099.0   37.30005904020503 
  2100.0   37.329540571085374 
