  2015.0   2.0175648115086238e-10 
  2016.0   2.1201354804123848e-10 
  2017.0   2.3725033264624043e-10 
  2018.0   2.1838792867832114e-10 
  2019.0   1.893821991858106e-10 
  2020.0   2.053170851764485e-10 
  2021.0   2.1718992996002862e-10 
  2022.0   2.0554965186630002e-10 
  2023.0   1.8716641519535113e-10 
  2024.0   1.875900088495163e-10 
  2025.0   1.9952151225335962e-10 
  2026.0   1.994126441293686e-10 
  2027.0   1.916137216479614e-10 
  2028.0   1.9581991501303141e-10 
  2029.0   2.0252480222398033e-10 
  2030.0   2.1084623231044845e-10 
  2031.0   2.3732239896768346e-10 
  2032.0   2.3677222429519087e-10 
  2033.0   1.9418467870062091e-10 
  2034.0   1.7283342660799276e-10 
  2035.0   1.9508486327875721e-10 
  2036.0   2.236823801608817e-10 
  2037.0   2.251719322699847e-10 
  2038.0   2.249418282754948e-10 
  2039.0   2.3529359731870974e-10 
  2040.0   2.383664528274774e-10 
  2041.0   2.4155087919819507e-10 
  2042.0   2.412176236808757e-10 
  2043.0   2.1939971716364414e-10 
  2044.0   2.198165024500766e-10 
  2045.0   2.225005093046731e-10 
  2046.0   2.160334498653458e-10 
  2047.0   2.1072354126642763e-10 
  2048.0   2.289932635462764e-10 
  2049.0   2.4738627870856384e-10 
  2050.0   2.2638652958184297e-10 
  2051.0   2.2198227192220502e-10 
  2052.0   2.378395976755434e-10 
  2053.0   2.2578786677404915e-10 
  2054.0   2.2590885927008514e-10 
  2055.0   2.272697115388812e-10 
  2056.0   2.3206893678093345e-10 
  2057.0   2.2206283702361692e-10 
  2058.0   2.0909362696552482e-10 
  2059.0   2.0489619237255373e-10 
  2060.0   2.1669697888990004e-10 
  2061.0   2.457554829944326e-10 
  2062.0   2.3829380416047295e-10 
  2063.0   1.9894307954856598e-10 
  2064.0   2.1465836129017758e-10 
  2065.0   2.3240081318549855e-10 
  2066.0   2.3096573027540442e-10 
  2067.0   2.2954537507819093e-10 
  2068.0   2.330468783311643e-10 
  2069.0   2.312143987447006e-10 
  2070.0   2.3192053265964287e-10 
  2071.0   2.3485489276386255e-10 
  2072.0   2.3866993795979444e-10 
  2073.0   2.3787615603133607e-10 
  2074.0   2.2395385476207654e-10 
  2075.0   2.2057321585463807e-10 
  2076.0   2.1392909964572697e-10 
  2077.0   2.3697239835092234e-10 
  2078.0   2.3516333418542713e-10 
  2079.0   2.3214555879976728e-10 
  2080.0   2.356127120477627e-10 
  2081.0   2.0487473010018508e-10 
  2082.0   2.0115826385707613e-10 
  2083.0   2.1838988446007622e-10 
  2084.0   2.3355275532087743e-10 
  2085.0   2.1786764842118106e-10 
  2086.0   2.0905367511405838e-10 
  2087.0   2.0308897521312973e-10 
  2088.0   2.1764591844473299e-10 
  2089.0   2.1901444776418136e-10 
  2090.0   1.9647749057484125e-10 
  2091.0   2.2293621174790597e-10 
  2092.0   2.4810877058937827e-10 
  2093.0   2.4507559308128433e-10 
  2094.0   2.48377241019922e-10 
  2095.0   2.2879115586330813e-10 
  2096.0   2.1795564533600953e-10 
  2097.0   2.2437361029944486e-10 
  2098.0   2.381228368789102e-10 
  2099.0   2.299521803231098e-10 
  2100.0   2.2755586820898362e-10 
