  2015.0   1.3774278334804935 
  2016.0   1.4351074945261224 
  2017.0   1.4225842421559554 
  2018.0   1.2630454778648192 
  2019.0   1.347734941138626 
  2020.0   1.469264267003668 
  2021.0   1.4858519992451735 
  2022.0   1.3900669557610972 
  2023.0   1.412683895264795 
  2024.0   1.3750141940420457 
  2025.0   1.4445225681544014 
  2026.0   1.4869328070351042 
  2027.0   1.3469661876164907 
  2028.0   1.428228744914664 
  2029.0   1.553178749312868 
  2030.0   1.7304910535227773 
  2031.0   1.5980047354914182 
  2032.0   1.5634279936010358 
  2033.0   1.7432546827100128 
  2034.0   1.7109524677826755 
  2035.0   1.5945285970913339 
  2036.0   1.592997006978427 
  2037.0   1.815624048480921 
  2038.0   1.7372532926001218 
  2039.0   1.5009258455319765 
  2040.0   1.5952324542810414 
  2041.0   1.8290535386752285 
  2042.0   1.7126470275414618 
  2043.0   1.7341034193617513 
  2044.0   1.5980265015070088 
  2045.0   1.7801862345088433 
  2046.0   1.9750158652450949 
  2047.0   1.7874646343377238 
  2048.0   1.7327347394979564 
  2049.0   1.9465174803190048 
  2050.0   1.9426636798039265 
  2051.0   1.8574681282144343 
  2052.0   1.9100927472552296 
  2053.0   1.6826960505839101 
  2054.0   1.6306202292378227 
  2055.0   1.7587144686129978 
  2056.0   1.82517754821132 
  2057.0   1.7578579430897632 
  2058.0   1.8349638407064086 
  2059.0   1.8445931354117293 
  2060.0   1.9685092744387422 
  2061.0   1.9612088989146912 
  2062.0   1.7469491371606476 
  2063.0   1.784080454990545 
  2064.0   1.62829316588688 
  2065.0   1.5987512694291381 
  2066.0   2.012873096597973 
  2067.0   1.94705470586974 
  2068.0   1.924961912578446 
  2069.0   2.0009175346025097 
  2070.0   1.859049462248332 
  2071.0   1.704629880724171 
  2072.0   1.8054416932451414 
  2073.0   1.8443974467746678 
  2074.0   1.8701414192978714 
  2075.0   1.7933974081014743 
  2076.0   1.8018960785753522 
  2077.0   1.9585898468336276 
  2078.0   2.0827997943280914 
  2079.0   1.8137332037037857 
  2080.0   1.9385143252223596 
  2081.0   1.8555562117136548 
  2082.0   2.0991476763617247 
  2083.0   1.8071254256235036 
  2084.0   1.6536554145685292 
  2085.0   1.7853633177553776 
  2086.0   1.7649579473897818 
  2087.0   1.9383926393980802 
  2088.0   1.9644261122687456 
  2089.0   1.8765964905785846 
  2090.0   2.0175289323940704 
  2091.0   1.7597373271257415 
  2092.0   1.767153154896383 
  2093.0   1.9885054016624302 
  2094.0   1.8183044978905025 
  2095.0   1.828166718426075 
  2096.0   1.8286791047714974 
  2097.0   1.7783590967383076 
  2098.0   1.7669240264854253 
  2099.0   1.737264728662706 
  2100.0   1.7199504361482045 
