  2015.0   0.5624004401005851 
  2016.0   0.5732534795848546 
  2017.0   0.5932680548495417 
  2018.0   0.4694765611231393 
  2019.0   0.5542722350977778 
  2020.0   0.6218615063217624 
  2021.0   0.6078482778017953 
  2022.0   0.572821983854987 
  2023.0   0.584716390350538 
  2024.0   0.5448071237769764 
  2025.0   0.5819960357587599 
  2026.0   0.6128121888113727 
  2027.0   0.520827268905493 
  2028.0   0.574189107584923 
  2029.0   0.6765629597110575 
  2030.0   0.7815846898809161 
  2031.0   0.6687625645999116 
  2032.0   0.644967863517114 
  2033.0   0.7515600508006397 
  2034.0   0.7082153656243388 
  2035.0   0.6446671076891989 
  2036.0   0.6637262508699862 
  2037.0   0.8044750541558149 
  2038.0   0.7271130691125703 
  2039.0   0.529457225288508 
  2040.0   0.6830363276748137 
  2041.0   0.7892072740720542 
  2042.0   0.7456704977838204 
  2043.0   0.7212277935242345 
  2044.0   0.6164079721452725 
  2045.0   0.7674689576789558 
  2046.0   0.8907278518879703 
  2047.0   0.7409401731107684 
  2048.0   0.729277647763718 
  2049.0   0.8666183147167248 
  2050.0   0.8056692141538487 
  2051.0   0.7806522360554061 
  2052.0   0.8206573134136999 
  2053.0   0.6308533448932804 
  2054.0   0.6105090986258106 
  2055.0   0.748412780325058 
  2056.0   0.7480572523067291 
  2057.0   0.6890765525530897 
  2058.0   0.7469814368606584 
  2059.0   0.7777705877536114 
  2060.0   0.8629910646250073 
  2061.0   0.8222770982953062 
  2062.0   0.6903925322713118 
  2063.0   0.7153236019116309 
  2064.0   0.5863182459596422 
  2065.0   0.6076620535827646 
  2066.0   0.9411961120253924 
  2067.0   0.8401521330292181 
  2068.0   0.8189648833896753 
  2069.0   0.8705592600348471 
  2070.0   0.7574991009969037 
  2071.0   0.6529607942397669 
  2072.0   0.7060517753440778 
  2073.0   0.7463213241927181 
  2074.0   0.8096934926312271 
  2075.0   0.6841773818727562 
  2076.0   0.7297061878237612 
  2077.0   0.8103685963244349 
  2078.0   0.9023868827594576 
  2079.0   0.7426606475647844 
  2080.0   0.8100690498839181 
  2081.0   0.7354106986207004 
  2082.0   0.9294851456322639 
  2083.0   0.6840221232831984 
  2084.0   0.5683614358423709 
  2085.0   0.6951796564203997 
  2086.0   0.7525115629299944 
  2087.0   0.8006531336361687 
  2088.0   0.824868566082427 
  2089.0   0.7625905411633643 
  2090.0   0.8488559384627513 
  2091.0   0.6555220335396577 
  2092.0   0.6698654061907657 
  2093.0   0.8622420094553839 
  2094.0   0.7240064287944156 
  2095.0   0.7352359960260157 
  2096.0   0.7454663423904667 
  2097.0   0.664200376163938 
  2098.0   0.666669262035004 
  2099.0   0.6703066637284643 
  2100.0   0.651588025804841 
