  2015.0   1.1909647265966077 
  2016.0   1.1733431593929902 
  2017.0   1.0915156382021054 
  2018.0   1.435102804311361 
  2019.0   1.1844877894490295 
  2020.0   1.2852720704226759 
  2021.0   1.3398405901814139 
  2022.0   1.1440080100566907 
  2023.0   1.171759571225801 
  2024.0   1.1844563769537384 
  2025.0   1.2954252634128067 
  2026.0   1.1951457027612171 
  2027.0   1.328572265605873 
  2028.0   1.2680344426766152 
  2029.0   1.023588620778317 
  2030.0   1.3370378559980218 
  2031.0   1.3935988391140297 
  2032.0   1.3614119041908652 
  2033.0   1.0705753545800951 
  2034.0   1.3655858616381489 
  2035.0   1.1405114658059252 
  2036.0   1.3755937076050793 
  2037.0   1.300181495546583 
  2038.0   1.1931924872807973 
  2039.0   1.19936526286629 
  2040.0   1.3358620090414655 
  2041.0   1.211907261557774 
  2042.0   1.3121305557847158 
  2043.0   1.3939827564059146 
  2044.0   1.2940577645582791 
  2045.0   1.3122733939195432 
  2046.0   1.3798090099326128 
  2047.0   1.1362836837523305 
  2048.0   1.3342744856215956 
  2049.0   1.2487006899418918 
  2050.0   1.3354329189474796 
  2051.0   1.2935223790300714 
  2052.0   1.332471926948402 
  2053.0   1.0489238166692487 
  2054.0   1.511652755252882 
  2055.0   1.2714972154374684 
  2056.0   1.1358612129637038 
  2057.0   1.2768833190620301 
  2058.0   1.3095910762234666 
  2059.0   1.3911150168666957 
  2060.0   1.286480830005328 
  2061.0   1.4087536783807946 
  2062.0   1.3600396794457674 
  2063.0   1.3821556332914577 
  2064.0   1.1892597253258859 
  2065.0   1.4602881288526766 
  2066.0   1.4404100996843006 
  2067.0   1.0527977505094217 
  2068.0   1.1938257502070178 
  2069.0   1.3215010704550998 
  2070.0   1.2537601260457663 
  2071.0   1.3171851099020184 
  2072.0   1.422445868467785 
  2073.0   1.2575648104491075 
  2074.0   1.2110818511758858 
  2075.0   1.255062525724889 
  2076.0   1.325438363626677 
  2077.0   1.464586191766104 
  2078.0   1.4182778314305915 
  2079.0   1.4323703535156087 
  2080.0   1.2699092998097279 
  2081.0   1.2826269725629014 
  2082.0   1.2420840872127104 
  2083.0   1.2952844466988591 
  2084.0   1.1945416489204745 
  2085.0   1.2166286711008558 
  2086.0   1.2920642656685568 
  2087.0   1.295767494143448 
  2088.0   1.1885276336915047 
  2089.0   1.2275435463121476 
  2090.0   1.364198026598742 
  2091.0   1.1732592038616059 
  2092.0   1.2671622169261283 
  2093.0   1.3830804128027248 
  2094.0   1.2395950332897863 
  2095.0   1.1146476577078046 
  2096.0   1.1056419033354443 
  2097.0   1.3201607839340306 
  2098.0   1.2400608138283316 
  2099.0   1.3435047310799937 
  2100.0   1.2897939734305728 
