  2015.0   0.7506704779139608 
  2016.0   0.629011519256816 
  2017.0   0.7056716521232395 
  2018.0   0.7458924891186253 
  2019.0   0.6821072156467657 
  2020.0   0.6865272787283618 
  2021.0   0.826632369434853 
  2022.0   0.7438835619851333 
  2023.0   0.8182754922343575 
  2024.0   0.7760987249258423 
  2025.0   0.7238278329831518 
  2026.0   0.9387455565520161 
  2027.0   0.7002848056268787 
  2028.0   0.6766409581323383 
  2029.0   0.784270565612847 
  2030.0   0.6460325009831888 
  2031.0   0.7390930148531328 
  2032.0   0.970777195192716 
  2033.0   0.8355843598702636 
  2034.0   0.7051084572370407 
  2035.0   0.6456456177244548 
  2036.0   0.8411052630135871 
  2037.0   0.8287086620221198 
  2038.0   0.8052909566776131 
  2039.0   0.8208632588831031 
  2040.0   0.6268237119175425 
  2041.0   0.9155681328840485 
  2042.0   0.9334594861552635 
  2043.0   0.9264124845666535 
  2044.0   0.7007045723505566 
  2045.0   0.6197023352895967 
  2046.0   0.6009230051107437 
  2047.0   0.838717593420443 
  2048.0   0.8144636966530734 
  2049.0   0.9151947880349448 
  2050.0   0.7117802151014118 
  2051.0   0.5365962532430854 
  2052.0   0.6210094862241022 
  2053.0   0.8713467716721573 
  2054.0   0.8041276216166083 
  2055.0   0.6143161458179652 
  2056.0   0.8069484395366484 
  2057.0   1.0429447936162823 
  2058.0   0.9947838273181647 
  2059.0   1.0379778180071675 
  2060.0   0.8576297169785002 
  2061.0   0.8717309720402919 
  2062.0   0.8220853760718755 
  2063.0   0.8581077331456314 
  2064.0   0.8941759429305599 
  2065.0   0.9254752878078516 
  2066.0   0.9298854012446687 
  2067.0   0.8547328466945665 
  2068.0   0.7114036595167157 
  2069.0   0.8016104907871421 
  2070.0   0.9501003394363631 
  2071.0   0.6396525603146614 
  2072.0   0.6938238996749253 
  2073.0   0.821093730203107 
  2074.0   0.9291721505196616 
  2075.0   0.6630460879272592 
  2076.0   0.7853632761174545 
  2077.0   0.8418147567341563 
  2078.0   0.8113497295892422 
  2079.0   0.7854435973256564 
  2080.0   0.8587817769596099 
  2081.0   0.9439957905500929 
  2082.0   0.8478975657711333 
  2083.0   0.9680327576832856 
  2084.0   0.9087432891304731 
  2085.0   0.7593755165288334 
  2086.0   0.7320692503876163 
  2087.0   0.6583882411388204 
  2088.0   0.7705586962087344 
  2089.0   1.0580780110559707 
  2090.0   0.770369279841443 
  2091.0   1.0247863449479533 
  2092.0   0.8134220262038439 
  2093.0   0.9334591037364768 
  2094.0   1.0818479909919294 
  2095.0   1.043677808221147 
  2096.0   0.7062163338517613 
  2097.0   0.6923705926035035 
  2098.0   0.8213249018420524 
  2099.0   0.8085003954101246 
  2100.0   0.8144417731080179 
