  2015.0   11.495703829507242 
  2016.0   11.571493889287028 
  2017.0   11.605892644358606 
  2018.0   11.583194792542296 
  2019.0   11.720039689840604 
  2020.0   11.753799519265515 
  2021.0   11.80842618402918 
  2022.0   11.895791058323848 
  2023.0   11.88941868805094 
  2024.0   11.918547617088551 
  2025.0   11.947200317487328 
  2026.0   12.001549774503214 
  2027.0   12.028361707829657 
  2028.0   12.100053111671922 
  2029.0   12.148722371200606 
  2030.0   12.124565157604884 
  2031.0   12.185185269913312 
  2032.0   12.249928568182602 
  2033.0   12.31286619853308 
  2034.0   12.281892721660764 
  2035.0   12.378553800923488 
  2036.0   12.369319843688386 
  2037.0   12.445456917290205 
  2038.0   12.475051956647656 
  2039.0   12.536599558211329 
  2040.0   12.545142689369923 
  2041.0   12.633610945010968 
  2042.0   12.630074026949075 
  2043.0   12.667519949366794 
  2044.0   12.76429099019291 
  2045.0   12.787876386206651 
  2046.0   12.867229800197896 
  2047.0   12.959219395965878 
  2048.0   12.889986352026645 
  2049.0   12.939615992946997 
  2050.0   12.987664887701351 
  2051.0   13.038223489531473 
  2052.0   13.081266468790181 
  2053.0   13.15029714870932 
  2054.0   13.081421258593755 
  2055.0   13.19677278900928 
  2056.0   13.203400765830374 
  2057.0   13.158201501734789 
  2058.0   13.192281494431356 
  2059.0   13.217701025635204 
  2060.0   13.276311259983013 
  2061.0   13.308232589373166 
  2062.0   13.346856090474272 
  2063.0   13.329371069262429 
  2064.0   13.346624408501151 
  2065.0   13.331068409313115 
  2066.0   13.405248210633749 
  2067.0   13.472399305391223 
  2068.0   13.423041611021011 
  2069.0   13.443660674863056 
  2070.0   13.46078349754956 
  2071.0   13.45506145873838 
  2072.0   13.49945695710615 
  2073.0   13.595444579002985 
  2074.0   13.578443795404224 
  2075.0   13.555214344602602 
  2076.0   13.524767334508708 
  2077.0   13.524537370571712 
  2078.0   13.564656650772394 
  2079.0   13.578973332258629 
  2080.0   13.64779546396734 
  2081.0   13.59941673592144 
  2082.0   13.564235886684132 
  2083.0   13.531020836865746 
  2084.0   13.569460859060216 
  2085.0   13.556711011608371 
  2086.0   13.506898037456773 
  2087.0   13.521497620266219 
  2088.0   13.54443680014693 
  2089.0   13.533671614008473 
  2090.0   13.559944899063538 
  2091.0   13.603378881317923 
  2092.0   13.544698180820255 
  2093.0   13.564364917250769 
  2094.0   13.584134254059935 
  2095.0   13.57206839529485 
  2096.0   13.533852109481003 
  2097.0   13.487009025180628 
  2098.0   13.468875590792988 
  2099.0   13.481154975339674 
  2100.0   13.519373553906076 
