  2015.0   288.0311725452512 
  2016.0   287.21754780298653 
  2017.0   287.64041260183296 
  2018.0   288.1726870117633 
  2019.0   287.58094396264283 
  2020.0   287.73847077555473 
  2021.0   288.2594666571926 
  2022.0   288.4417378233978 
  2023.0   288.66939622256103 
  2024.0   288.66199209252494 
  2025.0   288.3477413944696 
  2026.0   287.86908038543345 
  2027.0   287.91356644370507 
  2028.0   288.30838404946746 
  2029.0   287.7321636501178 
  2030.0   288.1882292332 
  2031.0   288.7336373439982 
  2032.0   288.14976497540965 
  2033.0   288.52630148223204 
  2034.0   288.2618093283953 
  2035.0   289.22067549629975 
  2036.0   289.11560439376194 
  2037.0   288.66219797693094 
  2038.0   288.7011733979186 
  2039.0   289.05789186756346 
  2040.0   288.0273395381645 
  2041.0   288.68654687346447 
  2042.0   288.38678347738187 
  2043.0   288.90693748413526 
  2044.0   288.7953753385398 
  2045.0   288.0060761705012 
  2046.0   288.6708834347084 
  2047.0   288.76781954203506 
  2048.0   289.5616315156883 
  2049.0   288.85110450462105 
  2050.0   289.7844511217635 
  2051.0   289.49039191048814 
  2052.0   289.1910299660813 
  2053.0   289.0122379356684 
  2054.0   289.34686985032283 
  2055.0   288.7280260063936 
  2056.0   289.13331342646677 
  2057.0   289.358834880523 
  2058.0   289.37531063207496 
  2059.0   289.0773670569991 
  2060.0   288.9071355721851 
  2061.0   288.9863889410422 
  2062.0   288.8484125450157 
  2063.0   288.64148492093057 
  2064.0   289.37711929699066 
  2065.0   289.27648572516244 
  2066.0   289.344455194555 
  2067.0   289.0853739049695 
  2068.0   290.0380451607795 
  2069.0   288.9316937787219 
  2070.0   289.14364112577834 
  2071.0   289.96010544658657 
  2072.0   289.03922111758214 
  2073.0   288.2180470651685 
  2074.0   289.24167107843186 
  2075.0   288.47786060995145 
  2076.0   289.2348011266784 
  2077.0   289.6944282758224 
  2078.0   289.1128008697509 
  2079.0   289.08199091696815 
  2080.0   288.9777476500351 
  2081.0   289.099470702765 
  2082.0   289.4043634521718 
  2083.0   289.1672756049675 
  2084.0   289.1932291810037 
  2085.0   288.88913345101975 
  2086.0   289.58371202780296 
  2087.0   288.8836840233172 
  2088.0   289.5509909546401 
  2089.0   288.9976720787211 
  2090.0   289.401733965066 
  2091.0   289.72754513209856 
  2092.0   288.0011459541977 
  2093.0   288.74490638262637 
  2094.0   289.1408603406812 
  2095.0   289.1449782658722 
  2096.0   289.20097361297985 
  2097.0   289.1033550813438 
  2098.0   289.12110883257907 
  2099.0   288.754611931694 
  2100.0   288.6143968046309 
