  2015.0   0.048497901773138646 
  2016.0   0.0031445827114720505 
  2017.0   0.021219095338607583 
  2018.0   0.03779667372568496 
  2019.0   0.011920028158533177 
  2020.0   -0.027041274805434588 
  2021.0   0.056309503356455404 
  2022.0   0.021651013416244674 
  2023.0   0.08887713646639152 
  2024.0   0.007127647841241323 
  2025.0   0.02725302869224708 
  2026.0   -0.007539760707218484 
  2027.0   0.03243244996031386 
  2028.0   0.1486739978748289 
  2029.0   0.07005073956329412 
  2030.0   0.1211120714469523 
  2031.0   0.030298504673371945 
  2032.0   -0.01930592010886127 
  2033.0   0.09411980722012896 
  2034.0   -0.03807030912676947 
  2035.0   -0.017897859984799265 
  2036.0   0.04704534741888428 
  2037.0   0.07762301458075867 
  2038.0   0.1372692279570478 
  2039.0   0.026876388029010777 
  2040.0   -0.0071800430385394924 
  2041.0   0.051605489082242384 
  2042.0   0.005928775212109087 
  2043.0   -0.07493164919933891 
  2044.0   0.010922764176285231 
  2045.0   0.02560216175676684 
  2046.0   0.05513556165904853 
  2047.0   -0.03686400664669568 
  2048.0   0.007091566743041362 
  2049.0   0.019116505303147402 
  2050.0   0.09196795066038292 
  2051.0   0.0472245511808532 
  2052.0   -0.044664091077814244 
  2053.0   0.005318111553844061 
  2054.0   0.03171110190084751 
  2055.0   0.08870129310475493 
  2056.0   0.015282063701164411 
  2057.0   0.09453592114191511 
  2058.0   0.04844423532624653 
  2059.0   -0.023746763716581576 
  2060.0   0.053784406158335796 
  2061.0   0.051037492691825455 
  2062.0   -0.000745119590590184 
  2063.0   0.029893409769370473 
  2064.0   0.03560933073963322 
  2065.0   -0.014403542670013581 
  2066.0   0.004074102976279126 
  2067.0   0.028884551671835734 
  2068.0   0.06112807647107067 
  2069.0   0.013717859310688755 
  2070.0   0.05722098931761949 
  2071.0   -0.03537424731425875 
  2072.0   0.035587129764681875 
  2073.0   0.13102655589252848 
  2074.0   0.030831845662469996 
  2075.0   0.022282758869449967 
  2076.0   0.05163357886077108 
  2077.0   -0.010051950592379125 
  2078.0   0.042926746344165115 
  2079.0   -0.038114505693427225 
  2080.0   0.0846245423602396 
  2081.0   -0.07606853614080873 
  2082.0   0.07885009761160156 
  2083.0   -0.00044855936777541886 
  2084.0   -0.027804140082960727 
  2085.0   -0.05509697520381056 
  2086.0   -0.0009755836016892993 
  2087.0   0.08575226831082272 
  2088.0   0.1800804611778529 
  2089.0   0.006927196541926695 
  2090.0   -0.04268066567693815 
  2091.0   -0.07395071653852191 
  2092.0   0.001839688457453499 
  2093.0   -0.012520052645552643 
  2094.0   -0.02083931340721548 
  2095.0   -0.03281231589770994 
  2096.0   -0.02916172995014751 
  2097.0   -0.022405914376266416 
  2098.0   0.001321929875172132 
  2099.0   0.04631444463080603 
  2100.0   -0.024845599907452692 
