  2015.0   54.97649039136181 
  2016.0   55.08553902157572 
  2017.0   55.192138947937295 
  2018.0   55.164498405346436 
  2019.0   55.136528936723174 
  2020.0   55.153900104805984 
  2021.0   55.18149854096137 
  2022.0   55.22481093099101 
  2023.0   55.21678220543797 
  2024.0   55.22395780636633 
  2025.0   55.19855791402141 
  2026.0   55.133907194031075 
  2027.0   55.1159707121166 
  2028.0   55.20530960090079 
  2029.0   55.361708043260805 
  2030.0   55.432361052968126 
  2031.0   55.39765088662006 
  2032.0   55.48426336553342 
  2033.0   55.50561054946236 
  2034.0   55.52257881553879 
  2035.0   55.57179133515775 
  2036.0   55.61808431616855 
  2037.0   55.54853315972494 
  2038.0   55.45711545946114 
  2039.0   55.54937310310575 
  2040.0   55.75216420703965 
  2041.0   55.76146714441739 
  2042.0   55.65052124298795 
  2043.0   55.713609016848764 
  2044.0   55.7750177275545 
  2045.0   55.72578177264763 
  2046.0   55.639894378717045 
  2047.0   55.72804275026196 
  2048.0   55.753745414054116 
  2049.0   55.722378597030826 
  2050.0   55.714003789986755 
  2051.0   55.73067137081053 
  2052.0   55.714006393320155 
  2053.0   55.71096599301073 
  2054.0   55.75347267853257 
  2055.0   55.81129904561989 
  2056.0   55.76063503702161 
  2057.0   55.7633404993533 
  2058.0   55.805645273610835 
  2059.0   55.86084376401902 
  2060.0   55.913362047211336 
  2061.0   56.03443808487544 
  2062.0   56.081587803074406 
  2063.0   56.08277681171904 
  2064.0   56.018882408012686 
  2065.0   56.034628683981126 
  2066.0   56.113717311408216 
  2067.0   56.11850224081234 
  2068.0   56.045465696794736 
  2069.0   56.032264409016406 
  2070.0   56.07301195875857 
  2071.0   55.987241613997895 
  2072.0   55.95271466442303 
  2073.0   56.092176746166665 
  2074.0   56.1626541578483 
  2075.0   56.100253034016674 
  2076.0   56.11559883324716 
  2077.0   56.13440697248408 
  2078.0   56.11487112442602 
  2079.0   56.11271956424465 
  2080.0   56.232524860657186 
  2081.0   56.28340083567497 
  2082.0   56.28868781689409 
  2083.0   56.24140915433693 
  2084.0   56.26252364145302 
  2085.0   56.340200146295146 
  2086.0   56.39149781350066 
  2087.0   56.33912710589214 
  2088.0   56.29239289273336 
  2089.0   56.293021875088996 
  2090.0   56.23968275734789 
  2091.0   56.17939264924509 
  2092.0   56.24967374258882 
  2093.0   56.294850819259 
  2094.0   56.24660326645471 
  2095.0   56.24977085608194 
  2096.0   56.317461486208664 
  2097.0   56.36156376502644 
  2098.0   56.37187883337822 
  2099.0   56.291405478164904 
  2100.0   56.25548586216765 
