  2015.0   4.704415935067638 
  2016.0   5.035482140236757 
  2017.0   5.024695853367337 
  2018.0   4.269035150760181 
  2019.0   3.76966105264402 
  2020.0   4.8815539594266015 
  2021.0   5.452025021898358 
  2022.0   4.938527457470268 
  2023.0   5.161040938828005 
  2024.0   4.834809025233229 
  2025.0   5.446252194896813 
  2026.0   4.478268654650825 
  2027.0   3.5515809970886822 
  2028.0   5.246633138557186 
  2029.0   5.354807845291907 
  2030.0   4.415497731591323 
  2031.0   4.5087948644910565 
  2032.0   5.231575527098252 
  2033.0   4.56982328851049 
  2034.0   4.462564579091519 
  2035.0   5.432243207490138 
  2036.0   4.232950849916562 
  2037.0   4.037321052936765 
  2038.0   5.059584779756795 
  2039.0   5.24075770437236 
  2040.0   5.197801924297627 
  2041.0   5.113311108401266 
  2042.0   3.9042107451118397 
  2043.0   4.859322887721634 
  2044.0   4.796173513240374 
  2045.0   4.843713402618586 
  2046.0   5.951491101127869 
  2047.0   5.250411284613301 
  2048.0   3.518223850323729 
  2049.0   4.490275648484815 
  2050.0   5.74520001674899 
  2051.0   5.0630199960674025 
  2052.0   3.7799143574797998 
  2053.0   4.037142189495898 
  2054.0   5.470260897879024 
  2055.0   4.800291901757598 
  2056.0   4.403363970170896 
  2057.0   4.429496558071285 
  2058.0   3.983220111429584 
  2059.0   4.387902021318128 
  2060.0   4.891556933976941 
  2061.0   5.208668835712359 
  2062.0   4.386394057033029 
  2063.0   5.215002041414115 
  2064.0   5.089304230542516 
  2065.0   3.963963829899034 
  2066.0   5.305328673575133 
  2067.0   6.146707849193352 
  2068.0   5.034377244037317 
  2069.0   4.025490288653768 
  2070.0   4.514573017021777 
  2071.0   4.701506897149194 
  2072.0   4.881601073589065 
  2073.0   4.334488874042583 
  2074.0   5.00476513709381 
  2075.0   5.091790520047276 
  2076.0   4.281451468623394 
  2077.0   4.2070853095011875 
  2078.0   4.759294858978696 
  2079.0   4.955740942184159 
  2080.0   4.083336451216356 
  2081.0   4.137354287620211 
  2082.0   5.893353744676264 
  2083.0   6.069906995612631 
  2084.0   4.724367596041293 
  2085.0   4.404458199977939 
  2086.0   5.177706902792771 
  2087.0   5.030403922331038 
  2088.0   4.432404565771171 
  2089.0   4.684847898969491 
  2090.0   4.26212238975643 
  2091.0   4.24748912881458 
  2092.0   5.675094429655152 
  2093.0   5.209131850166547 
  2094.0   3.6634153375167147 
  2095.0   4.98697264103078 
  2096.0   4.690317949578187 
  2097.0   3.598579249609784 
  2098.0   4.134022485521958 
  2099.0   5.144686560658426 
  2100.0   4.729492294739823 
