  2015.0   296.3891008405737 
  2016.0   295.3028998252964 
  2017.0   296.2857024716136 
  2018.0   296.04596920105587 
  2019.0   296.6583313228875 
  2020.0   297.24993377020724 
  2021.0   296.48159439336695 
  2022.0   296.32799112428165 
  2023.0   296.1527157239026 
  2024.0   297.12468971954826 
  2025.0   297.3617025957764 
  2026.0   297.111897975086 
  2027.0   296.65204920932825 
  2028.0   296.49987579764587 
  2029.0   296.949622049904 
  2030.0   297.0873084403953 
  2031.0   296.842243152397 
  2032.0   296.3549337115865 
  2033.0   296.9999600975128 
  2034.0   296.5330018691134 
  2035.0   296.78149740053027 
  2036.0   297.2160722572353 
  2037.0   297.19268395173145 
  2038.0   297.7381016957609 
  2039.0   297.460883333483 
  2040.0   296.86045466848594 
  2041.0   297.1301099614515 
  2042.0   297.0178604752375 
  2043.0   297.58903501854417 
  2044.0   296.74147213056125 
  2045.0   296.41165746840807 
  2046.0   296.4843758135966 
  2047.0   296.7514136158587 
  2048.0   296.6309895157153 
  2049.0   298.0696739196106 
  2050.0   297.75870698341987 
  2051.0   297.3531571884032 
  2052.0   296.37310691892725 
  2053.0   297.14473255037046 
  2054.0   296.94381857705633 
  2055.0   295.7518440049981 
  2056.0   297.1065362690046 
  2057.0   297.47584983649784 
  2058.0   297.1896582412579 
  2059.0   296.75313889099453 
  2060.0   296.65695886153867 
  2061.0   296.6634440552142 
  2062.0   296.51601179124964 
  2063.0   297.3649607734484 
  2064.0   297.1541055402984 
  2065.0   297.13390570794263 
  2066.0   297.20961620629777 
  2067.0   297.5655579374356 
  2068.0   297.05455228649225 
  2069.0   297.70511559886444 
  2070.0   297.7623050246849 
  2071.0   298.290225931696 
  2072.0   297.83980982893615 
  2073.0   297.01675156663384 
  2074.0   297.67332090896855 
  2075.0   297.5123151809395 
  2076.0   296.8984787501701 
  2077.0   296.1456370847873 
  2078.0   297.0681192704941 
  2079.0   296.6274670971076 
  2080.0   297.58015360733157 
  2081.0   297.3975055156523 
  2082.0   297.8033980366783 
  2083.0   297.02297014375165 
  2084.0   297.84406054661974 
  2085.0   297.38238083930037 
  2086.0   297.5285936033774 
  2087.0   296.91472716080375 
  2088.0   296.8562581984153 
  2089.0   297.2616842818337 
  2090.0   297.63432399087657 
  2091.0   297.42583981375157 
  2092.0   297.23912925695856 
  2093.0   296.7847160114876 
  2094.0   297.0679768270619 
  2095.0   297.04178668790877 
  2096.0   296.8973353121102 
  2097.0   297.3255126960792 
  2098.0   296.4446852473663 
  2099.0   297.5875051433368 
  2100.0   297.19943377635786 
