  2015.0   0.6392775699284124 
  2016.0   0.7597804971069357 
  2017.0   0.728591125771324 
  2018.0   0.66719930916189 
  2019.0   0.6618786678331527 
  2020.0   0.6659313975042237 
  2021.0   0.6515752239546642 
  2022.0   0.6105964585900158 
  2023.0   0.6777883088558126 
  2024.0   0.5540031272431579 
  2025.0   0.5163304252293371 
  2026.0   0.6611032484478445 
  2027.0   0.6519024122309879 
  2028.0   0.6912670105925658 
  2029.0   0.6446256710855002 
  2030.0   0.809726475757115 
  2031.0   0.7372797372975698 
  2032.0   0.7727885745959499 
  2033.0   0.6271611907688002 
  2034.0   0.6476590340920048 
  2035.0   0.8008219908417705 
  2036.0   0.6401795128386392 
  2037.0   0.5599284619055417 
  2038.0   0.72500665756081 
  2039.0   0.6181524563212545 
  2040.0   0.7723929487060326 
  2041.0   0.870928854308113 
  2042.0   0.663583099358528 
  2043.0   0.6595221550238863 
  2044.0   0.6854333574106819 
  2045.0   0.7357351605056316 
  2046.0   0.6934619456855362 
  2047.0   0.6870256646005867 
  2048.0   0.6780008292354608 
  2049.0   0.6163409240008841 
  2050.0   0.7319812714379916 
  2051.0   0.58040938580446 
  2052.0   0.5721274307339845 
  2053.0   0.7020466284976952 
  2054.0   0.7361187393967977 
  2055.0   0.7369944298401879 
  2056.0   0.7539295371130219 
  2057.0   0.6786045082817778 
  2058.0   0.7869395856650517 
  2059.0   0.7257905678575062 
  2060.0   0.5708034349022586 
  2061.0   0.7585075456054509 
  2062.0   0.6710390526203598 
  2063.0   0.6490142028936737 
  2064.0   0.8874609285008341 
  2065.0   0.6974686987463693 
  2066.0   0.7042521744561643 
  2067.0   0.9509964691100679 
  2068.0   0.8790852652065541 
  2069.0   0.7293034154386591 
  2070.0   0.6428303032957147 
  2071.0   0.6968265686366432 
  2072.0   0.7041195307865462 
  2073.0   0.6294033387418868 
  2074.0   0.8023357033347739 
  2075.0   0.6591195388589063 
  2076.0   0.7159750268676855 
  2077.0   0.6820874813185412 
  2078.0   0.6474057466350858 
  2079.0   0.8546165853153533 
  2080.0   0.7651815464415166 
  2081.0   0.7004844021480465 
  2082.0   0.7232165080293678 
  2083.0   0.6978587399699794 
  2084.0   0.8066276084602111 
  2085.0   0.6435720347853614 
  2086.0   0.6353214794299064 
  2087.0   0.7185278434059243 
  2088.0   0.8244458780622897 
  2089.0   0.7102050534555232 
  2090.0   0.7635264040645394 
  2091.0   0.7693831736876975 
  2092.0   0.5942535956774396 
  2093.0   0.5696066678353601 
  2094.0   0.6576285159450149 
  2095.0   0.581995206893746 
  2096.0   0.8326908627969191 
  2097.0   0.741099444321173 
  2098.0   0.7565930871704266 
  2099.0   0.596992619089857 
  2100.0   0.5239744232332901 
