  2015.0   24.942403922624358 
  2016.0   25.020227000955504 
  2017.0   25.092856476025702 
  2018.0   25.143515938748624 
  2019.0   25.163880807329964 
  2020.0   25.132413221874476 
  2021.0   25.161975825529673 
  2022.0   25.21117758968063 
  2023.0   25.1550830195818 
  2024.0   25.18779571003353 
  2025.0   25.259430885562406 
  2026.0   25.22417402910587 
  2027.0   25.22425590839862 
  2028.0   25.26706101986753 
  2029.0   25.292586934518372 
  2030.0   25.344416292469354 
  2031.0   25.3172673123356 
  2032.0   25.2706110932244 
  2033.0   25.336554720403964 
  2034.0   25.43957352232095 
  2035.0   25.497475503709154 
  2036.0   25.535763987620317 
  2037.0   25.518671093178092 
  2038.0   25.545641371794343 
  2039.0   25.595974721814688 
  2040.0   25.61382890764761 
  2041.0   25.657369795389606 
  2042.0   25.678234081157257 
  2043.0   25.709394190868046 
  2044.0   25.725553266909117 
  2045.0   25.729481600494605 
  2046.0   25.722909076436455 
  2047.0   25.760432513899957 
  2048.0   25.814159485346647 
  2049.0   25.85538641969309 
  2050.0   25.891820271710742 
  2051.0   25.898227465253946 
  2052.0   25.900391547970646 
  2053.0   25.90167671213247 
  2054.0   25.887633909962624 
  2055.0   25.898678222841898 
  2056.0   25.830200298368972 
  2057.0   25.81946200891344 
  2058.0   25.904913234128912 
  2059.0   25.93332521471335 
  2060.0   25.92135797873603 
  2061.0   25.987868152453345 
  2062.0   25.989033417941513 
  2063.0   26.05494523349739 
  2064.0   26.123992607989535 
  2065.0   26.16693145778248 
  2066.0   26.129297207802068 
  2067.0   26.087002434378366 
  2068.0   26.106765359814347 
  2069.0   26.157274454323055 
  2070.0   26.101813716792925 
  2071.0   26.10775141457486 
  2072.0   26.15083537585509 
  2073.0   26.12174404205318 
  2074.0   26.09611275327532 
  2075.0   26.1641686225089 
  2076.0   26.21996263381839 
  2077.0   26.268419283808118 
  2078.0   26.191221115917877 
  2079.0   26.16846591387123 
  2080.0   26.23812754137501 
  2081.0   26.24040012027232 
  2082.0   26.211923288066984 
  2083.0   26.25274565563207 
  2084.0   26.35175814788141 
  2085.0   26.403965389562817 
  2086.0   26.458905390027322 
  2087.0   26.487117002121195 
  2088.0   26.426683512952742 
  2089.0   26.441817700968272 
  2090.0   26.42536728378478 
  2091.0   26.450424673370232 
  2092.0   26.47158318230143 
  2093.0   26.40881324094372 
  2094.0   26.450132231996278 
  2095.0   26.41530747704495 
  2096.0   26.42149894608475 
  2097.0   26.463248475575714 
  2098.0   26.48557254331817 
  2099.0   26.514924789083295 
  2100.0   26.529590129355704 
