  2015.0   1.1806228528309384 
  2016.0   1.4255560912139402 
  2017.0   2.046122668147084 
  2018.0   1.6763097862117216 
  2019.0   1.7038111064241324 
  2020.0   1.9502883460933214 
  2021.0   1.6273818032443501 
  2022.0   2.35175634398646 
  2023.0   1.9319458300517576 
  2024.0   2.0489356301738826 
  2025.0   1.1706226247178555 
  2026.0   1.3536186960398955 
  2027.0   1.221210409133418 
  2028.0   1.8407076885479925 
  2029.0   2.086361224521696 
  2030.0   1.9044374153242645 
  2031.0   1.732757268439592 
  2032.0   1.809392977326707 
  2033.0   2.1005169240172257 
  2034.0   1.3264283173260654 
  2035.0   2.104110556708724 
  2036.0   2.1229581751550626 
  2037.0   1.416895778543107 
  2038.0   1.8792104767487792 
  2039.0   2.0017547747125657 
  2040.0   1.4055619234402439 
  2041.0   1.4573366354678268 
  2042.0   1.6783921402259743 
  2043.0   1.1857244696962161 
  2044.0   1.60549634615011 
  2045.0   1.7829109899712292 
  2046.0   1.2951817119633307 
  2047.0   1.5696158428450238 
  2048.0   2.211825652359497 
  2049.0   1.979767356490473 
  2050.0   1.5912762960720321 
  2051.0   1.7935661064951696 
  2052.0   2.3057990967157553 
  2053.0   2.029901890587943 
  2054.0   1.9407240294793242 
  2055.0   2.1379677166104485 
  2056.0   1.9432453383117136 
  2057.0   1.5082211592396118 
  2058.0   1.7614626783492655 
  2059.0   1.9051089325390818 
  2060.0   1.3456831879349502 
  2061.0   1.3532124021882674 
  2062.0   1.2397649875779355 
  2063.0   1.5343212334212917 
  2064.0   1.684514034514163 
  2065.0   2.5786108926813913 
  2066.0   1.766110058008891 
  2067.0   1.7914468621997521 
  2068.0   2.198581006571548 
  2069.0   1.3260734980218143 
  2070.0   1.7672841614910038 
  2071.0   1.394880930100224 
  2072.0   1.6684287340028823 
  2073.0   1.796646780364438 
  2074.0   1.9016794081561965 
  2075.0   1.624214956222334 
  2076.0   1.6435830205379085 
  2077.0   1.7021148525720178 
  2078.0   1.272380621652137 
  2079.0   1.7142538136502576 
  2080.0   1.5836614918844292 
  2081.0   1.4060899447994089 
  2082.0   1.576191122287451 
  2083.0   1.8500697685652208 
  2084.0   2.0446461572650034 
  2085.0   1.494991044990641 
  2086.0   2.1328492049524215 
  2087.0   2.4299052009388897 
  2088.0   1.8670906069902753 
  2089.0   1.844961663881114 
  2090.0   1.6957469128402607 
  2091.0   1.3297530255097596 
  2092.0   1.7546435868931731 
  2093.0   1.4748353425960297 
  2094.0   1.5997582218746187 
  2095.0   2.0292241851601682 
  2096.0   2.1730911431266104 
  2097.0   1.6026019230743178 
  2098.0   2.142346150873276 
  2099.0   2.458634256399694 
  2100.0   2.244903622588388 
