  2015.0   1.9535411913641358 
  2016.0   2.2857158280568552 
  2017.0   1.7512387457818581 
  2018.0   1.8406592139411861 
  2019.0   1.447681438153645 
  2020.0   2.0448499572885597 
  2021.0   2.4241151404753087 
  2022.0   1.889269420653388 
  2023.0   1.3960251157116588 
  2024.0   1.2573568583150019 
  2025.0   1.9765272840913999 
  2026.0   2.2951306576834107 
  2027.0   2.647529684289575 
  2028.0   2.164309156433371 
  2029.0   1.9635749375315683 
  2030.0   1.6912924145573798 
  2031.0   1.437412881266916 
  2032.0   2.1390052818804626 
  2033.0   2.3900102273810186 
  2034.0   2.0526883491972856 
  2035.0   1.9364657797041909 
  2036.0   1.5852022984949683 
  2037.0   2.013898600372125 
  2038.0   1.9668310521326733 
  2039.0   1.6492858900381122 
  2040.0   2.2780099491040318 
  2041.0   1.94438530633858 
  2042.0   1.6206559032766465 
  2043.0   1.861007592361984 
  2044.0   1.76543335225277 
  2045.0   2.236483125324392 
  2046.0   2.2941706303969127 
  2047.0   2.119977802589452 
  2048.0   1.8238386021694577 
  2049.0   1.8242158817808451 
  2050.0   2.2709819663863966 
  2051.0   2.405350203717737 
  2052.0   2.0857955684046523 
  2053.0   1.425193621007125 
  2054.0   1.7170308417196807 
  2055.0   2.470833273837779 
  2056.0   2.1131353764080814 
  2057.0   1.638408501424956 
  2058.0   1.9242019995783997 
  2059.0   2.017302150430029 
  2060.0   2.2814561186008775 
  2061.0   1.6616160043129575 
  2062.0   1.291438283710716 
  2063.0   1.7422195606593465 
  2064.0   1.9729434211865622 
  2065.0   2.434990550623524 
  2066.0   2.441643891489162 
  2067.0   1.7908193349408066 
  2068.0   1.5134276845215873 
  2069.0   1.7995896019161743 
  2070.0   2.2482031241521625 
  2071.0   2.0702713220086104 
  2072.0   2.196397704498291 
  2073.0   2.2008754946766524 
  2074.0   1.842301682180939 
  2075.0   1.4115221243531333 
  2076.0   1.8249775042449394 
  2077.0   2.4139348606446176 
  2078.0   2.446823533240633 
  2079.0   2.2216103467834674 
  2080.0   1.8098655814099638 
  2081.0   1.7738848285273046 
  2082.0   1.5947398724583495 
  2083.0   1.7401511359990687 
  2084.0   2.0689701274160344 
  2085.0   1.9653333384554497 
  2086.0   2.517596062012334 
  2087.0   2.183546081530752 
  2088.0   1.6467559974167196 
  2089.0   1.518662068070108 
  2090.0   1.710833600878934 
  2091.0   2.5221366860017738 
  2092.0   2.2743575688984725 
  2093.0   2.1194029816219477 
  2094.0   1.9603426341719836 
  2095.0   2.0667094668489563 
  2096.0   1.8216594236564043 
  2097.0   1.6090511490886321 
  2098.0   1.9457994754413408 
  2099.0   2.1683789288628232 
  2100.0   1.9045571117761833 
