  2015.0   9.160976956169995e-11 
  2016.0   3.3863680978111656e-11 
  2017.0   3.365996116276431e-11 
  2018.0   3.3250376186408413e-11 
  2019.0   3.3234449324132294e-11 
  2020.0   2.931747252143268e-11 
  2021.0   2.6393766807983435e-11 
  2022.0   1.952839076981558e-11 
  2023.0   1.8200988858123476e-11 
  2024.0   1.659136349564335e-11 
  2025.0   1.5302379818515988e-11 
  2026.0   1.486295593287348e-11 
  2027.0   1.510531736761007e-11 
  2028.0   1.4841268392987644e-11 
  2029.0   1.4680003610777908e-11 
  2030.0   1.4766136759702424e-11 
  2031.0   4.3250817307604804e-11 
  2032.0   4.201055314381107e-11 
  2033.0   4.2604189381256205e-11 
  2034.0   4.353033604366744e-11 
  2035.0   4.4868257515936844e-11 
  2036.0   7.454406837127203e-11 
  2037.0   7.62957221084235e-11 
  2038.0   7.85960881167981e-11 
  2039.0   7.917104336651756e-11 
  2040.0   8.094718577060665e-11 
  2041.0   6.919178439455407e-11 
  2042.0   7.148436700975599e-11 
  2043.0   7.169986876656008e-11 
  2044.0   7.221362774435818e-11 
  2045.0   7.267657603106923e-11 
  2046.0   4.1945868022665085e-11 
  2047.0   4.046560607024324e-11 
  2048.0   3.883647741508143e-11 
  2049.0   3.71693238348628e-11 
  2050.0   3.544206701443649e-11 
  2051.0   3.217552959191808e-11 
  2052.0   3.1046742882539053e-11 
  2053.0   2.934848221265416e-11 
  2054.0   2.821500155874663e-11 
  2055.0   2.7199259823585772e-11 
  2056.0   2.1335419498889445e-11 
  2057.0   2.1094067988107754e-11 
  2058.0   2.1005960968336045e-11 
  2059.0   2.0778160011870894e-11 
  2060.0   2.0649645346114324e-11 
  2061.0   1.2929563687041528e-11 
  2062.0   1.2565266275719712e-11 
  2063.0   1.1940557770134402e-11 
  2064.0   1.130445415585637e-11 
  2065.0   1.090002623113111e-11 
  2066.0   1.5490086626133445e-11 
  2067.0   1.563520137063306e-11 
  2068.0   1.5910968238019547e-11 
  2069.0   1.562744363279346e-11 
  2070.0   1.5666936405395342e-11 
  2071.0   2.145142387670767e-11 
  2072.0   2.192950769039348e-11 
  2073.0   2.232944397883511e-11 
  2074.0   2.278487397370008e-11 
  2075.0   2.3034015411649228e-11 
  2076.0   4.989195053019107e-11 
  2077.0   5.0797939564492214e-11 
  2078.0   5.186458425697292e-11 
  2079.0   5.292975305482443e-11 
  2080.0   5.357172060931203e-11 
  2081.0   3.9957096064968685e-11 
  2082.0   4.0253152642979846e-11 
  2083.0   4.06492973306126e-11 
  2084.0   4.0323103348112315e-11 
  2085.0   4.078682962936923e-11 
  2086.0   1.970136477560778e-11 
  2087.0   1.8774197151000215e-11 
  2088.0   1.7596949358141255e-11 
  2089.0   1.6628664312462862e-11 
  2090.0   1.5876592222876483e-11 
  2091.0   2.625849466285946e-11 
  2092.0   2.6288408073984707e-11 
  2093.0   2.6094993475402192e-11 
  2094.0   2.587524372387541e-11 
  2095.0   2.5732384224855205e-11 
  2096.0   1.4163793621080852e-11 
  2097.0   1.4078746836157436e-11 
  2098.0   1.4502948702732683e-11 
  2099.0   1.3977994809913883e-11 
  2100.0   1.3945168119212619e-11 
