  2015.0   0.1436618693123215 
  2016.0   0.36528519923243313 
  2017.0   -0.08042373375101511 
  2018.0   -0.0005457656694955628 
  2019.0   -0.1017271798154046 
  2020.0   -0.19530458941464526 
  2021.0   -0.10758542606172297 
  2022.0   -0.03617114166097972 
  2023.0   0.7317502397119612 
  2024.0   0.34491419440343807 
  2025.0   0.37970480327883277 
  2026.0   -0.3866951592511159 
  2027.0   0.495443638753283 
  2028.0   0.10852070562443872 
  2029.0   0.12040218720409683 
  2030.0   -0.29224961513754777 
  2031.0   -0.2149159402807761 
  2032.0   0.46757795734026797 
  2033.0   0.6729928626778411 
  2034.0   0.6322528193367664 
  2035.0   -0.055809054352679105 
  2036.0   -0.46907793344122645 
  2037.0   0.6244642033017274 
  2038.0   -0.15259208940739297 
  2039.0   -0.3282565526917407 
  2040.0   0.07293166808820595 
  2041.0   0.08992289160728618 
  2042.0   -0.31862792452447186 
  2043.0   0.19207951066685053 
  2044.0   -0.10298274850978761 
  2045.0   1.1509763492825558 
  2046.0   0.4375639722943918 
  2047.0   0.18970227771728015 
  2048.0   -0.2278237542023924 
  2049.0   0.13274040921722596 
  2050.0   0.22158152890167077 
  2051.0   0.0403677315288912 
  2052.0   0.2471677402023152 
  2053.0   -0.046058699016145135 
  2054.0   -0.24728809303215527 
  2055.0   0.3430139737732459 
  2056.0   0.07595500733253044 
  2057.0   0.24139741669514664 
  2058.0   0.12296933677838866 
  2059.0   0.34465398622529025 
  2060.0   -0.2102042010139425 
  2061.0   -0.14714377757456867 
  2062.0   0.3742519994719084 
  2063.0   0.8241351644917758 
  2064.0   -0.28140469231483106 
  2065.0   -0.10699371041517115 
  2066.0   0.025633772181882564 
  2067.0   0.8202535941646184 
  2068.0   -0.3797566997528583 
  2069.0   0.10206858910488902 
  2070.0   0.6465564566348123 
  2071.0   0.03310439569469361 
  2072.0   0.2056642585836419 
  2073.0   -0.2646893248715891 
  2074.0   0.29466947847466507 
  2075.0   0.2944580550866181 
  2076.0   0.08830205108978385 
  2077.0   -0.462129516175353 
  2078.0   -0.06797813087163246 
  2079.0   0.10541234336966154 
  2080.0   -0.0917430662286815 
  2081.0   0.2472224423994364 
  2082.0   0.32050757457469825 
  2083.0   0.07204792346539042 
  2084.0   0.1871270769171135 
  2085.0   -0.3934068117029955 
  2086.0   0.1827436239050514 
  2087.0   0.2249002610353247 
  2088.0   -0.22985480317415546 
  2089.0   -0.13287283405291794 
  2090.0   0.4363579181396505 
  2091.0   -0.4129744019748154 
  2092.0   0.19815574842533376 
  2093.0   0.42549556138706174 
  2094.0   -0.15293179999806567 
  2095.0   -0.35157472622995134 
  2096.0   0.777761409049093 
  2097.0   -0.345992537740473 
  2098.0   -0.2820382032775432 
  2099.0   -0.5210302825525553 
  2100.0   0.10880688073125497 
