  2015.0   5.561508481191721 
  2016.0   4.668540486423794 
  2017.0   5.0246682387172585 
  2018.0   4.347846586047598 
  2019.0   5.101024320046072 
  2020.0   5.696546099636537 
  2021.0   4.559365454866069 
  2022.0   5.6299428153098505 
  2023.0   5.856449272681863 
  2024.0   5.416519930984925 
  2025.0   5.395340244529129 
  2026.0   6.123076504285096 
  2027.0   6.123974099070843 
  2028.0   5.40875017901815 
  2029.0   5.775739058025431 
  2030.0   5.393795608230767 
  2031.0   6.8697321854130395 
  2032.0   6.728557126103263 
  2033.0   5.156169910894821 
  2034.0   5.38204182613161 
  2035.0   5.509900879172732 
  2036.0   5.634129183647432 
  2037.0   5.857258936288857 
  2038.0   5.1928187628003455 
  2039.0   5.21005214905582 
  2040.0   5.82572757935815 
  2041.0   5.204844295029937 
  2042.0   5.400689614915331 
  2043.0   5.033783149039967 
  2044.0   5.160040185268411 
  2045.0   5.583749789136025 
  2046.0   5.652101948319345 
  2047.0   5.8184270667144835 
  2048.0   4.935422964094324 
  2049.0   4.825830460687456 
  2050.0   3.633020609118083 
  2051.0   4.18749194875926 
  2052.0   4.93672978274911 
  2053.0   4.6767790231357305 
  2054.0   5.101665115148805 
  2055.0   5.990881455106411 
  2056.0   6.408389444103507 
  2057.0   5.684803229252886 
  2058.0   5.3211531829478895 
  2059.0   6.370183523572199 
  2060.0   6.07288422881909 
  2061.0   5.575597116280233 
  2062.0   6.013063546210755 
  2063.0   4.736619282724692 
  2064.0   4.39394148325554 
  2065.0   3.429425193441151 
  2066.0   5.586524223733495 
  2067.0   5.585045998005343 
  2068.0   4.809476239203052 
  2069.0   4.9783453840317256 
  2070.0   6.0609132986602114 
  2071.0   5.5525687918529725 
  2072.0   5.172465014429482 
  2073.0   6.491845611702806 
  2074.0   5.501660176531913 
  2075.0   4.913059088557384 
  2076.0   5.4770852945555735 
  2077.0   5.700219660496308 
  2078.0   6.542263199691651 
  2079.0   5.526817529623508 
  2080.0   6.169204428216582 
  2081.0   6.709261429849931 
  2082.0   6.356869710217743 
  2083.0   5.220080268983139 
  2084.0   4.660946359059585 
  2085.0   5.3739465885487485 
  2086.0   3.824573770749897 
  2087.0   4.632412884519716 
  2088.0   5.449425931167084 
  2089.0   4.367224552954232 
  2090.0   5.634106492067693 
  2091.0   4.729143284621994 
  2092.0   5.806377768880677 
  2093.0   5.353910165151644 
  2094.0   5.633152469537957 
  2095.0   6.327467593167745 
  2096.0   5.108472473558268 
  2097.0   4.077261871143381 
  2098.0   5.3332280552829525 
  2099.0   4.788581545013985 
  2100.0   5.726948666273399 
