  2015.0   4.161993608913713e-13 
  2016.0   2.539880658985904e-13 
  2017.0   2.472072909237658e-13 
  2018.0   1.964023098258956e-13 
  2019.0   1.1473112207860704e-13 
  2020.0   1.0740391688237078e-13 
  2021.0   1.831324687874781e-13 
  2022.0   1.2902384615358523e-13 
  2023.0   1.0614074036174114e-13 
  2024.0   7.916246946699787e-14 
  2025.0   9.079919975996474e-14 
  2026.0   2.765888825155028e-13 
  2027.0   2.781257447783251e-13 
  2028.0   1.6695322419757882e-13 
  2029.0   1.736738286020834e-13 
  2030.0   3.061628167332809e-13 
  2031.0   3.779518694901303e-13 
  2032.0   4.2845814952830946e-13 
  2033.0   5.0005860312624e-13 
  2034.0   5.064129309098609e-13 
  2035.0   4.988625667652457e-13 
  2036.0   4.3710095040006746e-13 
  2037.0   4.0623349658359496e-13 
  2038.0   3.837925633497471e-13 
  2039.0   3.8608856126273526e-13 
  2040.0   3.952193964474717e-13 
  2041.0   3.7215575535827873e-13 
  2042.0   6.542708408442548e-13 
  2043.0   3.3248557830375225e-13 
  2044.0   2.0613331852519357e-13 
  2045.0   1.7302770492136402e-13 
  2046.0   1.1625566188415234e-13 
  2047.0   8.627661729736093e-14 
  2048.0   8.089129046080266e-14 
  2049.0   8.794718568549144e-14 
  2050.0   9.403178531646641e-14 
  2051.0   9.005251204162074e-14 
  2052.0   1.0213600438495546e-13 
  2053.0   8.53351187716562e-14 
  2054.0   9.372459846246836e-14 
  2055.0   7.999816924119529e-14 
  2056.0   6.096345478528225e-14 
  2057.0   6.290934100338802e-14 
  2058.0   6.047023692959872e-14 
  2059.0   4.9452495270449815e-14 
  2060.0   4.654073532163197e-14 
  2061.0   4.961704300028745e-14 
  2062.0   6.550686022862117e-14 
  2063.0   6.701471843794918e-14 
  2064.0   5.679975182432284e-14 
  2065.0   7.527712958477378e-14 
  2066.0   1.1856177914961583e-13 
  2067.0   1.0800039300948369e-13 
  2068.0   1.4766028788024182e-13 
  2069.0   2.062163950766347e-13 
  2070.0   1.5305532240946362e-13 
  2071.0   1.7445246060687086e-13 
  2072.0   1.8739991643086626e-13 
  2073.0   1.4537565312981028e-13 
  2074.0   1.1497042050483507e-13 
  2075.0   1.1981102966080554e-13 
  2076.0   1.6241570880004303e-13 
  2077.0   6.017830980571395e-13 
  2078.0   2.425132129382123e-12 
  2079.0   3.033399233293373e-12 
  2080.0   2.9152207655247663e-12 
  2081.0   2.95839660549213e-12 
  2082.0   3.064111925037969e-12 
  2083.0   3.185727846812942e-12 
  2084.0   3.3110037504999637e-12 
  2085.0   3.335384420289773e-12 
  2086.0   2.8692911135935364e-12 
  2087.0   2.808283149573238e-12 
  2088.0   2.8902093817441563e-12 
  2089.0   2.8405643986973673e-12 
  2090.0   3.152282859864838e-12 
  2091.0   2.5327897535429753e-12 
  2092.0   2.1770211647451877e-12 
  2093.0   2.0374997248714207e-12 
  2094.0   2.050411885303298e-12 
  2095.0   2.2886115860557027e-12 
  2096.0   2.4784932453138483e-12 
  2097.0   2.526717793372322e-12 
  2098.0   2.5079159740209043e-12 
  2099.0   2.4736746373349417e-12 
  2100.0   2.352299127187288e-12 
