  2015.0   51.19462077644846 
  2016.0   51.09998093170952 
  2017.0   51.38776028757467 
  2018.0   51.52270637690148 
  2019.0   51.24975205600839 
  2020.0   51.39257890005888 
  2021.0   51.32092812381309 
  2022.0   51.1543735190671 
  2023.0   51.27095716085959 
  2024.0   51.315850843442846 
  2025.0   51.31642792505024 
  2026.0   51.20764778482479 
  2027.0   51.24923855518639 
  2028.0   51.172938358115125 
  2029.0   51.429671559134775 
  2030.0   51.75622412234166 
  2031.0   51.79105987132834 
  2032.0   51.72657850037884 
  2033.0   52.09015051149738 
  2034.0   51.995218034717986 
  2035.0   52.02371452106705 
  2036.0   51.72636352241772 
  2037.0   51.409989860100296 
  2038.0   51.21747095686082 
  2039.0   51.31522925155192 
  2040.0   51.25493960983428 
  2041.0   51.40275873012447 
  2042.0   51.57221182088007 
  2043.0   51.07940672702517 
  2044.0   50.9351857815109 
  2045.0   50.82868558489843 
  2046.0   50.65576681408819 
  2047.0   50.37785883474207 
  2048.0   50.74734893282464 
  2049.0   51.05626397403591 
  2050.0   51.252387197030316 
  2051.0   51.11990003170293 
  2052.0   51.53591272236031 
  2053.0   51.44784420082542 
  2054.0   51.47795580134112 
  2055.0   51.41295866841097 
  2056.0   51.27204831975257 
  2057.0   51.37783032245522 
  2058.0   51.481098474582694 
  2059.0   51.290489105567126 
  2060.0   51.07710994406738 
  2061.0   51.261347671547355 
  2062.0   51.56239805242161 
  2063.0   51.51319087284767 
  2064.0   51.22521558229409 
  2065.0   51.57174512316079 
  2066.0   51.83879458829328 
  2067.0   51.415679451024765 
  2068.0   51.507921790255836 
  2069.0   51.70399823898758 
  2070.0   51.42730410578336 
  2071.0   51.44655701586692 
  2072.0   51.678431285378814 
  2073.0   51.78164206059325 
  2074.0   51.427355866616935 
  2075.0   51.18944400361359 
  2076.0   51.27521303047537 
  2077.0   51.41701830130914 
  2078.0   51.443991606134475 
  2079.0   51.28370606155103 
  2080.0   51.035132842364 
  2081.0   50.77552133131133 
  2082.0   50.478619814488106 
  2083.0   50.34922935381046 
  2084.0   50.50301517861975 
  2085.0   50.691648790317295 
  2086.0   50.56879215385869 
  2087.0   50.88903069195038 
  2088.0   51.09835850505549 
  2089.0   51.06564533745658 
  2090.0   50.914545784449 
  2091.0   50.96050356119225 
  2092.0   50.86797014718975 
  2093.0   50.536872143306134 
  2094.0   50.5708982556497 
  2095.0   50.389178726373224 
  2096.0   50.3996369583243 
  2097.0   50.46014183638653 
  2098.0   50.72346156184703 
  2099.0   50.539011760252706 
  2100.0   50.612813894792296 
