  2015.0   1.4274655237041993e-10 
  2016.0   1.499959150923511e-10 
  2017.0   1.5388001985680873e-10 
  2018.0   1.205411735092508e-10 
  2019.0   8.325415802367145e-11 
  2020.0   1.2875371152056094e-10 
  2021.0   1.1311305072027743e-10 
  2022.0   9.572627747492976e-11 
  2023.0   1.0616417912106983e-10 
  2024.0   1.0667849444288503e-10 
  2025.0   1.3866355073374352e-10 
  2026.0   1.7067740087301683e-10 
  2027.0   1.3268860829529488e-10 
  2028.0   8.324746852140993e-11 
  2029.0   1.6484244517971358e-10 
  2030.0   1.181107195510763e-10 
  2031.0   1.1463800499832166e-10 
  2032.0   1.6141733786504574e-10 
  2033.0   1.9297031334016495e-10 
  2034.0   1.340684666909541e-10 
  2035.0   1.1329468783275361e-10 
  2036.0   8.162025672924561e-11 
  2037.0   7.223421080010262e-11 
  2038.0   8.108261984038163e-11 
  2039.0   1.0939957220056556e-10 
  2040.0   1.2027869389869856e-10 
  2041.0   1.8857812729928332e-10 
  2042.0   1.987776026089509e-10 
  2043.0   6.578716250530815e-11 
  2044.0   1.2057312018638054e-10 
  2045.0   1.0812298263030741e-10 
  2046.0   7.536634724274769e-11 
  2047.0   8.449163588265065e-11 
  2048.0   1.5558337784023823e-10 
  2049.0   2.3206652748211198e-10 
  2050.0   1.5535208742739069e-10 
  2051.0   1.1721945338627042e-10 
  2052.0   2.102828591921623e-10 
  2053.0   1.3132445318027546e-10 
  2054.0   1.9270193362822862e-10 
  2055.0   9.728958918094988e-11 
  2056.0   1.2552584639557284e-10 
  2057.0   1.6543683611951215e-10 
  2058.0   1.0381122418989859e-10 
  2059.0   1.065955567593697e-10 
  2060.0   1.0860433245245743e-10 
  2061.0   1.662645726630278e-10 
  2062.0   2.3867911798617437e-10 
  2063.0   1.3455223068085955e-10 
  2064.0   1.1851051283563708e-10 
  2065.0   2.394243980659498e-10 
  2066.0   1.7083121479852502e-10 
  2067.0   1.1166839584931227e-10 
  2068.0   2.706087035285694e-10 
  2069.0   1.8003294820525313e-10 
  2070.0   1.4614522407179278e-10 
  2071.0   1.8447560654038554e-10 
  2072.0   2.2659742711005963e-10 
  2073.0   1.7806470604217597e-10 
  2074.0   1.1217416644066572e-10 
  2075.0   1.6342010494111773e-10 
  2076.0   1.675587383831891e-10 
  2077.0   2.131229208328825e-10 
  2078.0   2.1043347720687624e-10 
  2079.0   1.3890728867515715e-10 
  2080.0   1.1128914717174334e-10 
  2081.0   8.954811525383021e-11 
  2082.0   1.1676703386043424e-10 
  2083.0   1.8964078741499778e-10 
  2084.0   2.0435871861480135e-10 
  2085.0   1.8957256853503177e-10 
  2086.0   1.475388187305922e-10 
  2087.0   2.5408238507538933e-10 
  2088.0   1.8452057768798867e-10 
  2089.0   1.7296348757110575e-10 
  2090.0   1.8892063456619212e-10 
  2091.0   1.9422398900232867e-10 
  2092.0   1.3498418270678833e-10 
  2093.0   1.2726420265315269e-10 
  2094.0   1.2909807267600053e-10 
  2095.0   1.242449267273657e-10 
  2096.0   2.0231348678882118e-10 
  2097.0   1.7140007264814196e-10 
  2098.0   1.782357161708824e-10 
  2099.0   1.2383876611700106e-10 
  2100.0   1.7217836124603588e-10 
