  2015.0   4.768671714831625e-10 
  2016.0   -2.9155929449741254e-10 
  2017.0   7.583247272127255e-11 
  2018.0   -3.0274847140343037e-10 
  2019.0   3.9684104149579015e-11 
  2020.0   1.9411643940997245e-09 
  2021.0   2.3539849383856655e-09 
  2022.0   2.7900924434115562e-09 
  2023.0   1.3869742481210716e-09 
  2024.0   -1.1566875808197309e-09 
  2025.0   4.72148265334087e-10 
  2026.0   -1.7689657465989775e-09 
  2027.0   1.339525862457726e-09 
  2028.0   -5.231223999658905e-10 
  2029.0   -8.051976190211244e-10 
  2030.0   -2.5917588806199717e-10 
  2031.0   -9.348786229431012e-10 
  2032.0   2.3141418788096444e-10 
  2033.0   -1.013972445071846e-09 
  2034.0   2.1013916280395873e-09 
  2035.0   -1.3537209898063874e-09 
  2036.0   -1.2741609558342622e-09 
  2037.0   3.2607579041327478e-09 
  2038.0   1.5040328601590802e-09 
  2039.0   -8.043311506880065e-11 
  2040.0   -5.022608877763764e-10 
  2041.0   -9.068068159053662e-10 
  2042.0   4.252208486330116e-11 
  2043.0   -4.677336309029207e-10 
  2044.0   -9.113699320504714e-10 
  2045.0   3.0047465018324566e-10 
  2046.0   1.3770461368187867e-11 
  2047.0   1.3756144805735313e-09 
  2048.0   2.704885034976188e-09 
  2049.0   1.7541145233007672e-09 
  2050.0   8.186930625176326e-10 
  2051.0   1.1092403741816562e-10 
  2052.0   2.4381025971335736e-09 
  2053.0   -6.618867735006877e-10 
  2054.0   -1.5364111036381653e-09 
  2055.0   6.508848365902441e-10 
  2056.0   2.812711113744458e-10 
  2057.0   -1.4108460986555622e-10 
  2058.0   -1.3235842798815119e-09 
  2059.0   -2.1441092291963722e-10 
  2060.0   7.865130678843982e-10 
  2061.0   -5.989163597294339e-10 
  2062.0   1.4785262690424535e-10 
  2063.0   3.1978241872502375e-10 
  2064.0   -2.043479350668955e-09 
  2065.0   6.549266072002844e-10 
  2066.0   -6.793372414528562e-10 
  2067.0   1.0092662435311794e-09 
  2068.0   3.0333888127137123e-09 
  2069.0   -3.3047386206662533e-10 
  2070.0   4.062097128763788e-11 
  2071.0   -1.2698043692014125e-09 
  2072.0   -1.1344376601935563e-09 
  2073.0   1.2654526306010292e-09 
  2074.0   6.679121277678796e-10 
  2075.0   -4.1495111375242666e-10 
  2076.0   -7.312177941736283e-10 
  2077.0   8.641054602050489e-10 
  2078.0   -1.81198198837006e-10 
  2079.0   -5.628506831644304e-10 
  2080.0   1.1824645002863224e-09 
  2081.0   1.2009527155146328e-09 
  2082.0   -2.594569053276787e-10 
  2083.0   1.288991913950936e-09 
  2084.0   -1.843213617656688e-10 
  2085.0   -9.631155250596092e-10 
  2086.0   -9.581702366791404e-10 
  2087.0   -2.805159393869062e-10 
  2088.0   7.038933546746253e-10 
  2089.0   3.108238780348088e-09 
  2090.0   -1.5786690500259141e-09 
  2091.0   6.364159603109366e-10 
  2092.0   1.1241585937393373e-09 
  2093.0   1.5978016249655726e-09 
  2094.0   -1.0015869947347035e-09 
  2095.0   -1.2346975044440633e-09 
  2096.0   -9.905642151742264e-10 
  2097.0   -1.3742096068953656e-09 
  2098.0   -5.282509319474882e-10 
  2099.0   1.4799242682276412e-09 
  2100.0   -1.5659051297057918e-10 
