  2015.0   8.26045777173434 
  2016.0   8.19180496654564 
  2017.0   8.379870172817796 
  2018.0   8.388191600664802 
  2019.0   8.26075094592696 
  2020.0   8.444359794050442 
  2021.0   8.396085052105475 
  2022.0   8.361263368409242 
  2023.0   8.453735686750859 
  2024.0   8.449576087831222 
  2025.0   8.440317915843716 
  2026.0   8.360504226966011 
  2027.0   8.467063295941484 
  2028.0   8.421329178222738 
  2029.0   8.640793109715734 
  2030.0   8.718644408440912 
  2031.0   8.713693422836993 
  2032.0   8.695033614246846 
  2033.0   8.902076969784734 
  2034.0   8.77476877794864 
  2035.0   8.832740480630106 
  2036.0   8.685189657062537 
  2037.0   8.60310022409631 
  2038.0   8.608116885022737 
  2039.0   8.64662565510951 
  2040.0   8.6166245813552 
  2041.0   8.72542015965398 
  2042.0   8.75409960175094 
  2043.0   8.50478764739301 
  2044.0   8.563288571729556 
  2045.0   8.489100233786436 
  2046.0   8.425078274229604 
  2047.0   8.339347399663554 
  2048.0   8.586048539283505 
  2049.0   8.684286736219395 
  2050.0   8.722716792117856 
  2051.0   8.659588639846907 
  2052.0   8.890458836000542 
  2053.0   8.716206060348846 
  2054.0   8.751152025018493 
  2055.0   8.700677471374437 
  2056.0   8.661834051535415 
  2057.0   8.734307759958153 
  2058.0   8.732306477902222 
  2059.0   8.678379212298065 
  2060.0   8.613230025888551 
  2061.0   8.80007240438893 
  2062.0   8.89882020677135 
  2063.0   8.82078778073859 
  2064.0   8.704797499393262 
  2065.0   8.99842680397032 
  2066.0   9.003102301774641 
  2067.0   8.77545154326323 
  2068.0   8.968245638521816 
  2069.0   8.992003997012649 
  2070.0   8.867530019240348 
  2071.0   8.91417225945085 
  2072.0   8.967172162648254 
  2073.0   8.939910178130077 
  2074.0   8.742753664940942 
  2075.0   8.72388107136509 
  2076.0   8.761203633395985 
  2077.0   8.815731671067423 
  2078.0   8.808584839254754 
  2079.0   8.705024828082273 
  2080.0   8.607288318393346 
  2081.0   8.530801495933455 
  2082.0   8.425846356724477 
  2083.0   8.445203825298039 
  2084.0   8.49288840951361 
  2085.0   8.599976004633554 
  2086.0   8.494653399549003 
  2087.0   8.724064410635805 
  2088.0   8.733595122432142 
  2089.0   8.698207565020754 
  2090.0   8.617978277157038 
  2091.0   8.671118884799759 
  2092.0   8.58889704642795 
  2093.0   8.44311383284155 
  2094.0   8.501687674796425 
  2095.0   8.395239268510451 
  2096.0   8.460307725415639 
  2097.0   8.463004552877292 
  2098.0   8.557354114785708 
  2099.0   8.4056159269269 
  2100.0   8.452782840290467 
