  2015.0   1.31355891519622 
  2016.0   1.6343106069941633 
  2017.0   1.6021284005037848 
  2018.0   1.5997501235238059 
  2019.0   1.396469882064216 
  2020.0   1.5628901321412627 
  2021.0   1.7240269945422244 
  2022.0   1.7090859316084954 
  2023.0   1.3365402900022962 
  2024.0   1.5123087712724446 
  2025.0   1.5408363281363382 
  2026.0   1.5279822493671789 
  2027.0   1.6606880484977387 
  2028.0   1.473750096976676 
  2029.0   1.6382597787757907 
  2030.0   1.7320238709652311 
  2031.0   1.845562804939116 
  2032.0   1.7879958556628452 
  2033.0   1.4757740174813057 
  2034.0   1.407555911706074 
  2035.0   1.6673905155151396 
  2036.0   1.69623448256763 
  2037.0   1.6906283882774547 
  2038.0   1.5892278823815609 
  2039.0   1.6820933674392429 
  2040.0   1.8945936880297478 
  2041.0   1.914819988501016 
  2042.0   1.6983942038751914 
  2043.0   1.2052169469401843 
  2044.0   1.3948613097308828 
  2045.0   1.5793403123331509 
  2046.0   1.6828019691453886 
  2047.0   1.357590991415256 
  2048.0   1.3327138680133779 
  2049.0   1.482825746490312 
  2050.0   1.515279934709252 
  2051.0   1.555021674500222 
  2052.0   1.583945091209083 
  2053.0   1.81783293736702 
  2054.0   1.6097885794302011 
  2055.0   1.3543544765196762 
  2056.0   1.4381246571377557 
  2057.0   1.4263611873954407 
  2058.0   1.501903380200604 
  2059.0   1.6008889589719337 
  2060.0   1.3350561300904404 
  2061.0   1.6123127078206871 
  2062.0   1.6907623024005436 
  2063.0   1.4592232497533273 
  2064.0   1.560817561740282 
  2065.0   1.6204468387782511 
  2066.0   1.6315556175557555 
  2067.0   1.638070605409345 
  2068.0   1.5568997933689495 
  2069.0   1.8472547079477908 
  2070.0   1.9101311041563822 
  2071.0   1.8938553934842868 
  2072.0   1.6362855234369278 
  2073.0   1.5757679046309683 
  2074.0   1.577918492268362 
  2075.0   1.6687132642978937 
  2076.0   1.7411892534477922 
  2077.0   1.5704241100480356 
  2078.0   1.4173672903758214 
  2079.0   1.3421637765045344 
  2080.0   1.640889903060127 
  2081.0   1.662109851714425 
  2082.0   1.6515751910545473 
  2083.0   1.5779473336545886 
  2084.0   1.3018275596343005 
  2085.0   1.4226234686712185 
  2086.0   1.645382167281992 
  2087.0   1.861836995588788 
  2088.0   1.6904068502590253 
  2089.0   1.9587264335579309 
  2090.0   1.6053487915059548 
  2091.0   1.2715777806334851 
  2092.0   1.5924318109145177 
  2093.0   1.7895088663195173 
  2094.0   1.5859130496374438 
  2095.0   1.5531313970470135 
  2096.0   1.571543543397892 
  2097.0   1.3056247507280323 
  2098.0   1.7015053777297082 
  2099.0   1.7205295993608491 
  2100.0   1.507361302172751 
