  2015.0   0.5225835620795279 
  2016.0   0.39629535091292795 
  2017.0   0.5611379511197973 
  2018.0   0.6865490290926916 
  2019.0   0.5859026145322968 
  2020.0   0.33607807043368493 
  2021.0   0.36318508755237916 
  2022.0   0.660258603981945 
  2023.0   0.4600777465866268 
  2024.0   0.6352782792882268 
  2025.0   0.3942244133837092 
  2026.0   0.7376935613853074 
  2027.0   0.8474585998869808 
  2028.0   0.27331362909373114 
  2029.0   0.4709946908934714 
  2030.0   0.8329935588236181 
  2031.0   0.4716452765449818 
  2032.0   0.33986162324029956 
  2033.0   0.6961989669731529 
  2034.0   0.5398531338819788 
  2035.0   0.3069790877249624 
  2036.0   0.8511574825563836 
  2037.0   0.5685496296033411 
  2038.0   0.3145662992451434 
  2039.0   0.45817900708377995 
  2040.0   0.562443347789072 
  2041.0   0.4447964835594253 
  2042.0   0.7848042318177951 
  2043.0   0.3884454944825285 
  2044.0   0.5035847770054559 
  2045.0   0.47632482352968486 
  2046.0   0.2780987014302318 
  2047.0   0.6523716283333229 
  2048.0   1.0208214865228054 
  2049.0   0.3766164739703673 
  2050.0   0.319823805891023 
  2051.0   0.6466778003253015 
  2052.0   0.8116386410068636 
  2053.0   0.41259555441354406 
  2054.0   0.2816593769084931 
  2055.0   0.6385609046174942 
  2056.0   0.6038523374699489 
  2057.0   0.4887470163124697 
  2058.0   0.5180838872660237 
  2059.0   0.4204608161435736 
  2060.0   0.35746794367631324 
  2061.0   0.42448599962368433 
  2062.0   0.7077149410353156 
  2063.0   0.35298192694948965 
  2064.0   0.5296784886328082 
  2065.0   0.7543580057678096 
  2066.0   0.3275971830028696 
  2067.0   0.2856693411480039 
  2068.0   0.9533469107414324 
  2069.0   0.7945316389106885 
  2070.0   0.4229858674109342 
  2071.0   0.4957660087487413 
  2072.0   0.44351068876135097 
  2073.0   0.6581137914408969 
  2074.0   0.3819499635771077 
  2075.0   0.4956513399530336 
  2076.0   0.6363290851751308 
  2077.0   0.47464331457403935 
  2078.0   0.38610493210458396 
  2079.0   0.4556761050383257 
  2080.0   0.6576135637702557 
  2081.0   0.4527995777754072 
  2082.0   0.20497974223330157 
  2083.0   0.3816874677540571 
  2084.0   1.0500238773687955 
  2085.0   0.5713786916594986 
  2086.0   0.3969351053426877 
  2087.0   0.5466677008992955 
  2088.0   0.5696821304587767 
  2089.0   0.45701068960630653 
  2090.0   0.5904883134501211 
  2091.0   0.4589218218350797 
  2092.0   0.24924178279226977 
  2093.0   0.5826838582426597 
  2094.0   0.9071168086993027 
  2095.0   0.29051728450122916 
  2096.0   0.5690236052052813 
  2097.0   0.7711750297614677 
  2098.0   0.39372306565768844 
  2099.0   0.28956729674053905 
  2100.0   0.5531564202442167 
