  2015.0   -7.064969322116701e-10 
  2016.0   4.755221308210062e-10 
  2017.0   4.376920714201273e-10 
  2018.0   5.332065056725522e-10 
  2019.0   -2.799057641282896e-10 
  2020.0   1.0225708267531184e-10 
  2021.0   7.596724346077951e-10 
  2022.0   8.694232169180404e-10 
  2023.0   -6.668779887333069e-10 
  2024.0   1.569199817960152e-11 
  2025.0   1.957928611894101e-10 
  2026.0   1.613047497852393e-10 
  2027.0   5.695419588861758e-10 
  2028.0   -9.251865031396712e-11 
  2029.0   1.9540237558263506e-10 
  2030.0   7.146193380570825e-10 
  2031.0   1.0358146096169087e-09 
  2032.0   8.909428256633481e-10 
  2033.0   -1.5003380718402856e-10 
  2034.0   -6.862796058577848e-10 
  2035.0   3.94479788271775e-10 
  2036.0   2.78824265166055e-10 
  2037.0   4.403008125287909e-10 
  2038.0   -2.0523561758693843e-11 
  2039.0   1.522740369042361e-10 
  2040.0   8.936126313570937e-10 
  2041.0   9.751842961388794e-10 
  2042.0   4.4442559526736644e-10 
  2043.0   -1.4756570747483658e-09 
  2044.0   -8.016903064467192e-10 
  2045.0   -3.7851519076100734e-11 
  2046.0   4.2148943737683915e-10 
  2047.0   -8.491199743976813e-10 
  2048.0   -8.069732958622738e-10 
  2049.0   -1.6996575301623477e-10 
  2050.0   -1.7430130735384917e-10 
  2051.0   -6.263262357015836e-11 
  2052.0   -7.488037217700371e-11 
  2053.0   1.0417365613024587e-09 
  2054.0   3.44502066577527e-10 
  2055.0   -5.90593938167566e-10 
  2056.0   -3.696185232004283e-10 
  2057.0   -4.312345666810162e-10 
  2058.0   -1.1385443367901612e-10 
  2059.0   3.32586006925529e-10 
  2060.0   -7.579902513602103e-10 
  2061.0   2.1254443380699215e-10 
  2062.0   5.088668528067822e-10 
  2063.0   -3.190410320764709e-10 
  2064.0   -2.453989373155709e-10 
  2065.0   3.7093074687202914e-10 
  2066.0   3.4672509883535874e-10 
  2067.0   5.611469265611141e-10 
  2068.0   -1.2815915573280394e-10 
  2069.0   8.251402425090277e-10 
  2070.0   1.080470351011633e-09 
  2071.0   1.1121155694935254e-09 
  2072.0   3.2104433063785553e-10 
  2073.0   -1.531808915444953e-10 
  2074.0   -3.498057096263331e-10 
  2075.0   1.7706663298732935e-10 
  2076.0   5.064438712977625e-10 
  2077.0   -1.4682276841266783e-10 
  2078.0   -7.342589737112277e-10 
  2079.0   -1.0313455729908947e-09 
  2080.0   -8.984348537333696e-11 
  2081.0   1.3386121272128835e-10 
  2082.0   3.435769654884551e-10 
  2083.0   -3.3001122139383847e-11 
  2084.0   -1.1104432794485024e-09 
  2085.0   -7.349198638738343e-10 
  2086.0   3.2523107535948567e-11 
  2087.0   9.967483089327993e-10 
  2088.0   3.40791936871223e-11 
  2089.0   1.3312622904433102e-09 
  2090.0   2.2167294167578503e-10 
  2091.0   -1.1803061110218366e-09 
  2092.0   -2.098856743517956e-10 
  2093.0   5.785901750225292e-10 
  2094.0   -7.031133345626481e-11 
  2095.0   -8.086113756625947e-11 
  2096.0   6.964795564006404e-11 
  2097.0   -1.2503532481145852e-09 
  2098.0   3.901619515197442e-10 
  2099.0   4.959132784222602e-10 
  2100.0   -1.7339421616489692e-10 
