  2015.0   36.46618584228949 
  2016.0   36.504848257692 
  2017.0   36.52174873241863 
  2018.0   36.54102977566262 
  2019.0   36.602493743628735 
  2020.0   36.58660705341918 
  2021.0   36.50912221600343 
  2022.0   36.40627964892095 
  2023.0   36.35562139754562 
  2024.0   36.318658760318435 
  2025.0   36.37435915347698 
  2026.0   36.432329885487555 
  2027.0   36.4993858889271 
  2028.0   36.49070965888674 
  2029.0   36.44258712898297 
  2030.0   36.439501475970324 
  2031.0   36.51264724271569 
  2032.0   36.50992141110591 
  2033.0   36.482482102999356 
  2034.0   36.46440238698092 
  2035.0   36.44771836974733 
  2036.0   36.425223198758935 
  2037.0   36.49792295041447 
  2038.0   36.54429916027262 
  2039.0   36.56557936956655 
  2040.0   36.54345072062382 
  2041.0   36.49585697136305 
  2042.0   36.46849120121038 
  2043.0   36.451766175141685 
  2044.0   36.47987815044576 
  2045.0   36.43849161280343 
  2046.0   36.515738717561845 
  2047.0   36.518345531753525 
  2048.0   36.52686994727655 
  2049.0   36.510360943119345 
  2050.0   36.5212668272644 
  2051.0   36.50324579177305 
  2052.0   36.40205055405981 
  2053.0   36.443236777656594 
  2054.0   36.554142507517774 
  2055.0   36.551718688453825 
  2056.0   36.46645176198923 
  2057.0   36.449498039060465 
  2058.0   36.41355139218115 
  2059.0   36.407410627268185 
  2060.0   36.36261728120812 
  2061.0   36.408653956542516 
  2062.0   36.43036098626899 
  2063.0   36.5601245411752 
  2064.0   36.635085652895064 
  2065.0   36.67574587772225 
  2066.0   36.61465774156466 
  2067.0   36.633783612132966 
  2068.0   36.579685370575035 
  2069.0   36.570335226123404 
  2070.0   36.52702227371308 
  2071.0   36.498720385116606 
  2072.0   36.44415077207953 
  2073.0   36.54062112065068 
  2074.0   36.58286012764474 
  2075.0   36.65977685609526 
  2076.0   36.69997504808597 
  2077.0   36.66140325987851 
  2078.0   36.52750623010861 
  2079.0   36.41888535889122 
  2080.0   36.38283219494135 
  2081.0   36.46902946578734 
  2082.0   36.473945810192966 
  2083.0   36.48202041698112 
  2084.0   36.50150510158118 
  2085.0   36.48153598468187 
  2086.0   36.46837254562851 
  2087.0   36.478117364026716 
  2088.0   36.54730891374651 
  2089.0   36.6315725094374 
  2090.0   36.67320675875195 
  2091.0   36.76658599517037 
  2092.0   36.744533906482346 
  2093.0   36.69793215951719 
  2094.0   36.653889897865724 
  2095.0   36.670452518557155 
  2096.0   36.719441802579105 
  2097.0   36.69910784710906 
  2098.0   36.62125116630869 
  2099.0   36.610411555423376 
  2100.0   36.7319090621607 
