  2015.0   6.727488115424387e-10 
  2016.0   7.14494593261883e-10 
  2017.0   4.940621471163017e-10 
  2018.0   5.842877381612886e-10 
  2019.0   4.1538317434550957e-10 
  2020.0   4.012602964401413e-10 
  2021.0   6.422400878921106e-10 
  2022.0   2.4133973249289577e-10 
  2023.0   4.973242434113588e-10 
  2024.0   5.99139728730069e-10 
  2025.0   3.925822371255103e-10 
  2026.0   2.3997616157317447e-10 
  2027.0   3.6486488410081835e-10 
  2028.0   4.380901694293492e-10 
  2029.0   5.324399691651785e-10 
  2030.0   4.283690714705833e-10 
  2031.0   1.331585060729194e-10 
  2032.0   4.4626330740491835e-10 
  2033.0   9.727871076142813e-10 
  2034.0   5.361228067104964e-10 
  2035.0   6.136541059020072e-10 
  2036.0   3.2910108150501995e-10 
  2037.0   4.7991105963863e-10 
  2038.0   6.20618925135406e-10 
  2039.0   5.004750230447565e-10 
  2040.0   4.693816360816848e-10 
  2041.0   5.540443508273715e-10 
  2042.0   6.086024761436536e-10 
  2043.0   5.691730472129728e-10 
  2044.0   6.294296411546608e-10 
  2045.0   5.424328722118343e-10 
  2046.0   5.682958778219737e-10 
  2047.0   4.701576966073969e-10 
  2048.0   7.74900400359557e-10 
  2049.0   6.631397718347942e-10 
  2050.0   8.53599128643522e-10 
  2051.0   6.283947897861825e-10 
  2052.0   5.712502647572653e-10 
  2053.0   6.007197675274367e-10 
  2054.0   5.420683498803978e-10 
  2055.0   2.4112958734524195e-10 
  2056.0   2.252379743176734e-10 
  2057.0   5.645938027407274e-10 
  2058.0   4.6386046566983255e-10 
  2059.0   3.2167596064330044e-10 
  2060.0   4.688925419356768e-10 
  2061.0   3.8401495983801867e-10 
  2062.0   5.360980255269499e-10 
  2063.0   7.107109277095769e-10 
  2064.0   8.112485119474276e-10 
  2065.0   7.772718176488051e-10 
  2066.0   3.823724817800686e-10 
  2067.0   4.397989672531247e-10 
  2068.0   7.474735266483677e-10 
  2069.0   4.752086877825156e-10 
  2070.0   4.4600247842777253e-10 
  2071.0   5.524682346336339e-10 
  2072.0   5.034537263326764e-10 
  2073.0   2.901687863876462e-10 
  2074.0   5.929890439124214e-10 
  2075.0   6.066667300906615e-10 
  2076.0   4.5546493341554583e-10 
  2077.0   4.0339687854322956e-10 
  2078.0   2.0263107583091666e-10 
  2079.0   5.950990481595502e-10 
  2080.0   4.149680757775497e-10 
  2081.0   1.9439808419667693e-10 
  2082.0   5.415466854019977e-10 
  2083.0   7.802457534567515e-10 
  2084.0   8.291653800395943e-10 
  2085.0   6.735291732248533e-10 
  2086.0   8.741646668345844e-10 
  2087.0   4.1239483617484136e-10 
  2088.0   5.354794404492842e-10 
  2089.0   4.532757701512729e-10 
  2090.0   4.666281121300293e-10 
  2091.0   6.404530184752713e-10 
  2092.0   2.701341533367033e-10 
  2093.0   6.413592385488952e-10 
  2094.0   4.1165768283154745e-10 
  2095.0   3.6057296317062886e-10 
  2096.0   5.963384506383036e-10 
  2097.0   5.84513455134738e-10 
  2098.0   4.790363538845109e-10 
  2099.0   6.332072009384049e-10 
  2100.0   3.257191558942797e-10 
