  2015.0   3.368885403293069 
  2016.0   3.106076522171839 
  2017.0   3.589446815692191 
  2018.0   3.4265720783351243 
  2019.0   3.7087372507280154 
  2020.0   3.5417779484556298 
  2021.0   3.371868824015727 
  2022.0   4.038155781356656 
  2023.0   4.052395768573567 
  2024.0   3.2574486252852135 
  2025.0   3.7696286696082235 
  2026.0   3.6983985444454226 
  2027.0   3.7419709995122963 
  2028.0   3.2968793207947735 
  2029.0   3.381773962333716 
  2030.0   3.5711431968163154 
  2031.0   3.3758115561982875 
  2032.0   3.954860422629485 
  2033.0   3.2763325264180096 
  2034.0   3.3124184256873193 
  2035.0   3.8239076819557707 
  2036.0   4.144234061882111 
  2037.0   4.260418058892455 
  2038.0   3.8880652510751417 
  2039.0   3.1829825452260425 
  2040.0   3.4883369864164306 
  2041.0   4.008062343295519 
  2042.0   4.003550744244677 
  2043.0   3.322216991729943 
  2044.0   3.916276891796661 
  2045.0   3.9940492129673784 
  2046.0   3.678339412272661 
  2047.0   3.6626624240186825 
  2048.0   3.0798266447487417 
  2049.0   3.3214501309866216 
  2050.0   3.128768653459746 
  2051.0   3.2308597004591593 
  2052.0   3.7927881277866113 
  2053.0   3.9726946081655843 
  2054.0   3.963016493551127 
  2055.0   3.5613247620384287 
  2056.0   3.6170323222092997 
  2057.0   3.37891745883104 
  2058.0   3.8530773361232415 
  2059.0   3.5399522864054798 
  2060.0   3.5024833879454578 
  2061.0   3.7001601556738803 
  2062.0   3.34861789113066 
  2063.0   3.5079057703214773 
  2064.0   3.272785322041363 
  2065.0   3.504042891861267 
  2066.0   3.560350349464115 
  2067.0   3.357282547264992 
  2068.0   3.621368145178463 
  2069.0   3.4261157693997486 
  2070.0   3.726876372602541 
  2071.0   3.7192106135158314 
  2072.0   3.10135305423 
  2073.0   3.268767420551324 
  2074.0   4.249447094912762 
  2075.0   4.073534408781198 
  2076.0   3.206997617906345 
  2077.0   3.469791936463806 
  2078.0   3.6007651476563605 
  2079.0   3.787733251432828 
  2080.0   3.6551484030174075 
  2081.0   3.530632701315981 
  2082.0   3.4235741897234906 
  2083.0   4.075449953311128 
  2084.0   3.656328374678112 
  2085.0   3.6675793124663416 
  2086.0   3.421384278684184 
  2087.0   3.4232203799159575 
  2088.0   3.8536431628353207 
  2089.0   3.3733682968347356 
  2090.0   3.4421477162740066 
  2091.0   3.596438472597864 
  2092.0   3.6253934910942154 
  2093.0   4.227966449245528 
  2094.0   3.6731726204077266 
  2095.0   3.483985740205873 
  2096.0   4.381579540389202 
  2097.0   4.044418523510837 
  2098.0   3.651242901809184 
  2099.0   3.9935044505738175 
  2100.0   3.71944878710722 
