  2015.0   1.859136863116777e-10 
  2016.0   1.447394416946668e-10 
  2017.0   1.253089125784225e-10 
  2018.0   1.6069933716208565e-10 
  2019.0   1.3724287810298701e-10 
  2020.0   2.2590453274100336e-10 
  2021.0   1.869115003712274e-10 
  2022.0   1.6746400448820054e-10 
  2023.0   1.9724047780888464e-10 
  2024.0   1.445329271357654e-10 
  2025.0   1.5623057790757539e-10 
  2026.0   1.773882441776821e-10 
  2027.0   1.4558543818501303e-10 
  2028.0   1.7368495539115478e-10 
  2029.0   1.9426577404442417e-10 
  2030.0   1.5209621347666112e-10 
  2031.0   1.94792517380829e-10 
  2032.0   2.1360869781696759e-10 
  2033.0   1.5497949543764215e-10 
  2034.0   1.2818281120062626e-10 
  2035.0   1.611381875974739e-10 
  2036.0   1.693314657916541e-10 
  2037.0   2.318515655547904e-10 
  2038.0   1.8297846454489173e-10 
  2039.0   1.7937196951553545e-10 
  2040.0   1.928350148750052e-10 
  2041.0   2.4768144133127644e-10 
  2042.0   2.0460169980188352e-10 
  2043.0   1.7979073366673483e-10 
  2044.0   2.016072021479759e-10 
  2045.0   2.0561944756114925e-10 
  2046.0   1.9860872673171273e-10 
  2047.0   1.8626785920842003e-10 
  2048.0   2.1002514929403638e-10 
  2049.0   1.858676984709953e-10 
  2050.0   1.8662774689122348e-10 
  2051.0   1.627376750854546e-10 
  2052.0   1.7035978284750305e-10 
  2053.0   1.6406935942939577e-10 
  2054.0   1.7034925816357655e-10 
  2055.0   2.4354634099224676e-10 
  2056.0   2.4914838767813595e-10 
  2057.0   2.3812997042098463e-10 
  2058.0   1.7917486435325108e-10 
  2059.0   2.326801849306459e-10 
  2060.0   2.1780710072570318e-10 
  2061.0   1.9540135874340788e-10 
  2062.0   2.1093515884304602e-10 
  2063.0   1.6318077541618593e-10 
  2064.0   1.7516078843315673e-10 
  2065.0   1.1723058514875126e-10 
  2066.0   2.1053160641671188e-10 
  2067.0   2.2152583190637878e-10 
  2068.0   1.9458302620544728e-10 
  2069.0   1.5079637850050083e-10 
  2070.0   1.8445580693646663e-10 
  2071.0   1.695961006715894e-10 
  2072.0   1.8460234119883335e-10 
  2073.0   2.342085768251759e-10 
  2074.0   1.8622688368400796e-10 
  2075.0   1.8693902742676206e-10 
  2076.0   1.825419000448744e-10 
  2077.0   1.8385217673480432e-10 
  2078.0   2.659993943290743e-10 
  2079.0   2.7264279940391547e-10 
  2080.0   2.2817078731170877e-10 
  2081.0   2.448802410709601e-10 
  2082.0   2.351108321715806e-10 
  2083.0   2.407179126246602e-10 
  2084.0   2.2614508136656593e-10 
  2085.0   2.110220227032962e-10 
  2086.0   2.0703508609922157e-10 
  2087.0   2.0429771951089396e-10 
  2088.0   2.8103501879352604e-10 
  2089.0   2.2491260593596171e-10 
  2090.0   2.383922496181827e-10 
  2091.0   1.9471293800790306e-10 
  2092.0   1.756174645086275e-10 
  2093.0   2.586490055548564e-10 
  2094.0   2.1220526939013895e-10 
  2095.0   2.665829096771597e-10 
  2096.0   2.340621610451918e-10 
  2097.0   2.405073850713489e-10 
  2098.0   2.2364056451080453e-10 
  2099.0   2.4823905399558285e-10 
  2100.0   2.2304769500326833e-10 
