  2015.0   7.610642467080127 
  2016.0   7.519791315091771 
  2017.0   7.499141596388051 
  2018.0   7.485586444489515 
  2019.0   7.562944252704555 
  2020.0   7.557602450203709 
  2021.0   7.4537314710892275 
  2022.0   7.403161379010936 
  2023.0   7.509849739780144 
  2024.0   7.511791009043994 
  2025.0   7.54435822906561 
  2026.0   7.5868337025939745 
  2027.0   7.509918555270426 
  2028.0   7.55125347596127 
  2029.0   7.552017126218513 
  2030.0   7.4842165687185584 
  2031.0   7.486939186979705 
  2032.0   7.517199951392485 
  2033.0   7.5885339587528895 
  2034.0   7.678917221206598 
  2035.0   7.666408537837205 
  2036.0   7.678155624881978 
  2037.0   7.629522280321707 
  2038.0   7.698430455189961 
  2039.0   7.694985623014382 
  2040.0   7.601171851051629 
  2041.0   7.531337049093867 
  2042.0   7.584403569095717 
  2043.0   7.711542572211564 
  2044.0   7.787370006295739 
  2045.0   7.792800807159314 
  2046.0   7.782427494936446 
  2047.0   7.80765376920855 
  2048.0   7.8345345894489755 
  2049.0   7.8326088868131585 
  2050.0   7.860494811762421 
  2051.0   7.8566579652429 
  2052.0   7.802584175256244 
  2053.0   7.720269629774789 
  2054.0   7.755386759699728 
  2055.0   7.8863670526572704 
  2056.0   7.924482103094064 
  2057.0   7.928547338906327 
  2058.0   7.940679618847251 
  2059.0   7.929791578969667 
  2060.0   7.981113243369196 
  2061.0   7.928957393531777 
  2062.0   7.892629306164178 
  2063.0   7.92014705347942 
  2064.0   7.886564980189335 
  2065.0   7.80236414058215 
  2066.0   7.838165125120584 
  2067.0   7.87279421300443 
  2068.0   7.8955073290974 
  2069.0   7.871906145464534 
  2070.0   7.839678008444828 
  2071.0   7.780315695290196 
  2072.0   7.883972821342705 
  2073.0   8.003729105809484 
  2074.0   8.004809434335787 
  2075.0   7.9881623605862275 
  2076.0   7.953053906176547 
  2077.0   7.97550543406842 
  2078.0   8.048644500962684 
  2079.0   8.085879475140109 
  2080.0   8.058791072635106 
  2081.0   7.956597988138523 
  2082.0   7.927806045419438 
  2083.0   7.948338739006806 
  2084.0   8.001567544719748 
  2085.0   8.02853472905948 
  2086.0   7.944865624500123 
  2087.0   7.794288142808005 
  2088.0   7.814899346725318 
  2089.0   7.738479169474717 
  2090.0   7.78025322406023 
  2091.0   7.9172680888146125 
  2092.0   7.931076377733341 
  2093.0   7.841407462677267 
  2094.0   7.856429422613828 
  2095.0   7.919172271227488 
  2096.0   7.967605542032881 
  2097.0   8.01088784534293 
  2098.0   7.97042961841172 
  2099.0   7.940601135453298 
  2100.0   7.996935724133442 
