  2015.0   295.7837332989866 
  2016.0   295.4259755016604 
  2017.0   295.70035473085676 
  2018.0   296.30924085165947 
  2019.0   296.7758508621472 
  2020.0   296.1885092196033 
  2021.0   295.6851506937848 
  2022.0   296.2756615152204 
  2023.0   296.13554153059573 
  2024.0   296.7845610374962 
  2025.0   295.76001977831714 
  2026.0   296.91093405946015 
  2027.0   297.95751916367675 
  2028.0   296.5826346034628 
  2029.0   296.39714079704424 
  2030.0   297.2973758397559 
  2031.0   297.095681391091 
  2032.0   296.72010850106756 
  2033.0   296.7366079289981 
  2034.0   297.4176130573293 
  2035.0   296.9000508851033 
  2036.0   297.3017850991301 
  2037.0   298.0189057614358 
  2038.0   297.10610180134364 
  2039.0   296.85796852808903 
  2040.0   296.6422373872805 
  2041.0   297.09078779946066 
  2042.0   298.06051372891676 
  2043.0   297.44382983498923 
  2044.0   297.35189887440345 
  2045.0   297.90446342932694 
  2046.0   296.37844016131805 
  2047.0   296.84061431287864 
  2048.0   298.0726129149039 
  2049.0   298.0856125016693 
  2050.0   296.98643523325535 
  2051.0   297.40196065079914 
  2052.0   298.18011959762475 
  2053.0   298.1893362436158 
  2054.0   297.19940585743905 
  2055.0   297.8707685236808 
  2056.0   297.9522751847691 
  2057.0   297.9080013415296 
  2058.0   298.4344267926632 
  2059.0   298.47072600669384 
  2060.0   297.62569952091866 
  2061.0   297.10601906945385 
  2062.0   298.1110622657992 
  2063.0   297.57773104565086 
  2064.0   297.5811070152594 
  2065.0   298.5026339774165 
  2066.0   297.5548426656226 
  2067.0   296.53497881171006 
  2068.0   297.40550201270696 
  2069.0   298.31234749199217 
  2070.0   298.08251697697887 
  2071.0   297.53316936904423 
  2072.0   297.424093800694 
  2073.0   298.7439501978612 
  2074.0   297.95962233681377 
  2075.0   297.486252428918 
  2076.0   298.16757507045577 
  2077.0   298.4654591054075 
  2078.0   297.7532092952727 
  2079.0   297.7299648372786 
  2080.0   298.09669183399706 
  2081.0   298.6439100606183 
  2082.0   297.1530430382545 
  2083.0   296.99026642184174 
  2084.0   298.30616417389547 
  2085.0   298.75708336796544 
  2086.0   297.85189320098254 
  2087.0   298.01341637203444 
  2088.0   298.320723774631 
  2089.0   297.8391980992523 
  2090.0   298.19392888179766 
  2091.0   298.1468798037637 
  2092.0   297.30463614864374 
  2093.0   297.5212457227429 
  2094.0   299.24003820480516 
  2095.0   298.2092194551747 
  2096.0   297.76073541060805 
  2097.0   298.36530751174945 
  2098.0   298.308572415799 
  2099.0   297.6798067589221 
  2100.0   297.71900407970276 
