  2015.0   9.36869517357563 
  2016.0   9.400393154461666 
  2017.0   9.478813561892363 
  2018.0   9.455837094742234 
  2019.0   9.47474718013795 
  2020.0   9.459223775600957 
  2021.0   9.438849042788304 
  2022.0   9.434022962535433 
  2023.0   9.438067759908812 
  2024.0   9.445699142585315 
  2025.0   9.565708137097774 
  2026.0   9.711987672985323 
  2027.0   9.66137790707025 
  2028.0   9.734984930686222 
  2029.0   9.791215878674489 
  2030.0   9.845624537983136 
  2031.0   9.838540923576646 
  2032.0   9.817252342135895 
  2033.0   9.897216942211076 
  2034.0   10.006715613810842 
  2035.0   10.17383720062096 
  2036.0   10.246426962484586 
  2037.0   10.172604784205324 
  2038.0   10.269713499188876 
  2039.0   10.276286159687839 
  2040.0   10.233851002870367 
  2041.0   10.245159843701577 
  2042.0   10.275020150279106 
  2043.0   10.20735045921531 
  2044.0   10.227207170665906 
  2045.0   10.212221410399033 
  2046.0   10.444551735101628 
  2047.0   10.574974932263414 
  2048.0   10.619375574509478 
  2049.0   10.620800463296032 
  2050.0   10.62820579591457 
  2051.0   10.667294229684064 
  2052.0   10.68255219023981 
  2053.0   10.709936767355988 
  2054.0   10.720981409571232 
  2055.0   10.714405638832845 
  2056.0   10.817306361527324 
  2057.0   10.815755272992359 
  2058.0   10.811261457330277 
  2059.0   10.873354375456286 
  2060.0   10.977599514095692 
  2061.0   10.969351893044356 
  2062.0   10.938285747305379 
  2063.0   10.980847777296363 
  2064.0   11.16269469388836 
  2065.0   11.148406419375362 
  2066.0   11.146186782987247 
  2067.0   11.20459259208687 
  2068.0   11.383036677202263 
  2069.0   11.309510487827954 
  2070.0   11.311924314750975 
  2071.0   11.414000452982968 
  2072.0   11.465979536298242 
  2073.0   11.579520827082291 
  2074.0   11.529853643427446 
  2075.0   11.60636055347057 
  2076.0   11.635010829648028 
  2077.0   11.654241811288594 
  2078.0   11.574090366760922 
  2079.0   11.598201493508888 
  2080.0   11.627227620784565 
  2081.0   11.602015514840026 
  2082.0   11.647698873322648 
  2083.0   11.72104868541162 
  2084.0   11.75012054597089 
  2085.0   11.774615746492296 
  2086.0   11.719322086227441 
  2087.0   11.728084800261202 
  2088.0   11.795736972333163 
  2089.0   11.72035596720878 
  2090.0   11.731113670604723 
  2091.0   11.795936502389761 
  2092.0   11.747295827644711 
  2093.0   11.80142879536804 
  2094.0   11.872653321467723 
  2095.0   11.852110617579266 
  2096.0   11.787583519907987 
  2097.0   11.991938379208156 
  2098.0   11.948049796034656 
  2099.0   11.931425985782848 
  2100.0   11.821497800227894 
