  2015.0   -0.09805342653135443 
  2016.0   -0.44478812289116987 
  2017.0   0.2826164156054282 
  2018.0   0.07164101453572606 
  2019.0   0.3778943965464501 
  2020.0   0.11523161126976292 
  2021.0   -0.07002996118868222 
  2022.0   0.7407338376828839 
  2023.0   0.7329615080684116 
  2024.0   -0.3821091864963946 
  2025.0   0.30048037276103867 
  2026.0   0.2683953727137298 
  2027.0   0.21930188980416546 
  2028.0   -0.43265329398061037 
  2029.0   -0.2066411272762257 
  2030.0   0.07130206404930885 
  2031.0   -0.1360933758256506 
  2032.0   0.5093221630571698 
  2033.0   -0.28207144785605015 
  2034.0   -0.17219959981838373 
  2035.0   0.36834082809385926 
  2036.0   0.761709659327675 
  2037.0   0.8719008857539997 
  2038.0   0.3480637470912528 
  2039.0   -0.5624322400364233 
  2040.0   -0.17354026615471208 
  2041.0   0.461405776731841 
  2042.0   0.44555114317262307 
  2043.0   -0.4291544361443132 
  2044.0   0.32348981555418893 
  2045.0   0.4570617170077407 
  2046.0   -0.029824735628442126 
  2047.0   -0.05444926658745069 
  2048.0   -0.833228059872473 
  2049.0   -0.3849379845742584 
  2050.0   -0.674284980658872 
  2051.0   -0.469190944260799 
  2052.0   0.25541086694003334 
  2053.0   0.5201662049996655 
  2054.0   0.4897843963763664 
  2055.0   -0.0561604134142308 
  2056.0   0.014741725192414946 
  2057.0   -0.3317130323107578 
  2058.0   0.27709377741846936 
  2059.0   -0.10749183245006814 
  2060.0   -0.15522599634215267 
  2061.0   0.190976283740003 
  2062.0   -0.27794687071922264 
  2063.0   -0.08265370863555628 
  2064.0   -0.38995415463779026 
  2065.0   -0.07122956465747428 
  2066.0   -0.047011680173587374 
  2067.0   -0.2538336724257482 
  2068.0   0.15310336238671018 
  2069.0   -0.16094791746989745 
  2070.0   0.28045645240730693 
  2071.0   0.19877624246831868 
  2072.0   -0.6404328342052555 
  2073.0   -0.33170359643674713 
  2074.0   0.8738952807474152 
  2075.0   0.7034803220937892 
  2076.0   -0.4915668396329647 
  2077.0   -0.07596696074923415 
  2078.0   0.06277194967270469 
  2079.0   0.3282614288695623 
  2080.0   0.06532471859781559 
  2081.0   0.004709397714067075 
  2082.0   -0.1549438733511048 
  2083.0   0.6381525715836209 
  2084.0   0.021871292619521778 
  2085.0   0.0219582505811045 
  2086.0   -0.24368326094607531 
  2087.0   -0.22873226457189044 
  2088.0   0.3768045581085999 
  2089.0   -0.2611156587711079 
  2090.0   -0.14336757835934946 
  2091.0   0.07142234661467008 
  2092.0   0.12007121409310914 
  2093.0   0.8881045720879533 
  2094.0   0.2675171161959407 
  2095.0   -0.15525455600767987 
  2096.0   1.0079866965772508 
  2097.0   0.5006314022177645 
  2098.0   0.08803239250021028 
  2099.0   0.39605218303101997 
  2100.0   0.013649881614479406 
