  2015.0   2.824765925636796 
  2016.0   2.2600652871817344 
  2017.0   1.9057579173642638 
  2018.0   2.235940845357193 
  2019.0   2.070160923939365 
  2020.0   1.998404215807157 
  2021.0   1.9096617900999948 
  2022.0   2.4804277039520994 
  2023.0   1.967177202000807 
  2024.0   1.703974645027717 
  2025.0   2.269874678310033 
  2026.0   2.5079200155911585 
  2027.0   2.6103201451755154 
  2028.0   2.4748552077423702 
  2029.0   2.6851736242986877 
  2030.0   2.061999298638882 
  2031.0   2.130702080148403 
  2032.0   1.6948605527013993 
  2033.0   1.8277395890278634 
  2034.0   2.398847512651217 
  2035.0   2.3584169474735175 
  2036.0   2.5610838167379755 
  2037.0   2.0807395745607686 
  2038.0   1.8911976391751566 
  2039.0   2.396140476438742 
  2040.0   2.3958438205184036 
  2041.0   2.1560872885789553 
  2042.0   1.4970401217848008 
  2043.0   2.699403133635589 
  2044.0   2.1114648837465073 
  2045.0   2.0774372508188375 
  2046.0   2.353387655015908 
  2047.0   2.3835732415527877 
  2048.0   2.394911756022144 
  2049.0   2.0165810923523027 
  2050.0   1.6087928731778005 
  2051.0   2.5116009073272423 
  2052.0   2.282769187850409 
  2053.0   2.2747894168810086 
  2054.0   2.8172198116818326 
  2055.0   2.432311632321102 
  2056.0   1.7894726674214998 
  2057.0   2.24858922029428 
  2058.0   2.094084463422806 
  2059.0   2.268288215269357 
  2060.0   2.8193413622703467 
  2061.0   2.6218090301411596 
  2062.0   1.789579445768077 
  2063.0   1.6958141299983056 
  2064.0   2.4289364667497826 
  2065.0   2.236918372830924 
  2066.0   2.558903193849802 
  2067.0   2.950084346782493 
  2068.0   2.3429170727954576 
  2069.0   2.281806821255336 
  2070.0   1.9669928696264698 
  2071.0   2.2055371521144598 
  2072.0   2.7276944295851466 
  2073.0   2.5257810964102294 
  2074.0   2.352216916018412 
  2075.0   2.0868969506474064 
  2076.0   1.9857720791939415 
  2077.0   1.8302332288286816 
  2078.0   2.417752356154966 
  2079.0   2.2762556661147757 
  2080.0   1.846575191689657 
  2081.0   2.017250421529909 
  2082.0   2.062249635202059 
  2083.0   1.8110610422316278 
  2084.0   2.488932962315886 
  2085.0   1.9957145648006676 
  2086.0   2.2685356856141965 
  2087.0   2.2364492759597034 
  2088.0   2.004643105891004 
  2089.0   2.1636018519224116 
  2090.0   3.0018012813302937 
  2091.0   2.407446432327109 
  2092.0   2.679500106959373 
  2093.0   2.1144943349471963 
  2094.0   2.097267155870619 
  2095.0   2.358558681885284 
  2096.0   2.3289194515393845 
  2097.0   2.441086820367199 
  2098.0   1.7264203858638727 
  2099.0   2.1258020466321574 
  2100.0   2.0246507599315873 
