  2015.0   20.136957009266666 
  2016.0   20.000811694471352 
  2017.0   20.04666601957343 
  2018.0   20.124037873058523 
  2019.0   20.30364307513567 
  2020.0   20.180256789503648 
  2021.0   19.993870354237426 
  2022.0   20.029277192365043 
  2023.0   20.040553495535583 
  2024.0   20.084227646164937 
  2025.0   20.09975163288067 
  2026.0   19.984957839436845 
  2027.0   20.301893060948704 
  2028.0   20.17981371823577 
  2029.0   19.91662011944616 
  2030.0   20.12716926955677 
  2031.0   20.23921526248031 
  2032.0   20.047433711780585 
  2033.0   20.120373499713523 
  2034.0   20.237697889876216 
  2035.0   20.054838310081035 
  2036.0   20.050186360505997 
  2037.0   20.306492475247126 
  2038.0   20.156506703190427 
  2039.0   19.9968787797215 
  2040.0   20.071495204439966 
  2041.0   19.971162927786203 
  2042.0   20.176717829460586 
  2043.0   20.164674190923375 
  2044.0   20.116485018544996 
  2045.0   20.14401885197439 
  2046.0   19.99370824868184 
  2047.0   19.82632455743594 
  2048.0   20.202855328999544 
  2049.0   20.197360311585438 
  2050.0   19.990929214043188 
  2051.0   19.908598863898327 
  2052.0   20.192984018729195 
  2053.0   20.177382293406506 
  2054.0   20.010484209209103 
  2055.0   19.913848172217346 
  2056.0   20.07507644743368 
  2057.0   20.086423897040234 
  2058.0   20.111114305649807 
  2059.0   20.13321269819138 
  2060.0   19.96780722268088 
  2061.0   19.87167521759902 
  2062.0   19.973991904925906 
  2063.0   19.952783172417256 
  2064.0   19.800402248584174 
  2065.0   20.046082272800284 
  2066.0   19.94607891183154 
  2067.0   19.654488179290546 
  2068.0   19.648957738410928 
  2069.0   20.024896522398627 
  2070.0   20.033636523494877 
  2071.0   19.93879844711037 
  2072.0   19.934720618736968 
  2073.0   20.02195913216941 
  2074.0   20.0056148023675 
  2075.0   19.864457798436614 
  2076.0   20.025058031942173 
  2077.0   20.08871779515557 
  2078.0   19.999112400928894 
  2079.0   19.922629323469494 
  2080.0   20.014653431185323 
  2081.0   20.125687496788647 
  2082.0   19.832672457832924 
  2083.0   19.51442993417368 
  2084.0   19.714793418810128 
  2085.0   19.97937504884521 
  2086.0   19.881531994384382 
  2087.0   19.867010652809107 
  2088.0   19.955144422707843 
  2089.0   19.970257696862365 
  2090.0   19.959865626814643 
  2091.0   20.05994516430419 
  2092.0   19.840198680720235 
  2093.0   19.621453470065774 
  2094.0   19.980965118839393 
  2095.0   19.921031433084938 
  2096.0   19.70005867652114 
  2097.0   19.991186232348532 
  2098.0   19.99497902586717 
  2099.0   19.817469824588393 
  2100.0   19.661799657877594 
