  2015.0   1.6229550885357353 
  2016.0   1.4598112030966692 
  2017.0   1.6376272075585327 
  2018.0   1.3824715073731166 
  2019.0   1.602580779656034 
  2020.0   1.6828304181201332 
  2021.0   1.3731480822597373 
  2022.0   1.8242428569818097 
  2023.0   1.7053274961430516 
  2024.0   1.5618939197919657 
  2025.0   1.8115235917211419 
  2026.0   1.8598821584595195 
  2027.0   1.7887343044209052 
  2028.0   1.7269351435988662 
  2029.0   1.748322669602505 
  2030.0   1.7156674344006728 
  2031.0   2.2189725191272758 
  2032.0   1.9619675979210318 
  2033.0   1.5499188241197541 
  2034.0   1.6553447536408528 
  2035.0   1.7010116207877197 
  2036.0   1.8044128933377837 
  2037.0   1.7539831021442889 
  2038.0   1.639078375595312 
  2039.0   1.6441052251288262 
  2040.0   1.7301821749917918 
  2041.0   1.5398173743288062 
  2042.0   1.6101245226869376 
  2043.0   1.7012779375893003 
  2044.0   1.6172634256122587 
  2045.0   1.771345331232332 
  2046.0   1.651460502836597 
  2047.0   1.7384439016728586 
  2048.0   1.451075342048749 
  2049.0   1.6412485582397156 
  2050.0   1.2495427499214224 
  2051.0   1.3410339570686625 
  2052.0   1.5094415145145905 
  2053.0   1.4921593096363779 
  2054.0   1.4915633116981075 
  2055.0   1.8819523693855642 
  2056.0   1.946221650533658 
  2057.0   1.724248270951616 
  2058.0   1.6753678157289258 
  2059.0   2.0860142724653112 
  2060.0   1.7387830288692507 
  2061.0   1.843446848421117 
  2062.0   1.7677516426482562 
  2063.0   1.4724426818050738 
  2064.0   1.4008723911846885 
  2065.0   1.2330104697315671 
  2066.0   1.7906946868256604 
  2067.0   1.6696637298435173 
  2068.0   1.4780877293669588 
  2069.0   1.688619853645688 
  2070.0   1.8719946484660455 
  2071.0   1.7500373082595586 
  2072.0   1.714619662633287 
  2073.0   2.092831505096515 
  2074.0   1.5856427703570042 
  2075.0   1.5004321197254822 
  2076.0   1.681670185225303 
  2077.0   1.9533322754537636 
  2078.0   2.1322866984980267 
  2079.0   1.7165348934579638 
  2080.0   1.9435488693963279 
  2081.0   2.21921694500926 
  2082.0   1.9549504499133028 
  2083.0   1.5147748859272554 
  2084.0   1.5406722354080644 
  2085.0   1.6759496992628446 
  2086.0   1.3410321256236837 
  2087.0   1.5016873787054985 
  2088.0   1.6508127275432387 
  2089.0   1.4120902965012128 
  2090.0   1.6421828482073042 
  2091.0   1.4526395444716331 
  2092.0   1.999764839659767 
  2093.0   1.6239847169256056 
  2094.0   1.7478870142762453 
  2095.0   2.1496749109450213 
  2096.0   1.6412183325442282 
  2097.0   1.3511343869804104 
  2098.0   1.5893421433081596 
  2099.0   1.5386439612396055 
  2100.0   1.9057205891881268 
