  2015.0   1.9176678253334836 
  2016.0   1.9424369922983158 
  2017.0   1.792033848040559 
  2018.0   1.5077617945829924 
  2019.0   1.5803536549633799 
  2020.0   2.2311151059923273 
  2021.0   2.054830185866904 
  2022.0   1.5708596651760622 
  2023.0   1.9888649467144073 
  2024.0   1.7068435082861926 
  2025.0   2.274859544793872 
  2026.0   1.5741333726104072 
  2027.0   1.4084904173780621 
  2028.0   2.5459903715953436 
  2029.0   1.879111078992543 
  2030.0   1.4526953831792115 
  2031.0   1.92435756840097 
  2032.0   2.155522849024184 
  2033.0   1.6374845218348304 
  2034.0   1.8605776941779584 
  2035.0   2.3570199007051666 
  2036.0   1.3630949957130813 
  2037.0   1.6674639787465217 
  2038.0   2.2499678256023357 
  2039.0   1.9180296049395997 
  2040.0   1.9283444886123569 
  2041.0   1.8535906066890493 
  2042.0   1.3780855076722194 
  2043.0   2.1314751276665342 
  2044.0   1.824021830215659 
  2045.0   1.8673150364869016 
  2046.0   2.433358419598553 
  2047.0   1.6062540750939747 
  2048.0   1.3276947821245202 
  2049.0   2.097572839963341 
  2050.0   2.320434535784849 
  2051.0   1.6369779363098291 
  2052.0   1.4489126895588513 
  2053.0   1.7562895229726192 
  2054.0   2.4249316873427684 
  2055.0   1.549769244211532 
  2056.0   1.6780237927476416 
  2057.0   1.7853796561048463 
  2058.0   1.5477489610179964 
  2059.0   1.9699393444677622 
  2060.0   2.0579243061612273 
  2061.0   1.8842606827122412 
  2062.0   1.4809151107570697 
  2063.0   2.274191861931167 
  2064.0   1.789541811369165 
  2065.0   1.4775198586561327 
  2066.0   2.4048644494825924 
  2067.0   2.282842055970506 
  2068.0   1.3590063401270691 
  2069.0   1.5377035101391199 
  2070.0   2.032172043056899 
  2071.0   1.9155078661970573 
  2072.0   1.9129338431633696 
  2073.0   1.5399137126598232 
  2074.0   2.1454589269748716 
  2075.0   1.8870704105322695 
  2076.0   1.5681926353553484 
  2077.0   1.7632791798048015 
  2078.0   1.9979992748618294 
  2079.0   1.8990279428866552 
  2080.0   1.5047412161797575 
  2081.0   1.84087009411813 
  2082.0   2.7619506276923613 
  2083.0   1.905036497106952 
  2084.0   1.2758045259617508 
  2085.0   1.8652624008350218 
  2086.0   2.211123910746155 
  2087.0   1.8933231917172775 
  2088.0   1.607269831586658 
  2089.0   1.9330439361051115 
  2090.0   1.5902209804925862 
  2091.0   1.7918644295915782 
  2092.0   2.5095956243721127 
  2093.0   1.6512731835361347 
  2094.0   1.2779406852483692 
  2095.0   2.4059894079500634 
  2096.0   1.6774746431523755 
  2097.0   1.3090774689241493 
  2098.0   1.8590687505190109 
  2099.0   2.281617275130833 
  2100.0   1.6413932999745713 
