  2015.0   3.855611958554011 
  2016.0   3.2225360745379072 
  2017.0   4.172322100668115 
  2018.0   3.9131023760840233 
  2019.0   4.907493063983384 
  2020.0   3.7207168020843127 
  2021.0   3.100496953974835 
  2022.0   3.804653973830419 
  2023.0   5.2307576904878825 
  2024.0   5.512182520890312 
  2025.0   4.842318591621283 
  2026.0   4.2286553090581425 
  2027.0   3.3416466280068464 
  2028.0   3.9487155042779953 
  2029.0   3.948485390054841 
  2030.0   5.001081141934697 
  2031.0   4.810979127529783 
  2032.0   4.214367387130509 
  2033.0   3.3193337860795045 
  2034.0   3.844912758809236 
  2035.0   4.258227215042866 
  2036.0   4.564440399262241 
  2037.0   3.8816070264398332 
  2038.0   4.4142993683131175 
  2039.0   4.624269653997749 
  2040.0   3.558271128068863 
  2041.0   4.574007520678287 
  2042.0   5.056187105441251 
  2043.0   5.051243901862835 
  2044.0   4.923389737428221 
  2045.0   4.404983285119251 
  2046.0   4.021305313084465 
  2047.0   4.431395184343476 
  2048.0   4.785552981989795 
  2049.0   4.836897847007736 
  2050.0   3.9838273030837548 
  2051.0   3.3945249933162183 
  2052.0   3.5480475303745767 
  2053.0   5.2252557966155 
  2054.0   4.488332841702522 
  2055.0   3.353312849383916 
  2056.0   4.215294692261723 
  2057.0   4.533022930585094 
  2058.0   4.493163723622161 
  2059.0   3.888140093555784 
  2060.0   2.864379985333927 
  2061.0   4.528233118231878 
  2062.0   5.297426166567894 
  2063.0   5.048351678604615 
  2064.0   5.035977242772403 
  2065.0   3.7109535826583544 
  2066.0   3.4125059341051576 
  2067.0   4.65447578528454 
  2068.0   5.389457524823853 
  2069.0   4.913030218422182 
  2070.0   4.709297557451505 
  2071.0   4.614962208558041 
  2072.0   4.020106796996431 
  2073.0   3.626841149716163 
  2074.0   4.5835644514621565 
  2075.0   5.435061622937486 
  2076.0   5.075913948603364 
  2077.0   4.025977826492108 
  2078.0   3.9125384857402357 
  2079.0   3.2317753215173037 
  2080.0   4.31072406881425 
  2081.0   4.480295506581129 
  2082.0   5.229222344960076 
  2083.0   4.799876400216316 
  2084.0   4.865978095680361 
  2085.0   4.684514219967476 
  2086.0   3.3191966124057046 
  2087.0   3.4387896618468314 
  2088.0   4.535525404493802 
  2089.0   5.238804290123761 
  2090.0   5.056584293977019 
  2091.0   3.843065611481062 
  2092.0   3.7592208142613996 
  2093.0   3.993728806068111 
  2094.0   4.337937774174926 
  2095.0   3.9178542452057528 
  2096.0   4.698437178175954 
  2097.0   5.164656149239446 
  2098.0   4.528991954541273 
  2099.0   4.590851856477859 
  2100.0   5.028230925190398 
