  2015.0   17.831632233118764 
  2016.0   18.01428015669838 
  2017.0   17.984378202838663 
  2018.0   18.267281396794484 
  2019.0   18.205957415411866 
  2020.0   18.20935011312476 
  2021.0   18.260829681776535 
  2022.0   18.340331112076704 
  2023.0   18.57426783702179 
  2024.0   18.76166669129767 
  2025.0   18.562270167821133 
  2026.0   18.215832635038876 
  2027.0   18.441035715460874 
  2028.0   18.7990739976921 
  2029.0   18.892452620916487 
  2030.0   18.63694675858758 
  2031.0   18.413680682756507 
  2032.0   18.836338118489827 
  2033.0   18.813799089420037 
  2034.0   18.96811703069462 
  2035.0   19.225127806503266 
  2036.0   19.45270223996675 
  2037.0   19.43030862827258 
  2038.0   19.346897171585546 
  2039.0   19.200183833034973 
  2040.0   19.37400485803 
  2041.0   19.48825932823387 
  2042.0   19.788083563418855 
  2043.0   19.896675549743126 
  2044.0   19.78253556599782 
  2045.0   19.419802851391367 
  2046.0   19.61448926543491 
  2047.0   19.695986921947664 
  2048.0   19.512651995044806 
  2049.0   19.449114516084446 
  2050.0   19.577031405007297 
  2051.0   19.6384907418807 
  2052.0   19.66882605954082 
  2053.0   19.869086591813137 
  2054.0   19.792539062279022 
  2055.0   19.887377848050264 
  2056.0   20.17837864470562 
  2057.0   20.055825126242624 
  2058.0   19.820196809092714 
  2059.0   20.08161292361456 
  2060.0   20.16277779097129 
  2061.0   20.137482139726256 
  2062.0   20.161056233219178 
  2063.0   20.21227336783657 
  2064.0   20.179737500891406 
  2065.0   20.37082709498338 
  2066.0   20.327615918912063 
  2067.0   20.323409231418484 
  2068.0   20.363339454714552 
  2069.0   20.462095428678715 
  2070.0   20.55922517020111 
  2071.0   20.594860468326967 
  2072.0   20.474347179724415 
  2073.0   20.418747749081852 
  2074.0   20.463337538604968 
  2075.0   20.47685151347624 
  2076.0   20.365787116604327 
  2077.0   20.433067678151225 
  2078.0   20.655878091453413 
  2079.0   20.570568551382237 
  2080.0   20.32702138689101 
  2081.0   20.40502307424216 
  2082.0   20.583440488341314 
  2083.0   20.559981693220227 
  2084.0   20.340528344198813 
  2085.0   20.206405670598688 
  2086.0   20.34606553445686 
  2087.0   20.490007250256344 
  2088.0   20.42870651887926 
  2089.0   20.359428383610993 
  2090.0   20.390463546556703 
  2091.0   20.215445504575662 
  2092.0   20.28623943181552 
  2093.0   20.352910166639457 
  2094.0   20.709450384849475 
  2095.0   20.708810623061183 
  2096.0   20.57249416698307 
  2097.0   20.594844668825914 
  2098.0   20.326444178852608 
  2099.0   20.288968198215954 
  2100.0   20.456272893118353 
