  2015.0   1.382239959703766e-10 
  2016.0   6.176018484798457e-11 
  2017.0   5.6768402545456386e-11 
  2018.0   5.417908790511892e-11 
  2019.0   5.053860007000577e-11 
  2020.0   5.158774458710922e-11 
  2021.0   5.030359615549904e-11 
  2022.0   4.773918476651253e-11 
  2023.0   4.697100470978095e-11 
  2024.0   4.7737435048489574e-11 
  2025.0   4.7652090963759095e-11 
  2026.0   4.5588561448983184e-11 
  2027.0   4.688829879005715e-11 
  2028.0   4.66923087688856e-11 
  2029.0   4.505336970562993e-11 
  2030.0   4.4954308287831016e-11 
  2031.0   7.398466856948643e-11 
  2032.0   8.049233429212926e-11 
  2033.0   8.293935465672661e-11 
  2034.0   8.332243199780816e-11 
  2035.0   8.523887933295828e-11 
  2036.0   1.1400306143471316e-10 
  2037.0   1.0782302069351162e-10 
  2038.0   1.1149497361082854e-10 
  2039.0   1.1329945254463193e-10 
  2040.0   1.1397065118131957e-10 
  2041.0   1.1097058358322842e-10 
  2042.0   1.0800068905308825e-10 
  2043.0   1.0776344791311507e-10 
  2044.0   1.1031625014946754e-10 
  2045.0   1.0856751887082651e-10 
  2046.0   7.895238016286465e-11 
  2047.0   7.683466869953735e-11 
  2048.0   7.518592000766328e-11 
  2049.0   7.317492058112537e-11 
  2050.0   7.240238023278573e-11 
  2051.0   6.207495828263712e-11 
  2052.0   5.94908545830233e-11 
  2053.0   5.767352099769484e-11 
  2054.0   5.58250477863116e-11 
  2055.0   5.496014787662169e-11 
  2056.0   5.1446794186963716e-11 
  2057.0   5.1991176146544416e-11 
  2058.0   5.066637796098348e-11 
  2059.0   4.822747827419705e-11 
  2060.0   4.974148434278872e-11 
  2061.0   4.566886655085037e-11 
  2062.0   4.459484759008591e-11 
  2063.0   4.4637158176286284e-11 
  2064.0   4.294845209876305e-11 
  2065.0   4.216447408419311e-11 
  2066.0   4.337821807226744e-11 
  2067.0   4.508369887547512e-11 
  2068.0   4.5177738334113377e-11 
  2069.0   4.4599829367495813e-11 
  2070.0   4.5286678218500826e-11 
  2071.0   5.6653164382850055e-11 
  2072.0   5.715701238353709e-11 
  2073.0   5.837111646673273e-11 
  2074.0   6.062245308529251e-11 
  2075.0   5.96384654531394e-11 
  2076.0   8.125041544646894e-11 
  2077.0   8.448382799382035e-11 
  2078.0   8.763306048611885e-11 
  2079.0   9.20717166839265e-11 
  2080.0   9.212209504307548e-11 
  2081.0   9.113775593103955e-11 
  2082.0   9.4677409440497e-11 
  2083.0   9.567102960535539e-11 
  2084.0   9.349815146985102e-11 
  2085.0   9.180107564562268e-11 
  2086.0   6.98410483948774e-11 
  2087.0   6.762272617681754e-11 
  2088.0   6.61033087511661e-11 
  2089.0   6.471309460991512e-11 
  2090.0   6.41247949671933e-11 
  2091.0   6.581435677951271e-11 
  2092.0   6.531646833599338e-11 
  2093.0   6.583358808830247e-11 
  2094.0   6.567588790370569e-11 
  2095.0   6.743849713798668e-11 
  2096.0   5.949232538348941e-11 
  2097.0   5.87021086371263e-11 
  2098.0   5.7470676360253014e-11 
  2099.0   5.981503149091775e-11 
  2100.0   6.025308983262278e-11 
