  2015.0   34.050045640704 
  2016.0   34.510739603456 
  2017.0   34.540284280832 
  2018.0   34.62157828096 
  2019.0   34.851445014528 
  2020.0   34.678625009663996 
  2021.0   34.457566314496 
  2022.0   34.607686746112 
  2023.0   34.61067309056 
  2024.0   34.835221446656 
  2025.0   35.059249709056 
  2026.0   35.391532957696 
  2027.0   35.135231623167996 
  2028.0   35.662392721408 
  2029.0   35.708215492608 
  2030.0   35.17476503552 
  2031.0   35.432888795136 
  2032.0   35.732236271615996 
  2033.0   35.703702421504 
  2034.0   35.70583732224 
  2035.0   35.933759995904 
  2036.0   36.186856882176 
  2037.0   36.286714871808 
  2038.0   36.233325576192 
  2039.0   36.64420798464 
  2040.0   37.083271921664 
  2041.0   37.358271463423996 
  2042.0   37.178197409792 
  2043.0   36.983283908608 
  2044.0   36.912941236224 
  2045.0   36.937867984896 
  2046.0   36.984395399168 
  2047.0   37.232664641536 
  2048.0   37.421068582912 
  2049.0   37.50584385536 
  2050.0   37.839769174016 
  2051.0   37.771796283392 
  2052.0   38.0515647488 
  2053.0   37.962800693248 
  2054.0   37.96973387776 
  2055.0   37.704347680768 
  2056.0   37.691236286464 
  2057.0   38.206389092352 
  2058.0   38.730349936639996 
  2059.0   38.446051622912 
  2060.0   38.142933467136 
  2061.0   38.738914705408 
  2062.0   39.59966138368 
  2063.0   38.852899110912 
  2064.0   38.368272449536 
  2065.0   39.114204250111996 
  2066.0   39.236665344 
  2067.0   39.307624579072 
  2068.0   39.763985825792 
  2069.0   39.710386814976 
  2070.0   39.367498268672 
  2071.0   39.5830099968 
  2072.0   39.797796110336 
  2073.0   39.539196297216 
  2074.0   39.641365348352 
  2075.0   39.625095643136 
  2076.0   39.567558180864 
  2077.0   39.513476825088 
  2078.0   39.231221137408 
  2079.0   39.756352192512 
  2080.0   39.959452975104 
  2081.0   40.132522541056 
  2082.0   40.076625051648 
  2083.0   40.035122413568 
  2084.0   39.746562686976 
  2085.0   39.89955411968 
  2086.0   39.867471888383996 
  2087.0   40.231000604672 
  2088.0   40.692533428223996 
  2089.0   40.46494629888 
  2090.0   40.50646990848 
  2091.0   40.794614398976 
  2092.0   40.461817348096 
  2093.0   40.416636305408 
  2094.0   40.291897704448 
  2095.0   40.339901513728 
  2096.0   40.584769175552 
  2097.0   40.853879914496 
  2098.0   40.858632060928 
  2099.0   40.931722002432 
  2100.0   41.114757234688 
