  2015.0   41.935098491999995 
  2016.0   42.118413317999995 
  2017.0   42.818760864 
  2018.0   42.83505315 
  2019.0   43.068553578 
  2020.0   42.403900842 
  2021.0   42.452036604 
  2022.0   43.501806972 
  2023.0   43.796365038 
  2024.0   43.338194261999995 
  2025.0   43.39152163799999 
  2026.0   43.648776557999994 
  2027.0   43.996145598 
  2028.0   44.622379601999995 
  2029.0   44.232586758 
  2030.0   44.346991482 
  2031.0   43.98223428 
  2032.0   44.778585293999996 
  2033.0   44.086310964 
  2034.0   44.99126407799999 
  2035.0   44.841239441999996 
  2036.0   45.015400944 
  2037.0   45.682572617999995 
  2038.0   45.043294536 
  2039.0   44.97153436799999 
  2040.0   45.45110232 
  2041.0   45.42140723399999 
  2042.0   46.431931049999996 
  2043.0   46.347071615999994 
  2044.0   45.788517809999995 
  2045.0   46.73231145 
  2046.0   46.356516647999996 
  2047.0   46.656522558 
  2048.0   46.299310344 
  2049.0   46.483606728 
  2050.0   47.266783577999995 
  2051.0   46.822362498 
  2052.0   47.901386448 
  2053.0   47.177812638 
  2054.0   47.465594405999994 
  2055.0   47.165478119999996 
  2056.0   48.041780777999996 
  2057.0   47.128454856 
  2058.0   48.38117121 
  2059.0   49.397008842 
  2060.0   48.874165614 
  2061.0   48.998066615999996 
  2062.0   49.46058935999999 
  2063.0   49.838158062 
  2064.0   49.408480061999995 
  2065.0   50.00561028 
  2066.0   49.889790377999994 
  2067.0   49.78621432799999 
  2068.0   49.10220243 
  2069.0   50.111681616 
  2070.0   50.482517382 
  2071.0   49.915263581999994 
  2072.0   51.218847503999996 
  2073.0   50.948919053999994 
  2074.0   51.106606938 
  2075.0   50.540125769999996 
  2076.0   51.740452944 
  2077.0   52.201852218 
  2078.0   51.010426079999995 
  2079.0   51.482129742 
  2080.0   51.68151216 
  2081.0   52.20221488199999 
  2082.0   52.044712272 
  2083.0   53.372618333999995 
  2084.0   53.99444518199999 
  2085.0   53.237072663999996 
  2086.0   53.761078782 
  2087.0   53.081430678 
  2088.0   55.862306694 
  2089.0   54.28398902399999 
  2090.0   54.761526845999995 
  2091.0   54.578003093999996 
  2092.0   54.225675018 
  2093.0   55.513502765999995 
  2094.0   55.854702575999994 
  2095.0   55.876253489999996 
  2096.0   55.98429582599999 
  2097.0   56.464928117999996 
  2098.0   55.878941934 
  2099.0   55.552634999999995 
  2100.0   56.836737557999996 
