  2015.0   498.197449408512 
  2016.0   499.997980229632 
  2017.0   501.978295697408 
  2018.0   503.783926792192 
  2019.0   505.5914704896 
  2020.0   507.785829679104 
  2021.0   510.062833434624 
  2022.0   512.07636779008 
  2023.0   514.315723472896 
  2024.0   516.95350448128 
  2025.0   519.665105240064 
  2026.0   521.896676294656 
  2027.0   524.2275013591039 
  2028.0   526.15161315328 
  2029.0   527.9291927429119 
  2030.0   531.1745774059519 
  2031.0   534.380233621504 
  2032.0   536.336859660288 
  2033.0   538.595207151616 
  2034.0   542.12620713984 
  2035.0   544.88840798208 
  2036.0   547.274228760576 
  2037.0   548.969029566464 
  2038.0   550.619471413248 
  2039.0   553.03022313472 
  2040.0   555.757393149952 
  2041.0   557.730628632576 
  2042.0   560.635200929792 
  2043.0   562.58551873536 
  2044.0   565.717120319488 
  2045.0   569.3158331514879 
  2046.0   572.799051628544 
  2047.0   575.379119013888 
  2048.0   577.614649491456 
  2049.0   579.994128482304 
  2050.0   581.257251520512 
  2051.0   584.4561297408 
  2052.0   587.123908411392 
  2053.0   589.793029259264 
  2054.0   591.613357195264 
  2055.0   595.08650934272 
  2056.0   599.104719683584 
  2057.0   600.911961391104 
  2058.0   602.370237005824 
  2059.0   604.23579631616 
  2060.0   606.355631112192 
  2061.0   608.59988574208 
  2062.0   608.970393780224 
  2063.0   610.566041239552 
  2064.0   613.544668168192 
  2065.0   614.863290236928 
  2066.0   616.244994637824 
  2067.0   618.778756907008 
  2068.0   620.686661910528 
  2069.0   621.549480574976 
  2070.0   623.145866231808 
  2071.0   624.37717966848 
  2072.0   625.898940268544 
  2073.0   627.112805400576 
  2074.0   627.4485510471679 
  2075.0   628.405590556672 
  2076.0   629.68951734272 
  2077.0   629.858765897728 
  2078.0   631.047599423488 
  2079.0   632.327701004288 
  2080.0   633.099721375744 
  2081.0   632.835178233856 
  2082.0   632.344880873472 
  2083.0   632.753439637504 
  2084.0   633.6298814013439 
  2085.0   634.597591220224 
  2086.0   636.634747895808 
  2087.0   638.225899061248 
  2088.0   638.290122244096 
  2089.0   638.1676485672959 
  2090.0   638.2136852479999 
  2091.0   638.312939257856 
  2092.0   638.971478540288 
  2093.0   640.101658918912 
  2094.0   641.08997115904 
  2095.0   642.12747419648 
  2096.0   643.893376843776 
  2097.0   645.36044371968 
  2098.0   646.221383335936 
  2099.0   647.244256641024 
  2100.0   647.969703460864 
