  2015.0   2625.92824082432 
  2016.0   2626.41545117696 
  2017.0   2626.920378269696 
  2018.0   2627.393361543168 
  2019.0   2627.801383436288 
  2020.0   2628.272756097024 
  2021.0   2628.723727663104 
  2022.0   2629.1172540416 
  2023.0   2629.514270081024 
  2024.0   2629.9080648949757 
  2025.0   2630.402791440384 
  2026.0   2630.986101686272 
  2027.0   2631.461769314304 
  2028.0   2632.019309756416 
  2029.0   2632.6514752552957 
  2030.0   2633.078287630336 
  2031.0   2633.43638052864 
  2032.0   2633.98667321344 
  2033.0   2634.498311192576 
  2034.0   2634.858551574528 
  2035.0   2635.329655799808 
  2036.0   2635.863305486336 
  2037.0   2636.41332973568 
  2038.0   2636.744579088384 
  2039.0   2637.127904919552 
  2040.0   2637.615383707648 
  2041.0   2638.3568024371198 
  2042.0   2638.924274991104 
  2043.0   2639.380078395392 
  2044.0   2639.754814291968 
  2045.0   2640.181089796096 
  2046.0   2640.613270880256 
  2047.0   2641.150678663168 
  2048.0   2641.6966763806718 
  2049.0   2642.118388482048 
  2050.0   2642.7339109826557 
  2051.0   2643.100862251008 
  2052.0   2643.569282121728 
  2053.0   2644.106153033728 
  2054.0   2644.560882696192 
  2055.0   2644.923807432704 
  2056.0   2645.1884847923197 
  2057.0   2645.590064234496 
  2058.0   2646.157805223936 
  2059.0   2646.754537242624 
  2060.0   2647.121756946432 
  2061.0   2647.400661385216 
  2062.0   2647.989340340224 
  2063.0   2648.545807040512 
  2064.0   2648.655060271104 
  2065.0   2649.001073573888 
  2066.0   2649.47942555648 
  2067.0   2649.785710411776 
  2068.0   2650.195342917632 
  2069.0   2650.7569098915837 
  2070.0   2650.95582056448 
  2071.0   2651.207344586752 
  2072.0   2651.57993299968 
  2073.0   2651.99063924736 
  2074.0   2652.394097737728 
  2075.0   2652.726689267712 
  2076.0   2652.9892191436797 
  2077.0   2653.361539121152 
  2078.0   2653.503004606464 
  2079.0   2653.70191527936 
  2080.0   2654.0436336148477 
  2081.0   2654.443065573376 
  2082.0   2654.75552444416 
  2083.0   2655.000606015488 
  2084.0   2655.259109359616 
  2085.0   2655.394132393984 
  2086.0   2655.520297058304 
  2087.0   2655.706054393856 
  2088.0   2656.11917656064 
  2089.0   2656.552162951168 
  2090.0   2656.751610494976 
  2091.0   2657.035078336512 
  2092.0   2657.294386987008 
  2093.0   2657.435047165952 
  2094.0   2657.591276601344 
  2095.0   2657.592618778624 
  2096.0   2657.68952397824 
  2097.0   2657.929505275904 
  2098.0   2658.243037888512 
  2099.0   2658.460202172416 
  2100.0   2658.797625540608 
