  2015.0   9.5810120096068 
  2016.0   9.694010767386729 
  2017.0   10.262138779524326 
  2018.0   10.10370547970722 
  2019.0   10.142498927346244 
  2020.0   9.731162619676086 
  2021.0   10.119798401011723 
  2022.0   9.953528504065414 
  2023.0   9.725278668928157 
  2024.0   10.248296159832313 
  2025.0   10.144406229661024 
  2026.0   10.229396125997967 
  2027.0   10.30564276968726 
  2028.0   10.287736197546266 
  2029.0   10.334201295466416 
  2030.0   10.59227277353811 
  2031.0   10.490700842364156 
  2032.0   10.006871575633816 
  2033.0   10.180811876240254 
  2034.0   10.089404711354424 
  2035.0   10.370843362188504 
  2036.0   10.712319715255914 
  2037.0   10.362012587805676 
  2038.0   10.591180806869747 
  2039.0   10.39665008975106 
  2040.0   10.173211980879744 
  2041.0   10.3778551602027 
  2042.0   10.422700023691329 
  2043.0   10.81737807552956 
  2044.0   10.797891315724451 
  2045.0   10.874719666021933 
  2046.0   10.915559508373846 
  2047.0   11.6043102585995 
  2048.0   10.841303366736945 
  2049.0   11.091284370297435 
  2050.0   11.001215788867189 
  2051.0   11.047359233730413 
  2052.0   10.72352641495922 
  2053.0   10.963243020411186 
  2054.0   11.06895727991696 
  2055.0   11.042922980105923 
  2056.0   10.741413418134622 
  2057.0   11.328433042842438 
  2058.0   11.571577666089789 
  2059.0   11.403721806435106 
  2060.0   11.3332601564653 
  2061.0   11.424166837809349 
  2062.0   11.471142342706948 
  2063.0   11.61089791636375 
  2064.0   11.686785742699493 
  2065.0   11.680360041380391 
  2066.0   11.882153124230937 
  2067.0   11.868136195680757 
  2068.0   11.611628809725211 
  2069.0   12.114717167345889 
  2070.0   12.164244980731354 
  2071.0   12.237336442569852 
  2072.0   11.708795676388139 
  2073.0   12.198960515124877 
  2074.0   12.590462756871736 
  2075.0   11.748529340611109 
  2076.0   12.289182592845767 
  2077.0   12.047812849826089 
  2078.0   12.049420026323006 
  2079.0   12.70231384414344 
  2080.0   12.578161905049814 
  2081.0   11.95982014172866 
  2082.0   12.501879809841551 
  2083.0   12.469971872525855 
  2084.0   12.04072744472077 
  2085.0   12.507354003460087 
  2086.0   12.63372479949564 
  2087.0   12.231113801346098 
  2088.0   12.42669086373388 
  2089.0   12.64651525466677 
  2090.0   12.834977053403659 
  2091.0   12.757196067306209 
  2092.0   12.947367329857663 
  2093.0   12.941193888553272 
  2094.0   12.801348471610886 
  2095.0   12.720830525285436 
  2096.0   13.178919016104448 
  2097.0   13.102542471304229 
  2098.0   13.135591534627798 
  2099.0   12.942702420377067 
  2100.0   12.676912645064824 
