  2015.0   3.607465140019924 
  2016.0   3.558077809577754 
  2017.0   3.8361234497684387 
  2018.0   3.854218412330899 
  2019.0   3.902828437878284 
  2020.0   3.7494765417706857 
  2021.0   3.722620839529596 
  2022.0   3.6770634344861604 
  2023.0   3.5769686021062816 
  2024.0   3.5847171223451326 
  2025.0   3.68446942290594 
  2026.0   3.672559841895192 
  2027.0   3.8589771535104984 
  2028.0   3.9591490703731154 
  2029.0   3.7215886603958466 
  2030.0   3.812554494507877 
  2031.0   3.7695105380890648 
  2032.0   3.836822799593283 
  2033.0   3.7605355000804983 
  2034.0   3.903342400599597 
  2035.0   3.9986147988800838 
  2036.0   3.8672838567098164 
  2037.0   3.8590820695647086 
  2038.0   3.723917955680307 
  2039.0   3.9220322727562884 
  2040.0   3.866535670001089 
  2041.0   4.109710729720629 
  2042.0   4.04633867245 
  2043.0   4.111725918350645 
  2044.0   3.930477818071172 
  2045.0   4.055130343815874 
  2046.0   3.8930219771315504 
  2047.0   4.065158878193021 
  2048.0   4.005885153679135 
  2049.0   4.094138947827593 
  2050.0   4.113081707194866 
  2051.0   4.087048332967895 
  2052.0   4.156599412680193 
  2053.0   4.065324723543954 
  2054.0   4.027934740988523 
  2055.0   4.2572990146404965 
  2056.0   4.412837267855049 
  2057.0   4.146778820427469 
  2058.0   4.381402817661541 
  2059.0   4.381850742687621 
  2060.0   4.382409677407177 
  2061.0   4.414483476117946 
  2062.0   4.588169228484081 
  2063.0   4.428674436135351 
  2064.0   4.417674891365499 
  2065.0   4.317357495432238 
  2066.0   4.538420119689656 
  2067.0   4.471013158724361 
  2068.0   4.441511755352099 
  2069.0   4.767122123718009 
  2070.0   4.701626088640945 
  2071.0   4.588938196028385 
  2072.0   4.8393003426723125 
  2073.0   4.896886402836978 
  2074.0   5.034314441245639 
  2075.0   5.011688138164461 
  2076.0   4.691974549875905 
  2077.0   4.734829058035736 
  2078.0   4.616590206250019 
  2079.0   5.002164766182985 
  2080.0   5.057692038903445 
  2081.0   4.872457267178451 
  2082.0   5.101429442966951 
  2083.0   5.108637059318279 
  2084.0   5.147598109911754 
  2085.0   5.226727728400518 
  2086.0   5.156465396485747 
  2087.0   5.318233631511787 
  2088.0   5.657256196626139 
  2089.0   5.641420520697611 
  2090.0   5.3978278081790405 
  2091.0   5.455125484929336 
  2092.0   5.394818076339953 
  2093.0   5.298086891366543 
  2094.0   5.579146049765772 
  2095.0   5.432198084003398 
  2096.0   5.323021843813269 
  2097.0   5.584516269288496 
  2098.0   5.704647585019616 
  2099.0   5.767206006122708 
  2100.0   5.911625298616578 
