  2015.0   1028.0024787693828 
  2016.0   1028.1461529478058 
  2017.0   1028.2556954486072 
  2018.0   1028.3526653568 
  2019.0   1028.5016356101407 
  2020.0   1028.7639731597696 
  2021.0   1029.122223968218 
  2022.0   1029.3465421186154 
  2023.0   1029.565639241746 
  2024.0   1029.7299639591959 
  2025.0   1029.8522217242405 
  2026.0   1030.0889242965488 
  2027.0   1030.3696741562976 
  2028.0   1030.6852447269855 
  2029.0   1031.0185622588792 
  2030.0   1031.306774004772 
  2031.0   1031.6059538234115 
  2032.0   1032.0073120747695 
  2033.0   1032.2447222563 
  2034.0   1032.305623509609 
  2035.0   1032.4070106725278 
  2036.0   1032.7824832029844 
  2037.0   1033.2225522018618 
  2038.0   1033.6251616088766 
  2039.0   1034.0302502575282 
  2040.0   1034.641168016637 
  2041.0   1035.3174521672097 
  2042.0   1035.6660198204938 
  2043.0   1035.9980847498662 
  2044.0   1036.3099924954943 
  2045.0   1036.6667019236545 
  2046.0   1037.0174030468793 
  2047.0   1037.391150143075 
  2048.0   1037.6983344066446 
  2049.0   1037.9683314764611 
  2050.0   1038.3186790962598 
  2051.0   1038.6185201641604 
  2052.0   1038.9761203228902 
  2053.0   1039.391794062119 
  2054.0   1039.9920220119543 
  2055.0   1040.5200983809236 
  2056.0   1040.9195471883575 
  2057.0   1041.4622718374499 
  2058.0   1041.906165996996 
  2059.0   1042.2249717577758 
  2060.0   1042.6739568143505 
  2061.0   1043.122786610328 
  2062.0   1043.5928528101085 
  2063.0   1044.175583764135 
  2064.0   1044.8289163581223 
  2065.0   1045.3901915906854 
  2066.0   1045.764024897496 
  2067.0   1046.162727741308 
  2068.0   1046.561096569347 
  2069.0   1046.9775234278661 
  2070.0   1047.5548026596898 
  2071.0   1047.9923240646876 
  2072.0   1048.5656263250082 
  2073.0   1048.9773221536477 
  2074.0   1049.1994581214065 
  2075.0   1049.4677920043089 
  2076.0   1049.840508838888 
  2077.0   1050.0740604557104 
  2078.0   1050.3634554900195 
  2079.0   1050.867036604646 
  2080.0   1051.3188852029139 
  2081.0   1051.8771351636478 
  2082.0   1052.3830029743883 
  2083.0   1052.8273251011958 
  2084.0   1053.0242560462093 
  2085.0   1053.3891830208067 
  2086.0   1053.7564622350899 
  2087.0   1054.3312464216233 
  2088.0   1054.6973808474293 
  2089.0   1054.707436898138 
  2090.0   1054.9012701202535 
  2091.0   1055.432267578979 
  2092.0   1055.8055706772734 
  2093.0   1055.9868300270712 
  2094.0   1056.5237599803766 
  2095.0   1057.0449495844134 
  2096.0   1057.5300582760067 
  2097.0   1057.6965352652685 
  2098.0   1057.9193019763939 
  2099.0   1058.0665419960867 
  2100.0   1058.3424514383519 
