  2015.0   -0.08108079054025578 
  2016.0   -0.005488395869011351 
  2017.0   -0.1685955844590159 
  2018.0   0.3295802147650687 
  2019.0   0.21722801761719573 
  2020.0   0.37528907746394863 
  2021.0   0.18107956458529642 
  2022.0   0.3341638354782104 
  2023.0   0.5637931799436622 
  2024.0   0.3285381054887814 
  2025.0   -0.06688752422075028 
  2026.0   0.29550628380552224 
  2027.0   0.1397085620905159 
  2028.0   0.1675845066154334 
  2029.0   0.3726071263288023 
  2030.0   0.4049556753238448 
  2031.0   0.34163946681614143 
  2032.0   0.06060141979439792 
  2033.0   0.7692833076759076 
  2034.0   0.6580076865005545 
  2035.0   0.543473149362275 
  2036.0   0.1788080620433286 
  2037.0   -0.20729618857925142 
  2038.0   0.26368875670551933 
  2039.0   0.5895991719609548 
  2040.0   0.47404857375608994 
  2041.0   0.4515042402565287 
  2042.0   0.6224469871367592 
  2043.0   0.3511401560245697 
  2044.0   -0.0003318473313442139 
  2045.0   0.2975097322777227 
  2046.0   0.532992323864554 
  2047.0   0.7760607262037822 
  2048.0   0.5738159567367919 
  2049.0   0.8317347074341432 
  2050.0   0.6165134475393192 
  2051.0   0.24784992318316101 
  2052.0   0.4482900221622547 
  2053.0   0.2942551946885165 
  2054.0   1.145784908755069 
  2055.0   0.5982626911942615 
  2056.0   0.5872895931587643 
  2057.0   0.2451514759826991 
  2058.0   -0.024010992300784677 
  2059.0   0.3627813640516896 
  2060.0   0.12626463304825933 
  2061.0   0.5470916056214253 
  2062.0   0.8276305555912215 
  2063.0   0.7193618765500323 
  2064.0   0.41712698813436483 
  2065.0   0.5061532535960903 
  2066.0   0.7872506613157545 
  2067.0   0.2831863345496014 
  2068.0   0.8644235404204282 
  2069.0   0.7293419946999625 
  2070.0   0.3048843571843842 
  2071.0   0.6309163792435926 
  2072.0   0.567929043329035 
  2073.0   0.5758889772426604 
  2074.0   0.7625315407044744 
  2075.0   0.918164683085454 
  2076.0   0.5151125735140155 
  2077.0   0.708993922995616 
  2078.0   0.8784559440647618 
  2079.0   0.6726673516625441 
  2080.0   0.7306238054146829 
  2081.0   0.31669948658259683 
  2082.0   0.434720628166889 
  2083.0   1.1359998211620976 
  2084.0   1.0238922177899594 
  2085.0   1.1249870495975816 
  2086.0   0.8075236622548059 
  2087.0   0.5668601242140783 
  2088.0   0.8805437290038176 
  2089.0   1.0512152891129218 
  2090.0   1.3832979440055122 
  2091.0   0.7950594355457871 
  2092.0   0.209798707260816 
  2093.0   0.3634287541472828 
  2094.0   0.7659100589463226 
  2095.0   1.050383419453744 
  2096.0   1.0381150414457947 
  2097.0   0.9773657124271773 
  2098.0   1.235794960618575 
  2099.0   1.0773494237825214 
  2100.0   1.0925745351978844 
