  2015.0   67.30520397804976 
  2016.0   67.48126540229144 
  2017.0   67.8096148841094 
  2018.0   68.17224924528496 
  2019.0   68.41490561405918 
  2020.0   68.64086950192807 
  2021.0   68.91348933530536 
  2022.0   69.20804757194637 
  2023.0   69.52212329269318 
  2024.0   69.83770280493387 
  2025.0   70.08684213060948 
  2026.0   70.30457342249782 
  2027.0   70.46949855462516 
  2028.0   70.64412967557679 
  2029.0   70.80674547652838 
  2030.0   70.93417364200182 
  2031.0   71.02355644540488 
  2032.0   71.22476388608823 
  2033.0   71.34402316573997 
  2034.0   71.48274648535464 
  2035.0   71.67819436842926 
  2036.0   71.79369675454198 
  2037.0   71.97602677544013 
  2038.0   72.22478964893594 
  2039.0   72.36018078165216 
  2040.0   72.42225027034216 
  2041.0   72.51044623536889 
  2042.0   72.64790840701025 
  2043.0   72.76629285944529 
  2044.0   72.88096597466976 
  2045.0   73.00293655477716 
  2046.0   73.14120343881262 
  2047.0   73.28221268442068 
  2048.0   73.44757386790272 
  2049.0   73.63796332394139 
  2050.0   73.89527921525305 
  2051.0   74.12493179604932 
  2052.0   74.31493619184899 
  2053.0   74.48144200962248 
  2054.0   74.60765358771903 
  2055.0   74.829293188765 
  2056.0   75.21422792678766 
  2057.0   75.69525051283804 
  2058.0   76.16491554176604 
  2059.0   76.45518901687494 
  2060.0   76.63660385566948 
  2061.0   76.77916574558736 
  2062.0   76.96245939250868 
  2063.0   77.27465289487971 
  2064.0   77.58084492343792 
  2065.0   77.81446686154408 
  2066.0   78.1550910125158 
  2067.0   78.48989334050607 
  2068.0   78.80021955805492 
  2069.0   79.07540250543589 
  2070.0   79.31233513111404 
  2071.0   79.482559471489 
  2072.0   79.75033015462947 
  2073.0   80.15089361261882 
  2074.0   80.65553436474666 
  2075.0   80.9422733842142 
  2076.0   81.02804685333616 
  2077.0   81.09326422589103 
  2078.0   81.31961254059524 
  2079.0   81.69712059154175 
  2080.0   82.18903457293776 
  2081.0   82.57777859478263 
  2082.0   82.76810756236624 
  2083.0   82.97011950345757 
  2084.0   83.27611796755664 
  2085.0   83.67097078308515 
  2086.0   84.09155022929654 
  2087.0   84.45769273132447 
  2088.0   84.79103840800495 
  2089.0   85.13070948453974 
  2090.0   85.41778433886381 
  2091.0   85.70891621332939 
  2092.0   86.09367624141514 
  2093.0   86.51025992985095 
  2094.0   86.91188436917562 
  2095.0   87.24401898973544 
  2096.0   87.60107368541641 
  2097.0   88.04438804051928 
  2098.0   88.35070283397333 
  2099.0   88.50953967884678 
  2100.0   88.93615728850965 
