  2015.0   266.8805428508483 
  2016.0   266.03175692431483 
  2017.0   266.18140852207785 
  2018.0   266.0829883114017 
  2019.0   265.97573387097475 
  2020.0   265.69994027638023 
  2021.0   265.7298133724065 
  2022.0   266.3639598682506 
  2023.0   266.32826625041565 
  2024.0   265.77894165168397 
  2025.0   266.0147218864675 
  2026.0   266.48045036032863 
  2027.0   266.2791836348478 
  2028.0   266.0770747119062 
  2029.0   266.58590358985396 
  2030.0   266.6596158065077 
  2031.0   266.2356089019239 
  2032.0   266.5004351981077 
  2033.0   266.73776927447994 
  2034.0   266.2238402893919 
  2035.0   266.57998386306997 
  2036.0   266.47118612049485 
  2037.0   267.73724615376966 
  2038.0   266.3303423360607 
  2039.0   266.6416376298316 
  2040.0   267.89683549953577 
  2041.0   267.1087669294346 
  2042.0   266.61015658992943 
  2043.0   267.9216311090941 
  2044.0   266.87582148631856 
  2045.0   266.637865212103 
  2046.0   267.93795839369216 
  2047.0   266.8818129694724 
  2048.0   266.8470784725241 
  2049.0   267.36754503845725 
  2050.0   267.65688940095094 
  2051.0   267.5314837576888 
  2052.0   268.9793972805279 
  2053.0   268.61978106101657 
  2054.0   268.34988239631986 
  2055.0   268.21773851246763 
  2056.0   268.4178067605636 
  2057.0   268.60156273798606 
  2058.0   267.67174308954804 
  2059.0   268.15951784608035 
  2060.0   267.71276606602726 
  2061.0   268.3216116983802 
  2062.0   269.0851449672605 
  2063.0   268.60127127806396 
  2064.0   268.2671112376314 
  2065.0   268.9105311205823 
  2066.0   268.59927047139706 
  2067.0   269.03297972692155 
  2068.0   268.39744611693123 
  2069.0   269.2688374370749 
  2070.0   269.7884137120148 
  2071.0   268.6778404555496 
  2072.0   270.05785702044057 
  2073.0   270.0214777582686 
  2074.0   269.23971462494484 
  2075.0   269.47274353540104 
  2076.0   269.3549606912601 
  2077.0   268.94891719885754 
  2078.0   269.55511477525783 
  2079.0   269.25387533527777 
  2080.0   269.02202490474525 
  2081.0   269.69225266543697 
  2082.0   270.1134113409947 
  2083.0   270.26774061957207 
  2084.0   270.64796106690767 
  2085.0   270.554493239294 
  2086.0   270.4842996848723 
  2087.0   269.9189214891391 
  2088.0   270.8207708007346 
  2089.0   271.123787921419 
  2090.0   271.433379406815 
  2091.0   270.4757553622125 
  2092.0   270.22285240721845 
  2093.0   271.33363387284476 
  2094.0   270.88620811475715 
  2095.0   271.0469884835879 
  2096.0   270.69913036572245 
  2097.0   271.3421582597161 
  2098.0   271.2799303786895 
  2099.0   271.8504719354644 
  2100.0   272.1136561236076 
