  2015.0   48.8122694777576 
  2016.0   49.04908731041075 
  2017.0   49.27080015875023 
  2018.0   49.52808851133493 
  2019.0   49.63962458999095 
  2020.0   49.71538956929536 
  2021.0   49.81714028620919 
  2022.0   50.10885805321826 
  2023.0   50.364999854095515 
  2024.0   50.60384857960872 
  2025.0   51.02582861110353 
  2026.0   51.45460005500722 
  2027.0   51.93415725000121 
  2028.0   52.14017440176299 
  2029.0   52.405231591629295 
  2030.0   52.845574039186765 
  2031.0   53.34180638673764 
  2032.0   53.82389992853447 
  2033.0   54.08224902946906 
  2034.0   54.50893042597413 
  2035.0   55.077282346410755 
  2036.0   55.64228580324645 
  2037.0   56.12293311859095 
  2038.0   56.625602808476906 
  2039.0   56.89095861203738 
  2040.0   57.34902148873435 
  2041.0   57.719397846244135 
  2042.0   58.02200672886946 
  2043.0   58.40740007208774 
  2044.0   58.695061175101756 
  2045.0   59.068987045031314 
  2046.0   59.6332476121092 
  2047.0   59.958472975864225 
  2048.0   60.272943790035555 
  2049.0   60.656934075759494 
  2050.0   60.82559711165243 
  2051.0   61.11408278743098 
  2052.0   61.617243228841915 
  2053.0   62.19962731884225 
  2054.0   62.74581609581657 
  2055.0   63.091626242359794 
  2056.0   63.38398504542986 
  2057.0   64.06489577184914 
  2058.0   64.87738993300553 
  2059.0   65.54467928492971 
  2060.0   65.78248804989217 
  2061.0   66.06022308346421 
  2062.0   66.56401649717608 
  2063.0   66.80488402471079 
  2064.0   67.00683684971966 
  2065.0   67.39272891938153 
  2066.0   67.9336091854921 
  2067.0   68.17561573812503 
  2068.0   68.47490912849761 
  2069.0   69.10375510571367 
  2070.0   69.71656192504801 
  2071.0   70.25591303871796 
  2072.0   70.62777637257983 
  2073.0   70.94768206984283 
  2074.0   71.32304311943874 
  2075.0   71.8325296480806 
  2076.0   72.44446491288369 
  2077.0   73.0223051659011 
  2078.0   73.4684059503856 
  2079.0   73.98770130013709 
  2080.0   74.56456535928795 
  2081.0   75.04695206878841 
  2082.0   75.59925550384378 
  2083.0   76.14497816095837 
  2084.0   76.68842026830934 
  2085.0   77.10964975326479 
  2086.0   77.52111094818878 
  2087.0   77.8483037657489 
  2088.0   78.10910523871557 
  2089.0   78.67846267040127 
  2090.0   79.4413076194613 
  2091.0   80.16479784308808 
  2092.0   80.76564076160209 
  2093.0   81.17381428625279 
  2094.0   81.44939525282958 
  2095.0   81.94485706293642 
  2096.0   82.5930642068302 
  2097.0   83.20230195249408 
  2098.0   83.71563175876173 
  2099.0   83.99177973765109 
  2100.0   84.23449481157456 
