  2015.0   733.3147293518001 
  2016.0   733.3173685333234 
  2017.0   733.3497492912312 
  2018.0   733.362472956132 
  2019.0   733.346247222404 
  2020.0   733.3278036414445 
  2021.0   733.3603583073843 
  2022.0   733.4132246349448 
  2023.0   733.4571435467785 
  2024.0   733.494881345807 
  2025.0   733.5456222903351 
  2026.0   733.5753019065569 
  2027.0   733.5666533337884 
  2028.0   733.5450715330211 
  2029.0   733.5373871271989 
  2030.0   733.5473640229934 
  2031.0   733.5500867629934 
  2032.0   733.5507956988937 
  2033.0   733.5334273413555 
  2034.0   733.5467987706941 
  2035.0   733.5834974443834 
  2036.0   733.6042753070842 
  2037.0   733.5919822387294 
  2038.0   733.5696122858183 
  2039.0   733.6031428064655 
  2040.0   733.6394781531585 
  2041.0   733.6601214530064 
  2042.0   733.6856257147247 
  2043.0   733.6769665726275 
  2044.0   733.6109152502569 
  2045.0   733.5761357146943 
  2046.0   733.5719012944147 
  2047.0   733.5618528939 
  2048.0   733.5442289760766 
  2049.0   733.5192695245089 
  2050.0   733.5079919689664 
  2051.0   733.5050151664764 
  2052.0   733.5314862998389 
  2053.0   733.5433048364844 
  2054.0   733.5409560089241 
  2055.0   733.5175852383417 
  2056.0   733.5029037733422 
  2057.0   733.4913517790759 
  2058.0   733.5201886122745 
  2059.0   733.5788229856455 
  2060.0   733.609501656176 
  2061.0   733.6105628797661 
  2062.0   733.5916494182505 
  2063.0   733.550573747901 
  2064.0   733.514008191288 
  2065.0   733.5003043947197 
  2066.0   733.4729982599264 
  2067.0   733.4795269170278 
  2068.0   733.5158587131425 
  2069.0   733.5325925770298 
  2070.0   733.517151011439 
  2071.0   733.4709781609167 
  2072.0   733.439521102408 
  2073.0   733.3924363608544 
  2074.0   733.3801036595863 
  2075.0   733.3929680483913 
  2076.0   733.3689742945809 
  2077.0   733.3470714949166 
  2078.0   733.3402169543025 
  2079.0   733.3228557337958 
  2080.0   733.2956645322672 
  2081.0   733.2817855787346 
  2082.0   733.2680901471451 
  2083.0   733.2466284523065 
  2084.0   733.2144706722694 
  2085.0   733.171830352899 
  2086.0   733.1343554044934 
  2087.0   733.0592886616884 
  2088.0   732.9862290147985 
  2089.0   732.8964725318068 
  2090.0   732.8171900140238 
  2091.0   732.7496373480637 
  2092.0   732.7092904541234 
  2093.0   732.6393528892443 
  2094.0   732.4945117238652 
  2095.0   732.3539747875868 
  2096.0   732.2355393837584 
  2097.0   732.1366588367376 
  2098.0   732.0546800042144 
  2099.0   732.0008994169782 
  2100.0   731.9361388737377 
