  2015.0   5.156009093321724 
  2016.0   5.356104735532402 
  2017.0   5.491748180712798 
  2018.0   5.311992177775166 
  2019.0   5.180155718492374 
  2020.0   5.151081988405761 
  2021.0   5.219418191746812 
  2022.0   5.393800187035009 
  2023.0   5.016536898964618 
  2024.0   5.313440233128113 
  2025.0   5.261297922512222 
  2026.0   5.336508945393942 
  2027.0   5.3575232733291696 
  2028.0   5.209122466550946 
  2029.0   5.186650439576699 
  2030.0   5.258956719019021 
  2031.0   5.197977022433091 
  2032.0   5.370389177157407 
  2033.0   5.540799514737919 
  2034.0   5.557349007597793 
  2035.0   5.67888349800484 
  2036.0   5.6874477284648695 
  2037.0   5.740611930117672 
  2038.0   5.724689529976178 
  2039.0   5.518266984271381 
  2040.0   5.474552287538179 
  2041.0   5.780843669018512 
  2042.0   5.66756175674498 
  2043.0   5.628095239438592 
  2044.0   5.830180748988052 
  2045.0   5.861673755586448 
  2046.0   5.906821340122518 
  2047.0   5.921815101292287 
  2048.0   5.88045311733726 
  2049.0   5.92565404621283 
  2050.0   6.0130476153110255 
  2051.0   5.959812851327366 
  2052.0   5.972094384487527 
  2053.0   6.107229325571362 
  2054.0   6.028546992232062 
  2055.0   5.978542082868014 
  2056.0   6.087886169561877 
  2057.0   6.099320098819046 
  2058.0   5.864248038261071 
  2059.0   6.11356093723792 
  2060.0   6.209815116709272 
  2061.0   6.249247930971263 
  2062.0   6.495974358019602 
  2063.0   6.017845222615403 
  2064.0   6.15526122744831 
  2065.0   6.329821134324325 
  2066.0   6.356029076367938 
  2067.0   6.376790486402491 
  2068.0   6.8127498050560895 
  2069.0   6.3548067148641145 
  2070.0   6.245397749436422 
  2071.0   6.567626476289528 
  2072.0   6.267254721723773 
  2073.0   6.473849744088877 
  2074.0   6.35268528957625 
  2075.0   6.495384306467885 
  2076.0   6.536858087555807 
  2077.0   6.700788510176037 
  2078.0   6.686753059785619 
  2079.0   6.564423781323937 
  2080.0   6.757084634488553 
  2081.0   6.8752787568460665 
  2082.0   6.769853137365824 
  2083.0   7.032567062987351 
  2084.0   6.9380830933448605 
  2085.0   6.858859894524609 
  2086.0   6.9278436814086675 
  2087.0   6.697779639841279 
  2088.0   6.78817690598662 
  2089.0   7.074956920141915 
  2090.0   6.872990611027107 
  2091.0   7.0695393928582195 
  2092.0   6.790957328291623 
  2093.0   6.902817989654824 
  2094.0   7.081681117146285 
  2095.0   6.902251490471148 
  2096.0   6.925200378130396 
  2097.0   7.288457381197646 
  2098.0   7.158386656031446 
  2099.0   7.141738541780225 
  2100.0   7.340132484935854 
