  2015.0   822.9097576684085 
  2016.0   822.8947026647902 
  2017.0   822.8963641854228 
  2018.0   823.0495183259006 
  2019.0   823.2758229778217 
  2020.0   823.6271191114686 
  2021.0   823.9612086494026 
  2022.0   824.2595172584139 
  2023.0   824.5951699015233 
  2024.0   824.7301454987052 
  2025.0   824.7536662980298 
  2026.0   824.987617957464 
  2027.0   825.3131508347248 
  2028.0   825.768539575359 
  2029.0   826.1051929320196 
  2030.0   826.2242962349942 
  2031.0   826.4036042563918 
  2032.0   826.679581685062 
  2033.0   827.1221855819822 
  2034.0   827.4226676846979 
  2035.0   827.6377538797362 
  2036.0   827.9298974418346 
  2037.0   828.2737422631997 
  2038.0   828.6313091131278 
  2039.0   828.9454553443879 
  2040.0   829.2034572897995 
  2041.0   829.3551005063584 
  2042.0   829.4562954683557 
  2043.0   829.8074284295903 
  2044.0   830.2486844518629 
  2045.0   830.6656720086536 
  2046.0   831.2408331602135 
  2047.0   831.7681518005828 
  2048.0   832.2043069585312 
  2049.0   832.7643220097913 
  2050.0   833.4375593124013 
  2051.0   834.0086709604273 
  2052.0   834.5011291255253 
  2053.0   835.0843401251628 
  2054.0   835.4925645197487 
  2055.0   835.7987650830128 
  2056.0   836.3233326072028 
  2057.0   836.892294639045 
  2058.0   837.2622893241609 
  2059.0   837.536139523483 
  2060.0   837.7637141151037 
  2061.0   838.174008828095 
  2062.0   838.8449010230205 
  2063.0   839.4047567595759 
  2064.0   839.9931656680114 
  2065.0   840.4741287134823 
  2066.0   841.006688862631 
  2067.0   841.528548922418 
  2068.0   841.9568042539205 
  2069.0   842.4098869047201 
  2070.0   842.8333423417928 
  2071.0   843.3652152524546 
  2072.0   843.8775393868025 
  2073.0   844.524794301761 
  2074.0   845.0026081557605 
  2075.0   845.5131357561789 
  2076.0   846.126668999209 
  2077.0   846.6504848770136 
  2078.0   847.0272316791437 
  2079.0   847.5028151054329 
  2080.0   848.0000061595277 
  2081.0   848.5250736364497 
  2082.0   849.0728928812075 
  2083.0   849.532390652719 
  2084.0   849.9369175429847 
  2085.0   850.444305160255 
  2086.0   850.847897372262 
  2087.0   851.4909083276247 
  2088.0   852.316871490316 
  2089.0   852.9446410990394 
  2090.0   853.3424383015821 
  2091.0   853.8794324028056 
  2092.0   854.3504798002905 
  2093.0   854.8850437333065 
  2094.0   855.3941182333988 
  2095.0   855.9289619853015 
  2096.0   856.5195940656439 
  2097.0   857.1936345868669 
  2098.0   857.6764192472187 
  2099.0   858.1995333310788 
  2100.0   858.6094998099389 
