  2015.0   4.7866394543764645 
  2016.0   4.518171271055439 
  2017.0   4.786979343948218 
  2018.0   4.730068131844495 
  2019.0   4.69348607163554 
  2020.0   4.5808175116907135 
  2021.0   4.470391343206965 
  2022.0   4.796060853639272 
  2023.0   4.718682914895808 
  2024.0   4.768305141175465 
  2025.0   4.862311546401258 
  2026.0   4.752421619821073 
  2027.0   4.657072071098086 
  2028.0   4.880038123199376 
  2029.0   4.999970554008287 
  2030.0   4.92313420423315 
  2031.0   4.716061922698415 
  2032.0   4.808969119600925 
  2033.0   4.955953306061121 
  2034.0   4.969824115883402 
  2035.0   4.912295833511776 
  2036.0   4.999718913762444 
  2037.0   5.2081056670787085 
  2038.0   4.982140648118286 
  2039.0   5.0991179440141305 
  2040.0   5.030082118803311 
  2041.0   5.047251520862482 
  2042.0   5.180047088742791 
  2043.0   5.0571178304457085 
  2044.0   5.12921382953802 
  2045.0   5.140256097084544 
  2046.0   5.310766741918834 
  2047.0   5.165822796289256 
  2048.0   5.091502384257832 
  2049.0   5.011665803067113 
  2050.0   5.01516148486227 
  2051.0   5.287603245700737 
  2052.0   5.31478445193478 
  2053.0   5.295563829187811 
  2054.0   5.023267176310203 
  2055.0   5.235582363331928 
  2056.0   4.956677323942212 
  2057.0   5.34108227783162 
  2058.0   5.198840207852774 
  2059.0   5.3682434303768405 
  2060.0   5.228551177722879 
  2061.0   5.376405602271011 
  2062.0   5.441561583028504 
  2063.0   5.604009161667707 
  2064.0   5.524684655308516 
  2065.0   5.365720931070342 
  2066.0   5.309464472368693 
  2067.0   5.476531653883138 
  2068.0   5.362724611003227 
  2069.0   5.57215385310296 
  2070.0   5.417432957413458 
  2071.0   5.343457139076678 
  2072.0   5.340148503122473 
  2073.0   5.5191812255154495 
  2074.0   5.641356793404342 
  2075.0   5.645516068205842 
  2076.0   5.486010020772892 
  2077.0   5.583174410560628 
  2078.0   5.653569781671758 
  2079.0   5.6627597100269025 
  2080.0   5.490474878834596 
  2081.0   5.534924098519934 
  2082.0   5.673423931244105 
  2083.0   5.569181873190397 
  2084.0   5.893705552193742 
  2085.0   5.782192876728645 
  2086.0   5.932986558692156 
  2087.0   5.557717902751327 
  2088.0   6.063234455756717 
  2089.0   5.79628617691406 
  2090.0   5.793300097457256 
  2091.0   5.936136877818519 
  2092.0   5.807432151638467 
  2093.0   5.794999962130207 
  2094.0   5.617265498302824 
  2095.0   5.7083984809723765 
  2096.0   5.705613652233158 
  2097.0   5.8253778747009 
  2098.0   5.62967999616859 
  2099.0   5.821920413993692 
  2100.0   5.827007575788045 
