  2015.0   195.7328922766726 
  2016.0   195.789755397873 
  2017.0   195.83612895866193 
  2018.0   195.88919140770156 
  2019.0   195.94505742974377 
  2020.0   196.0083596845874 
  2021.0   196.06340362735827 
  2022.0   196.1172139669508 
  2023.0   196.18120769796587 
  2024.0   196.24492744362576 
  2025.0   196.30672614764853 
  2026.0   196.37470653265046 
  2027.0   196.44937614400087 
  2028.0   196.52892878596768 
  2029.0   196.601193040016 
  2030.0   196.66626840855213 
  2031.0   196.73599716615394 
  2032.0   196.809215905976 
  2033.0   196.87893628918073 
  2034.0   196.95198682398748 
  2035.0   197.01911461585806 
  2036.0   197.08417798597281 
  2037.0   197.1436741264671 
  2038.0   197.2034409175827 
  2039.0   197.2737511132504 
  2040.0   197.34905725351317 
  2041.0   197.42160584093858 
  2042.0   197.49263350401068 
  2043.0   197.56269288918733 
  2044.0   197.63287782847792 
  2045.0   197.70085816695135 
  2046.0   197.76471659352933 
  2047.0   197.83611312668287 
  2048.0   197.89773316641126 
  2049.0   197.94651989846253 
  2050.0   197.99879636705526 
  2051.0   198.0677154749106 
  2052.0   198.13241863056857 
  2053.0   198.19954047052659 
  2054.0   198.26744466354134 
  2055.0   198.32583946354444 
  2056.0   198.359641268293 
  2057.0   198.39412947393063 
  2058.0   198.44887377961294 
  2059.0   198.51354730068977 
  2060.0   198.57911985038152 
  2061.0   198.64969625746338 
  2062.0   198.71446464682964 
  2063.0   198.76962295218868 
  2064.0   198.822726068727 
  2065.0   198.88355459192735 
  2066.0   198.93165055674714 
  2067.0   198.97881302248675 
  2068.0   199.02369781564332 
  2069.0   199.06892852828014 
  2070.0   199.12766976215832 
  2071.0   199.18788825157205 
  2072.0   199.23405873723985 
  2073.0   199.264468566613 
  2074.0   199.30038874951154 
  2075.0   199.3525702691935 
  2076.0   199.41498718344064 
  2077.0   199.47687283497555 
  2078.0   199.5332863118069 
  2079.0   199.57371697947093 
  2080.0   199.60116387230832 
  2081.0   199.64563829357903 
  2082.0   199.70647370592988 
  2083.0   199.75822612800926 
  2084.0   199.79998714958853 
  2085.0   199.83812655622316 
  2086.0   199.87807076325288 
  2087.0   199.9286751671531 
  2088.0   199.97045075121449 
  2089.0   200.00414596698997 
  2090.0   200.03834908423914 
  2091.0   200.08762035736004 
  2092.0   200.12954821265234 
  2093.0   200.1672149638661 
  2094.0   200.21068673531633 
  2095.0   200.24183249951122 
  2096.0   200.26195652063996 
  2097.0   200.29423110067574 
  2098.0   200.3441890301857 
  2099.0   200.3898855654351 
  2100.0   200.40845184808634 
