  2015.0   267.653277895443 
  2016.0   268.3162449824979 
  2017.0   268.501625992542 
  2018.0   268.2895235027604 
  2019.0   269.29704189977843 
  2020.0   269.0116919643503 
  2021.0   268.4430363696787 
  2022.0   268.69325915860253 
  2023.0   269.2310062248524 
  2024.0   268.4615836627584 
  2025.0   267.8891476768921 
  2026.0   268.62756887758945 
  2027.0   269.51180300821824 
  2028.0   269.38058255978734 
  2029.0   268.1055974368145 
  2030.0   269.31175065394933 
  2031.0   269.12903919548427 
  2032.0   268.6661553945282 
  2033.0   268.9465473993882 
  2034.0   269.41865981621834 
  2035.0   268.52084966954254 
  2036.0   269.23388575282684 
  2037.0   268.64668355091686 
  2038.0   268.7187363005083 
  2039.0   269.5863980971787 
  2040.0   268.7600728795127 
  2041.0   269.0292527612905 
  2042.0   268.86185541359305 
  2043.0   270.2431594403756 
  2044.0   268.79436690147224 
  2045.0   269.6828946197997 
  2046.0   268.6296497027996 
  2047.0   269.03925137090266 
  2048.0   269.82532133021033 
  2049.0   270.022601724798 
  2050.0   269.92821620200993 
  2051.0   269.4661604060244 
  2052.0   269.281937000409 
  2053.0   270.29178868241615 
  2054.0   269.7757863278969 
  2055.0   270.13516309970805 
  2056.0   270.05776406653456 
  2057.0   270.4957913877874 
  2058.0   269.85053550625935 
  2059.0   270.1817591678305 
  2060.0   270.5803333371135 
  2061.0   270.37999950805715 
  2062.0   270.7627082500939 
  2063.0   270.85216713661396 
  2064.0   270.4602123368979 
  2065.0   271.2605611821288 
  2066.0   270.8310806844782 
  2067.0   270.23651500137447 
  2068.0   271.025964088267 
  2069.0   271.74772628267846 
  2070.0   270.7336712748235 
  2071.0   271.8404158258553 
  2072.0   271.1439975339084 
  2073.0   271.3995892928991 
  2074.0   272.2292356202147 
  2075.0   271.65832609558873 
  2076.0   272.06772426422475 
  2077.0   273.137001049357 
  2078.0   271.92645315823665 
  2079.0   272.43400719511004 
  2080.0   272.5546104557553 
  2081.0   272.9620943703047 
  2082.0   272.9643783921389 
  2083.0   272.90075080884986 
  2084.0   273.53468134097113 
  2085.0   273.38448260295496 
  2086.0   273.1660404949707 
  2087.0   273.53642936388576 
  2088.0   272.7653706850004 
  2089.0   273.4734117190422 
  2090.0   273.0458361655147 
  2091.0   272.57091130689116 
  2092.0   274.1329707981768 
  2093.0   274.49716112309824 
  2094.0   274.0889319248167 
  2095.0   274.3362095390867 
  2096.0   274.8623876614098 
  2097.0   273.9593811933135 
  2098.0   274.6257796208844 
  2099.0   273.975963968204 
  2100.0   273.79798012762365 
