  2015.0   0.5574121383053934 
  2016.0   0.43822723817754666 
  2017.0   0.6325500167766404 
  2018.0   0.6460198443583035 
  2019.0   0.6421837758880428 
  2020.0   0.6398301082191563 
  2021.0   0.541659946230816 
  2022.0   0.5716379545020689 
  2023.0   0.4214830732212343 
  2024.0   0.9742913967488861 
  2025.0   0.7108290468809269 
  2026.0   0.7614463608887975 
  2027.0   0.951377383888033 
  2028.0   0.8563103793931447 
  2029.0   0.6513924121134478 
  2030.0   0.864705306324912 
  2031.0   0.9658087563198999 
  2032.0   0.6908453717107994 
  2033.0   0.9274778051877152 
  2034.0   0.9153507188186953 
  2035.0   0.8546526717370437 
  2036.0   0.9566704370271809 
  2037.0   1.0564695712775367 
  2038.0   1.06884580618581 
  2039.0   1.1333142466589678 
  2040.0   0.8622453536830198 
  2041.0   1.0775438746089865 
  2042.0   0.9282256811219921 
  2043.0   1.105903412608411 
  2044.0   1.3967222449113461 
  2045.0   0.884499050653076 
  2046.0   1.0025451766274929 
  2047.0   1.248614583947678 
  2048.0   1.0608157231949835 
  2049.0   1.12294052079386 
  2050.0   1.258468619578114 
  2051.0   1.2109764536852465 
  2052.0   1.1118271511259594 
  2053.0   1.1247042567086032 
  2054.0   1.1640088245648348 
  2055.0   1.481139805833216 
  2056.0   1.312597096917132 
  2057.0   1.3413459865144266 
  2058.0   1.4070309815185509 
  2059.0   1.3905955533345289 
  2060.0   1.0864742918436732 
  2061.0   1.157524326507347 
  2062.0   1.148368360694275 
  2063.0   1.3029197482048476 
  2064.0   1.3135190071287088 
  2065.0   1.2847228688028627 
  2066.0   1.6586861362503238 
  2067.0   1.5291448175193716 
  2068.0   1.1644510211358228 
  2069.0   1.435442734441855 
  2070.0   1.2982523172096616 
  2071.0   1.4528571051665056 
  2072.0   1.4991298755545992 
  2073.0   1.2827598697041491 
  2074.0   1.2094997193308696 
  2075.0   1.404497293904825 
  2076.0   1.4092734578992674 
  2077.0   1.610383133660122 
  2078.0   1.084078969233829 
  2079.0   1.2445868370226285 
  2080.0   1.096502282025817 
  2081.0   1.2944071801186787 
  2082.0   1.3221146763029161 
  2083.0   1.128470264017144 
  2084.0   0.9988977020382532 
  2085.0   1.452112367538517 
  2086.0   1.274079228766729 
  2087.0   1.3226904838856977 
  2088.0   1.4309097308161185 
  2089.0   1.3406396297987968 
  2090.0   1.468627328888127 
  2091.0   1.4063668461288783 
  2092.0   1.1066222668523302 
  2093.0   1.1926981616160222 
  2094.0   1.1183119629773546 
  2095.0   1.3952806508401048 
  2096.0   1.2305193831221308 
  2097.0   1.4588069005064068 
  2098.0   1.2506134665140838 
  2099.0   0.6290857076341613 
  2100.0   1.3188840104788018 
