  2015.0   1.6034862163971808 
  2016.0   1.5377114249346777 
  2017.0   1.6366181970219729 
  2018.0   1.589443329325964 
  2019.0   1.5752502440356262 
  2020.0   1.5930902816908867 
  2021.0   1.576939281040437 
  2022.0   1.5085925709318637 
  2023.0   1.5705691571223273 
  2024.0   1.5233921454207935 
  2025.0   1.5562831685053509 
  2026.0   1.4744341242576653 
  2027.0   1.557325988472963 
  2028.0   1.553594041377502 
  2029.0   1.5881848623184123 
  2030.0   1.5781801778341495 
  2031.0   1.6177794837774366 
  2032.0   1.620861306913536 
  2033.0   1.5534213343207688 
  2034.0   1.5444196315350813 
  2035.0   1.6411070678652033 
  2036.0   1.5341625468283013 
  2037.0   1.562965780179638 
  2038.0   1.6418738516999565 
  2039.0   1.6267311527899408 
  2040.0   1.5264733746378898 
  2041.0   1.634079615641747 
  2042.0   1.6300347782414446 
  2043.0   1.6469182112742653 
  2044.0   1.662600212672809 
  2045.0   1.5957877510728045 
  2046.0   1.6127210736789708 
  2047.0   1.6341402277901602 
  2048.0   1.6548518985063965 
  2049.0   1.5416015495044695 
  2050.0   1.5904411269064294 
  2051.0   1.611354438782616 
  2052.0   1.5816979255190948 
  2053.0   1.6058149587233324 
  2054.0   1.5373058058941038 
  2055.0   1.603629955463918 
  2056.0   1.5914523269192578 
  2057.0   1.5293340213797586 
  2058.0   1.5869765339255897 
  2059.0   1.6500994998779657 
  2060.0   1.5752107000365356 
  2061.0   1.6329356240773691 
  2062.0   1.6891438720450034 
  2063.0   1.657191673966027 
  2064.0   1.8224293771442968 
  2065.0   1.6049425009322467 
  2066.0   1.6958563580232424 
  2067.0   1.7325040564562255 
  2068.0   1.6886489214405653 
  2069.0   1.7346629924592616 
  2070.0   1.6718831219083168 
  2071.0   1.6720692786898628 
  2072.0   1.6511336271104742 
  2073.0   1.7033942498485162 
  2074.0   1.694275890293507 
  2075.0   1.6531218286404905 
  2076.0   1.6891791244514551 
  2077.0   1.7607811528424486 
  2078.0   1.7182742790363537 
  2079.0   1.7416811963251206 
  2080.0   1.7261480869211938 
  2081.0   1.7299883072458773 
  2082.0   1.7527878803606314 
  2083.0   1.7286330045507077 
  2084.0   1.7260937226823403 
  2085.0   1.6788222702177293 
  2086.0   1.7200614266072018 
  2087.0   1.7349150375557159 
  2088.0   1.7673981290373344 
  2089.0   1.7428965102843605 
  2090.0   1.71166315510549 
  2091.0   1.7441380877734787 
  2092.0   1.7471147371220535 
  2093.0   1.84023505194425 
  2094.0   1.843158044585268 
  2095.0   1.7739332336202907 
  2096.0   1.7696361543229913 
  2097.0   1.7568988397421772 
  2098.0   1.7564245713739122 
  2099.0   1.7654708137216997 
  2100.0   1.782739055975813 
