  2015.0   296.33538169322617 
  2016.0   296.61915439666035 
  2017.0   296.9665404480353 
  2018.0   297.29513598972136 
  2019.0   297.59379237520136 
  2020.0   297.9443202674054 
  2021.0   298.3452685807051 
  2022.0   298.75416522284735 
  2023.0   299.21098032601077 
  2024.0   299.69858490534597 
  2025.0   300.20739280735415 
  2026.0   300.6406732155804 
  2027.0   301.26556761905107 
  2028.0   301.8495915426732 
  2029.0   302.19950239674586 
  2030.0   302.64932648072545 
  2031.0   303.07219000342917 
  2032.0   303.49236827692084 
  2033.0   303.9708111521132 
  2034.0   304.37405887040774 
  2035.0   304.9551057543437 
  2036.0   305.52830094343744 
  2037.0   305.9478932113885 
  2038.0   306.45650147406275 
  2039.0   307.0732291519408 
  2040.0   307.7201253351145 
  2041.0   308.2876183865099 
  2042.0   308.8586730056875 
  2043.0   309.37612141455094 
  2044.0   310.0321080570614 
  2045.0   310.7747912823945 
  2046.0   311.54581239010935 
  2047.0   312.2434321220662 
  2048.0   312.78765939530183 
  2049.0   313.46789698358884 
  2050.0   314.1707394697036 
  2051.0   314.8087442427565 
  2052.0   315.48375216281073 
  2053.0   316.1509124488252 
  2054.0   316.73926888192256 
  2055.0   317.3983640954214 
  2056.0   318.2283816107488 
  2057.0   319.0234960219326 
  2058.0   319.7812683057701 
  2059.0   320.5565505550778 
  2060.0   321.3438777235817 
  2061.0   322.10530860293574 
  2062.0   322.9090675221113 
  2063.0   323.58794620166293 
  2064.0   324.2841713875528 
  2065.0   325.076827582945 
  2066.0   325.90146290854756 
  2067.0   326.5552500016048 
  2068.0   327.27634404146136 
  2069.0   328.2163113081875 
  2070.0   328.9447352161827 
  2071.0   329.8142331211567 
  2072.0   330.71468863616514 
  2073.0   331.66142104051204 
  2074.0   332.60168355215666 
  2075.0   333.3602643783136 
  2076.0   334.0661185528164 
  2077.0   334.9289298349506 
  2078.0   335.64339094409155 
  2079.0   336.1966569705471 
  2080.0   336.80203953089114 
  2081.0   337.67447215165953 
  2082.0   338.4076627506235 
  2083.0   339.0482200857873 
  2084.0   339.8178802842793 
  2085.0   340.60113604833697 
  2086.0   341.31007970308656 
  2087.0   342.14535741187956 
  2088.0   342.9124945642843 
  2089.0   343.552875931133 
  2090.0   344.33294069485635 
  2091.0   345.2636744235955 
  2092.0   346.1091534121453 
  2093.0   347.04048963906007 
  2094.0   347.9159924426783 
  2095.0   348.7204917440379 
  2096.0   349.40573804376123 
  2097.0   350.1229737815713 
  2098.0   351.0749155544509 
  2099.0   352.0199912861612 
  2100.0   352.97703272335906 
