  2015.0   0.6872561703352057 
  2016.0   0.6898347282639079 
  2017.0   0.7178926640815753 
  2018.0   0.7376745438819253 
  2019.0   0.7467341695655983 
  2020.0   0.7560695044116758 
  2021.0   0.7645451662104972 
  2022.0   0.7721994327751341 
  2023.0   0.7787876686252886 
  2024.0   0.7848572784949136 
  2025.0   0.7907043866011008 
  2026.0   0.7962111679463242 
  2027.0   0.8016685046004547 
  2028.0   0.8067523031522114 
  2029.0   0.8112770001608534 
  2030.0   0.8159120879642846 
  2031.0   0.8204153822743523 
  2032.0   0.8250855197770633 
  2033.0   0.8305382300301721 
  2034.0   0.8356229412897446 
  2035.0   0.8392475613558729 
  2036.0   0.84293231188201 
  2037.0   0.8465827261621119 
  2038.0   0.8499277513377397 
  2039.0   0.8535258717125547 
  2040.0   0.8563458509597512 
  2041.0   0.8586183575850226 
  2042.0   0.8614342901588706 
  2043.0   0.8642077654702623 
  2044.0   0.8671361474081097 
  2045.0   0.8675461908217731 
  2046.0   0.8684650587010666 
  2047.0   0.8694759408076885 
  2048.0   0.8706104060786028 
  2049.0   0.8718537529360488 
  2050.0   0.8730869539305627 
  2051.0   0.8712228244388199 
  2052.0   0.8695365929060781 
  2053.0   0.8677982866194984 
  2054.0   0.8662556705955651 
  2055.0   0.8652065108141609 
  2056.0   0.8638327122076914 
  2057.0   0.8626569957951599 
  2058.0   0.8609210331534629 
  2059.0   0.8595527221823093 
  2060.0   0.8584188055319774 
  2061.0   0.8571771518738781 
  2062.0   0.8558246582024824 
  2063.0   0.8552280051178398 
  2064.0   0.8547840627638439 
  2065.0   0.8542282724624098 
  2066.0   0.8536569486387797 
  2067.0   0.8526170754949299 
  2068.0   0.8527355790383888 
  2069.0   0.8489384664966042 
  2070.0   0.8438491146775778 
  2071.0   0.8394957108224319 
  2072.0   0.8393366408330333 
  2073.0   0.8352416781574616 
  2074.0   0.8372003519974556 
  2075.0   0.8324706747920413 
  2076.0   0.8269002396098248 
  2077.0   0.8220585898136765 
  2078.0   0.8173307912830772 
  2079.0   0.8126461201869898 
  2080.0   0.8081962278276648 
  2081.0   0.8034045655866374 
  2082.0   0.8009589160505957 
  2083.0   0.7957716372550622 
  2084.0   0.7907682607390368 
  2085.0   0.786404148272358 
  2086.0   0.7817543568176393 
  2087.0   0.7771074769895623 
  2088.0   0.7724984962461018 
  2089.0   0.7679410331022123 
  2090.0   0.7632396228062482 
  2091.0   0.7584938078669675 
  2092.0   0.753561989618614 
  2093.0   0.7485471435494705 
  2094.0   0.7436272750813557 
  2095.0   0.7384755851098356 
  2096.0   0.7329371048439043 
  2097.0   0.7271359602753869 
  2098.0   0.7218881263161863 
  2099.0   0.7166520002132822 
  2100.0   0.71376352682876 
