  2015.0   4.490314187624707 
  2016.0   3.782105189198073 
  2017.0   3.7837003748369957 
  2018.0   3.9036400014322914 
  2019.0   3.854802783560082 
  2020.0   4.150921207057118 
  2021.0   4.162578391169774 
  2022.0   4.176059926363375 
  2023.0   4.187826790305064 
  2024.0   4.09093337250993 
  2025.0   4.136209076566298 
  2026.0   4.293931183554531 
  2027.0   4.240309576220443 
  2028.0   4.1532980356203275 
  2029.0   4.106721531341611 
  2030.0   4.1982971526591895 
  2031.0   4.295539103590641 
  2032.0   4.177045894784825 
  2033.0   4.028022012815146 
  2034.0   4.146836894297604 
  2035.0   4.060214080138975 
  2036.0   4.246692381474672 
  2037.0   4.250636360085935 
  2038.0   4.364563036135965 
  2039.0   4.301133858543317 
  2040.0   4.365964166350883 
  2041.0   4.598301050480154 
  2042.0   4.545946857083225 
  2043.0   4.421572364368778 
  2044.0   4.546528967446231 
  2045.0   4.612876826638748 
  2046.0   4.393986593432513 
  2047.0   4.477016921001565 
  2048.0   4.454011000115167 
  2049.0   4.372694025776823 
  2050.0   4.458395752558304 
  2051.0   4.435414476816536 
  2052.0   4.600700909649158 
  2053.0   4.176378062939921 
  2054.0   4.527457306176488 
  2055.0   4.66772667744088 
  2056.0   4.721427264607292 
  2057.0   4.404786884477435 
  2058.0   4.942308288357622 
  2059.0   4.554185485191211 
  2060.0   4.574588955289315 
  2061.0   4.682566022243502 
  2062.0   4.352164663441832 
  2063.0   4.670444044082039 
  2064.0   4.611778613740804 
  2065.0   4.614865076759999 
  2066.0   4.662763926438869 
  2067.0   4.642714988306074 
  2068.0   4.707099816247693 
  2069.0   4.7552593360052935 
  2070.0   4.875575374671293 
  2071.0   4.911794254690408 
  2072.0   4.8246871738207755 
  2073.0   4.642036776637 
  2074.0   4.443626177717358 
  2075.0   4.762057116932768 
  2076.0   4.769361902405564 
  2077.0   4.787332181779881 
  2078.0   4.789531576017888 
  2079.0   4.888964922179924 
  2080.0   4.7964639791450265 
  2081.0   4.639587890340677 
  2082.0   4.760327847729603 
  2083.0   5.002322522879773 
  2084.0   4.76379345035262 
  2085.0   4.9826659598033 
  2086.0   4.729277770327984 
  2087.0   4.5039943960401185 
  2088.0   4.71021533332922 
  2089.0   4.47329343895706 
  2090.0   4.566979921658092 
  2091.0   4.589518700873451 
  2092.0   4.56811273983518 
  2093.0   4.753612587403165 
  2094.0   4.96944037506529 
  2095.0   4.7421964103199645 
  2096.0   4.83808752415107 
  2097.0   4.747176252087826 
  2098.0   4.8662456129827065 
  2099.0   4.861958631103709 
  2100.0   4.759548288121535 
