  2015.0   79.44074858050516 
  2016.0   79.4782729584249 
  2017.0   79.53756686899175 
  2018.0   79.66453935554722 
  2019.0   79.77177737594967 
  2020.0   79.89716416630672 
  2021.0   80.03701652119618 
  2022.0   80.09153535745162 
  2023.0   80.22488923421375 
  2024.0   80.39073023629734 
  2025.0   80.47022209683534 
  2026.0   80.55990508166745 
  2027.0   80.7136930525423 
  2028.0   80.89117203721655 
  2029.0   81.01538889412127 
  2030.0   81.16964024344045 
  2031.0   81.33516719399682 
  2032.0   81.48659726529768 
  2033.0   81.73156211737263 
  2034.0   81.91731991289132 
  2035.0   82.1313989781803 
  2036.0   82.28286312666211 
  2037.0   82.3969666105702 
  2038.0   82.60382313308264 
  2039.0   82.74501473126573 
  2040.0   82.93703162956045 
  2041.0   83.19758012484412 
  2042.0   83.48109527279897 
  2043.0   83.68508728740242 
  2044.0   83.89137555397367 
  2045.0   84.12778092945344 
  2046.0   84.34711839872408 
  2047.0   84.57205216422138 
  2048.0   84.85834498042726 
  2049.0   85.15867361079803 
  2050.0   85.45696042260649 
  2051.0   85.81150361776326 
  2052.0   86.03082281355928 
  2053.0   86.19049334815452 
  2054.0   86.45763545453605 
  2055.0   86.61283549402403 
  2056.0   86.82314033013533 
  2057.0   87.21842604639097 
  2058.0   87.58024203019565 
  2059.0   87.89310370461023 
  2060.0   88.13702320664441 
  2061.0   88.4271252647935 
  2062.0   88.69684698301491 
  2063.0   88.96624843299207 
  2064.0   89.23325102994556 
  2065.0   89.6600802412137 
  2066.0   90.11531453770101 
  2067.0   90.25597958025365 
  2068.0   90.44006947298752 
  2069.0   90.76088945708376 
  2070.0   90.98482276241315 
  2071.0   91.28312624062266 
  2072.0   91.53221434937542 
  2073.0   91.8172626290727 
  2074.0   92.13218907042864 
  2075.0   92.45626097655375 
  2076.0   92.72528542844623 
  2077.0   93.01446240397748 
  2078.0   93.31109877464979 
  2079.0   93.62712688007322 
  2080.0   93.80575456160098 
  2081.0   94.16888781239503 
  2082.0   94.52506626159915 
  2083.0   94.88078901418177 
  2084.0   95.06924078494396 
  2085.0   95.46636876988536 
  2086.0   95.77870253995607 
  2087.0   96.01857169683689 
  2088.0   96.34960794349688 
  2089.0   96.69559241181375 
  2090.0   96.93875936250147 
  2091.0   97.21517878350048 
  2092.0   97.52075206754809 
  2093.0   97.74874245671553 
  2094.0   98.01876744110668 
  2095.0   98.33517200856778 
  2096.0   98.75174372678018 
  2097.0   99.01343380470706 
  2098.0   99.28513101699068 
  2099.0   99.57024614211728 
  2100.0   99.83504313162774 
