  2015.0   22.87264343337338 
  2016.0   23.156008362868437 
  2017.0   23.374049051804526 
  2018.0   23.649404261875336 
  2019.0   24.006355401052403 
  2020.0   24.34359774781468 
  2021.0   24.729383215774696 
  2022.0   25.144997695055885 
  2023.0   25.50084374102016 
  2024.0   25.817548281793407 
  2025.0   26.19643777545636 
  2026.0   26.522573180625553 
  2027.0   26.803364791212818 
  2028.0   27.114187514921756 
  2029.0   27.51589258226821 
  2030.0   27.910055372848074 
  2031.0   28.343802472824088 
  2032.0   28.76314152641264 
  2033.0   29.16759314562421 
  2034.0   29.592776868428412 
  2035.0   30.06445506457168 
  2036.0   30.444187525806903 
  2037.0   30.881725353881304 
  2038.0   31.29939289191951 
  2039.0   31.736333126084222 
  2040.0   32.10003976489195 
  2041.0   32.44649502167443 
  2042.0   32.8954789567518 
  2043.0   33.32811217861707 
  2044.0   33.68095203090104 
  2045.0   34.13577746068649 
  2046.0   34.54877949528887 
  2047.0   34.97371264952059 
  2048.0   35.39663373595686 
  2049.0   35.87422380343079 
  2050.0   36.35853363373469 
  2051.0   36.78110920727299 
  2052.0   37.10723204831978 
  2053.0   37.54597556955068 
  2054.0   37.92858188447411 
  2055.0   38.29356622539973 
  2056.0   38.62278954979349 
  2057.0   39.07364039820272 
  2058.0   39.56148842539862 
  2059.0   39.8878647488698 
  2060.0   40.21944552916392 
  2061.0   40.530569410182466 
  2062.0   40.845913161354815 
  2063.0   41.339559360935056 
  2064.0   41.88821625820726 
  2065.0   42.23318978103776 
  2066.0   42.566933860062484 
  2067.0   42.79617526753562 
  2068.0   43.04991500471676 
  2069.0   43.35891354950291 
  2070.0   43.71127246702744 
  2071.0   44.00790154103546 
  2072.0   44.41241078895567 
  2073.0   44.93372768164031 
  2074.0   45.357573407232984 
  2075.0   45.72677559961785 
  2076.0   46.080437446042716 
  2077.0   46.36693310595894 
  2078.0   46.60048177075319 
  2079.0   46.916061700160895 
  2080.0   47.281134235082796 
  2081.0   47.70146660160117 
  2082.0   48.03468777701237 
  2083.0   48.33557955350047 
  2084.0   48.644199882057436 
  2085.0   48.962427453733156 
  2086.0   49.32024807036491 
  2087.0   49.61254285434657 
  2088.0   49.8690517240346 
  2089.0   50.2537190432973 
  2090.0   50.59112776468833 
  2091.0   50.80400160729872 
  2092.0   50.92062493941461 
  2093.0   51.147990460125904 
  2094.0   51.41146943486074 
  2095.0   51.68772504340388 
  2096.0   51.92607524651434 
  2097.0   52.081724937063676 
  2098.0   52.29312734594912 
  2099.0   52.50164723151337 
  2100.0   52.678285147784806 
