  2015.0   85.97068821257925 
  2016.0   86.41854317000882 
  2017.0   86.79469986100213 
  2018.0   87.23145986517352 
  2019.0   87.73989574189532 
  2020.0   88.23939148716134 
  2021.0   88.79439710096219 
  2022.0   89.38665722258195 
  2023.0   89.9103535509067 
  2024.0   90.3970546416869 
  2025.0   90.96296730331986 
  2026.0   91.48527444082428 
  2027.0   91.96845439261294 
  2028.0   92.46950667573613 
  2029.0   93.03477669265688 
  2030.0   93.60604878726305 
  2031.0   94.22045833711083 
  2032.0   94.80986682635344 
  2033.0   95.4165053548811 
  2034.0   96.02684875464404 
  2035.0   96.69917570095245 
  2036.0   97.28256248326397 
  2037.0   97.9380083799689 
  2038.0   98.55852917152168 
  2039.0   99.19457569149594 
  2040.0   99.76418702709498 
  2041.0   100.31878022162812 
  2042.0   100.96557806158572 
  2043.0   101.60242148680756 
  2044.0   102.14562739514197 
  2045.0   102.7814385066451 
  2046.0   103.38822456974835 
  2047.0   104.00662094615197 
  2048.0   104.60415992611712 
  2049.0   105.27383349198078 
  2050.0   105.97350016127918 
  2051.0   106.59421092030232 
  2052.0   107.1144822118429 
  2053.0   107.75941093116762 
  2054.0   108.33043286952737 
  2055.0   108.86847564086153 
  2056.0   109.38786229456578 
  2057.0   110.01628679051319 
  2058.0   110.67085635521777 
  2059.0   111.19066003556841 
  2060.0   111.7178228855387 
  2061.0   112.20751643646938 
  2062.0   112.70430534313105 
  2063.0   113.37329300274486 
  2064.0   114.09318902723196 
  2065.0   114.63556379120985 
  2066.0   115.16557051394989 
  2067.0   115.5568392119269 
  2068.0   115.97708827660435 
  2069.0   116.44416748916436 
  2070.0   116.94518606403469 
  2071.0   117.41561987512726 
  2072.0   118.00280722088802 
  2073.0   118.68110604231306 
  2074.0   119.2705802452264 
  2075.0   119.81612534846482 
  2076.0   120.35574185307982 
  2077.0   120.80416815252178 
  2078.0   121.1789826406619 
  2079.0   121.64870155966247 
  2080.0   122.14917863650695 
  2081.0   122.71089457473333 
  2082.0   123.18871252387977 
  2083.0   123.63882749806585 
  2084.0   124.09470030961236 
  2085.0   124.58217694690309 
  2086.0   125.08951957460762 
  2087.0   125.53389637821215 
  2088.0   125.94374159516505 
  2089.0   126.46548577696423 
  2090.0   126.9325179835688 
  2091.0   127.28419120329833 
  2092.0   127.55153537330146 
  2093.0   127.90324009263 
  2094.0   128.27417690526352 
  2095.0   128.68114559718592 
  2096.0   129.06809719603717 
  2097.0   129.36213703437377 
  2098.0   129.69704168380795 
  2099.0   130.0143626749355 
  2100.0   130.3131659191204 
