  2015.0   1.8090973945884408 
  2016.0   1.8184709319951189 
  2017.0   1.8071331331715248 
  2018.0   1.7733787196921713 
  2019.0   1.8227530324223544 
  2020.0   1.8044744014142153 
  2021.0   1.8584144942795304 
  2022.0   1.8721411450220309 
  2023.0   1.8844386578819063 
  2024.0   1.8335890793823504 
  2025.0   1.8126812582900518 
  2026.0   1.8167987574229294 
  2027.0   1.8711740213950738 
  2028.0   1.8041499403074581 
  2029.0   1.8664963962853713 
  2030.0   1.8631999654096374 
  2031.0   1.7953037206000257 
  2032.0   1.8211915479604417 
  2033.0   1.8429792180190467 
  2034.0   1.7848238344190186 
  2035.0   1.8740893680593103 
  2036.0   1.8515155203543274 
  2037.0   1.806888148821452 
  2038.0   1.8915974545281948 
  2039.0   1.895701958578577 
  2040.0   1.8909795793028923 
  2041.0   1.9150460092737893 
  2042.0   1.8225778547452876 
  2043.0   1.9751994765113077 
  2044.0   1.916342626856519 
  2045.0   1.8723828276821137 
  2046.0   1.934566990726359 
  2047.0   1.8653439938336582 
  2048.0   1.9322693251860668 
  2049.0   1.921405951265082 
  2050.0   1.9644816405476588 
  2051.0   1.8873829737443382 
  2052.0   1.955072431305153 
  2053.0   1.949026951818704 
  2054.0   1.9471298252443008 
  2055.0   1.8996234572450035 
  2056.0   1.8966168447222436 
  2057.0   1.901471997886002 
  2058.0   1.9063595459600973 
  2059.0   1.9263699443326896 
  2060.0   1.967804607267503 
  2061.0   1.9384242648760956 
  2062.0   1.906700940390267 
  2063.0   1.887441347137841 
  2064.0   2.025469529974375 
  2065.0   1.8725063007897382 
  2066.0   1.9174713863061936 
  2067.0   1.9706536724147778 
  2068.0   2.0018245149325633 
  2069.0   1.9311618732585265 
  2070.0   1.912058316184607 
  2071.0   1.9333406592729192 
  2072.0   1.9199197747906391 
  2073.0   1.9173104668083123 
  2074.0   2.002271233208037 
  2075.0   1.9331809266800006 
  2076.0   1.915509285748078 
  2077.0   1.9351050799452278 
  2078.0   1.883875716935989 
  2079.0   2.02944749593144 
  2080.0   1.9348182777334217 
  2081.0   1.908247765910304 
  2082.0   1.9283894283487601 
  2083.0   2.013182445581545 
  2084.0   1.9342912329412933 
  2085.0   1.97333918991768 
  2086.0   1.8924025228079127 
  2087.0   1.8869447694531505 
  2088.0   1.933993258657862 
  2089.0   1.9571082470204402 
  2090.0   1.941960310917025 
  2091.0   1.9759692579352897 
  2092.0   1.8709384501392672 
  2093.0   1.9193896435105038 
  2094.0   1.9395382291671126 
  2095.0   1.9208540054952068 
  2096.0   2.0521682818735623 
  2097.0   1.9904449607063828 
  2098.0   2.0052624665304086 
  2099.0   1.9179204691089968 
  2100.0   1.891325602287183 
