  2015.0   1.3984611073736326 
  2016.0   1.412988260330344 
  2017.0   1.493486764902749 
  2018.0   1.3965603476431538 
  2019.0   1.4065591913191609 
  2020.0   1.53764817360483 
  2021.0   1.4476034395038966 
  2022.0   1.4882452679516658 
  2023.0   1.4575977969708653 
  2024.0   1.474496481601941 
  2025.0   1.5451665789981195 
  2026.0   1.4839260915397194 
  2027.0   1.4994005994027786 
  2028.0   1.4829529943672883 
  2029.0   1.5496895993829651 
  2030.0   1.521687873825063 
  2031.0   1.5346287508726855 
  2032.0   1.6135715007511056 
  2033.0   1.5537903494064407 
  2034.0   1.5152220383692545 
  2035.0   1.5624041933659274 
  2036.0   1.546621051214925 
  2037.0   1.5453377260102015 
  2038.0   1.556843503122238 
  2039.0   1.57968658286938 
  2040.0   1.5728436023903045 
  2041.0   1.6366827667058879 
  2042.0   1.5377553594474007 
  2043.0   1.5698163593265881 
  2044.0   1.5181096186011434 
  2045.0   1.5764874007547516 
  2046.0   1.562805316709609 
  2047.0   1.6661350063054134 
  2048.0   1.6797627092882088 
  2049.0   1.5856663371189428 
  2050.0   1.6348168518780088 
  2051.0   1.639977163009985 
  2052.0   1.6154798535445027 
  2053.0   1.5693501798757477 
  2054.0   1.6052227288503755 
  2055.0   1.5266379448473766 
  2056.0   1.6118436860593823 
  2057.0   1.5888734500867272 
  2058.0   1.6026246759417233 
  2059.0   1.6732275558212941 
  2060.0   1.7072893058274894 
  2061.0   1.6259981578083753 
  2062.0   1.5583580334981333 
  2063.0   1.7207409830785019 
  2064.0   1.614970231252876 
  2065.0   1.6383750490197364 
  2066.0   1.6892126172020572 
  2067.0   1.6840570048445342 
  2068.0   1.6836908211162687 
  2069.0   1.605359677810104 
  2070.0   1.5598944780614372 
  2071.0   1.6250036919854176 
  2072.0   1.6746674488872582 
  2073.0   1.633957921365954 
  2074.0   1.6344212249126335 
  2075.0   1.6760694653065662 
  2076.0   1.6389442601605992 
  2077.0   1.5711202362520975 
  2078.0   1.6479545512736875 
  2079.0   1.5806921357474928 
  2080.0   1.6625118761715116 
  2081.0   1.581595712364723 
  2082.0   1.6992848717136433 
  2083.0   1.6836891218521326 
  2084.0   1.669154909514394 
  2085.0   1.6459937145832297 
  2086.0   1.6490398283465046 
  2087.0   1.6199050608472176 
  2088.0   1.650626871615504 
  2089.0   1.6588148770590407 
  2090.0   1.550873913705466 
  2091.0   1.635364278296092 
  2092.0   1.6886265434325207 
  2093.0   1.6197127709922288 
  2094.0   1.6347840541313687 
  2095.0   1.636726577959843 
  2096.0   1.6406675434873075 
  2097.0   1.6182882740533806 
  2098.0   1.6406868261043002 
  2099.0   1.6982395642793422 
  2100.0   1.6815470473358147 
