  2015.0   1.4738107133769043 
  2016.0   1.4472692828414817 
  2017.0   1.4061276223024222 
  2018.0   1.403256700491707 
  2019.0   1.4380957538426395 
  2020.0   1.4729084573224214 
  2021.0   1.4371438088064865 
  2022.0   1.3861317916297788 
  2023.0   1.405816793182893 
  2024.0   1.4099022230189966 
  2025.0   1.429354450804356 
  2026.0   1.4249703353960834 
  2027.0   1.4297706033568551 
  2028.0   1.4188986797072345 
  2029.0   1.4054559179212063 
  2030.0   1.4011912721467277 
  2031.0   1.4456767154484171 
  2032.0   1.3926838263234853 
  2033.0   1.3808893457201072 
  2034.0   1.3521677203232572 
  2035.0   1.3803839361517654 
  2036.0   1.422616701596135 
  2037.0   1.416037175463571 
  2038.0   1.4152996564917177 
  2039.0   1.389261083901346 
  2040.0   1.3606954753736247 
  2041.0   1.402201256735778 
  2042.0   1.3912982056462537 
  2043.0   1.3946038159003362 
  2044.0   1.4423193868153417 
  2045.0   1.433341158511378 
  2046.0   1.3802588659627575 
  2047.0   1.3795693289716995 
  2048.0   1.3817185836591517 
  2049.0   1.3874606387501187 
  2050.0   1.3936520864197233 
  2051.0   1.3665502199575046 
  2052.0   1.3243238576807155 
  2053.0   1.389923070896833 
  2054.0   1.3845365978009165 
  2055.0   1.3927206299170316 
  2056.0   1.3857905894464155 
  2057.0   1.4040777812052754 
  2058.0   1.4157581570766946 
  2059.0   1.3819126223186706 
  2060.0   1.333727849333393 
  2061.0   1.3815497871232052 
  2062.0   1.383020414222446 
  2063.0   1.3645811114757156 
  2064.0   1.3768143223750393 
  2065.0   1.3697947960158903 
  2066.0   1.3473589571737947 
  2067.0   1.3357750141257019 
  2068.0   1.3544878295388432 
  2069.0   1.4068796615142305 
  2070.0   1.4089156013321835 
  2071.0   1.4013315961360018 
  2072.0   1.4092640972132142 
  2073.0   1.4109280122014343 
  2074.0   1.3958850197534127 
  2075.0   1.3559453681068052 
  2076.0   1.3631230801393295 
  2077.0   1.3638704048347727 
  2078.0   1.3650572203370637 
  2079.0   1.3441639640678904 
  2080.0   1.421091814210601 
  2081.0   1.4193655130896194 
  2082.0   1.4099019972823805 
  2083.0   1.3351803373580862 
  2084.0   1.3307271454619414 
  2085.0   1.3567322057238829 
  2086.0   1.3316087682186486 
  2087.0   1.3261844744844307 
  2088.0   1.4073326555941843 
  2089.0   1.428391913797325 
  2090.0   1.4486209254865898 
  2091.0   1.4634516277393435 
  2092.0   1.4160497280486724 
  2093.0   1.4147909508215113 
  2094.0   1.42153636331347 
  2095.0   1.3958792531972484 
  2096.0   1.3919430089647842 
  2097.0   1.419230456654735 
  2098.0   1.4212353206972754 
  2099.0   1.381661230827319 
  2100.0   1.3551601024046043 
