  2015.0   0.2923718081200668 
  2016.0   0.32050739743968826 
  2017.0   0.46891581521142045 
  2018.0   0.3625541631048139 
  2019.0   0.3681221600217894 
  2020.0   0.2315743429804614 
  2021.0   0.42504067095739073 
  2022.0   0.39099046882545874 
  2023.0   0.47943827004761946 
  2024.0   0.34121612437716187 
  2025.0   0.3197501772757947 
  2026.0   0.3060448242404773 
  2027.0   0.38243227731721796 
  2028.0   0.24492501250293774 
  2029.0   0.27821991468369944 
  2030.0   0.16946554433625746 
  2031.0   0.23235624423295512 
  2032.0   0.3201374049749953 
  2033.0   0.13951330609134338 
  2034.0   0.1494614577693161 
  2035.0   0.33860105111415656 
  2036.0   0.2748880897448397 
  2037.0   0.24815832669782312 
  2038.0   0.1455077490309325 
  2039.0   0.17645979166003317 
  2040.0   0.25838767058335876 
  2041.0   0.38166821570942927 
  2042.0   0.24484172076648533 
  2043.0   0.3013619200182249 
  2044.0   0.2550644093665296 
  2045.0   0.08453227747310162 
  2046.0   0.09141222541489694 
  2047.0   0.14554366510818123 
  2048.0   0.2326558150077513 
  2049.0   0.2865731445783987 
  2050.0   0.235308299598615 
  2051.0   0.19889562063645935 
  2052.0   0.22835380053575546 
  2053.0   0.29484452613678414 
  2054.0   0.22918412572817964 
  2055.0   0.2000710695455212 
  2056.0   0.29427146658445164 
  2057.0   0.24714260795035167 
  2058.0   0.4311571631475698 
  2059.0   0.3053992292798131 
  2060.0   0.20035228770109478 
  2061.0   0.16420828786565664 
  2062.0   0.12000361470110232 
  2063.0   0.06882934330822905 
  2064.0   0.02474542828750924 
  2065.0   0.16821713077151618 
  2066.0   0.14169267009564843 
  2067.0   0.013549497869569556 
  2068.0   0.10046020243765384 
  2069.0   0.1784511974368414 
  2070.0   0.2895225375805192 
  2071.0   0.3842653513822002 
  2072.0   0.08368051685383289 
  2073.0   0.13079143609511631 
  2074.0   0.16690102930988704 
  2075.0   0.13314949339582371 
  2076.0   0.22159482884560447 
  2077.0   0.26478432181265826 
  2078.0   0.29959560003162056 
  2079.0   0.17134348420912437 
  2080.0   0.3148071830091512 
  2081.0   0.3032404365489051 
  2082.0   0.09726474906919916 
  2083.0   0.26804270328913465 
  2084.0   0.24217073078415946 
  2085.0   0.14646885813942404 
  2086.0   0.14395690678642717 
  2087.0   0.13806312484549368 
  2088.0   0.06990450526736977 
  2089.0   0.0686292414582582 
  2090.0   0.21296164023416006 
  2091.0   0.17508463969966456 
  2092.0   0.3220644673519987 
  2093.0   0.2296455240261004 
  2094.0   0.10797952575979568 
  2095.0   0.11522760193835752 
  2096.0   0.03669034126806888 
  2097.0   0.061575893329614335 
  2098.0   0.09038223399827072 
  2099.0   0.1869109119040904 
  2100.0   0.13141302097510163 
