  2015.0   0.38009797374060017 
  2016.0   0.32409114857362964 
  2017.0   0.4707816592564552 
  2018.0   0.36996298322315097 
  2019.0   0.19933844457502362 
  2020.0   0.4161021486367304 
  2021.0   0.17794023921039692 
  2022.0   0.22807623847342184 
  2023.0   0.571840575493682 
  2024.0   0.34942905313797074 
  2025.0   0.04537883449723979 
  2026.0   0.3878965266494262 
  2027.0   0.3355992140499011 
  2028.0   0.327459607685632 
  2029.0   0.2864057301169618 
  2030.0   0.4011356845372045 
  2031.0   0.35730989239242306 
  2032.0   0.35723031341395123 
  2033.0   0.29792927737935243 
  2034.0   0.3445389382176065 
  2035.0   0.40957613046297914 
  2036.0   0.3059743415343077 
  2037.0   -0.0029772612287273063 
  2038.0   0.21726696113940022 
  2039.0   0.3302852208192038 
  2040.0   0.31865576198644063 
  2041.0   0.26703168613018663 
  2042.0   0.24083790795589438 
  2043.0   0.22032227372479501 
  2044.0   0.5823260947334856 
  2045.0   0.5615948176035416 
  2046.0   0.08327424982674335 
  2047.0   0.19551946906070983 
  2048.0   0.12010403937155707 
  2049.0   0.33613866601664233 
  2050.0   0.3468569759841652 
  2051.0   0.42236501687134875 
  2052.0   0.06570401449427855 
  2053.0   0.30977411668188864 
  2054.0   0.334392539917896 
  2055.0   0.280002324370021 
  2056.0   0.4771474091518524 
  2057.0   0.20652564377596247 
  2058.0   0.3702491970999299 
  2059.0   0.36218617442397855 
  2060.0   0.09340590153157531 
  2061.0   0.2531371764482375 
  2062.0   0.31788374673552516 
  2063.0   0.17671789242667127 
  2064.0   0.5129056671281504 
  2065.0   0.3637571445792144 
  2066.0   0.3492772570131372 
  2067.0   0.35991773075569117 
  2068.0   0.06620871792962814 
  2069.0   0.33633495313149087 
  2070.0   0.20909537463833575 
  2071.0   0.42926263757287775 
  2072.0   0.3239033166912256 
  2073.0   0.1788689382325313 
  2074.0   0.20898193367988574 
  2075.0   0.3046935587105807 
  2076.0   0.07420701064358443 
  2077.0   0.21384861600283714 
  2078.0   0.27086086272052107 
  2079.0   0.14912470319106266 
  2080.0   0.29577570458377 
  2081.0   0.5581301764674724 
  2082.0   0.06957284961393502 
  2083.0   0.39622689806018496 
  2084.0   0.268996769580033 
  2085.0   0.4709444001023324 
  2086.0   0.25471472823649766 
  2087.0   0.06518515579861338 
  2088.0   0.19613342254802513 
  2089.0   0.3110891068801517 
  2090.0   0.0495540923811304 
  2091.0   0.4590131651362625 
  2092.0   0.2833821274290065 
  2093.0   -0.06721287789897162 
  2094.0   0.1685001213305571 
  2095.0   0.15319420912725992 
  2096.0   0.19446028142121805 
  2097.0   0.5946196074154818 
  2098.0   0.09647922800701675 
  2099.0   0.13855725947211991 
  2100.0   0.08722473778598595 
