  2015.0   10.467723940404543 
  2016.0   10.421805659509422 
  2017.0   10.316989443829554 
  2018.0   10.38099178449551 
  2019.0   10.322720474996304 
  2020.0   10.227545781789344 
  2021.0   10.221694842257133 
  2022.0   10.210381737072943 
  2023.0   10.142095337082143 
  2024.0   10.226822265512363 
  2025.0   10.221560053703707 
  2026.0   10.247833145750928 
  2027.0   10.117130033552899 
  2028.0   10.032213447627713 
  2029.0   9.994018008935893 
  2030.0   10.044532783791917 
  2031.0   10.157620471109935 
  2032.0   10.108106150207165 
  2033.0   10.152298952323381 
  2034.0   10.293338604009 
  2035.0   10.331889046602303 
  2036.0   10.284981256900357 
  2037.0   10.25706713308996 
  2038.0   10.324015336979059 
  2039.0   10.323555126248399 
  2040.0   10.390212638930851 
  2041.0   10.459846330113518 
  2042.0   10.351181540594565 
  2043.0   10.25142099509507 
  2044.0   10.36578112261913 
  2045.0   10.446682967602943 
  2046.0   10.54386842304578 
  2047.0   10.640221008190696 
  2048.0   10.596299740661143 
  2049.0   10.529755460732062 
  2050.0   10.569514672551115 
  2051.0   10.563088384621416 
  2052.0   10.412173616955279 
  2053.0   10.467156655230177 
  2054.0   10.50526112000921 
  2055.0   10.429139185774838 
  2056.0   10.523644908884135 
  2057.0   10.751958668541485 
  2058.0   10.648841704842596 
  2059.0   10.442526524264737 
  2060.0   10.334401209944316 
  2061.0   10.318490947387133 
  2062.0   10.299029762516918 
  2063.0   10.459255894903611 
  2064.0   10.535688914443783 
  2065.0   10.50175453083999 
  2066.0   10.493881387394397 
  2067.0   10.432307933128932 
  2068.0   10.378662443224462 
  2069.0   10.434040461496117 
  2070.0   10.609166248935285 
  2071.0   10.677532126218882 
  2072.0   10.631156959080334 
  2073.0   10.637198241694817 
  2074.0   10.615062997139928 
  2075.0   10.610932670541702 
  2076.0   10.552926235323595 
  2077.0   10.506634907337538 
  2078.0   10.389075931502095 
  2079.0   10.414327169405217 
  2080.0   10.3595491070147 
  2081.0   10.33372017173957 
  2082.0   10.339083345529094 
  2083.0   10.3742909179633 
  2084.0   10.502656865531717 
  2085.0   10.447137817319787 
  2086.0   10.347098656997424 
  2087.0   10.264908972589684 
  2088.0   10.284086791675634 
  2089.0   10.320591225948847 
  2090.0   10.400532435614457 
  2091.0   10.554827947283712 
  2092.0   10.390941529366842 
  2093.0   10.325671282828194 
  2094.0   10.34191578083546 
  2095.0   10.343230730748981 
  2096.0   10.386664526596197 
  2097.0   10.30151630695003 
  2098.0   10.330527029354526 
  2099.0   10.124594310810991 
  2100.0   10.076006624026007 
