  2015.0   8.363240688181273 
  2016.0   8.401255502776797 
  2017.0   8.185931944494968 
  2018.0   8.699787349691844 
  2019.0   8.91161865160158 
  2020.0   8.738271464344617 
  2021.0   8.945745757417313 
  2022.0   9.180472225961589 
  2023.0   9.020124104403703 
  2024.0   9.139059004516568 
  2025.0   9.495198289861909 
  2026.0   8.942799822899259 
  2027.0   8.835477846476406 
  2028.0   9.03132974743316 
  2029.0   9.478714559363462 
  2030.0   9.32179957384802 
  2031.0   9.689587584947375 
  2032.0   9.672313564718703 
  2033.0   9.752046569358491 
  2034.0   10.093182373422472 
  2035.0   10.341916481152506 
  2036.0   9.878513461883427 
  2037.0   10.1793958874473 
  2038.0   10.137908729942291 
  2039.0   10.218504923658719 
  2040.0   9.895294137672362 
  2041.0   9.876382338165904 
  2042.0   10.45624245058018 
  2043.0   10.162687232683101 
  2044.0   10.123516687971911 
  2045.0   10.57752747202931 
  2046.0   10.323042626862884 
  2047.0   10.641510691150307 
  2048.0   10.684069993947258 
  2049.0   11.02625578911185 
  2050.0   10.947301032106655 
  2051.0   10.736067400327219 
  2052.0   10.331531464768885 
  2053.0   10.802856768264634 
  2054.0   10.628794237752114 
  2055.0   10.592370839801028 
  2056.0   10.485171153711017 
  2057.0   10.944840868960894 
  2058.0   11.13282390262728 
  2059.0   10.501923285884585 
  2060.0   10.588096557327596 
  2061.0   10.515752699309475 
  2062.0   10.649267707089969 
  2063.0   11.402895127946694 
  2064.0   11.651666443704082 
  2065.0   10.786316130913889 
  2066.0   10.94184489119752 
  2067.0   10.497792511306205 
  2068.0   10.536850410540621 
  2069.0   10.664293074787636 
  2070.0   10.89780698130793 
  2071.0   10.442361487385837 
  2072.0   11.02774052590735 
  2073.0   11.654862889048028 
  2074.0   11.445125847277884 
  2075.0   11.25944743302558 
  2076.0   11.325691952485796 
  2077.0   10.801982308009556 
  2078.0   10.668590986710834 
  2079.0   10.968784100571797 
  2080.0   11.182519290515554 
  2081.0   11.409555883951567 
  2082.0   11.143949075784757 
  2083.0   11.133110899378185 
  2084.0   11.262673563769196 
  2085.0   11.015128667068847 
  2086.0   11.409610981810813 
  2087.0   10.925419164801552 
  2088.0   10.853445138607883 
  2089.0   11.399420923680598 
  2090.0   11.250742795412249 
  2091.0   10.834101538255512 
  2092.0   10.422698679206666 
  2093.0   10.88358161675782 
  2094.0   10.963484611115405 
  2095.0   10.821727134888173 
  2096.0   10.4884263572439 
  2097.0   10.597649881351371 
  2098.0   10.821222272287526 
  2099.0   10.762676301054217 
  2100.0   10.57519518643504 
