  2015.0   3.4861650796490804 
  2016.0   3.527048150024744 
  2017.0   3.395652140619867 
  2018.0   3.589815775982054 
  2019.0   3.73765472662427 
  2020.0   3.688580576205584 
  2021.0   3.745057606467004 
  2022.0   3.8341596903837596 
  2023.0   3.7326337031864254 
  2024.0   3.8331297163056215 
  2025.0   4.001293674768383 
  2026.0   3.802436370036663 
  2027.0   3.7678064069649544 
  2028.0   3.7643033545825517 
  2029.0   3.9794116170166602 
  2030.0   3.9122627211434606 
  2031.0   4.037788051252174 
  2032.0   4.064596707642316 
  2033.0   4.048621701665522 
  2034.0   4.177869456148034 
  2035.0   4.314545452929074 
  2036.0   4.152955251228155 
  2037.0   4.262211774858967 
  2038.0   4.224859355981865 
  2039.0   4.32035270620841 
  2040.0   4.157972294389495 
  2041.0   4.094837835979066 
  2042.0   4.392157229538732 
  2043.0   4.198964573365122 
  2044.0   4.213847925810395 
  2045.0   4.388013170518413 
  2046.0   4.255111582771575 
  2047.0   4.386386360682358 
  2048.0   4.376878873989989 
  2049.0   4.601674279242367 
  2050.0   4.525701385963214 
  2051.0   4.408479723785105 
  2052.0   4.353035143753797 
  2053.0   4.486286454523079 
  2054.0   4.372859038699372 
  2055.0   4.3914779385903975 
  2056.0   4.373318832780379 
  2057.0   4.521705990445386 
  2058.0   4.624261918846143 
  2059.0   4.332409420210379 
  2060.0   4.440080880432168 
  2061.0   4.3631222730845645 
  2062.0   4.449102490493636 
  2063.0   4.690867562335194 
  2064.0   4.8315186933306675 
  2065.0   4.489958558611434 
  2066.0   4.457202859243043 
  2067.0   4.293030778749115 
  2068.0   4.326143183047456 
  2069.0   4.387818655610224 
  2070.0   4.5323606487010935 
  2071.0   4.393453926145145 
  2072.0   4.624745020692518 
  2073.0   4.809126183092368 
  2074.0   4.719206557773474 
  2075.0   4.691624166660017 
  2076.0   4.662913100299541 
  2077.0   4.40469536381907 
  2078.0   4.40314121083167 
  2079.0   4.490047540181207 
  2080.0   4.646470913450199 
  2081.0   4.667359695257552 
  2082.0   4.593401344735837 
  2083.0   4.567382431362058 
  2084.0   4.666236749768445 
  2085.0   4.578728726596266 
  2086.0   4.745873854072804 
  2087.0   4.5086793208098666 
  2088.0   4.4938571725427225 
  2089.0   4.715897857939616 
  2090.0   4.597175271131891 
  2091.0   4.449090958937163 
  2092.0   4.320937918910916 
  2093.0   4.461180468108708 
  2094.0   4.555293442962272 
  2095.0   4.530797283466459 
  2096.0   4.338311065320505 
  2097.0   4.33908510905278 
  2098.0   4.44920640476141 
  2099.0   4.415893067071881 
  2100.0   4.375484986025757 
