  2015.0   18.371367771855777 
  2016.0   17.913026614210562 
  2017.0   17.56729689438038 
  2018.0   17.682189653698888 
  2019.0   18.098260113308765 
  2020.0   18.106102703271468 
  2021.0   18.27170900674286 
  2022.0   18.10025425299231 
  2023.0   18.189463844478233 
  2024.0   18.30854412743594 
  2025.0   18.559710262782133 
  2026.0   18.555638173669553 
  2027.0   18.695212713522054 
  2028.0   18.800052360971875 
  2029.0   18.840956423362048 
  2030.0   18.950517277378502 
  2031.0   18.836423750059513 
  2032.0   18.921609802596038 
  2033.0   19.24833663875702 
  2034.0   19.396933522688375 
  2035.0   19.438178728472227 
  2036.0   18.949929749593522 
  2037.0   18.975936196486288 
  2038.0   19.011849649663567 
  2039.0   19.14117662056509 
  2040.0   19.66955482976528 
  2041.0   19.60053425321718 
  2042.0   18.992283725751587 
  2043.0   18.965971287767683 
  2044.0   19.03191869756056 
  2045.0   18.96545773385188 
  2046.0   19.058921251571753 
  2047.0   18.91770239880996 
  2048.0   18.983378745079282 
  2049.0   19.18986943584186 
  2050.0   19.16440376869747 
  2051.0   19.79672788703311 
  2052.0   20.03082420033641 
  2053.0   20.059439869411555 
  2054.0   19.94233717266586 
  2055.0   19.709281405870847 
  2056.0   19.284453536485184 
  2057.0   18.534159806751116 
  2058.0   18.04298872844495 
  2059.0   18.39253607516559 
  2060.0   18.93616553923641 
  2061.0   19.32835259082515 
  2062.0   19.82476057653606 
  2063.0   19.910622777466195 
  2064.0   19.848564250569428 
  2065.0   19.613201609542283 
  2066.0   19.26799822670814 
  2067.0   19.12743936534486 
  2068.0   18.979292514147414 
  2069.0   19.156724495153497 
  2070.0   19.198674075777003 
  2071.0   19.190139628802445 
  2072.0   19.527870909856485 
  2073.0   19.648149850208604 
  2074.0   19.694857157188462 
  2075.0   19.833077983324074 
  2076.0   19.523947655211316 
  2077.0   19.184487031848047 
  2078.0   19.17102581921388 
  2079.0   19.38499585534654 
  2080.0   19.311209454971106 
  2081.0   19.03073063583682 
  2082.0   18.73690497839813 
  2083.0   18.540314156818777 
  2084.0   18.988844568556996 
  2085.0   19.405957295865292 
  2086.0   19.544671003675454 
  2087.0   19.532058762531573 
  2088.0   19.606837463502394 
  2089.0   19.47762015780936 
  2090.0   19.526096206270317 
  2091.0   19.547184926992344 
  2092.0   19.766260296876567 
  2093.0   19.651362567252992 
  2094.0   19.75706688707975 
  2095.0   19.51172318147943 
  2096.0   19.014862982049667 
  2097.0   18.738312279130625 
  2098.0   19.02525505208459 
  2099.0   19.421859116008743 
  2100.0   19.26072418782862 
