  2015.0   0.2420174804722601 
  2016.0   -0.09987439293818358 
  2017.0   0.15994986308786474 
  2018.0   0.4185383753406698 
  2019.0   0.22556794259030177 
  2020.0   0.2901412985417194 
  2021.0   0.5388423668804251 
  2022.0   0.3705111230724738 
  2023.0   0.3327767770836496 
  2024.0   0.16306580758953984 
  2025.0   0.5192950297760618 
  2026.0   -0.0549096479490988 
  2027.0   0.05252486857439177 
  2028.0   0.12207523226275736 
  2029.0   -0.06934020379079459 
  2030.0   0.48203171113286253 
  2031.0   0.38907405629929054 
  2032.0   0.3275819776105853 
  2033.0   0.41653073288770176 
  2034.0   0.4870151235381428 
  2035.0   0.4566577562421085 
  2036.0   0.4757827488976461 
  2037.0   0.4163095089269683 
  2038.0   0.41030126136733436 
  2039.0   0.4072748782957803 
  2040.0   0.4449922937760618 
  2041.0   0.6341458792716657 
  2042.0   0.5161695589193638 
  2043.0   -0.013448549861244165 
  2044.0   0.4264010817955895 
  2045.0   0.19266766959402645 
  2046.0   0.49843228110963866 
  2047.0   0.4581987220258284 
  2048.0   0.45506309312603366 
  2049.0   0.13460195285698806 
  2050.0   0.2185767029863635 
  2051.0   0.5876745415771348 
  2052.0   0.7133943192099996 
  2053.0   0.2951967638704638 
  2054.0   0.3303849450794222 
  2055.0   0.46371212279958846 
  2056.0   0.08872159420270465 
  2057.0   0.4672662788415926 
  2058.0   0.42797806401199767 
  2059.0   0.22594792887711287 
  2060.0   0.22557208897023825 
  2061.0   0.26435629053231496 
  2062.0   0.29073889233755257 
  2063.0   0.29702569200613677 
  2064.0   0.14304486717711903 
  2065.0   0.3083614915737305 
  2066.0   0.247704669834716 
  2067.0   0.25139154511742773 
  2068.0   0.4102064693379904 
  2069.0   0.5034774952659719 
  2070.0   0.40716578760846617 
  2071.0   0.01835113489261863 
  2072.0   0.13796562328347636 
  2073.0   0.4013960042663176 
  2074.0   0.41677423976010536 
  2075.0   0.4626755112963886 
  2076.0   0.1728950935418108 
  2077.0   0.337319430789541 
  2078.0   0.37175020640429784 
  2079.0   -0.06504355764477479 
  2080.0   0.28600521532103396 
  2081.0   0.3253240883801301 
  2082.0   0.2837994557974566 
  2083.0   0.42487339141058234 
  2084.0   0.2669901430500829 
  2085.0   0.1753786691590874 
  2086.0   0.37439695032030823 
  2087.0   0.17205000338196463 
  2088.0   0.08224321324789308 
  2089.0   0.3108317571520633 
  2090.0   0.6127863127634496 
  2091.0   0.43293589742543587 
  2092.0   0.5106164050673276 
  2093.0   0.12238598306894709 
  2094.0   0.20763416085161523 
  2095.0   0.24705240242932025 
  2096.0   0.4894057981162153 
  2097.0   0.19894976800057546 
  2098.0   0.32174080599167587 
  2099.0   0.33062361835777254 
  2100.0   0.10990978343748171 
