  2015.0   5.699026466614477 
  2016.0   5.691344491463489 
  2017.0   5.93100872943085 
  2018.0   5.874153075192434 
  2019.0   5.9825695040541484 
  2020.0   5.760545444136532 
  2021.0   5.952495130797402 
  2022.0   6.12904155760039 
  2023.0   6.19170323556678 
  2024.0   6.159447297145121 
  2025.0   6.088114572788504 
  2026.0   6.275654810526174 
  2027.0   6.037813551814065 
  2028.0   6.370974981818865 
  2029.0   6.501756944316199 
  2030.0   6.419069478198804 
  2031.0   6.46286154173461 
  2032.0   6.510839677354936 
  2033.0   6.545056342670328 
  2034.0   6.772449968649924 
  2035.0   6.627904871065557 
  2036.0   6.602344169995117 
  2037.0   6.521926164492369 
  2038.0   6.4636774406761655 
  2039.0   6.798379773792695 
  2040.0   6.995511218948264 
  2041.0   6.808221419029396 
  2042.0   6.802614218781672 
  2043.0   6.781756585694975 
  2044.0   6.730353822595798 
  2045.0   6.728271363787981 
  2046.0   6.984202452028468 
  2047.0   7.033612035261308 
  2048.0   7.011864916296796 
  2049.0   7.020643673647375 
  2050.0   7.139043206863342 
  2051.0   7.071827960521543 
  2052.0   7.184103915252572 
  2053.0   7.00559523976732 
  2054.0   7.179719377527965 
  2055.0   7.049637198574878 
  2056.0   7.141178371059206 
  2057.0   6.941773424155014 
  2058.0   6.830427638612647 
  2059.0   7.183697832713303 
  2060.0   7.3057600186687806 
  2061.0   7.062016399747928 
  2062.0   7.070285246678232 
  2063.0   7.407077629809205 
  2064.0   7.023883564824651 
  2065.0   7.301243705673801 
  2066.0   7.176324533107637 
  2067.0   7.3537757171331215 
  2068.0   7.310082850894484 
  2069.0   6.936733776069562 
  2070.0   7.011434429070829 
  2071.0   7.2209768091491195 
  2072.0   7.079156484849392 
  2073.0   7.129123423118767 
  2074.0   7.2190610542875255 
  2075.0   7.248389780837591 
  2076.0   7.209366968726197 
  2077.0   7.019451562921525 
  2078.0   7.195071027637793 
  2079.0   7.244678547120429 
  2080.0   6.9779625683016056 
  2081.0   7.130630123486329 
  2082.0   7.053991202039535 
  2083.0   7.269749902091968 
  2084.0   7.333212544181482 
  2085.0   7.350122329472494 
  2086.0   7.427823236066073 
  2087.0   7.365131903781338 
  2088.0   7.313133835722379 
  2089.0   7.135057269953729 
  2090.0   7.153141706963701 
  2091.0   6.985897119265274 
  2092.0   7.219225499930619 
  2093.0   6.932085143996726 
  2094.0   7.104582144360096 
  2095.0   7.209262347951174 
  2096.0   7.106348422169453 
  2097.0   7.109122745456031 
  2098.0   7.157000758647336 
  2099.0   7.018083404884243 
  2100.0   7.300788420993121 
