  2015.0   268.2699019654612 
  2016.0   268.5020475114614 
  2017.0   269.0156720703472 
  2018.0   269.07089426746535 
  2019.0   268.2322032332552 
  2020.0   268.0487739123921 
  2021.0   268.22299836948105 
  2022.0   268.43205825704354 
  2023.0   268.1696650043848 
  2024.0   268.02033982619855 
  2025.0   268.7391753820037 
  2026.0   268.2589602462449 
  2027.0   269.00440895529704 
  2028.0   267.8610878935887 
  2029.0   267.1541656681023 
  2030.0   268.384907224364 
  2031.0   268.36366205074773 
  2032.0   268.9462712104658 
  2033.0   268.82489720055514 
  2034.0   269.23841286284977 
  2035.0   269.2940782008886 
  2036.0   269.2988282443971 
  2037.0   269.1373450051823 
  2038.0   270.1749687925437 
  2039.0   269.63061397995904 
  2040.0   269.49154520607925 
  2041.0   269.5192188189317 
  2042.0   269.10135794703285 
  2043.0   268.50248776315163 
  2044.0   269.52814400821376 
  2045.0   268.78781808899373 
  2046.0   269.6322705200362 
  2047.0   268.55707556957407 
  2048.0   270.5445789717783 
  2049.0   269.21039531949725 
  2050.0   269.81786868618025 
  2051.0   269.3123883766451 
  2052.0   269.8654830418839 
  2053.0   268.9620293963984 
  2054.0   268.97807367472774 
  2055.0   269.6607844071967 
  2056.0   268.9156715856689 
  2057.0   269.57646698909906 
  2058.0   269.60341673399023 
  2059.0   269.7753159552999 
  2060.0   269.8881182670329 
  2061.0   269.1233079400681 
  2062.0   269.58867867630187 
  2063.0   269.84501824410427 
  2064.0   269.9203960748976 
  2065.0   269.620071006108 
  2066.0   269.3413281009341 
  2067.0   269.50782217775577 
  2068.0   269.82380320872414 
  2069.0   269.9783744146419 
  2070.0   270.47730274436975 
  2071.0   269.2841237179081 
  2072.0   270.10557405185676 
  2073.0   269.60289397499923 
  2074.0   269.6006988165392 
  2075.0   269.54132520067026 
  2076.0   268.72192460154406 
  2077.0   269.0775318967904 
  2078.0   269.6687186186082 
  2079.0   269.0239128208989 
  2080.0   269.2794441177026 
  2081.0   268.78697113161616 
  2082.0   268.6395804566447 
  2083.0   269.6148080011844 
  2084.0   269.6428404791949 
  2085.0   269.09756584106213 
  2086.0   269.6362690939793 
  2087.0   268.8932220500766 
  2088.0   269.8183453206663 
  2089.0   269.52794348290297 
  2090.0   269.38444124104524 
  2091.0   269.3611777029523 
  2092.0   270.0622594455759 
  2093.0   269.0585670028845 
  2094.0   269.5317082769844 
  2095.0   269.1482178355266 
  2096.0   270.28099170408757 
  2097.0   269.4381407839668 
  2098.0   270.32255227383746 
  2099.0   269.3647075655236 
  2100.0   270.3072866752624 
