  2015.0   1.5938781966083613 
  2016.0   1.56797726119244 
  2017.0   1.5500601111174501 
  2018.0   1.6098948277176013 
  2019.0   1.552074062203513 
  2020.0   1.6565679386076384 
  2021.0   1.6635876398599374 
  2022.0   1.5691190194496378 
  2023.0   1.5848409221566706 
  2024.0   1.6169209323380203 
  2025.0   1.708480665295202 
  2026.0   1.5915421607516658 
  2027.0   1.6757662218152816 
  2028.0   1.6874765840300574 
  2029.0   1.666567509390613 
  2030.0   1.7100094079301824 
  2031.0   1.6600484959861288 
  2032.0   1.7258383312881749 
  2033.0   1.6919833154395134 
  2034.0   1.6760063992467973 
  2035.0   1.6308451304760612 
  2036.0   1.6957044994578383 
  2037.0   1.6510940317587455 
  2038.0   1.7152480170371895 
  2039.0   1.6617596629939817 
  2040.0   1.6304464032452362 
  2041.0   1.619058972875703 
  2042.0   1.6004106264998712 
  2043.0   1.6873869640770114 
  2044.0   1.6958475864137965 
  2045.0   1.6145546886842836 
  2046.0   1.6399167321353123 
  2047.0   1.638801949535542 
  2048.0   1.64915149090104 
  2049.0   1.6969591898739418 
  2050.0   1.6041878648579224 
  2051.0   1.7066495178086183 
  2052.0   1.6714536404844442 
  2053.0   1.7040612090138259 
  2054.0   1.6568936380874675 
  2055.0   1.6552261159400996 
  2056.0   1.65141728993231 
  2057.0   1.6316372207839052 
  2058.0   1.6494598282318587 
  2059.0   1.6382385243177866 
  2060.0   1.6575401068771354 
  2061.0   1.7395286822456373 
  2062.0   1.700953577878401 
  2063.0   1.713719772724083 
  2064.0   1.6772360216264925 
  2065.0   1.681680998694499 
  2066.0   1.684452834975274 
  2067.0   1.7668919705361903 
  2068.0   1.6894327874157793 
  2069.0   1.7738786883607958 
  2070.0   1.7263710169378477 
  2071.0   1.6507912753826697 
  2072.0   1.67018425771338 
  2073.0   1.6585153227799587 
  2074.0   1.7456938195748506 
  2075.0   1.6842761686572194 
  2076.0   1.6947516367561062 
  2077.0   1.7426611985916225 
  2078.0   1.7056341787060831 
  2079.0   1.7556084047279645 
  2080.0   1.722601981308527 
  2081.0   1.6519671813818422 
  2082.0   1.682784201622942 
  2083.0   1.7705273514689304 
  2084.0   1.7517980166244382 
  2085.0   1.7868899156536255 
  2086.0   1.6713893933072148 
  2087.0   1.7722798190052174 
  2088.0   1.693777019413393 
  2089.0   1.7619301598726382 
  2090.0   1.7070843858706426 
  2091.0   1.720109402964942 
  2092.0   1.6768918350263202 
  2093.0   1.7852246864784662 
  2094.0   1.7663285130324384 
  2095.0   1.7629231642304943 
  2096.0   1.7107862744279696 
  2097.0   1.71625848204982 
  2098.0   1.8155095547349094 
  2099.0   1.7267121663712948 
  2100.0   1.7376245604516445 
