  2015.0   67.32390207029503 
  2016.0   67.44187048420723 
  2017.0   67.75206308918719 
  2018.0   68.0403824148613 
  2019.0   68.30018186742555 
  2020.0   68.50598743146736 
  2021.0   68.74446163979091 
  2022.0   69.05406957271664 
  2023.0   69.40161807075903 
  2024.0   69.71927674578436 
  2025.0   69.93459904955127 
  2026.0   70.14338175025001 
  2027.0   70.422198862518 
  2028.0   70.60053568864153 
  2029.0   70.73637168942953 
  2030.0   70.84334282871272 
  2031.0   70.97261237206614 
  2032.0   71.18004488169814 
  2033.0   71.27582617129924 
  2034.0   71.3933075250918 
  2035.0   71.56490743660356 
  2036.0   71.78091781033315 
  2037.0   71.93869698178214 
  2038.0   72.02080850241741 
  2039.0   72.13172432059726 
  2040.0   72.33040542542832 
  2041.0   72.62519662873022 
  2042.0   72.86448582429172 
  2043.0   73.07297468630979 
  2044.0   73.25659078501837 
  2045.0   73.30366545581991 
  2046.0   73.32763385496156 
  2047.0   73.39620906327241 
  2048.0   73.55509734983742 
  2049.0   73.76631566818378 
  2050.0   74.00217753652862 
  2051.0   74.1660700301015 
  2052.0   74.41300672291084 
  2053.0   74.65616504325585 
  2054.0   74.82396468101149 
  2055.0   74.9777117587779 
  2056.0   75.15305717556618 
  2057.0   75.35498400155126 
  2058.0   75.66686049134127 
  2059.0   76.00840325342647 
  2060.0   76.11391577345525 
  2061.0   76.18395527168589 
  2062.0   76.24440444525898 
  2063.0   76.28389485396883 
  2064.0   76.28723204829214 
  2065.0   76.32305619055512 
  2066.0   76.4032176489349 
  2067.0   76.37341710936435 
  2068.0   76.41327052436446 
  2069.0   76.59831853059232 
  2070.0   76.85233604602847 
  2071.0   77.16939940674521 
  2072.0   77.30352748265071 
  2073.0   77.3163221451644 
  2074.0   77.39977214017408 
  2075.0   77.51040905029699 
  2076.0   77.64262460305588 
  2077.0   77.85073287589678 
  2078.0   78.11903887174658 
  2079.0   78.35415092092458 
  2080.0   78.59441296045101 
  2081.0   78.80757303708337 
  2082.0   78.9055893530053 
  2083.0   79.05795221310274 
  2084.0   79.24440898899319 
  2085.0   79.3298729700183 
  2086.0   79.44070281897511 
  2087.0   79.5365598433536 
  2088.0   79.55920056612146 
  2089.0   79.58157319570911 
  2090.0   79.69029841686647 
  2091.0   79.84344270229579 
  2092.0   80.09463726979324 
  2093.0   80.26576244138384 
  2094.0   80.34555117042217 
  2095.0   80.37319947818418 
  2096.0   80.41722409991924 
  2097.0   80.4480194029715 
  2098.0   80.4979430287433 
  2099.0   80.62369678143669 
  2100.0   80.78336010444856 
