  2015.0   3.5568330627453033 
  2016.0   4.071486302812459 
  2017.0   4.1783302702043645 
  2018.0   4.1351707334631485 
  2019.0   4.009546927841624 
  2020.0   3.807811639053744 
  2021.0   4.005409701085495 
  2022.0   3.7819855368126762 
  2023.0   3.979475621257983 
  2024.0   3.97464282682388 
  2025.0   3.991955533785144 
  2026.0   3.9609325253745404 
  2027.0   4.018736214697123 
  2028.0   4.154314927148015 
  2029.0   3.6883062124823027 
  2030.0   3.9458554267409056 
  2031.0   4.441365377710512 
  2032.0   3.6951509149636133 
  2033.0   4.464964726482492 
  2034.0   3.944209586005534 
  2035.0   4.365892296689376 
  2036.0   4.353715715405944 
  2037.0   4.751683490680329 
  2038.0   4.232410122991326 
  2039.0   4.353039370522597 
  2040.0   4.363557748847088 
  2041.0   4.414956052437962 
  2042.0   4.063202978540762 
  2043.0   3.9751419617934465 
  2044.0   4.330524051128953 
  2045.0   4.644959850717761 
  2046.0   4.3768190478640205 
  2047.0   4.188474831149886 
  2048.0   4.4812421308513235 
  2049.0   4.48689144650535 
  2050.0   4.747075258471291 
  2051.0   4.644764694123599 
  2052.0   4.3794310856394505 
  2053.0   4.1184553401531625 
  2054.0   4.440209947172087 
  2055.0   4.839317161335616 
  2056.0   4.477429290833959 
  2057.0   4.600014021283897 
  2058.0   4.387480010416943 
  2059.0   4.664501667038944 
  2060.0   4.688458552755264 
  2061.0   4.457086453139249 
  2062.0   4.530756454752526 
  2063.0   4.83951862254228 
  2064.0   4.31856998979466 
  2065.0   4.724327465145123 
  2066.0   4.950529813621387 
  2067.0   4.563142918115549 
  2068.0   4.6032670118032115 
  2069.0   4.525476407352876 
  2070.0   4.637093984017926 
  2071.0   4.422005071271072 
  2072.0   4.638297130843384 
  2073.0   4.33640722292528 
  2074.0   4.917871737868954 
  2075.0   4.784606892553222 
  2076.0   4.85886363006259 
  2077.0   4.722089393425546 
  2078.0   4.614309287782009 
  2079.0   4.768919159751655 
  2080.0   4.360342022918202 
  2081.0   4.603361729377428 
  2082.0   4.341503282412413 
  2083.0   4.563351592254773 
  2084.0   4.74328180384245 
  2085.0   4.78889895120826 
  2086.0   4.723189204114722 
  2087.0   4.398544067293105 
  2088.0   4.345283577747698 
  2089.0   5.012893133159121 
  2090.0   4.7859203953188825 
  2091.0   4.821722831151077 
  2092.0   4.952917700963252 
  2093.0   4.314144137670642 
  2094.0   4.975211151343682 
  2095.0   4.620401770361732 
  2096.0   4.801507267024291 
  2097.0   4.901698694235703 
  2098.0   4.7441815834506444 
  2099.0   4.676821343388782 
  2100.0   4.393148112346765 
