  2015.0   4.6072666295522655 
  2016.0   4.579470676342599 
  2017.0   4.6520516591028445 
  2018.0   4.508027893941239 
  2019.0   4.932144054645791 
  2020.0   4.698787831867274 
  2021.0   4.713951465775514 
  2022.0   4.64754207830414 
  2023.0   4.587941282045378 
  2024.0   4.83445522504652 
  2025.0   4.803198820950091 
  2026.0   4.619310104743517 
  2027.0   4.858688497729209 
  2028.0   4.96402406836146 
  2029.0   4.859337453070048 
  2030.0   4.738160567586778 
  2031.0   4.88285210331522 
  2032.0   4.831237745715508 
  2033.0   4.97403695594547 
  2034.0   5.147067178788829 
  2035.0   4.851009726356656 
  2036.0   4.9565775223931 
  2037.0   4.920644414897576 
  2038.0   4.8836110465118745 
  2039.0   5.044989347184795 
  2040.0   4.955150443331154 
  2041.0   4.915047597363726 
  2042.0   4.667386669428255 
  2043.0   4.960795662110543 
  2044.0   4.82272375135799 
  2045.0   4.909078291746238 
  2046.0   4.973807295449097 
  2047.0   4.821885508759253 
  2048.0   4.8677531590362255 
  2049.0   5.072482075990845 
  2050.0   4.9815155934325785 
  2051.0   5.0510497364957905 
  2052.0   5.043273143335889 
  2053.0   5.066610768565036 
  2054.0   4.896986870962829 
  2055.0   4.810494554383718 
  2056.0   5.1213514957826085 
  2057.0   4.942916733979991 
  2058.0   4.898051189487997 
  2059.0   4.978482601965932 
  2060.0   4.983529159043249 
  2061.0   4.941597828369051 
  2062.0   4.997464888399219 
  2063.0   5.161694592199331 
  2064.0   5.232755021810535 
  2065.0   4.972280820254234 
  2066.0   5.049000695068179 
  2067.0   4.868648046841819 
  2068.0   4.985935713524166 
  2069.0   4.820077049937058 
  2070.0   4.8537420045791215 
  2071.0   4.769535305331405 
  2072.0   5.008893002654714 
  2073.0   4.866841672074717 
  2074.0   4.847534640174643 
  2075.0   4.812292112228624 
  2076.0   4.940850183452653 
  2077.0   5.007449773107946 
  2078.0   4.894768861728007 
  2079.0   5.1344457000723995 
  2080.0   5.087016968035019 
  2081.0   5.004425508813815 
  2082.0   4.793776336868436 
  2083.0   4.884739770000345 
  2084.0   4.907812326671707 
  2085.0   4.827433711776203 
  2086.0   5.046421596494411 
  2087.0   4.786530079708307 
  2088.0   4.701001266815601 
  2089.0   4.900711971330586 
  2090.0   4.93279380959024 
  2091.0   4.706488730141885 
  2092.0   4.832980894689767 
  2093.0   4.9226855757830315 
  2094.0   4.760752787903619 
  2095.0   4.682842876639753 
  2096.0   4.720511184542984 
  2097.0   4.754850788530932 
  2098.0   4.742708499615868 
  2099.0   4.848410755726598 
  2100.0   4.881943943805791 
