  2015.0   265.46548372361246 
  2016.0   266.06704002964875 
  2017.0   265.8257757781033 
  2018.0   265.37728809697023 
  2019.0   266.5688232650031 
  2020.0   266.23227496058894 
  2021.0   266.09764012568525 
  2022.0   265.8633702578325 
  2023.0   267.4362810981929 
  2024.0   267.34513628732435 
  2025.0   266.63053258623455 
  2026.0   267.7020480749457 
  2027.0   266.41754103146127 
  2028.0   267.563324490079 
  2029.0   267.781933348125 
  2030.0   267.3888898959853 
  2031.0   267.60297111193086 
  2032.0   267.18491712290336 
  2033.0   267.7128189352776 
  2034.0   268.2402693828939 
  2035.0   267.3751280569534 
  2036.0   268.02544392302815 
  2037.0   268.06886152735984 
  2038.0   267.2668788700192 
  2039.0   267.86343219509064 
  2040.0   267.50058665678745 
  2041.0   268.17465909417416 
  2042.0   268.4802344304614 
  2043.0   267.75212352543247 
  2044.0   267.86419591347595 
  2045.0   267.89907965953364 
  2046.0   267.9746311013021 
  2047.0   268.9603059234794 
  2048.0   268.84869474034764 
  2049.0   269.2100758815967 
  2050.0   269.1239835714007 
  2051.0   268.71632983166313 
  2052.0   268.15878116412455 
  2053.0   267.94696876426093 
  2054.0   268.6051322949073 
  2055.0   268.8184580996828 
  2056.0   269.1128089738354 
  2057.0   268.19282360500904 
  2058.0   267.9475198052669 
  2059.0   269.3547776833374 
  2060.0   269.4053732619204 
  2061.0   268.8981525533804 
  2062.0   269.20526130209055 
  2063.0   269.559204266143 
  2064.0   268.745782216179 
  2065.0   269.88065580020316 
  2066.0   267.95910433648993 
  2067.0   268.9243150386066 
  2068.0   269.52688857172143 
  2069.0   268.1880009157195 
  2070.0   268.40846162855036 
  2071.0   268.38019064325414 
  2072.0   268.031698468599 
  2073.0   268.8173834838135 
  2074.0   268.9939906006674 
  2075.0   269.1799227116111 
  2076.0   268.93121536981454 
  2077.0   268.79920863604167 
  2078.0   268.5417307742789 
  2079.0   268.6833134854067 
  2080.0   268.174238839507 
  2081.0   268.954446471254 
  2082.0   269.4860585630661 
  2083.0   269.8798507912586 
  2084.0   269.1428633318659 
  2085.0   269.2304944264144 
  2086.0   268.93714138512337 
  2087.0   269.59850329313343 
  2088.0   269.7774296333502 
  2089.0   269.45338960674934 
  2090.0   268.81252672676925 
  2091.0   268.6239635975508 
  2092.0   269.33533512640463 
  2093.0   268.80974039419135 
  2094.0   268.99423441195654 
  2095.0   269.6665584519215 
  2096.0   269.4376683953558 
  2097.0   269.20663720022895 
  2098.0   269.9377238289585 
  2099.0   268.7520815846838 
  2100.0   269.7827484785513 
