  2015.0   50.14116626266529 
  2016.0   50.283011681763355 
  2017.0   50.647233840986864 
  2018.0   50.98099452237067 
  2019.0   51.18493625351746 
  2020.0   51.24684886881197 
  2021.0   51.37098429191959 
  2022.0   51.52598471302054 
  2023.0   51.6451272715471 
  2024.0   51.86571348819945 
  2025.0   52.04051420674425 
  2026.0   52.285011174677905 
  2027.0   52.490262195665785 
  2028.0   52.71423337232964 
  2029.0   52.83435643538676 
  2030.0   52.92464007163843 
  2031.0   53.35252831481124 
  2032.0   53.602604786792156 
  2033.0   53.88801926804114 
  2034.0   54.14795809665198 
  2035.0   54.33465013326931 
  2036.0   54.66315427446528 
  2037.0   55.1563210484686 
  2038.0   55.48910665923134 
  2039.0   55.593318853849254 
  2040.0   55.796342082442045 
  2041.0   56.00977791952179 
  2042.0   56.0705452057245 
  2043.0   56.01187364819125 
  2044.0   56.13989361607372 
  2045.0   56.564537959564106 
  2046.0   56.94493803087181 
  2047.0   57.05586752440077 
  2048.0   57.31733302537066 
  2049.0   57.62721900493909 
  2050.0   57.97688143373368 
  2051.0   58.35393475918576 
  2052.0   58.52425523977012 
  2053.0   58.48033763043071 
  2054.0   58.59833513325667 
  2055.0   59.0063166935461 
  2056.0   59.39951020419986 
  2057.0   59.557385362424924 
  2058.0   59.76595473481162 
  2059.0   59.947061265943006 
  2060.0   60.2815546918967 
  2061.0   60.46008340066302 
  2062.0   60.50509326607324 
  2063.0   60.79950440933064 
  2064.0   60.92469913556997 
  2065.0   61.09656732142015 
  2066.0   61.48265871726518 
  2067.0   61.69102129812862 
  2068.0   61.74530645673682 
  2069.0   61.79128111884505 
  2070.0   61.940902400289275 
  2071.0   62.03417853303145 
  2072.0   62.13623326574633 
  2073.0   62.20476832457658 
  2074.0   62.47154150768655 
  2075.0   62.90732924178098 
  2076.0   63.208685685283605 
  2077.0   63.508535384655254 
  2078.0   63.570418062499286 
  2079.0   63.72886663283043 
  2080.0   63.766979662620685 
  2081.0   63.74106443823256 
  2082.0   63.7606749703501 
  2083.0   63.80522981121985 
  2084.0   64.09700302234656 
  2085.0   64.40998399770733 
  2086.0   64.67455656311543 
  2087.0   64.67603610378008 
  2088.0   64.51545262614391 
  2089.0   64.77129377969389 
  2090.0   65.22846070551076 
  2091.0   65.37106954009573 
  2092.0   65.59765622385567 
  2093.0   65.54028493774445 
  2094.0   65.57502122069259 
  2095.0   65.81129819982041 
  2096.0   65.89588968045382 
  2097.0   66.12141977965013 
  2098.0   66.3094969037626 
  2099.0   66.27809968891306 
  2100.0   66.1804625822818 
