  2015.0   1028.0395148580303 
  2016.0   1028.1477725224083 
  2017.0   1028.1677039186895 
  2018.0   1028.425569224441 
  2019.0   1028.7619890571732 
  2020.0   1029.010001868967 
  2021.0   1029.4065855619313 
  2022.0   1029.8861313940577 
  2023.0   1030.242794502937 
  2024.0   1030.497681429037 
  2025.0   1030.8121580315515 
  2026.0   1031.0813825598054 
  2027.0   1031.1109979360244 
  2028.0   1031.1890673838732 
  2029.0   1031.2134836193313 
  2030.0   1031.3980191924911 
  2031.0   1031.8166589951747 
  2032.0   1032.2074399296387 
  2033.0   1032.6052773740469 
  2034.0   1033.0754574230273 
  2035.0   1033.5915764031333 
  2036.0   1034.0494920701328 
  2037.0   1034.5029831402267 
  2038.0   1034.9352012219024 
  2039.0   1035.3163306066385 
  2040.0   1035.7672023843954 
  2041.0   1036.3098954813333 
  2042.0   1036.900271562299 
  2043.0   1037.1772949220485 
  2044.0   1037.3586221451478 
  2045.0   1037.6956859043016 
  2046.0   1038.0380226597028 
  2047.0   1038.477480308244 
  2048.0   1039.0550947476418 
  2049.0   1039.3256289865203 
  2050.0   1039.5674464552653 
  2051.0   1039.9196300348124 
  2052.0   1040.5731390082215 
  2053.0   1041.0911741690468 
  2054.0   1041.4149651631565 
  2055.0   1041.7855124691118 
  2056.0   1042.0968402515866 
  2057.0   1042.374719425464 
  2058.0   1042.8374354373511 
  2059.0   1043.185739711246 
  2060.0   1043.414992871155 
  2061.0   1043.6539728979403 
  2062.0   1043.9465127521748 
  2063.0   1044.2558623237426 
  2064.0   1044.5157479878644 
  2065.0   1044.6897891250867 
  2066.0   1044.9724331019204 
  2067.0   1045.2635293789615 
  2068.0   1045.617564207116 
  2069.0   1046.0644560940957 
  2070.0   1046.5355860305533 
  2071.0   1046.8096005332497 
  2072.0   1046.9008065778285 
  2073.0   1047.1236308235118 
  2074.0   1047.5591523653484 
  2075.0   1048.0104950992438 
  2076.0   1048.341200275461 
  2077.0   1048.6006583458557 
  2078.0   1048.9661663084808 
  2079.0   1049.1445860123313 
  2080.0   1049.2456416910186 
  2081.0   1049.5192773137514 
  2082.0   1049.859497634558 
  2083.0   1050.217873230222 
  2084.0   1050.6162428082084 
  2085.0   1050.8018337462804 
  2086.0   1051.1156149415249 
  2087.0   1051.3915527374888 
  2088.0   1051.5631972622398 
  2089.0   1051.7695520297148 
  2090.0   1052.1953237089454 
  2091.0   1052.7619838006192 
  2092.0   1053.251718470516 
  2093.0   1053.6257899827124 
  2094.0   1053.7651978705496 
  2095.0   1053.9749339810692 
  2096.0   1054.343763700398 
  2097.0   1054.7088442229756 
  2098.0   1054.9954216478418 
  2099.0   1055.328216167556 
  2100.0   1055.5949879620664 
