  2015.0   6.805052438715692 
  2016.0   6.382059063571027 
  2017.0   6.4980582585381725 
  2018.0   6.286446810594421 
  2019.0   6.914809345211466 
  2020.0   6.588555471672503 
  2021.0   6.657092258239394 
  2022.0   6.614901584512179 
  2023.0   6.9197263028443725 
  2024.0   7.09524044442775 
  2025.0   6.549704559905448 
  2026.0   6.9298299540411605 
  2027.0   6.8106296249475005 
  2028.0   7.244054925900169 
  2029.0   7.237639913324211 
  2030.0   7.427525541024065 
  2031.0   6.956395740735825 
  2032.0   7.145271035999369 
  2033.0   7.285557614438979 
  2034.0   7.025698590605816 
  2035.0   7.07592009852953 
  2036.0   7.409369371494596 
  2037.0   7.07002523634765 
  2038.0   7.380272299673011 
  2039.0   7.158237958598458 
  2040.0   7.523462575269612 
  2041.0   6.944612347391214 
  2042.0   7.75760215970403 
  2043.0   7.518712631238943 
  2044.0   7.367436784631791 
  2045.0   7.628794200362652 
  2046.0   7.525941948353302 
  2047.0   7.591189290747109 
  2048.0   7.3361746360388995 
  2049.0   7.392131203882314 
  2050.0   7.596310341962256 
  2051.0   7.3856638398855186 
  2052.0   7.396995790594402 
  2053.0   7.785971800250916 
  2054.0   7.545503256277307 
  2055.0   7.6023402127353625 
  2056.0   7.428320981359826 
  2057.0   7.311758525170092 
  2058.0   7.755226981182623 
  2059.0   7.406672270997207 
  2060.0   7.891367624788165 
  2061.0   7.461111865324131 
  2062.0   7.5536110250893715 
  2063.0   7.886827724030494 
  2064.0   7.361707846438808 
  2065.0   7.201286760288603 
  2066.0   7.497185266914749 
  2067.0   7.441425676319469 
  2068.0   7.979308328964455 
  2069.0   7.761022432681154 
  2070.0   7.1174962510988244 
  2071.0   7.633720332512772 
  2072.0   7.5350975725654346 
  2073.0   7.549105837399952 
  2074.0   7.418195738118765 
  2075.0   8.071800897506193 
  2076.0   7.363582313672321 
  2077.0   7.638027905520795 
  2078.0   7.500630752938873 
  2079.0   7.045611921092955 
  2080.0   6.934034385054491 
  2081.0   7.461897800560789 
  2082.0   7.415328584296425 
  2083.0   7.373023080780258 
  2084.0   7.209349253615466 
  2085.0   7.3795934077485486 
  2086.0   7.258119739368535 
  2087.0   7.776120951281545 
  2088.0   7.603050003883156 
  2089.0   7.524654356908713 
  2090.0   7.2180628376860865 
  2091.0   7.696834061088238 
  2092.0   7.3718004740108585 
  2093.0   7.167549419807061 
  2094.0   7.565399909933636 
  2095.0   7.495430049626546 
  2096.0   7.329744848786731 
  2097.0   7.572073940919705 
  2098.0   7.178298359647962 
  2099.0   7.1787270124710885 
  2100.0   7.209447135193492 
