  2015.0   5.710821935889853 
  2016.0   5.632801768318678 
  2017.0   5.605700436115232 
  2018.0   5.476657266864853 
  2019.0   5.942596202268028 
  2020.0   5.81986529343665 
  2021.0   6.040460972684452 
  2022.0   5.776684352466223 
  2023.0   5.960165314124476 
  2024.0   5.99210107300345 
  2025.0   6.115182816097958 
  2026.0   6.135517353886359 
  2027.0   5.96627493940781 
  2028.0   6.025151625378065 
  2029.0   6.190270554237475 
  2030.0   6.1919740867026505 
  2031.0   6.33670759518364 
  2032.0   6.1968782283498465 
  2033.0   6.423413618164898 
  2034.0   6.47616658635307 
  2035.0   6.223483793458305 
  2036.0   6.306175022373695 
  2037.0   6.447166015719995 
  2038.0   6.352901562745303 
  2039.0   6.586429036199508 
  2040.0   6.651852936679838 
  2041.0   6.582120813680576 
  2042.0   6.234977519857443 
  2043.0   6.6000906644987065 
  2044.0   6.564454058999772 
  2045.0   6.324562290238701 
  2046.0   6.685318386492899 
  2047.0   6.515868776785915 
  2048.0   6.334601719686561 
  2049.0   6.5338016026485795 
  2050.0   6.596035848390978 
  2051.0   6.377271889374023 
  2052.0   6.788495505504891 
  2053.0   6.519913522214541 
  2054.0   6.556794101515268 
  2055.0   6.706862634877825 
  2056.0   6.950104969921716 
  2057.0   6.708493710359679 
  2058.0   6.848569913441665 
  2059.0   6.709839097158535 
  2060.0   6.954278619159146 
  2061.0   6.826811551259774 
  2062.0   6.898246052811233 
  2063.0   7.011219865652023 
  2064.0   6.864457556517271 
  2065.0   6.76606272343976 
  2066.0   6.972352499127072 
  2067.0   7.157722189464005 
  2068.0   6.965519236800035 
  2069.0   6.694675838629303 
  2070.0   6.862109537622453 
  2071.0   6.790942530785036 
  2072.0   6.9034954551592485 
  2073.0   7.0281130015328985 
  2074.0   7.088548516505291 
  2075.0   6.802058744046381 
  2076.0   6.877073430238798 
  2077.0   6.992451487787767 
  2078.0   7.016481527027806 
  2079.0   6.946293201702772 
  2080.0   7.014572716615035 
  2081.0   6.838113379338204 
  2082.0   6.9788181088073715 
  2083.0   6.8658861158045745 
  2084.0   7.0058434408588575 
  2085.0   6.90646779896391 
  2086.0   7.175512527656543 
  2087.0   7.078965311722069 
  2088.0   6.942717128273569 
  2089.0   7.073036832351278 
  2090.0   6.956865191421815 
  2091.0   7.055063951557312 
  2092.0   6.900567545516756 
  2093.0   7.021459218306558 
  2094.0   7.140410010809784 
  2095.0   6.795829097395005 
  2096.0   6.657489587666468 
  2097.0   7.0916359764440955 
  2098.0   6.8272207768218305 
  2099.0   6.912537655786302 
  2100.0   6.6681190850186995 
