  1850.0   5.241581212294203 
  1851.0   5.01543984641665 
  1852.0   5.0929123428380185 
  1853.0   4.846438708851933 
  1854.0   5.08068103426587 
  1855.0   4.71369485597503 
  1856.0   4.956128743298138 
  1857.0   5.374237880226705 
  1858.0   5.026578824465193 
  1859.0   5.487100647541069 
  1860.0   5.208475584178541 
  1861.0   4.7975170378098495 
  1862.0   4.910178461577977 
  1863.0   5.184124039802849 
  1864.0   5.236467271427053 
  1865.0   4.925864175418175 
  1866.0   5.495571720730754 
  1867.0   5.421595805873226 
  1868.0   5.235645751706222 
  1869.0   4.8774550346852426 
  1870.0   5.044342342830259 
  1871.0   5.2828380664724035 
  1872.0   5.189159288927041 
  1873.0   5.123830165150243 
  1874.0   5.441673968579283 
  1875.0   5.147220458697334 
  1876.0   4.889419233287978 
  1877.0   5.42035927680984 
  1878.0   5.389346971298081 
  1879.0   5.25975167754478 
  1880.0   5.259068438681468 
  1881.0   5.016410132500675 
  1882.0   4.921301050613975 
  1883.0   5.391509711581591 
  1884.0   5.0554688320935 
  1885.0   5.40287721747718 
  1886.0   5.286462189186122 
  1887.0   5.016535087084363 
  1888.0   5.0484424263326355 
  1889.0   5.164245735518333 
  1890.0   5.22035646367443 
  1891.0   5.359807683436807 
  1892.0   5.371220336063811 
  1893.0   5.321350631780677 
  1894.0   5.551834225897611 
  1895.0   5.542596737577406 
  1896.0   5.238605353429412 
  1897.0   5.174483725624139 
  1898.0   5.553421834451761 
  1899.0   5.313294695781446 
  1900.0   5.004239349559654 
  1901.0   5.4175220708785945 
  1902.0   5.059222614610737 
  1903.0   4.941594685263238 
  1904.0   5.466179352689739 
  1905.0   4.989573486760979 
  1906.0   5.458189584548107 
  1907.0   5.371801379014414 
  1908.0   5.452490542956835 
  1909.0   5.444073021125325 
  1910.0   5.380820737201973 
  1911.0   5.338361047361422 
  1912.0   5.343357986718181 
  1913.0   5.120504438115532 
  1914.0   5.273127041405266 
  1915.0   5.49037838439314 
  1916.0   5.29979742354224 
  1917.0   5.198232189306407 
  1918.0   5.242895517686332 
  1919.0   5.0565608747607165 
  1920.0   5.024539311513751 
  1921.0   5.546826447628286 
  1922.0   5.820746877804498 
  1923.0   5.648532181339349 
  1924.0   5.650906380089608 
  1925.0   5.903252516648313 
  1926.0   5.354591551740778 
  1927.0   5.506111597491506 
  1928.0   5.4696474904519965 
  1929.0   5.425205993744793 
  1930.0   5.397579092334398 
  1931.0   5.573934857730498 
  1932.0   5.472914751032464 
  1933.0   5.712433775888227 
  1934.0   5.491495072316512 
  1935.0   5.526457808269976 
  1936.0   5.303999472420668 
  1937.0   5.2122126315696535 
  1938.0   5.999697616605469 
  1939.0   5.505957217415313 
  1940.0   5.548223587666641 
  1941.0   5.623615135678744 
  1942.0   5.394446974038545 
  1943.0   5.279282427816653 
  1944.0   5.659365836026058 
  1945.0   5.515844577384018 
  1946.0   6.083718746910351 
  1947.0   5.785943834416818 
  1948.0   5.840280260876642 
  1949.0   5.631328951234892 
  1950.0   5.5063378600539865 
  1951.0   5.5577657894531685 
  1952.0   5.235224217406774 
  1953.0   5.339596201414436 
  1954.0   5.481863254814386 
  1955.0   5.583253837502039 
  1956.0   5.811814162754712 
  1957.0   5.686569159777293 
  1958.0   5.620550795219398 
  1959.0   5.183316261023764 
  1960.0   5.10410850795497 
  1961.0   5.509684051597287 
  1962.0   5.8796030126936225 
  1963.0   5.824285624500468 
  1964.0   5.529383757179279 
  1965.0   5.483316135790108 
  1966.0   5.484149318868903 
  1967.0   5.7413452917641825 
  1968.0   5.61858420188136 
  1969.0   5.805194727674419 
  1970.0   6.0796667607184975 
  1971.0   5.849641638754287 
  1972.0   5.591676989128084 
  1973.0   5.851572519313381 
  1974.0   5.603757515313284 
  1975.0   5.714637975507258 
  1976.0   5.882976764625703 
  1977.0   5.669390297754752 
  1978.0   5.789993024445441 
  1979.0   5.534054259315687 
  1980.0   5.705613757661843 
  1981.0   5.880457656913345 
  1982.0   5.786556482902646 
  1983.0   5.961942302384792 
  1984.0   5.491860816040454 
  1985.0   5.826459979983839 
  1986.0   5.786623995727327 
  1987.0   6.102537321419172 
  1988.0   6.3095279027719355 
  1989.0   5.946777301941417 
  1990.0   6.144631132548217 
  1991.0   6.4034460321480315 
  1992.0   6.56684468581746 
  1993.0   6.340144424401272 
  1994.0   6.378717259028058 
  1995.0   6.445134003999217 
  1996.0   6.3343688884268445 
  1997.0   6.267233847804705 
  1998.0   6.376066771721392 
  1999.0   6.724936919322078 
  2000.0   7.0380731844359845 
  2001.0   6.688464926438895 
  2002.0   6.697657974607971 
  2003.0   6.56840446782525 
  2004.0   6.495958388635921 
  2005.0   6.785640898933292 
  2006.0   6.4859114496769035 
  2007.0   6.527790579512415 
  2008.0   6.784161649929082 
  2009.0   6.862576353566452 
  2010.0   6.679241980547457 
  2011.0   6.606240520906584 
  2012.0   6.602176051973359 
  2013.0   6.940507852001646 
  2014.0   6.740763122578614 
