  1850.0   277.48028542230134 
  1851.0   277.8371190093957 
  1852.0   278.03453337976487 
  1853.0   277.4679745333687 
  1854.0   277.2018656252168 
  1855.0   277.81701812592524 
  1856.0   277.7748431030535 
  1857.0   277.4947770712098 
  1858.0   277.35988373842684 
  1859.0   277.46095526067336 
  1860.0   277.5755138500967 
  1861.0   276.96956009961565 
  1862.0   277.48093393585594 
  1863.0   277.51363315259516 
  1864.0   277.3649452563667 
  1865.0   277.7488849160885 
  1866.0   278.0257578084985 
  1867.0   277.8781256980174 
  1868.0   277.789436746131 
  1869.0   277.91429528050554 
  1870.0   277.5031673600643 
  1871.0   277.0561356776924 
  1872.0   277.78572844884025 
  1873.0   278.0470225667678 
  1874.0   277.73494257245477 
  1875.0   277.78777823429664 
  1876.0   277.5045262364184 
  1877.0   277.7694099568326 
  1878.0   277.18454231167556 
  1879.0   277.9338895253772 
  1880.0   277.402113330086 
  1881.0   277.6756169975977 
  1882.0   277.65729949855 
  1883.0   277.9122707842399 
  1884.0   277.03161078333017 
  1885.0   277.16402037257905 
  1886.0   277.5408501725651 
  1887.0   277.25710345417116 
  1888.0   277.6961476996338 
  1889.0   277.65406548578926 
  1890.0   277.5974037940683 
  1891.0   277.1325921097455 
  1892.0   277.06338202054775 
  1893.0   277.89383089852316 
  1894.0   277.797587490512 
  1895.0   278.1522111194951 
  1896.0   277.3447825152206 
  1897.0   278.19187139904295 
  1898.0   277.48349440998317 
  1899.0   278.1901110213491 
  1900.0   277.67003375058596 
  1901.0   277.7137096932731 
  1902.0   277.6424954312449 
  1903.0   276.56820128036804 
  1904.0   277.0473335495953 
  1905.0   277.40247074936065 
  1906.0   277.68275047517204 
  1907.0   277.9604937945909 
  1908.0   277.9884785360322 
  1909.0   277.68021198559916 
  1910.0   277.57403430205915 
  1911.0   277.5408606634148 
  1912.0   276.87445862156363 
  1913.0   277.2904987320714 
  1914.0   277.7073145179796 
  1915.0   277.79525074278024 
  1916.0   277.99203446451793 
  1917.0   277.63931042332405 
  1918.0   278.0753837353758 
  1919.0   278.0133169052517 
  1920.0   277.71971312095536 
  1921.0   277.87040755530955 
  1922.0   277.6403236295932 
  1923.0   277.6244177068885 
  1924.0   278.21849212472176 
  1925.0   278.1559051787437 
  1926.0   277.6413866147926 
  1927.0   277.58562402682395 
  1928.0   277.67129213131733 
  1929.0   277.52753180997144 
  1930.0   277.9402030153739 
  1931.0   278.15636703937093 
  1932.0   277.43190546864514 
  1933.0   277.75139357140876 
  1934.0   277.7361807488236 
  1935.0   278.32782641919476 
  1936.0   277.89894100948896 
  1937.0   278.1481276439002 
  1938.0   277.42014092574965 
  1939.0   278.42374740003356 
  1940.0   277.66456165167915 
  1941.0   277.58227167911593 
  1942.0   277.7186869200231 
  1943.0   277.3947023974162 
  1944.0   277.6085578274834 
  1945.0   277.91674550407305 
  1946.0   277.94584930909895 
  1947.0   277.35248554183295 
  1948.0   277.707642856022 
  1949.0   277.3711528733945 
  1950.0   277.2244210144501 
  1951.0   278.0075269448321 
  1952.0   277.72355633330176 
  1953.0   277.72713411307313 
  1954.0   277.75206068041393 
  1955.0   278.03365090535306 
  1956.0   278.2167908799029 
  1957.0   277.63761230426775 
  1958.0   277.1395580344098 
  1959.0   277.4298867123745 
  1960.0   277.56854853970697 
  1961.0   277.45186592021827 
  1962.0   277.6811983310913 
  1963.0   277.68394240541335 
  1964.0   277.6128961643753 
  1965.0   277.3608370789743 
  1966.0   277.54590988344 
  1967.0   277.64836441111913 
  1968.0   277.2879516470536 
  1969.0   277.5191495480382 
  1970.0   277.1978802531521 
  1971.0   277.37258124511965 
  1972.0   277.2859874371391 
  1973.0   277.8972138296965 
  1974.0   277.926433785595 
  1975.0   277.33801778564543 
  1976.0   277.3372347069591 
  1977.0   277.86545325869383 
  1978.0   277.42297956766646 
  1979.0   277.5586032690353 
  1980.0   277.8788724487406 
  1981.0   277.59042657145375 
  1982.0   277.63587917964503 
  1983.0   277.1060081265815 
  1984.0   276.84287606827155 
  1985.0   277.7465206300955 
  1986.0   277.3310252633037 
  1987.0   277.1613109735352 
  1988.0   278.3082746304444 
  1989.0   277.7233297599279 
  1990.0   277.7598379249311 
  1991.0   277.56558535895766 
  1992.0   277.47743896754906 
  1993.0   277.5136882034413 
  1994.0   277.7099155991466 
  1995.0   277.20210096092984 
  1996.0   277.3721124252399 
  1997.0   277.8199388941796 
  1998.0   277.6371539750786 
  1999.0   277.84486204329517 
  2000.0   278.1243652877231 
  2001.0   278.53679862846155 
  2002.0   278.04638973305646 
  2003.0   277.6198060208915 
  2004.0   277.3021994887941 
  2005.0   277.9127075887892 
  2006.0   277.93443444392307 
  2007.0   278.2343066671384 
  2008.0   277.9058411158889 
  2009.0   277.9340249409139 
  2010.0   278.25866260684893 
  2011.0   278.3440183445024 
  2012.0   278.2358713760505 
  2013.0   278.21340141358644 
  2014.0   278.39667960446 
