  1850.0   275.2122228185165 
  1851.0   275.24999512335154 
  1852.0   275.4542808227922 
  1853.0   275.32989833576283 
  1854.0   274.79281785868324 
  1855.0   274.92909456134606 
  1856.0   275.2945597843003 
  1857.0   274.99358971489465 
  1858.0   275.3685675154063 
  1859.0   275.7923034234835 
  1860.0   275.68155437494306 
  1861.0   275.48398397604336 
  1862.0   275.094458579984 
  1863.0   275.46256542533064 
  1864.0   275.2597496819145 
  1865.0   275.4358005489261 
  1866.0   275.7242815203356 
  1867.0   275.2598581591284 
  1868.0   276.09476049737265 
  1869.0   275.59253888361127 
  1870.0   275.3802291200474 
  1871.0   275.06209006315714 
  1872.0   275.358141006309 
  1873.0   274.82527417652074 
  1874.0   275.4956358513009 
  1875.0   276.0339264012405 
  1876.0   275.8355936863912 
  1877.0   276.2818830248067 
  1878.0   275.46064762725507 
  1879.0   275.2297605343144 
  1880.0   275.5631133836915 
  1881.0   275.5212117384699 
  1882.0   275.27310991353374 
  1883.0   275.73043522648004 
  1884.0   275.247439437086 
  1885.0   275.34207401883805 
  1886.0   275.4214205381982 
  1887.0   275.45953349781337 
  1888.0   275.65656037976674 
  1889.0   276.04011561770324 
  1890.0   276.01836146528916 
  1891.0   275.38406903489397 
  1892.0   275.41346526369705 
  1893.0   274.83703852565594 
  1894.0   275.65505883231447 
  1895.0   275.9818717923336 
  1896.0   275.90139917052323 
  1897.0   275.8539521263242 
  1898.0   275.2901047405917 
  1899.0   275.33685079200444 
  1900.0   275.1998012660226 
  1901.0   275.78273726659853 
  1902.0   275.75775998479384 
  1903.0   274.9563946005862 
  1904.0   275.13165341372707 
  1905.0   275.58159666700345 
  1906.0   275.4326853554118 
  1907.0   275.5300533167332 
  1908.0   275.2178352128445 
  1909.0   275.6359721169497 
  1910.0   275.8765047821816 
  1911.0   275.58321859788254 
  1912.0   275.5280059854472 
  1913.0   275.3658848127569 
  1914.0   274.96155731973437 
  1915.0   275.70477721716384 
  1916.0   274.9698677134542 
  1917.0   275.54440300793146 
  1918.0   275.3935489524194 
  1919.0   275.67829134398175 
  1920.0   275.95762438117475 
  1921.0   276.0529684235154 
  1922.0   275.1067221612267 
  1923.0   274.8078024787347 
  1924.0   275.842626189451 
  1925.0   275.9785351016076 
  1926.0   275.88146020074635 
  1927.0   275.7490654718101 
  1928.0   275.0569478021516 
  1929.0   276.1191002393394 
  1930.0   275.56464393891144 
  1931.0   275.6372188910067 
  1932.0   275.843583497507 
  1933.0   275.8318581345825 
  1934.0   275.8546944971568 
  1935.0   276.0052696733599 
  1936.0   275.77169116581456 
  1937.0   275.84975726327065 
  1938.0   276.23221621323376 
  1939.0   275.47774960822545 
  1940.0   275.9572619296948 
  1941.0   276.2719637612322 
  1942.0   275.4069969059595 
  1943.0   275.68827844159426 
  1944.0   275.854505338642 
  1945.0   275.82594597222055 
  1946.0   275.967257659247 
  1947.0   275.60543758324616 
  1948.0   275.65868862810385 
  1949.0   275.8496396947285 
  1950.0   276.12532397227864 
  1951.0   276.24143495720585 
  1952.0   276.130652877763 
  1953.0   275.604501998069 
  1954.0   275.76375415275476 
  1955.0   276.0153537211404 
  1956.0   275.43994543734095 
  1957.0   275.93953438078427 
  1958.0   275.74268791666606 
  1959.0   275.78338144521587 
  1960.0   274.9255354741078 
  1961.0   275.9277852200518 
  1962.0   276.0164923136087 
  1963.0   275.14323699769744 
  1964.0   275.55106920493745 
  1965.0   276.07216106115106 
  1966.0   276.49096404620457 
  1967.0   275.96766508975253 
  1968.0   275.56447654190174 
  1969.0   275.79255689756684 
  1970.0   275.38807580338073 
  1971.0   275.24806084465285 
  1972.0   275.5442593450581 
  1973.0   275.87707198379326 
  1974.0   276.4702825673579 
  1975.0   275.97011978613824 
  1976.0   275.6822633788923 
  1977.0   275.81250103415977 
  1978.0   276.49824820942837 
  1979.0   275.9466740084051 
  1980.0   276.3075820447652 
  1981.0   275.81838509954184 
  1982.0   276.3452906640607 
  1983.0   275.972714463818 
  1984.0   275.897035748836 
  1985.0   276.0391094277881 
  1986.0   275.96562246475946 
  1987.0   276.28188986836716 
  1988.0   276.8118595904114 
  1989.0   276.17520251429227 
  1990.0   276.3936207050146 
  1991.0   277.07720500307846 
  1992.0   276.20062326456264 
  1993.0   275.67363355501277 
  1994.0   276.9566263438105 
  1995.0   277.05240589297296 
  1996.0   276.6617409768426 
  1997.0   276.38914383495126 
  1998.0   276.5068282541143 
  1999.0   276.8041753419096 
  2000.0   277.2190175743317 
  2001.0   277.3168438333151 
  2002.0   277.31175322866716 
  2003.0   278.08758002906575 
  2004.0   277.45460164500156 
  2005.0   277.5579113618347 
  2006.0   277.5474721496951 
  2007.0   277.3340691491656 
  2008.0   277.4439811860646 
  2009.0   277.1502595584917 
  2010.0   278.0705900842396 
  2011.0   277.4952534674277 
  2012.0   277.68003674637936 
  2013.0   277.7445129042974 
  2014.0   278.08027990100715 
