  1850.0   3.6122527867399124e-10 
  1851.0   3.5456489643741455e-10 
  1852.0   5.159361496593957e-10 
  1853.0   3.82227083877199e-10 
  1854.0   6.999671129011886e-10 
  1855.0   3.4467030047631717e-10 
  1856.0   1.9953353351004246e-10 
  1857.0   3.406268281852527e-10 
  1858.0   5.046536257223794e-10 
  1859.0   3.3198627389380093e-10 
  1860.0   1.9416541223408294e-10 
  1861.0   5.191247936762527e-10 
  1862.0   5.565070747745453e-10 
  1863.0   3.6415409254592684e-10 
  1864.0   2.2024400051500484e-10 
  1865.0   3.874206395536271e-10 
  1866.0   3.6508427987208115e-10 
  1867.0   2.872607558828539e-10 
  1868.0   3.4481035469560994e-10 
  1869.0   3.321158776253983e-10 
  1870.0   2.494184931906457e-10 
  1871.0   2.5545091664410943e-10 
  1872.0   4.0448211121075235e-10 
  1873.0   3.4640505380643627e-10 
  1874.0   4.6397420151834326e-10 
  1875.0   4.3692660148180785e-10 
  1876.0   5.289540898451238e-10 
  1877.0   3.9644421617637443e-10 
  1878.0   2.7364036588497864e-10 
  1879.0   3.351967842267239e-10 
  1880.0   4.2215422739655915e-10 
  1881.0   3.6014912228402383e-10 
  1882.0   3.552686299836138e-10 
  1883.0   4.372796861143584e-10 
  1884.0   5.086613460897279e-10 
  1885.0   6.45650377846361e-10 
  1886.0   4.4844870555525037e-10 
  1887.0   2.5424396236086353e-10 
  1888.0   4.74445516673534e-10 
  1889.0   2.8376062262230123e-10 
  1890.0   5.462794402514419e-10 
  1891.0   4.5135144722184406e-10 
  1892.0   2.4134573074100204e-10 
  1893.0   5.069309290102823e-10 
  1894.0   1.6401024324420246e-10 
  1895.0   2.4813798400118034e-10 
  1896.0   4.3761757224676504e-10 
  1897.0   2.6424538292063246e-10 
  1898.0   3.745766393739217e-10 
  1899.0   9.401390123095637e-10 
  1900.0   4.5676492424860857e-10 
  1901.0   6.902639445520028e-10 
  1902.0   2.676510544129122e-10 
  1903.0   3.513077472995121e-10 
  1904.0   6.741748776801291e-10 
  1905.0   3.584047584692509e-10 
  1906.0   4.765922191458334e-10 
  1907.0   2.599258889388651e-10 
  1908.0   2.36242822796843e-10 
  1909.0   4.833016852673066e-10 
  1910.0   5.891851583211003e-10 
  1911.0   3.0054489415430105e-10 
  1912.0   2.4225065754831153e-10 
  1913.0   3.8446906430130405e-10 
  1914.0   3.932346223820286e-10 
  1915.0   2.658053216200816e-10 
  1916.0   2.0854934625842073e-10 
  1917.0   3.858718621169382e-10 
  1918.0   2.645968553244391e-10 
  1919.0   3.0688205663978923e-10 
  1920.0   3.801701251540693e-10 
  1921.0   4.932352146814419e-10 
  1922.0   3.287537780076239e-10 
  1923.0   3.692897119621694e-10 
  1924.0   3.4209741362378084e-10 
  1925.0   3.5775127993784275e-10 
  1926.0   4.155875254545417e-10 
  1927.0   4.337235783582199e-10 
  1928.0   4.1852418891498354e-10 
  1929.0   3.6922050102210215e-10 
  1930.0   4.398010270919512e-10 
  1931.0   2.3478318951353424e-10 
  1932.0   7.458651987007646e-10 
  1933.0   2.910027691786627e-10 
  1934.0   3.009923608793156e-10 
  1935.0   3.8495657073258884e-10 
  1936.0   3.5056001901506805e-10 
  1937.0   5.217167907302715e-10 
  1938.0   7.144833076290297e-10 
  1939.0   5.115595126766371e-10 
  1940.0   3.4652551226861857e-10 
  1941.0   2.2228868376991274e-10 
  1942.0   6.179703088901865e-10 
  1943.0   4.1106229817311866e-10 
  1944.0   2.514567122817346e-10 
  1945.0   2.384410150558514e-10 
  1946.0   3.684285039581506e-10 
  1947.0   4.2780682911270893e-10 
  1948.0   4.693704793739959e-10 
  1949.0   4.959012832859638e-10 
  1950.0   5.977196796487176e-10 
  1951.0   4.12967804819445e-10 
  1952.0   4.5134088066597366e-10 
  1953.0   3.03020662535448e-10 
  1954.0   2.688403465002719e-10 
  1955.0   2.9427802171722577e-10 
  1956.0   2.8393356522385697e-10 
  1957.0   3.721815497126384e-10 
  1958.0   5.375242071200977e-10 
  1959.0   3.989238914360073e-10 
  1960.0   4.045573540932249e-10 
  1961.0   3.2632316045489265e-10 
  1962.0   3.492573366409062e-10 
  1963.0   3.476761520892336e-10 
  1964.0   4.2079622940162384e-10 
  1965.0   4.2418976263353713e-10 
  1966.0   2.056043357324083e-10 
  1967.0   3.2914814043607735e-10 
  1968.0   2.72692220553332e-10 
  1969.0   2.0830941985147546e-10 
  1970.0   4.681316838014512e-10 
  1971.0   2.3286918536677404e-10 
  1972.0   4.6272629078538745e-10 
  1973.0   3.658036599626317e-10 
  1974.0   3.006295546938807e-10 
  1975.0   2.0862433378016042e-10 
  1976.0   2.830290998717886e-10 
  1977.0   2.2487255278585583e-10 
  1978.0   2.0369772646314176e-10 
  1979.0   4.801873005559113e-10 
  1980.0   2.2744981434242256e-10 
  1981.0   4.530728560411374e-10 
  1982.0   2.9129627158898314e-10 
  1983.0   2.386837771370386e-10 
  1984.0   3.4445114822623974e-10 
  1985.0   3.2043449775977026e-10 
  1986.0   2.353519673630457e-10 
  1987.0   2.9584130105832474e-10 
  1988.0   2.6848750181487635e-10 
  1989.0   2.8691921576410493e-10 
  1990.0   3.4889669408609174e-10 
  1991.0   3.694124502280319e-10 
  1992.0   3.9376858687118913e-10 
  1993.0   4.3995693378260256e-10 
  1994.0   2.5874044933844505e-10 
  1995.0   3.0967366614917464e-10 
  1996.0   1.6936077670358748e-10 
  1997.0   2.523584573599715e-10 
  1998.0   1.428439395776735e-10 
  1999.0   3.949931633792453e-10 
  2000.0   1.838350073809457e-10 
  2001.0   4.0447037652451777e-10 
  2002.0   1.834954620211181e-10 
  2003.0   1.5806691183163458e-10 
  2004.0   3.718543725093975e-10 
  2005.0   2.5612990107143913e-10 
  2006.0   2.3109816730023502e-10 
  2007.0   2.2532714627411737e-10 
  2008.0   2.3678203999324335e-10 
  2009.0   3.402928770409389e-10 
  2010.0   2.1467574481258237e-10 
  2011.0   2.722619231835911e-10 
  2012.0   1.987106412705773e-10 
  2013.0   1.544340073925998e-10 
  2014.0   2.2695774309598064e-10 
