  1850.0   11.218028001399741 
  1851.0   10.738475280037264 
  1852.0   11.115199645804008 
  1853.0   10.690524385088437 
  1854.0   11.033548192829004 
  1855.0   11.08614214163098 
  1856.0   10.950186764433822 
  1857.0   10.772349863918382 
  1858.0   10.810410923415922 
  1859.0   11.322211319802985 
  1860.0   11.070524888591528 
  1861.0   10.980936418697967 
  1862.0   10.948064578737952 
  1863.0   10.796884346255256 
  1864.0   10.955461831897125 
  1865.0   11.041706726282387 
  1866.0   10.977862598862693 
  1867.0   10.880912275620496 
  1868.0   11.112380353029874 
  1869.0   10.76045780074128 
  1870.0   10.624387635740325 
  1871.0   11.262112737277993 
  1872.0   10.768162554969738 
  1873.0   10.328106609058157 
  1874.0   10.95492062903724 
  1875.0   10.729467111785093 
  1876.0   10.768767577582521 
  1877.0   10.785593363657865 
  1878.0   10.83300629302356 
  1879.0   11.080820896986257 
  1880.0   11.334749170804631 
  1881.0   10.737454625761309 
  1882.0   11.111763882151346 
  1883.0   11.40148007842905 
  1884.0   10.741437735679499 
  1885.0   10.905825774874804 
  1886.0   11.033765955655442 
  1887.0   10.724629864294744 
  1888.0   11.092281102080468 
  1889.0   11.365999099659128 
  1890.0   10.839669433093922 
  1891.0   10.8198419732275 
  1892.0   11.221813873793494 
  1893.0   10.731260829934756 
  1894.0   10.566086211877678 
  1895.0   10.944278982038863 
  1896.0   11.420795949787232 
  1897.0   11.109725943156297 
  1898.0   11.088289699929467 
  1899.0   10.656457861760922 
  1900.0   10.86009006179866 
  1901.0   10.828034561442308 
  1902.0   10.765695318774405 
  1903.0   10.543961729938863 
  1904.0   10.776211860799343 
  1905.0   10.702900660601683 
  1906.0   11.015210182248829 
  1907.0   10.497784920752379 
  1908.0   10.745071328258367 
  1909.0   10.692651914702315 
  1910.0   10.782816855852294 
  1911.0   10.920084514193507 
  1912.0   10.912390034554697 
  1913.0   10.416388568399668 
  1914.0   10.7657523372504 
  1915.0   10.794266333939968 
  1916.0   10.872330585241334 
  1917.0   11.063575038461384 
  1918.0   10.851450707381154 
  1919.0   10.669845744463153 
  1920.0   10.954602828819311 
  1921.0   11.325876334009518 
  1922.0   11.19916272007628 
  1923.0   10.733370971523426 
  1924.0   10.877901344373287 
  1925.0   11.134282764163347 
  1926.0   10.930971526347633 
  1927.0   10.40650717328397 
  1928.0   10.760516786274536 
  1929.0   11.048995182862246 
  1930.0   11.015762592857847 
  1931.0   10.888583787174577 
  1932.0   11.048853846580343 
  1933.0   10.173010317961854 
  1934.0   10.734954343233072 
  1935.0   11.205162815461398 
  1936.0   11.022357350850331 
  1937.0   10.642264339938874 
  1938.0   10.942815109155964 
  1939.0   10.755036118384739 
  1940.0   10.685060355480232 
  1941.0   10.850406385984499 
  1942.0   10.778548425133112 
  1943.0   10.577431619627461 
  1944.0   10.940669811669517 
  1945.0   11.408392628010912 
  1946.0   11.264946568846632 
  1947.0   10.906041823354128 
  1948.0   10.460201739701626 
  1949.0   10.917130457532453 
  1950.0   10.884890181438909 
  1951.0   10.9584516037492 
  1952.0   10.943459375377435 
  1953.0   11.044719310786169 
  1954.0   11.512237402698752 
  1955.0   10.940311367127718 
  1956.0   10.954352132925965 
  1957.0   10.825085243135941 
  1958.0   11.106157523571277 
  1959.0   10.948194064355254 
  1960.0   10.4839216469139 
  1961.0   10.523115665147733 
  1962.0   10.922698532398261 
  1963.0   10.872815044602419 
  1964.0   10.53095098542804 
  1965.0   10.471128103404986 
  1966.0   10.775016647302678 
  1967.0   10.730431061817729 
  1968.0   10.705245571434517 
  1969.0   10.608310705700113 
  1970.0   10.794449806982016 
  1971.0   10.78621248463857 
  1972.0   10.767304767234194 
  1973.0   10.780281426126232 
  1974.0   10.793595279502904 
  1975.0   10.43857776533743 
  1976.0   10.512275696831173 
  1977.0   11.027694461593683 
  1978.0   11.025435241134199 
  1979.0   10.930482376665099 
  1980.0   10.493044736805977 
  1981.0   10.780852523961874 
  1982.0   10.826134483616507 
  1983.0   10.285287005539484 
  1984.0   10.557018212296764 
  1985.0   11.19896055460817 
  1986.0   11.029048057311394 
  1987.0   10.86248726329699 
  1988.0   11.15949553945713 
  1989.0   11.118071118199913 
  1990.0   11.002253983701614 
  1991.0   11.366498670332255 
  1992.0   11.2097694150059 
  1993.0   10.992241239941698 
  1994.0   10.913479801765614 
  1995.0   11.464436583091484 
  1996.0   11.061745401902224 
  1997.0   11.168430271324846 
  1998.0   11.461197254005034 
  1999.0   11.3320598750197 
  2000.0   11.747880807653132 
  2001.0   11.708289713932379 
  2002.0   11.7743513785358 
  2003.0   11.367771612694792 
  2004.0   11.722649028356567 
  2005.0   12.083573844560132 
  2006.0   11.870636074244384 
  2007.0   11.58980069634951 
  2008.0   11.59545813692385 
  2009.0   11.77378059681008 
  2010.0   11.873462560420302 
  2011.0   11.747935625754168 
  2012.0   11.896021277425538 
  2013.0   12.069507924812171 
  2014.0   12.372335441060244 
