  1850.0   -0.22009588471640712 
  1851.0   0.11040712245512259 
  1852.0   0.21848347954997782 
  1853.0   0.040541624671422846 
  1854.0   -0.00786089641525323 
  1855.0   0.16120593263617206 
  1856.0   0.10600242892967587 
  1857.0   0.16994631785099712 
  1858.0   -0.11224519457983102 
  1859.0   0.09614994264143101 
  1860.0   0.1730037381953868 
  1861.0   0.1202318884425081 
  1862.0   0.053597556410264265 
  1863.0   -0.11375910328406823 
  1864.0   0.16837406138550753 
  1865.0   0.14986950310144348 
  1866.0   0.014058310283658946 
  1867.0   0.10419761855507331 
  1868.0   -0.04612792509436031 
  1869.0   0.0752901239631226 
  1870.0   0.051008581629295884 
  1871.0   0.1152802288047582 
  1872.0   0.02959065747552023 
  1873.0   -0.18241229783609778 
  1874.0   0.03213606660142204 
  1875.0   0.035177606199440804 
  1876.0   0.19052084953901607 
  1877.0   0.001196549240826919 
  1878.0   0.04669410486663208 
  1879.0   0.21608893047911384 
  1880.0   0.06207387752545636 
  1881.0   0.0822521450037109 
  1882.0   0.19600024224230103 
  1883.0   -0.043529645104489735 
  1884.0   0.38283166562968163 
  1885.0   -0.10657585102379165 
  1886.0   0.1646993696403655 
  1887.0   0.13859495582245981 
  1888.0   -0.02663420640077532 
  1889.0   0.14796350365723537 
  1890.0   0.27474049334476636 
  1891.0   0.19453684678180252 
  1892.0   0.17487306451024606 
  1893.0   0.008429690993717952 
  1894.0   -0.03371834507633257 
  1895.0   0.1716486633921261 
  1896.0   -0.29869714477193554 
  1897.0   0.01142799825140139 
  1898.0   0.13364749890743421 
  1899.0   0.12940043730904655 
  1900.0   0.001463582416093535 
  1901.0   -0.16515913425203962 
  1902.0   -0.12496041591902256 
  1903.0   0.22508437100899775 
  1904.0   0.09273612224127241 
  1905.0   -0.059734143217439986 
  1906.0   -0.14791619982810106 
  1907.0   0.08462171219442086 
  1908.0   -0.018690922103858795 
  1909.0   -0.054766062510638695 
  1910.0   0.2210468255594798 
  1911.0   0.22124273903686462 
  1912.0   0.5694590106495531 
  1913.0   0.3639460986710401 
  1914.0   0.19371040970080877 
  1915.0   -0.0020555719547926603 
  1916.0   -0.04975136538843306 
  1917.0   0.14645033072470748 
  1918.0   0.13840164813105427 
  1919.0   -0.03590718796896476 
  1920.0   0.18369689032444017 
  1921.0   0.051082033453895816 
  1922.0   -0.028459151723986185 
  1923.0   -0.10116199459882876 
  1924.0   0.23444699710448982 
  1925.0   0.3055121698681791 
  1926.0   -0.13326022899685522 
  1927.0   0.12323020225787883 
  1928.0   0.09796277559514928 
  1929.0   0.21266046721359189 
  1930.0   0.2803091131121426 
  1931.0   0.22776766401567428 
  1932.0   -0.10982528757313087 
  1933.0   -0.014948675654588888 
  1934.0   0.08508798033573406 
  1935.0   -0.12489313846486275 
  1936.0   0.3166374482267819 
  1937.0   0.09167474357109345 
  1938.0   0.03566383133726852 
  1939.0   0.2929064768800128 
  1940.0   0.24749689174993517 
  1941.0   0.09012209000573988 
  1942.0   0.17615431522501146 
  1943.0   0.12226341606747354 
  1944.0   0.20239719784843982 
  1945.0   0.03279277074486133 
  1946.0   0.07455433617474047 
  1947.0   0.1594383004813297 
  1948.0   0.07527548394660155 
  1949.0   0.1463443819683142 
  1950.0   0.09424621373996399 
  1951.0   0.26411132851717967 
  1952.0   0.05088241777291051 
  1953.0   -0.06934828100603438 
  1954.0   0.09832963097270932 
  1955.0   0.1434656794402815 
  1956.0   0.1290049885903187 
  1957.0   0.06118524561775124 
  1958.0   0.0031067972986830593 
  1959.0   0.2435852612053883 
  1960.0   0.2580724645214491 
  1961.0   0.39176063532071986 
  1962.0   0.4403631676163783 
  1963.0   0.43617902539631936 
  1964.0   0.3916628466540007 
  1965.0   0.3711649144027936 
  1966.0   0.39280022917941976 
  1967.0   0.3040218528908446 
  1968.0   0.08568322922080607 
  1969.0   0.18354816758156647 
  1970.0   0.15501077056910065 
  1971.0   0.2800495071250934 
  1972.0   0.4211817372815212 
  1973.0   0.46594057687071094 
  1974.0   0.30160374072992374 
  1975.0   0.40978697527316327 
  1976.0   0.2526031407664854 
  1977.0   0.31982537091515867 
  1978.0   0.2758723166130725 
  1979.0   0.36635155074767634 
  1980.0   0.4190545558080726 
  1981.0   0.342744994266656 
  1982.0   0.4902380393438036 
  1983.0   0.7191680456322707 
  1984.0   0.5486193238148134 
  1985.0   0.43192727136044956 
  1986.0   -0.07839043649477384 
  1987.0   0.49013145937161917 
  1988.0   0.29334983117514746 
  1989.0   0.18987382601719177 
  1990.0   0.08790560845758864 
  1991.0   0.4577175967759277 
  1992.0   0.8202837620512856 
  1993.0   0.7460655196872297 
  1994.0   0.47802403955732237 
  1995.0   0.36826128330486235 
  1996.0   0.273963029711135 
  1997.0   0.38045106546711016 
  1998.0   0.4485304422797491 
  1999.0   0.48951941164184093 
  2000.0   0.38340241843578926 
  2001.0   0.4448886130175035 
  2002.0   0.6110867107951391 
  2003.0   0.2889640530023457 
  2004.0   0.3246709708030439 
  2005.0   0.44549049173400285 
  2006.0   0.41948631476169423 
  2007.0   0.4639011791760984 
  2008.0   0.6977495126631937 
  2009.0   0.2762449543437701 
  2010.0   0.5798887193886206 
  2011.0   0.3328068449042036 
  2012.0   -0.15514169292642097 
  2013.0   0.2032976957741449 
  2014.0   0.35288470528456223 
