  1850.0   1.5672621541312108e-11 
  1851.0   4.024492597147176e-11 
  1852.0   5.4817077990741734e-11 
  1853.0   6.633831998518587e-11 
  1854.0   7.534873808301888e-11 
  1855.0   8.25168335754325e-11 
  1856.0   8.831854480843384e-11 
  1857.0   9.270328495042085e-11 
  1858.0   9.631609956791987e-11 
  1859.0   9.908049556031302e-11 
  1860.0   1.0135494437588223e-10 
  1861.0   1.0913915788412772e-10 
  1862.0   1.1081668471567361e-10 
  1863.0   1.1144385541034782e-10 
  1864.0   1.117263580961271e-10 
  1865.0   1.1121593392808226e-10 
  1866.0   1.1083449264871548e-10 
  1867.0   1.1076212703357946e-10 
  1868.0   1.1038074018505754e-10 
  1869.0   1.0909292767384234e-10 
  1870.0   1.0843158275021088e-10 
  1871.0   1.0547192694410462e-10 
  1872.0   1.0439465666339889e-10 
  1873.0   1.0360432334867519e-10 
  1874.0   1.0288577254863308e-10 
  1875.0   1.0237177653079545e-10 
  1876.0   1.0202124998776407e-10 
  1877.0   1.0133332119052656e-10 
  1878.0   1.0129138480499483e-10 
  1879.0   1.0106565053306679e-10 
  1880.0   1.0081388186619734e-10 
  1881.0   1.1566647256002838e-10 
  1882.0   1.1563074108267158e-10 
  1883.0   1.1480380235335402e-10 
  1884.0   1.1448553293014507e-10 
  1885.0   1.1492205584691406e-10 
  1886.0   1.149106748751112e-10 
  1887.0   1.1512617935832583e-10 
  1888.0   1.15099472996503e-10 
  1889.0   1.1571417736598893e-10 
  1890.0   1.1579721122841472e-10 
  1891.0   1.3125945724793504e-10 
  1892.0   1.3145064898077894e-10 
  1893.0   1.3165990958083892e-10 
  1894.0   1.319669480185685e-10 
  1895.0   1.3209341073491432e-10 
  1896.0   1.325265206615129e-10 
  1897.0   1.3318728585636461e-10 
  1898.0   1.3429654524754712e-10 
  1899.0   1.348233412074555e-10 
  1900.0   1.3543552257450406e-10 
  1901.0   1.3866381997637825e-10 
  1902.0   1.3893640004943736e-10 
  1903.0   1.396118246880065e-10 
  1904.0   1.4027739571360133e-10 
  1905.0   1.4070658627765944e-10 
  1906.0   1.418249702968792e-10 
  1907.0   1.41735373778195e-10 
  1908.0   1.413277917335736e-10 
  1909.0   1.4159722294995807e-10 
  1910.0   1.4220674495687e-10 
  1911.0   1.7757043084986076e-10 
  1912.0   1.7950653639962018e-10 
  1913.0   1.8103464579436057e-10 
  1914.0   1.8394287905697985e-10 
  1915.0   1.862196296066223e-10 
  1916.0   1.8789127263145285e-10 
  1917.0   1.8905056058563852e-10 
  1918.0   1.905566911762385e-10 
  1919.0   1.9173644774289261e-10 
  1920.0   1.930266757826887e-10 
  1921.0   1.6634673549713046e-10 
  1922.0   1.6596538009385984e-10 
  1923.0   1.6652178193955958e-10 
  1924.0   1.6699469146394558e-10 
  1925.0   1.6775755305178593e-10 
  1926.0   1.691681145255868e-10 
  1927.0   1.6944886557103675e-10 
  1928.0   1.7154942202287907e-10 
  1929.0   1.7284258374493885e-10 
  1930.0   1.75315901149567e-10 
  1931.0   1.6232031814807342e-10 
  1932.0   1.631095958117241e-10 
  1933.0   1.653030045868126e-10 
  1934.0   1.676623836711167e-10 
  1935.0   1.6955601227910835e-10 
  1936.0   1.6969449133182487e-10 
  1937.0   1.7211981465195386e-10 
  1938.0   1.7505649811029344e-10 
  1939.0   1.76945465621931e-10 
  1940.0   1.7948083743683465e-10 
  1941.0   1.6893367064428735e-10 
  1942.0   1.6994403000607936e-10 
  1943.0   1.7226359966031365e-10 
  1944.0   1.7489502180760784e-10 
  1945.0   1.7684350624543832e-10 
  1946.0   1.7915834487752942e-10 
  1947.0   1.8188986383906297e-10 
  1948.0   1.8371902277185674e-10 
  1949.0   1.863617829039176e-10 
  1950.0   1.8818209601669466e-10 
  1951.0   2.924419591796054e-10 
  1952.0   3.01139120220477e-10 
  1953.0   3.0803167669185767e-10 
  1954.0   3.1593296132074064e-10 
  1955.0   3.227073673880574e-10 
  1956.0   3.2845145092112893e-10 
  1957.0   3.325186385451165e-10 
  1958.0   3.3804478681564554e-10 
  1959.0   3.43946766343971e-10 
  1960.0   3.4986874387513083e-10 
  1961.0   3.288336150367199e-10 
  1962.0   3.3535865247942777e-10 
  1963.0   3.393566942644853e-10 
  1964.0   3.4305752936653957e-10 
  1965.0   3.464172486441008e-10 
  1966.0   3.4828770421257804e-10 
  1967.0   3.5044962326969853e-10 
  1968.0   3.516111802286434e-10 
  1969.0   3.518759137543975e-10 
  1970.0   3.526669251294342e-10 
  1971.0   4.23691993887148e-10 
  1972.0   4.271136009558995e-10 
  1973.0   4.316012266444994e-10 
  1974.0   4.355803082615634e-10 
  1975.0   4.3875555181131463e-10 
  1976.0   4.4479119226481643e-10 
  1977.0   4.4942567117616254e-10 
  1978.0   4.532488364143783e-10 
  1979.0   4.5657180804473363e-10 
  1980.0   4.5918500031668e-10 
  1981.0   6.670100148418268e-10 
  1982.0   6.830997879058973e-10 
  1983.0   6.936839119408455e-10 
  1984.0   7.076396942414064e-10 
  1985.0   7.116004708318332e-10 
  1986.0   7.214063845338303e-10 
  1987.0   7.287815356404369e-10 
  1988.0   7.371047606627892e-10 
  1989.0   7.275038570485727e-10 
  1990.0   6.509350441432757e-10 
  1991.0   3.5970583946189887e-10 
  1992.0   3.389495674546076e-10 
  1993.0   3.2151895894670963e-10 
  1994.0   3.0712274916645973e-10 
  1995.0   2.9445414587293793e-10 
  1996.0   2.840055712675187e-10 
  1997.0   2.7535024425478724e-10 
  1998.0   2.6794952184216066e-10 
  1999.0   2.621047260386055e-10 
  2000.0   2.5602705692430625e-10 
  2001.0   4.419019142041831e-10 
  2002.0   2.5454549558130284e-10 
  2003.0   2.432600050450161e-10 
  2004.0   6.229489057478658e-10 
  2005.0   2.586540325442524e-10 
  2006.0   2.391533757801594e-10 
  2007.0   2.294053400326737e-10 
  2008.0   2.3327288882915646e-10 
  2009.0   3.437956581005341e-10 
  2010.0   4.042223977034549e-10 
  2011.0   2.6188828246358954e-10 
  2012.0   2.450321756949601e-10 
  2013.0   2.4216371416476453e-10 
  2014.0   2.3900916824930114e-10 
