  1850.0   4.586622659440194 
  1851.0   4.33623389873258 
  1852.0   4.46292667811984 
  1853.0   4.6649902115555095 
  1854.0   4.760319294383939 
  1855.0   4.328703737601796 
  1856.0   4.5582078762011 
  1857.0   4.531880499020554 
  1858.0   4.472786417606578 
  1859.0   4.43524000563783 
  1860.0   4.5594355073822594 
  1861.0   4.600455284771255 
  1862.0   4.406502744625898 
  1863.0   4.448925727135483 
  1864.0   4.506657939913352 
  1865.0   4.414094930967792 
  1866.0   4.416178356339459 
  1867.0   4.62731647686134 
  1868.0   4.652993307149681 
  1869.0   4.515833257496294 
  1870.0   4.498144547295032 
  1871.0   4.461401771012963 
  1872.0   4.538764487309497 
  1873.0   4.97225750092714 
  1874.0   4.709577621776126 
  1875.0   4.7193491589275665 
  1876.0   4.648257120222718 
  1877.0   4.522308037462621 
  1878.0   4.5257162346633 
  1879.0   4.660867053270783 
  1880.0   4.7326069932556445 
  1881.0   4.938854513834546 
  1882.0   4.874304504129835 
  1883.0   4.36067843427761 
  1884.0   4.889273067972751 
  1885.0   5.245303714001631 
  1886.0   4.882982552126282 
  1887.0   4.459670558666152 
  1888.0   4.692872315968782 
  1889.0   4.789829226645575 
  1890.0   4.649026523548005 
  1891.0   4.63868460532262 
  1892.0   4.998849081084396 
  1893.0   5.196806117748687 
  1894.0   4.672945697110026 
  1895.0   4.624374634577791 
  1896.0   4.803552018324078 
  1897.0   4.643711394028782 
  1898.0   4.678488838924842 
  1899.0   4.779487792785697 
  1900.0   4.721439005264927 
  1901.0   4.7751426001178885 
  1902.0   4.621116511101739 
  1903.0   4.774756777623242 
  1904.0   4.866315301303554 
  1905.0   4.7884039023688105 
  1906.0   4.737503492703265 
  1907.0   4.804157612862101 
  1908.0   4.921992547318032 
  1909.0   4.986793652309712 
  1910.0   4.753104773455632 
  1911.0   4.8186991905418255 
  1912.0   4.666620286475863 
  1913.0   4.704965491660184 
  1914.0   4.838647189461267 
  1915.0   4.807192014746403 
  1916.0   4.970221781441319 
  1917.0   4.847155877916517 
  1918.0   4.852750806491007 
  1919.0   4.963913334578098 
  1920.0   4.787376561644246 
  1921.0   5.008597837085753 
  1922.0   4.861580279583355 
  1923.0   4.509394938027852 
  1924.0   4.393877785326191 
  1925.0   4.650376444210078 
  1926.0   4.963195571221524 
  1927.0   5.043988239398539 
  1928.0   5.145361677657825 
  1929.0   4.947876577999207 
  1930.0   5.039390622127452 
  1931.0   4.729271184792495 
  1932.0   4.908773867494547 
  1933.0   4.652841943146273 
  1934.0   4.961605506473098 
  1935.0   5.06804397021458 
  1936.0   4.805273274871416 
  1937.0   4.754591718135367 
  1938.0   4.761691239254623 
  1939.0   4.608241568359141 
  1940.0   4.998387557543656 
  1941.0   5.177209286899084 
  1942.0   5.01100619849138 
  1943.0   4.862734936192599 
  1944.0   5.106549136936003 
  1945.0   5.053170293515342 
  1946.0   4.694516973617102 
  1947.0   4.782018041611273 
  1948.0   5.739014350355875 
  1949.0   5.211280216609164 
  1950.0   4.606523689886652 
  1951.0   5.115755058668222 
  1952.0   5.357868151429939 
  1953.0   4.81403869064781 
  1954.0   4.643053718941985 
  1955.0   4.881566962010951 
  1956.0   4.94753358042423 
  1957.0   4.702415878523296 
  1958.0   4.5277421146035595 
  1959.0   4.713443165845121 
  1960.0   4.932812790758333 
  1961.0   4.968893497902025 
  1962.0   5.042284316700087 
  1963.0   5.081085355413688 
  1964.0   5.123530165150376 
  1965.0   4.818809590853099 
  1966.0   4.838351470359816 
  1967.0   4.923685826089717 
  1968.0   5.162839033297211 
  1969.0   4.9605146938239475 
  1970.0   5.051027924567159 
  1971.0   5.223132976459748 
  1972.0   4.916004047417109 
  1973.0   4.925655665882648 
  1974.0   4.800034712783285 
  1975.0   5.056398654847445 
  1976.0   5.122193653694378 
  1977.0   5.107486681688256 
  1978.0   5.083490248459846 
  1979.0   5.272478117444812 
  1980.0   5.198156606387798 
  1981.0   4.842396122788816 
  1982.0   4.928408322796554 
  1983.0   5.424412880885925 
  1984.0   5.701337058812072 
  1985.0   5.2408378822832775 
  1986.0   4.760079882257033 
  1987.0   5.260070686831817 
  1988.0   5.381514294188397 
  1989.0   5.004638497274564 
  1990.0   5.255464389041119 
  1991.0   5.664371861394238 
  1992.0   5.2216074837160535 
  1993.0   5.344997664687673 
  1994.0   5.4341825769074426 
  1995.0   5.397451410469186 
  1996.0   5.009905488577107 
  1997.0   5.45127097742517 
  1998.0   5.864507928626379 
  1999.0   5.017937976919834 
  2000.0   5.019632078038006 
  2001.0   5.490733877514882 
  2002.0   5.597538742234041 
  2003.0   5.373854002555405 
  2004.0   4.9112695098071475 
  2005.0   5.107101075026178 
  2006.0   5.5947489361975595 
  2007.0   5.388855121175968 
  2008.0   5.153475533054841 
  2009.0   5.238419950848864 
  2010.0   5.712624306934678 
  2011.0   5.258562325245898 
  2012.0   5.619086335429874 
  2013.0   5.966861359825831 
  2014.0   5.480885291502947 
