  1850.0   280.2457642764621 
  1851.0   280.5668995820411 
  1852.0   280.39949958644013 
  1853.0   280.90434193182955 
  1854.0   281.44288546754535 
  1855.0   280.47062212800466 
  1856.0   280.3838088054815 
  1857.0   281.0494917783221 
  1858.0   280.53906844334267 
  1859.0   280.5298433446262 
  1860.0   280.44377915791216 
  1861.0   279.7188026786185 
  1862.0   280.4534241564077 
  1863.0   280.56945350571647 
  1864.0   281.0539842193948 
  1865.0   280.695487558734 
  1866.0   280.5363697969514 
  1867.0   280.6272121680176 
  1868.0   280.54010404491396 
  1869.0   280.6318035717944 
  1870.0   280.7220287099473 
  1871.0   280.2764240636633 
  1872.0   280.28284111223184 
  1873.0   279.84616001626813 
  1874.0   279.9028778600865 
  1875.0   280.38460072181437 
  1876.0   280.55576576763104 
  1877.0   280.9321298282686 
  1878.0   280.7240493806855 
  1879.0   280.89188046945304 
  1880.0   280.5401778014212 
  1881.0   280.2079989017769 
  1882.0   280.0403420063184 
  1883.0   280.1270413223839 
  1884.0   280.08976059194447 
  1885.0   279.91179426842973 
  1886.0   279.929616802982 
  1887.0   280.32898758839843 
  1888.0   280.184648498559 
  1889.0   280.007169495805 
  1890.0   280.43675820679715 
  1891.0   280.66273003501993 
  1892.0   280.62756635269955 
  1893.0   280.07684708984306 
  1894.0   280.43902913298797 
  1895.0   280.320375818939 
  1896.0   280.6236360755542 
  1897.0   280.7369742612566 
  1898.0   280.2267193840181 
  1899.0   280.84081782405076 
  1900.0   280.7697769696389 
  1901.0   281.08420540117595 
  1902.0   280.5380152300928 
  1903.0   280.50268222892055 
  1904.0   280.1632275000906 
  1905.0   280.7307207543015 
  1906.0   280.5110543862885 
  1907.0   280.20921115299006 
  1908.0   280.4455298657362 
  1909.0   280.02898016671367 
  1910.0   280.2310975151644 
  1911.0   280.34887740315247 
  1912.0   280.5836451187935 
  1913.0   280.12736952418214 
  1914.0   280.3040977100985 
  1915.0   280.3520689579663 
  1916.0   280.1337018276084 
  1917.0   279.93540557803135 
  1918.0   280.38225485629243 
  1919.0   281.1439182044555 
  1920.0   280.6400411689789 
  1921.0   281.0952284657562 
  1922.0   280.31005870709674 
  1923.0   280.63460147144326 
  1924.0   281.2711271629941 
  1925.0   280.6111883056086 
  1926.0   280.18969462964486 
  1927.0   280.4217176115407 
  1928.0   280.83471348666836 
  1929.0   280.40234364032455 
  1930.0   280.7378046740992 
  1931.0   280.4853444487472 
  1932.0   280.74116678537024 
  1933.0   279.9057246625669 
  1934.0   280.40942930956874 
  1935.0   280.6135379908231 
  1936.0   280.7312907926308 
  1937.0   280.39729902826394 
  1938.0   280.4396384952253 
  1939.0   280.3147268672502 
  1940.0   280.5127179709154 
  1941.0   280.5854707023506 
  1942.0   280.2059898554676 
  1943.0   280.54740295329947 
  1944.0   280.66102831519476 
  1945.0   280.45556891713943 
  1946.0   280.70265414535686 
  1947.0   280.5918176661193 
  1948.0   280.5512881845586 
  1949.0   280.9835550182804 
  1950.0   281.26213884691884 
  1951.0   280.58707387048264 
  1952.0   279.9396181355832 
  1953.0   279.77271748564596 
  1954.0   280.8041671674256 
  1955.0   280.9193039433367 
  1956.0   280.75911416285936 
  1957.0   280.75719482198474 
  1958.0   280.6578436530703 
  1959.0   279.93049878199906 
  1960.0   279.98506964197674 
  1961.0   280.4848055559195 
  1962.0   280.0264053953118 
  1963.0   280.7475520950514 
  1964.0   280.41025746414624 
  1965.0   279.85922165273814 
  1966.0   279.94899142679213 
  1967.0   280.34277222866945 
  1968.0   280.2397710231799 
  1969.0   279.9373477666422 
  1970.0   279.6040197220297 
  1971.0   279.96104461373574 
  1972.0   280.35592226259826 
  1973.0   279.7428911989973 
  1974.0   279.6364180506652 
  1975.0   279.80045324472036 
  1976.0   279.7821134662095 
  1977.0   280.3427443087813 
  1978.0   279.90282563276327 
  1979.0   279.1634277927698 
  1980.0   280.07782088368504 
  1981.0   280.1611824182185 
  1982.0   280.06375852169714 
  1983.0   279.9068296849947 
  1984.0   279.98971721833806 
  1985.0   280.0510188583539 
  1986.0   280.339952266194 
  1987.0   280.51134568722244 
  1988.0   280.1971271781093 
  1989.0   280.8927125038124 
  1990.0   280.8265019958318 
  1991.0   280.8422937266283 
  1992.0   279.993438327124 
  1993.0   280.19922702455665 
  1994.0   280.47360875423425 
  1995.0   280.48283136498264 
  1996.0   280.5081016970821 
  1997.0   280.5074382016252 
  1998.0   280.53401717114036 
  1999.0   281.0398935512424 
  2000.0   281.1305649621467 
  2001.0   280.9993933864382 
  2002.0   281.13609666776034 
  2003.0   280.52293272508496 
  2004.0   281.4143256030105 
  2005.0   280.4016724621176 
  2006.0   280.98084102158384 
  2007.0   280.8396613170676 
  2008.0   281.15554125455594 
  2009.0   281.5432194742164 
  2010.0   281.47513396131706 
  2011.0   281.0529747397936 
  2012.0   281.69157494849185 
  2013.0   281.4640024475214 
  2014.0   281.46683857487204 
