  1850.0   3.3849605517307356e-10 
  1851.0   -3.0560854317362887e-10 
  1852.0   -4.4898156113167097e-10 
  1853.0   -4.911392643605169e-10 
  1854.0   -2.2842650503112655e-10 
  1855.0   2.87300968125561e-10 
  1856.0   -3.954411066494721e-10 
  1857.0   -6.955720981724416e-10 
  1858.0   -2.421527723819902e-10 
  1859.0   -4.4722481729294355e-10 
  1860.0   1.402437013862196e-09 
  1861.0   -2.472041355349228e-10 
  1862.0   -3.054090777617016e-10 
  1863.0   -7.619199701075658e-10 
  1864.0   -1.2639522076876367e-10 
  1865.0   2.440131284949262e-10 
  1866.0   3.298221285972082e-10 
  1867.0   2.1533094102851498e-09 
  1868.0   -4.842809327896436e-10 
  1869.0   -1.8154314619129446e-09 
  1870.0   6.182467873577843e-10 
  1871.0   3.794876201904664e-10 
  1872.0   3.5292152664648954e-10 
  1873.0   -3.4015142726298224e-11 
  1874.0   -7.510761068265889e-10 
  1875.0   -5.35900281588107e-10 
  1876.0   8.442380580822547e-10 
  1877.0   2.8532725609873575e-10 
  1878.0   -5.373616353860912e-10 
  1879.0   -3.0437598501044506e-10 
  1880.0   -4.313791425524943e-10 
  1881.0   -1.9050658169867576e-10 
  1882.0   1.4481391582729792e-11 
  1883.0   -3.4481038689863286e-10 
  1884.0   2.4144135761304493e-10 
  1885.0   -1.283270755416501e-10 
  1886.0   -5.821244920416778e-10 
  1887.0   2.51009462478855e-10 
  1888.0   -2.3122218227620717e-10 
  1889.0   -6.161880169403746e-10 
  1890.0   -1.6021695603052833e-10 
  1891.0   4.823570248981797e-10 
  1892.0   -5.289587579319572e-10 
  1893.0   -5.138269337955143e-10 
  1894.0   -6.019303861232035e-10 
  1895.0   1.8516633127471446e-10 
  1896.0   -5.582733450914805e-11 
  1897.0   -4.4501822795935174e-10 
  1898.0   4.5444184987702503e-10 
  1899.0   -8.31746589117413e-10 
  1900.0   -2.910883322064569e-11 
  1901.0   -1.171595734497487e-10 
  1902.0   1.8752202475838275e-10 
  1903.0   -6.527676719056274e-10 
  1904.0   -4.785799713848179e-10 
  1905.0   -5.545319933332218e-10 
  1906.0   3.863974409115587e-10 
  1907.0   7.150337400704938e-10 
  1908.0   -3.882878201492181e-10 
  1909.0   -8.060078706061389e-10 
  1910.0   4.1482128357350285e-10 
  1911.0   -1.3961642311619012e-10 
  1912.0   -4.013945836972564e-11 
  1913.0   -9.933359750479025e-11 
  1914.0   -3.351971965691656e-10 
  1915.0   -1.1220463865545523e-10 
  1916.0   7.633197553701061e-11 
  1917.0   1.7929991104854036e-11 
  1918.0   -9.494463788099186e-10 
  1919.0   -1.9343916953344778e-10 
  1920.0   1.9547438107771077e-09 
  1921.0   6.885151501225796e-10 
  1922.0   -1.1767130516097569e-09 
  1923.0   -9.269449968831792e-10 
  1924.0   3.0799531557924877e-10 
  1925.0   4.6452894286738637e-10 
  1926.0   -5.39418160560475e-10 
  1927.0   -6.200049115828723e-11 
  1928.0   2.7223243314377893e-10 
  1929.0   2.028788811720207e-10 
  1930.0   -5.920436669150456e-10 
  1931.0   3.0485684439814393e-10 
  1932.0   -1.575046719279246e-10 
  1933.0   -5.114986254413734e-10 
  1934.0   -9.701371044247045e-10 
  1935.0   1.293761728081065e-10 
  1936.0   7.88427884359098e-10 
  1937.0   -4.150291929618706e-10 
  1938.0   -8.980753864869613e-10 
  1939.0   4.233443796039494e-10 
  1940.0   1.8630725384989306e-09 
  1941.0   -3.9279484470254396e-10 
  1942.0   -1.379088664630111e-09 
  1943.0   4.870438388575172e-10 
  1944.0   1.455628362571268e-10 
  1945.0   -3.9927107337149105e-10 
  1946.0   -4.86211661849683e-11 
  1947.0   -2.443870461722217e-10 
  1948.0   4.946168558478343e-10 
  1949.0   6.026605745716955e-11 
  1950.0   -8.755007865722945e-10 
  1951.0   8.624693500290283e-11 
  1952.0   8.669611742333425e-10 
  1953.0   -9.61237541172084e-10 
  1954.0   -8.230004062568845e-11 
  1955.0   6.714498880639603e-10 
  1956.0   -5.219107094995566e-10 
  1957.0   2.6977160378923315e-10 
  1958.0   4.037223999782143e-10 
  1959.0   1.364032985560059e-10 
  1960.0   3.7736855065954627e-10 
  1961.0   7.773711974901355e-11 
  1962.0   -3.374674651738431e-10 
  1963.0   2.1270124086980486e-10 
  1964.0   -3.285686449618154e-11 
  1965.0   1.1803820357113266e-10 
  1966.0   -6.288192648140676e-10 
  1967.0   4.88981019368027e-10 
  1968.0   -8.318598786079965e-11 
  1969.0   -9.217947115862768e-10 
  1970.0   3.30658054269854e-10 
  1971.0   -1.7656228925995095e-10 
  1972.0   -4.0908952439298485e-11 
  1973.0   3.9050779086423376e-10 
  1974.0   -9.584377791967868e-10 
  1975.0   2.421288846318472e-11 
  1976.0   -1.7116208639840698e-10 
  1977.0   7.241149204700557e-11 
  1978.0   -7.602949089897877e-10 
  1979.0   5.789290496691622e-10 
  1980.0   7.835395208997675e-11 
  1981.0   3.306920703495398e-10 
  1982.0   -1.6476288358767716e-10 
  1983.0   2.59814707546807e-10 
  1984.0   1.179608254735916e-10 
  1985.0   -4.088165149590081e-10 
  1986.0   2.344209124765e-10 
  1987.0   4.960646226952149e-10 
  1988.0   4.034990048291168e-10 
  1989.0   3.207835135088226e-10 
  1990.0   -6.871676486171561e-10 
  1991.0   -8.010751121868625e-11 
  1992.0   -2.2940319060624473e-10 
  1993.0   3.5027526356032394e-10 
  1994.0   -2.3274608516309658e-10 
  1995.0   -7.029132508227178e-10 
  1996.0   -4.427723847190521e-10 
  1997.0   3.072666219471285e-11 
  1998.0   -4.5960334328787697e-10 
  1999.0   -5.41497794347627e-10 
  2000.0   -1.1315518561956634e-10 
  2001.0   2.796029464141945e-11 
  2002.0   -1.3208932421970568e-09 
  2003.0   5.577580029991515e-10 
  2004.0   -2.0995047935130105e-10 
  2005.0   -9.897957351598735e-10 
  2006.0   7.717988612736345e-10 
  2007.0   -1.0030905443187987e-09 
  2008.0   -8.165736891386992e-10 
  2009.0   -1.603878519486144e-10 
  2010.0   -1.3109222402061068e-09 
  2011.0   1.1650195824199804e-10 
  2012.0   -4.95512848668312e-10 
  2013.0   -1.2034530179939648e-09 
  2014.0   -5.500060767336306e-10 
