  1850.0   4.111106602384117 
  1851.0   4.096888025809844 
  1852.0   4.248702068544583 
  1853.0   3.9343424892305827 
  1854.0   4.124325883625216 
  1855.0   4.142532232508397 
  1856.0   4.152677102827148 
  1857.0   4.000737069989159 
  1858.0   4.0192909705166775 
  1859.0   4.301704869213181 
  1860.0   4.063990591602583 
  1861.0   4.163081816315712 
  1862.0   4.127414638733728 
  1863.0   3.980432727931746 
  1864.0   4.166408945671614 
  1865.0   4.153609822297924 
  1866.0   4.090265139929773 
  1867.0   4.071672596799709 
  1868.0   4.158552520462973 
  1869.0   3.9511379746101807 
  1870.0   4.139685012158926 
  1871.0   4.28424969615306 
  1872.0   3.768801062726015 
  1873.0   3.9962502846173753 
  1874.0   4.327947382052867 
  1875.0   3.865070824407818 
  1876.0   4.148651638608686 
  1877.0   4.135134153317181 
  1878.0   4.0016318728592575 
  1879.0   4.089348832582669 
  1880.0   4.2915375808608625 
  1881.0   3.9647065098135164 
  1882.0   4.249882376896833 
  1883.0   4.296498444431153 
  1884.0   3.9432194544965857 
  1885.0   4.1838952277329495 
  1886.0   4.195562886806245 
  1887.0   3.916418930549522 
  1888.0   4.169035914171143 
  1889.0   4.288893563194734 
  1890.0   3.98490894771779 
  1891.0   4.028335596834949 
  1892.0   4.250626805454347 
  1893.0   4.012017530272924 
  1894.0   3.9989099748143775 
  1895.0   4.234208351763829 
  1896.0   4.33057614451503 
  1897.0   4.012977611712627 
  1898.0   4.047137995988117 
  1899.0   4.021033910074106 
  1900.0   4.147293785503769 
  1901.0   4.0669400035802905 
  1902.0   4.112569204929276 
  1903.0   3.9788740971675676 
  1904.0   3.987637278845083 
  1905.0   4.044905865997836 
  1906.0   4.097543489618027 
  1907.0   3.9345383726182788 
  1908.0   4.073366974548746 
  1909.0   4.05579210853706 
  1910.0   4.072142546719241 
  1911.0   4.159185816529379 
  1912.0   4.166650174498857 
  1913.0   3.8456450236633177 
  1914.0   4.131760875820195 
  1915.0   4.041316827687445 
  1916.0   4.1158349162894865 
  1917.0   4.134095733136802 
  1918.0   4.066824963220668 
  1919.0   4.042936979156141 
  1920.0   4.226656982183199 
  1921.0   4.314126533472607 
  1922.0   4.089247718573134 
  1923.0   3.9634378388514415 
  1924.0   4.173504739885798 
  1925.0   4.243628204733152 
  1926.0   4.099781804343453 
  1927.0   3.886458369615972 
  1928.0   4.135943628249551 
  1929.0   4.237634660479523 
  1930.0   4.049408355897029 
  1931.0   4.059537457011803 
  1932.0   4.185086508642539 
  1933.0   3.8525712041290103 
  1934.0   4.122470121776413 
  1935.0   4.340831324141973 
  1936.0   4.06808443009654 
  1937.0   3.8946864060991655 
  1938.0   4.248123462200261 
  1939.0   4.070341482122652 
  1940.0   3.997281321937069 
  1941.0   4.1616733528538274 
  1942.0   3.9843002173856448 
  1943.0   4.013736049998748 
  1944.0   4.216974444796063 
  1945.0   4.2561065627714605 
  1946.0   4.028222219726015 
  1947.0   4.078166848615134 
  1948.0   3.9972204123581268 
  1949.0   4.304826483821296 
  1950.0   4.079792091393984 
  1951.0   4.106260909311905 
  1952.0   4.103640380033629 
  1953.0   4.173429652197158 
  1954.0   4.3021656527052174 
  1955.0   3.9845178333245297 
  1956.0   4.114142150878949 
  1957.0   4.080017368361345 
  1958.0   4.254568941691501 
  1959.0   4.036894525549191 
  1960.0   3.9226920307519846 
  1961.0   4.203983755546281 
  1962.0   4.282157108839413 
  1963.0   3.9995760224926094 
  1964.0   3.837484372905453 
  1965.0   3.982937649251878 
  1966.0   4.248148212269888 
  1967.0   4.04104471783098 
  1968.0   4.0079506380441545 
  1969.0   4.021754366375325 
  1970.0   4.140361770656626 
  1971.0   4.056917966946199 
  1972.0   4.022576646222869 
  1973.0   4.193074921345596 
  1974.0   4.173220905337967 
  1975.0   3.942491092221373 
  1976.0   4.107867065394505 
  1977.0   4.347518514627929 
  1978.0   4.068417729191463 
  1979.0   4.116248933422187 
  1980.0   4.07614987262784 
  1981.0   4.272127599772534 
  1982.0   4.143897781880258 
  1983.0   3.8127708661004522 
  1984.0   4.178940763698412 
  1985.0   4.38558381550116 
  1986.0   4.141932142111944 
  1987.0   4.0346234270235515 
  1988.0   4.256287445246669 
  1989.0   4.240168681067535 
  1990.0   4.258474773222229 
  1991.0   4.348063651798714 
  1992.0   4.224994934312081 
  1993.0   4.199284045132829 
  1994.0   4.191387682415082 
  1995.0   4.546388194610449 
  1996.0   4.221259493915675 
  1997.0   4.360419752072784 
  1998.0   4.451447414577258 
  1999.0   4.157558650986866 
  2000.0   4.428431558638181 
  2001.0   4.357777917433193 
  2002.0   4.454987198308888 
  2003.0   4.283017981220152 
  2004.0   4.580534016838789 
  2005.0   4.577873809787364 
  2006.0   4.450155764822965 
  2007.0   4.322339564848249 
  2008.0   4.389696936327256 
  2009.0   4.58112105659745 
  2010.0   4.456758457076882 
  2011.0   4.414821558936834 
  2012.0   4.4739942101171515 
  2013.0   4.593575523548592 
  2014.0   4.666079858064783 
