  1850.0   3.5825711198028403 
  1851.0   3.5471946948863957 
  1852.0   3.4133905335527737 
  1853.0   3.6570093820376655 
  1854.0   3.339135652230307 
  1855.0   3.4534905493752976 
  1856.0   3.6054848220722775 
  1857.0   3.7329200129239797 
  1858.0   3.3631471176255885 
  1859.0   3.4729401832284994 
  1860.0   3.745409249943104 
  1861.0   3.650158689916489 
  1862.0   3.6223671698261506 
  1863.0   3.412474215383062 
  1864.0   3.545743723819724 
  1865.0   3.572961424150971 
  1866.0   3.4547851631685114 
  1867.0   3.5829501029076285 
  1868.0   3.413073981636237 
  1869.0   3.298748710405761 
  1870.0   3.4385713288828823 
  1871.0   3.3595287518870935 
  1872.0   3.3442527049974906 
  1873.0   3.482920880629072 
  1874.0   3.4669630930294675 
  1875.0   3.5847064576032417 
  1876.0   3.6014954326118755 
  1877.0   3.73734290789108 
  1878.0   3.648902067995053 
  1879.0   3.396399059650993 
  1880.0   3.4527610328845735 
  1881.0   3.388176040277823 
  1882.0   3.6535718940291155 
  1883.0   3.6845260813886713 
  1884.0   3.5539011548955823 
  1885.0   3.5657400297255 
  1886.0   3.5001295333262012 
  1887.0   3.6032481358068784 
  1888.0   3.6232557454652525 
  1889.0   3.6622987253973642 
  1890.0   3.488334706449829 
  1891.0   3.413357508167468 
  1892.0   3.7708587999206116 
  1893.0   3.5928479172467567 
  1894.0   3.5588131495036373 
  1895.0   3.5967304319064657 
  1896.0   3.738584809065478 
  1897.0   3.462561199767269 
  1898.0   3.7198623849467918 
  1899.0   3.6315054452388247 
  1900.0   3.6323457161276327 
  1901.0   3.6245277965831004 
  1902.0   3.680895480576351 
  1903.0   3.3007531278011193 
  1904.0   3.325350190837947 
  1905.0   3.5875125499451705 
  1906.0   3.6579068436171025 
  1907.0   3.7314076068012794 
  1908.0   3.5958964354354217 
  1909.0   3.581828571781156 
  1910.0   3.4496769274726073 
  1911.0   3.3909788593958448 
  1912.0   3.3441474466228915 
  1913.0   3.457187051838526 
  1914.0   3.411665830252629 
  1915.0   3.4775886241279013 
  1916.0   3.4111006685335576 
  1917.0   3.6644875767726104 
  1918.0   3.6408973066527293 
  1919.0   3.4925280652168142 
  1920.0   3.197471103825681 
  1921.0   3.2946176531609703 
  1922.0   3.530960182718487 
  1923.0   3.722931440156728 
  1924.0   3.7584330022502477 
  1925.0   3.654906898550589 
  1926.0   3.659059832010818 
  1927.0   3.5990591058754418 
  1928.0   3.5723930342177677 
  1929.0   3.6764512746453555 
  1930.0   3.6848552238979235 
  1931.0   3.609502210893441 
  1932.0   3.750832229648945 
  1933.0   3.852369415308207 
  1934.0   3.792169256804277 
  1935.0   3.674914875681208 
  1936.0   3.5431066850826385 
  1937.0   3.6238018840183037 
  1938.0   3.5781126423032186 
  1939.0   3.7642582123472597 
  1940.0   3.6876169208502265 
  1941.0   3.830219913445673 
  1942.0   3.749045354784541 
  1943.0   3.7771208660725786 
  1944.0   3.7806976040196827 
  1945.0   3.699250883270741 
  1946.0   3.888143262568781 
  1947.0   3.612114793633535 
  1948.0   3.6798302079962997 
  1949.0   3.565464398164952 
  1950.0   3.737771667229402 
  1951.0   3.83799445012604 
  1952.0   3.719774047214623 
  1953.0   3.7059530030217998 
  1954.0   3.707295696273945 
  1955.0   3.772255018032717 
  1956.0   3.7238920164093647 
  1957.0   3.9287814059037833 
  1958.0   3.8093277233848992 
  1959.0   3.483198037493043 
  1960.0   3.5763914235884764 
  1961.0   3.731004723648475 
  1962.0   3.8771665392400565 
  1963.0   3.9012263675257084 
  1964.0   3.8752510386500028 
  1965.0   3.815148651044122 
  1966.0   3.87963103686419 
  1967.0   3.932346988639837 
  1968.0   3.9320166316689504 
  1969.0   3.6734105053369945 
  1970.0   3.962251503523707 
  1971.0   4.0448296111561355 
  1972.0   3.8550627803339186 
  1973.0   3.8982368519752915 
  1974.0   4.080624332765467 
  1975.0   4.155659198840356 
  1976.0   4.0320678105376535 
  1977.0   4.105932452891744 
  1978.0   4.130093961709788 
  1979.0   4.122522685921533 
  1980.0   4.200393652704893 
  1981.0   4.303003068419331 
  1982.0   4.268851344013514 
  1983.0   4.397433477748485 
  1984.0   4.333866048478462 
  1985.0   4.433863363022022 
  1986.0   4.297848999338737 
  1987.0   4.472981888616557 
  1988.0   4.479234335674772 
  1989.0   4.485247262067254 
  1990.0   4.402186234005729 
  1991.0   4.2897912315265065 
  1992.0   4.37084391395503 
  1993.0   4.644510624394212 
  1994.0   4.599453183803202 
  1995.0   4.484972976326757 
  1996.0   4.4135144544041145 
  1997.0   4.590044310434597 
  1998.0   4.460781802606748 
  1999.0   4.764887521734704 
  2000.0   4.504369107451756 
  2001.0   4.855984998505012 
  2002.0   4.988190878913378 
  2003.0   4.768067734712226 
  2004.0   4.891165365204876 
  2005.0   4.653769100832703 
  2006.0   4.8539594713545124 
  2007.0   5.16969091469108 
  2008.0   4.8609187989028575 
  2009.0   4.890823065116979 
  2010.0   5.0797579640163955 
  2011.0   4.816958677353729 
  2012.0   4.9367525944083 
  2013.0   5.1449343942545935 
  2014.0   5.294602191100162 
