  1850.0   5.679273900720743 
  1851.0   5.684887048098907 
  1852.0   5.696206774310903 
  1853.0   5.685265122974705 
  1854.0   5.681682149308775 
  1855.0   5.646131973055581 
  1856.0   5.662225411698246 
  1857.0   5.6977691519294815 
  1858.0   5.670339834437472 
  1859.0   5.670073553150642 
  1860.0   5.694107829733366 
  1861.0   5.708937532524616 
  1862.0   5.694719632126077 
  1863.0   5.7052429486891425 
  1864.0   5.733475058393177 
  1865.0   5.75406951000243 
  1866.0   5.718306888235845 
  1867.0   5.736202405350395 
  1868.0   5.725121059200527 
  1869.0   5.729463713508406 
  1870.0   5.7381463606533885 
  1871.0   5.738713208625186 
  1872.0   5.729597021114748 
  1873.0   5.714661600063046 
  1874.0   5.710624067227531 
  1875.0   5.7204813412475755 
  1876.0   5.754060736868957 
  1877.0   5.731847713514279 
  1878.0   5.7051273602863875 
  1879.0   5.707532364945911 
  1880.0   5.702813038408861 
  1881.0   5.729122777716968 
  1882.0   5.735412471557373 
  1883.0   5.737896020670509 
  1884.0   5.785489259372247 
  1885.0   5.78475487768314 
  1886.0   5.7461440077542685 
  1887.0   5.764014490804396 
  1888.0   5.755434279594031 
  1889.0   5.78559794223697 
  1890.0   5.767556605651911 
  1891.0   5.805440467737 
  1892.0   5.79544443335996 
  1893.0   5.76499207703437 
  1894.0   5.8027066232828775 
  1895.0   5.791598221299913 
  1896.0   5.772918520215273 
  1897.0   5.792364865999588 
  1898.0   5.814246403369895 
  1899.0   5.855076813622081 
  1900.0   5.841174337158121 
  1901.0   5.8397733478490625 
  1902.0   5.874659118217254 
  1903.0   5.89902607036926 
  1904.0   5.875118574008435 
  1905.0   5.845001480634883 
  1906.0   5.870013894085136 
  1907.0   5.881842797182279 
  1908.0   5.9117397228229605 
  1909.0   5.926715001797311 
  1910.0   5.93562000451524 
  1911.0   5.945685882901783 
  1912.0   5.99395910908227 
  1913.0   6.005124115263612 
  1914.0   5.984487803538359 
  1915.0   5.995941400458891 
  1916.0   5.968312887605418 
  1917.0   5.938453286390786 
  1918.0   5.939465587376691 
  1919.0   5.946369630485014 
  1920.0   5.9933440633157815 
  1921.0   6.015788767623258 
  1922.0   6.0247319949255145 
  1923.0   6.024011883335701 
  1924.0   6.0517040091499 
  1925.0   6.055018584345115 
  1926.0   6.0500975576233085 
  1927.0   6.0702950461092104 
  1928.0   6.081906677143606 
  1929.0   6.122273525393587 
  1930.0   6.105447300212881 
  1931.0   6.108494184561487 
  1932.0   6.137137353876256 
  1933.0   6.1400068168936315 
  1934.0   6.140491922479369 
  1935.0   6.144933141026105 
  1936.0   6.124632012308611 
  1937.0   6.092437004501652 
  1938.0   6.10783055497366 
  1939.0   6.137156497604041 
  1940.0   6.164957416319015 
  1941.0   6.183296858616111 
  1942.0   6.191181131507513 
  1943.0   6.188976700465618 
  1944.0   6.184237148041937 
  1945.0   6.193919415567162 
  1946.0   6.224854775560252 
  1947.0   6.232408877680666 
  1948.0   6.222622253829061 
  1949.0   6.2164254879666245 
  1950.0   6.205888406925124 
  1951.0   6.237318607118064 
  1952.0   6.224310068895166 
  1953.0   6.242508580551045 
  1954.0   6.2226857152450545 
  1955.0   6.268117845226473 
  1956.0   6.307454713233677 
  1957.0   6.302467364774636 
  1958.0   6.270672334139908 
  1959.0   6.2994195138321505 
  1960.0   6.3054129286830145 
  1961.0   6.321719945516045 
  1962.0   6.297380103916493 
  1963.0   6.320188926009425 
  1964.0   6.339072050197474 
  1965.0   6.3697233307809 
  1966.0   6.356392834681251 
  1967.0   6.403880544328438 
  1968.0   6.3738608158392775 
  1969.0   6.379695312871758 
  1970.0   6.386524593734037 
  1971.0   6.3708403551116985 
  1972.0   6.388500139306146 
  1973.0   6.3995336455067156 
  1974.0   6.395520846750947 
  1975.0   6.402691843040746 
  1976.0   6.400444124466283 
  1977.0   6.442394060655974 
  1978.0   6.427243814530152 
  1979.0   6.472586269334667 
  1980.0   6.468673793970793 
  1981.0   6.498665731552551 
  1982.0   6.505683098993596 
  1983.0   6.5183099914985165 
  1984.0   6.572731759264325 
  1985.0   6.58672006122559 
  1986.0   6.61817502302339 
  1987.0   6.639898298955201 
  1988.0   6.655328095234467 
  1989.0   6.675049453617157 
  1990.0   6.677037091923427 
  1991.0   6.737240529758868 
  1992.0   6.727461137654823 
  1993.0   6.734867207176044 
  1994.0   6.757184335799707 
  1995.0   6.732895796290866 
  1996.0   6.765455458492686 
  1997.0   6.791577489141283 
  1998.0   6.820629245368559 
  1999.0   6.777344372850068 
  2000.0   6.780949914130967 
  2001.0   6.794725665619641 
  2002.0   6.830211711997908 
  2003.0   6.819549428180266 
  2004.0   6.890007253072491 
  2005.0   6.89260291623178 
  2006.0   6.890739163878489 
  2007.0   6.89894249178997 
  2008.0   6.970693201092826 
  2009.0   6.991492669307011 
  2010.0   6.931598534079453 
  2011.0   6.943399536810066 
  2012.0   7.000833404892491 
  2013.0   7.054185515841798 
  2014.0   7.06721597224613 
