  1850.0   0.03952517709210815 
  1851.0   0.11281180248070678 
  1852.0   -0.10155232436439915 
  1853.0   0.035158129743265515 
  1854.0   -0.25762969731069957 
  1855.0   -0.11730350127364128 
  1856.0   0.09508445445626539 
  1857.0   0.06209304019374596 
  1858.0   -0.15107869151917558 
  1859.0   -0.21603524912965957 
  1860.0   0.1186775992082299 
  1861.0   0.09068378265640636 
  1862.0   0.05668023543341941 
  1863.0   -0.21507600143721636 
  1864.0   -0.15367580402601297 
  1865.0   -0.12307056541172158 
  1866.0   -0.021315514934445598 
  1867.0   -0.027037346334508095 
  1868.0   -0.08262118785791672 
  1869.0   -0.2726759875473896 
  1870.0   -0.11872378358686052 
  1871.0   -0.09112904720590005 
  1872.0   -0.15048366925238837 
  1873.0   0.013331259750158782 
  1874.0   0.025248384805809116 
  1875.0   0.0663247698086488 
  1876.0   0.06842552369178996 
  1877.0   0.121024111492458 
  1878.0   0.14289903875508445 
  1879.0   -0.26459157091503893 
  1880.0   -0.09683742825730488 
  1881.0   -0.10802406001718308 
  1882.0   -0.040225720586605014 
  1883.0   0.198489736588592 
  1884.0   0.04809135496083274 
  1885.0   0.025729608090246055 
  1886.0   -0.07548804059860978 
  1887.0   -0.07344369788815121 
  1888.0   0.016837133505524453 
  1889.0   0.12780024233712783 
  1890.0   -0.1111456646970855 
  1891.0   -0.19570335976725262 
  1892.0   0.09294485974478331 
  1893.0   0.08740797143183349 
  1894.0   -0.0545428285422288 
  1895.0   -0.0287408871548804 
  1896.0   0.07922421609666457 
  1897.0   -0.04766851449783407 
  1898.0   0.027527198528907657 
  1899.0   -0.020213979985386186 
  1900.0   0.12904648985724176 
  1901.0   -0.008273717287862536 
  1902.0   0.08811801261165822 
  1903.0   -0.2104534076180775 
  1904.0   -0.24549445407791917 
  1905.0   -0.06255607237268183 
  1906.0   0.05509581849367342 
  1907.0   0.0995178202282723 
  1908.0   0.13988233351898668 
  1909.0   -0.019147952303637257 
  1910.0   -0.12901977202656797 
  1911.0   -0.06703668823816233 
  1912.0   -0.16683924311806442 
  1913.0   -0.009208150836547422 
  1914.0   -0.06109291217839797 
  1915.0   -0.006637326539707577 
  1916.0   -0.09893836899225894 
  1917.0   0.011597870034578177 
  1918.0   0.1533305786382624 
  1919.0   -0.04489605640121083 
  1920.0   -0.2704764275056171 
  1921.0   -0.19795286390360936 
  1922.0   0.04784271875235616 
  1923.0   0.07986713822127563 
  1924.0   0.10358911457556995 
  1925.0   0.11799058900027751 
  1926.0   0.023225032752234694 
  1927.0   -0.012542870646964098 
  1928.0   -0.1511384804907573 
  1929.0   0.09770750533034016 
  1930.0   0.033083787979646895 
  1931.0   0.09407944012309137 
  1932.0   0.041153712085891914 
  1933.0   0.08649082665766716 
  1934.0   0.13871497830393234 
  1935.0   0.04036309396839783 
  1936.0   -0.22433526726960032 
  1937.0   -0.05082126595859924 
  1938.0   -0.13027999252986727 
  1939.0   0.026000028803750807 
  1940.0   0.11484477117236438 
  1941.0   0.13868882789378245 
  1942.0   0.0707264491616594 
  1943.0   0.08959858579643833 
  1944.0   0.021910279460164408 
  1945.0   0.029585809709095245 
  1946.0   0.24662837750835573 
  1947.0   -0.008629628044977545 
  1948.0   -0.10095618312120867 
  1949.0   -0.03995619429031877 
  1950.0   -0.06200444580151226 
  1951.0   0.02904660975411473 
  1952.0   0.05580594641568283 
  1953.0   0.008428318529997706 
  1954.0   -0.11547735967781984 
  1955.0   0.06280408347172362 
  1956.0   -0.13467771757365576 
  1957.0   0.09770993197435553 
  1958.0   0.07380434321976465 
  1959.0   -0.17895239826951784 
  1960.0   -0.19447933758920238 
  1961.0   0.015224085523901197 
  1962.0   0.17999063707482432 
  1963.0   0.04490127783806265 
  1964.0   0.07762055653587167 
  1965.0   -0.04678879446442547 
  1966.0   -0.05709041926553845 
  1967.0   0.0025946415945517103 
  1968.0   0.11532229464508152 
  1969.0   0.00171111096863196 
  1970.0   0.026653608874751808 
  1971.0   0.18965139892286476 
  1972.0   -0.05513012687430644 
  1973.0   -0.08965660299644661 
  1974.0   0.0418934744764323 
  1975.0   0.10266777184602405 
  1976.0   0.2456301893916338 
  1977.0   0.031210810627906312 
  1978.0   -0.020444937910893638 
  1979.0   -0.03843345158697659 
  1980.0   -0.07078455732573334 
  1981.0   -0.02191757844923225 
  1982.0   -0.06950946180715632 
  1983.0   0.03092096500154468 
  1984.0   -0.14075201382464175 
  1985.0   0.023904106892156333 
  1986.0   -0.20075526406891056 
  1987.0   -0.07922125742490306 
  1988.0   -0.018255931997265776 
  1989.0   -0.19723158754472486 
  1990.0   -0.2407314204735095 
  1991.0   0.025279449913150957 
  1992.0   -0.034345463999409444 
  1993.0   0.10135067511424152 
  1994.0   0.17476262561216738 
  1995.0   0.0719388791620411 
  1996.0   -0.036637810093404416 
  1997.0   0.07486498343087492 
  1998.0   -0.00022572238893296304 
  1999.0   0.2726652444177879 
  2000.0   -0.039626602849522484 
  2001.0   0.11741045379764688 
  2002.0   0.3663288805778923 
  2003.0   0.25801633453646106 
  2004.0   -0.09726058448267903 
  2005.0   -0.03138263413449559 
  2006.0   0.2011798298493337 
  2007.0   0.381495638980606 
  2008.0   0.08030510336002399 
  2009.0   0.02545659788453864 
  2010.0   0.3105040574380243 
  2011.0   0.09286232595363461 
  2012.0   0.07913407955801889 
  2013.0   0.21875249813293135 
  2014.0   0.403718134703332 
