  1850.0   7.138693914167737 
  1851.0   7.004867336612517 
  1852.0   7.006328108652866 
  1853.0   7.183811802106113 
  1854.0   7.276698655315821 
  1855.0   7.224306485673646 
  1856.0   7.092561092751586 
  1857.0   7.207655645330295 
  1858.0   7.366742670595631 
  1859.0   7.140703021383378 
  1860.0   7.16559283894355 
  1861.0   7.165492831558143 
  1862.0   7.107685307171516 
  1863.0   7.1314731640395275 
  1864.0   7.161226978158646 
  1865.0   7.170987374780063 
  1866.0   7.207737532261092 
  1867.0   7.241742924677338 
  1868.0   7.180796188858215 
  1869.0   7.122009729812298 
  1870.0   7.106857312064877 
  1871.0   7.057835763862106 
  1872.0   7.158890758408892 
  1873.0   7.228375994301074 
  1874.0   7.156681000707949 
  1875.0   7.096456299554451 
  1876.0   7.156634022502631 
  1877.0   7.094797964712912 
  1878.0   7.196488466674538 
  1879.0   7.266192581893205 
  1880.0   7.2674369015836335 
  1881.0   7.198130692589317 
  1882.0   7.051007451198535 
  1883.0   7.116997076345488 
  1884.0   7.404899137050242 
  1885.0   7.458754141171709 
  1886.0   7.423573825244884 
  1887.0   7.371031457380394 
  1888.0   7.369595324962374 
  1889.0   7.270630972927686 
  1890.0   7.285537231957456 
  1891.0   7.335898215131371 
  1892.0   7.335410522685437 
  1893.0   7.288145866306017 
  1894.0   7.298463952896329 
  1895.0   7.3493505967477315 
  1896.0   7.279763862323536 
  1897.0   7.247081197206966 
  1898.0   7.222713343414939 
  1899.0   7.397113484248731 
  1900.0   7.390773174732097 
  1901.0   7.32899463913386 
  1902.0   7.388260824785761 
  1903.0   7.452821310271525 
  1904.0   7.505245589131533 
  1905.0   7.462384129257298 
  1906.0   7.407712190619892 
  1907.0   7.4330774826035615 
  1908.0   7.541400288846886 
  1909.0   7.453472090117291 
  1910.0   7.35740413835732 
  1911.0   7.449504158144044 
  1912.0   7.427390555136054 
  1913.0   7.395695881048038 
  1914.0   7.402708335332117 
  1915.0   7.50500755365713 
  1916.0   7.556305769158378 
  1917.0   7.5152354129092975 
  1918.0   7.58254757859959 
  1919.0   7.47561372824416 
  1920.0   7.421252556173324 
  1921.0   7.49129489500328 
  1922.0   7.690004839452253 
  1923.0   7.7729158962074925 
  1924.0   7.828966688256784 
  1925.0   7.752808961796709 
  1926.0   7.73592141185023 
  1927.0   7.560724867799898 
  1928.0   7.561414655234789 
  1929.0   7.766542593735604 
  1930.0   7.705323963137032 
  1931.0   7.587321969396327 
  1932.0   7.465437903068999 
  1933.0   7.5243726009637415 
  1934.0   7.584250081126049 
  1935.0   7.594367953068157 
  1936.0   7.415890402972799 
  1937.0   7.4362284524144355 
  1938.0   7.494774378734049 
  1939.0   7.7085249192278855 
  1940.0   7.8112826653045655 
  1941.0   7.686074508245163 
  1942.0   7.601667729544887 
  1943.0   7.588579797168837 
  1944.0   7.703451139432715 
  1945.0   7.641783254161044 
  1946.0   7.728761965582498 
  1947.0   7.700085146031322 
  1948.0   7.777064391778928 
  1949.0   7.716766478055948 
  1950.0   7.7578400935529865 
  1951.0   7.758421132852215 
  1952.0   7.682128078693115 
  1953.0   7.639000384503026 
  1954.0   7.644409069533713 
  1955.0   7.723392095005011 
  1956.0   7.868115871238 
  1957.0   8.019595355778758 
  1958.0   8.004953171917114 
  1959.0   7.826396024175147 
  1960.0   7.808385329964009 
  1961.0   7.744272986318998 
  1962.0   7.679424838157977 
  1963.0   7.614257727629381 
  1964.0   7.576250364100236 
  1965.0   7.676652549415946 
  1966.0   7.862753547595215 
  1967.0   7.895538145769853 
  1968.0   7.868009467455385 
  1969.0   7.854560206566088 
  1970.0   7.748394643265263 
  1971.0   7.67117854506133 
  1972.0   7.614915450287804 
  1973.0   7.624579029004603 
  1974.0   7.703603670198656 
  1975.0   7.676229331302481 
  1976.0   7.658096270055554 
  1977.0   7.724507627449301 
  1978.0   7.785414709753498 
  1979.0   7.690024141005435 
  1980.0   7.64586006930183 
  1981.0   7.743180345886026 
  1982.0   7.786861035039583 
  1983.0   7.822785273961786 
  1984.0   7.829559599477492 
  1985.0   7.765748088675128 
  1986.0   7.817143697644958 
  1987.0   7.965434136609616 
  1988.0   8.099180695584868 
  1989.0   8.183213108996343 
  1990.0   8.06237718299191 
  1991.0   8.069440421684714 
  1992.0   8.000988532426097 
  1993.0   8.04480764796444 
  1994.0   8.000060899870197 
  1995.0   7.89084191739337 
  1996.0   7.836915466663592 
  1997.0   7.869773333647632 
  1998.0   7.749392024256629 
  1999.0   7.808918780480126 
  2000.0   7.80021596889759 
  2001.0   7.898388189345769 
  2002.0   7.86171405940128 
  2003.0   7.85671229413986 
  2004.0   8.026456362722152 
  2005.0   8.094036916081501 
  2006.0   7.966447776782248 
  2007.0   7.899708229356778 
  2008.0   7.8224632488093375 
  2009.0   7.9142423156080985 
  2010.0   7.926938435776738 
  2011.0   7.827722084727497 
  2012.0   7.799840216126692 
  2013.0   7.74159448056348 
  2014.0   7.677478273161975 
