  1850.0   1.5164646805993277e-10 
  1851.0   1.5996595343212153e-10 
  1852.0   1.5746026228303045e-10 
  1853.0   1.5631586649986285e-10 
  1854.0   1.5344536271317434e-10 
  1855.0   1.5393906298109897e-10 
  1856.0   1.528999388685548e-10 
  1857.0   1.4648473301638413e-10 
  1858.0   1.5830671171943748e-10 
  1859.0   1.5378173019248316e-10 
  1860.0   1.5750250777846917e-10 
  1861.0   1.453743153693703e-10 
  1862.0   1.5416487665473988e-10 
  1863.0   1.3862965063071176e-10 
  1864.0   1.5761314212462143e-10 
  1865.0   1.537878787511597e-10 
  1866.0   1.5245800730143408e-10 
  1867.0   1.497337595491793e-10 
  1868.0   1.5468110795425386e-10 
  1869.0   1.4913035443148927e-10 
  1870.0   1.3741242787504602e-10 
  1871.0   1.3673465997472672e-10 
  1872.0   1.4212898404316566e-10 
  1873.0   1.5149959327564177e-10 
  1874.0   1.4967421159715597e-10 
  1875.0   1.3517823757394325e-10 
  1876.0   1.5536285089786932e-10 
  1877.0   1.358829103639059e-10 
  1878.0   1.3823470688387525e-10 
  1879.0   1.2981859328215576e-10 
  1880.0   1.3453809898244294e-10 
  1881.0   1.4336703928150755e-10 
  1882.0   1.3751608821606529e-10 
  1883.0   1.4336439030640543e-10 
  1884.0   1.3226621696379082e-10 
  1885.0   1.3307370117599006e-10 
  1886.0   1.4202645239898154e-10 
  1887.0   1.4182989010749196e-10 
  1888.0   1.6656842062264247e-10 
  1889.0   1.5082653322154634e-10 
  1890.0   1.5066639902805122e-10 
  1891.0   1.6064081425330423e-10 
  1892.0   1.6575874759820876e-10 
  1893.0   1.538788224635845e-10 
  1894.0   1.7464353084584e-10 
  1895.0   1.6228515639741956e-10 
  1896.0   1.5443446036294043e-10 
  1897.0   1.6834757525784592e-10 
  1898.0   1.8809650785987232e-10 
  1899.0   1.6816101117048967e-10 
  1900.0   1.808340568078471e-10 
  1901.0   1.7864368915965663e-10 
  1902.0   1.878131967230871e-10 
  1903.0   2.0401517777860816e-10 
  1904.0   2.0279962973838086e-10 
  1905.0   1.8420641219147535e-10 
  1906.0   1.6863952646277857e-10 
  1907.0   1.921821106781019e-10 
  1908.0   1.8945756739078937e-10 
  1909.0   1.9217675928499122e-10 
  1910.0   1.7540725544315396e-10 
  1911.0   1.9579480466351873e-10 
  1912.0   1.751647339000836e-10 
  1913.0   1.9208345544113225e-10 
  1914.0   1.721599267596726e-10 
  1915.0   1.9177239036820425e-10 
  1916.0   1.7476781647958393e-10 
  1917.0   1.9729450220320304e-10 
  1918.0   2.0749650092341147e-10 
  1919.0   2.0003202760514708e-10 
  1920.0   2.0493691592947122e-10 
  1921.0   2.1313462060738652e-10 
  1922.0   2.1924889686824416e-10 
  1923.0   1.9593317611129445e-10 
  1924.0   2.1012738990814382e-10 
  1925.0   1.984232613733149e-10 
  1926.0   2.0526535132762834e-10 
  1927.0   2.1431809572708238e-10 
  1928.0   2.076566743289546e-10 
  1929.0   2.1812561580580658e-10 
  1930.0   2.1797035695412742e-10 
  1931.0   2.0755685802917858e-10 
  1932.0   1.7943540360793532e-10 
  1933.0   2.03994336391684e-10 
  1934.0   1.8996918555616464e-10 
  1935.0   1.9440683703433284e-10 
  1936.0   2.0812724566442734e-10 
  1937.0   2.017865905835634e-10 
  1938.0   2.3696134345334164e-10 
  1939.0   2.1364192362174742e-10 
  1940.0   1.9198367157514294e-10 
  1941.0   2.219289398186843e-10 
  1942.0   2.2107522386925153e-10 
  1943.0   2.2707577440943128e-10 
  1944.0   2.2502552097516208e-10 
  1945.0   2.3016349907971805e-10 
  1946.0   2.1881079431987e-10 
  1947.0   2.3283064446653064e-10 
  1948.0   2.1667917065455512e-10 
  1949.0   1.974494157661502e-10 
  1950.0   2.0420704168245782e-10 
  1951.0   2.1756993360740284e-10 
  1952.0   2.3662305698866365e-10 
  1953.0   2.2092957577341405e-10 
  1954.0   2.300348725168168e-10 
  1955.0   2.217601118138896e-10 
  1956.0   2.423631415758308e-10 
  1957.0   2.326006309812816e-10 
  1958.0   2.4678770912198543e-10 
  1959.0   2.4613465316056457e-10 
  1960.0   2.698708112470394e-10 
  1961.0   2.6048767009834904e-10 
  1962.0   2.8662189005063274e-10 
  1963.0   2.5134815393061224e-10 
  1964.0   2.737043033713524e-10 
  1965.0   2.753748126207801e-10 
  1966.0   2.845862742358135e-10 
  1967.0   2.81159423409771e-10 
  1968.0   2.787068551701329e-10 
  1969.0   2.6768343396679113e-10 
  1970.0   2.652053132245066e-10 
  1971.0   3.025632124887485e-10 
  1972.0   3.1207867188196767e-10 
  1973.0   3.4163333586901094e-10 
  1974.0   3.222211708906425e-10 
  1975.0   3.2009237994043253e-10 
  1976.0   3.2710872013557496e-10 
  1977.0   3.4334816570232396e-10 
  1978.0   3.306155909188703e-10 
  1979.0   4.018568844990511e-10 
  1980.0   3.5232600774189254e-10 
  1981.0   3.9125579183442667e-10 
  1982.0   3.809487349418931e-10 
  1983.0   4.070735698740622e-10 
  1984.0   4.3232527877378246e-10 
  1985.0   3.9778223424584483e-10 
  1986.0   4.2025968023064786e-10 
  1987.0   4.297333652654906e-10 
  1988.0   4.618353859672723e-10 
  1989.0   4.681760658496135e-10 
  1990.0   4.925795004541518e-10 
  1991.0   5.447741029087695e-10 
  1992.0   5.015163108881277e-10 
  1993.0   4.894977588034208e-10 
  1994.0   4.847243116916199e-10 
  1995.0   4.98058172618935e-10 
  1996.0   5.026524978329962e-10 
  1997.0   5.684410070978157e-10 
  1998.0   5.315447852600623e-10 
  1999.0   5.158941393968711e-10 
  2000.0   5.612643140464925e-10 
  2001.0   5.126916944884736e-10 
  2002.0   5.481795138539109e-10 
  2003.0   5.384818452637309e-10 
  2004.0   5.239744672207615e-10 
  2005.0   5.46849545027791e-10 
  2006.0   5.112988279733511e-10 
  2007.0   5.908305623651777e-10 
  2008.0   5.681512810861731e-10 
  2009.0   5.458818033269673e-10 
  2010.0   5.416189855433129e-10 
  2011.0   5.190821183248873e-10 
  2012.0   5.064560019177872e-10 
  2013.0   5.808650993845605e-10 
  2014.0   6.136018386152975e-10 
