  1850.0   135.22999071399965 
  1851.0   135.22385015053675 
  1852.0   135.18822648015927 
  1853.0   135.1279325180913 
  1854.0   135.08506375101246 
  1855.0   135.00609855391838 
  1856.0   134.98355839543234 
  1857.0   134.99140426454764 
  1858.0   134.92635066829 
  1859.0   134.70832617199207 
  1860.0   134.58062081034018 
  1861.0   134.46026076051268 
  1862.0   134.42684205171838 
  1863.0   134.4173605339604 
  1864.0   134.4447418058382 
  1865.0   134.44129504591592 
  1866.0   134.41832383629074 
  1867.0   134.46314454028774 
  1868.0   134.4386105681341 
  1869.0   134.4160200723431 
  1870.0   134.3365882598293 
  1871.0   134.25411639391186 
  1872.0   134.24018715536843 
  1873.0   134.24942376718042 
  1874.0   134.2708536858305 
  1875.0   134.2450929803296 
  1876.0   134.14738787599887 
  1877.0   134.10964450145948 
  1878.0   134.15666357058268 
  1879.0   134.20424182561018 
  1880.0   134.10900808060646 
  1881.0   134.03850688591695 
  1882.0   134.0728429869719 
  1883.0   134.07327611806153 
  1884.0   134.11113213881566 
  1885.0   134.08206586587994 
  1886.0   134.10445048488006 
  1887.0   134.19450340170246 
  1888.0   134.2691084243321 
  1889.0   134.28970521440792 
  1890.0   134.25278128822788 
  1891.0   134.2565520263358 
  1892.0   134.32723441632947 
  1893.0   134.35439620958888 
  1894.0   134.32414033818532 
  1895.0   134.37381951467046 
  1896.0   134.4698393361165 
  1897.0   134.46916668264095 
  1898.0   134.43534325924801 
  1899.0   134.52440548542424 
  1900.0   134.47161975782961 
  1901.0   134.45667355794376 
  1902.0   134.413399987602 
  1903.0   134.43162463453163 
  1904.0   134.45339570213227 
  1905.0   134.3389781259324 
  1906.0   134.27109549216183 
  1907.0   134.1939398176473 
  1908.0   134.05323245424248 
  1909.0   133.97863231749318 
  1910.0   134.02758766349632 
  1911.0   133.99306427669376 
  1912.0   133.96954263833638 
  1913.0   133.98193021307935 
  1914.0   133.90605509846188 
  1915.0   133.84128153966287 
  1916.0   133.86805165140217 
  1917.0   133.8940527913199 
  1918.0   133.986105395747 
  1919.0   134.1175922090418 
  1920.0   134.1444851429075 
  1921.0   134.18860488740685 
  1922.0   134.1906553278208 
  1923.0   134.16014962568974 
  1924.0   134.0416525208832 
  1925.0   134.02074337686034 
  1926.0   134.00363097755374 
  1927.0   133.9658830395748 
  1928.0   134.04109849894058 
  1929.0   134.15181804026972 
  1930.0   134.2465293325675 
  1931.0   134.33468297626675 
  1932.0   134.45007331644462 
  1933.0   134.4539980556002 
  1934.0   134.38193672046472 
  1935.0   134.30472642381352 
  1936.0   134.28749698724062 
  1937.0   134.32836930779507 
  1938.0   134.41175616284877 
  1939.0   134.39529051207987 
  1940.0   134.36310810415975 
  1941.0   134.29367181787043 
  1942.0   134.26176645636994 
  1943.0   134.27785767337107 
  1944.0   134.3416424431997 
  1945.0   134.35851648519466 
  1946.0   134.36665322568075 
  1947.0   134.4128231717217 
  1948.0   134.45463547123538 
  1949.0   134.46508684183175 
  1950.0   134.38747840832258 
  1951.0   134.40239640892642 
  1952.0   134.54461301128205 
  1953.0   134.68815547852657 
  1954.0   134.73939239449766 
  1955.0   134.77297968549755 
  1956.0   134.7520111489035 
  1957.0   134.69416216723496 
  1958.0   134.7711172400044 
  1959.0   134.9050532455209 
  1960.0   135.0444960601171 
  1961.0   135.2143829165309 
  1962.0   135.4032010641737 
  1963.0   135.51318644314338 
  1964.0   135.7424717442318 
  1965.0   135.91913319879964 
  1966.0   136.0377001509876 
  1967.0   136.22415785391541 
  1968.0   136.52830262304323 
  1969.0   136.74833168991444 
  1970.0   136.91113958321083 
  1971.0   137.1338684748925 
  1972.0   137.34963609118267 
  1973.0   137.52052692471713 
  1974.0   137.77171655702824 
  1975.0   137.9484994642228 
  1976.0   138.06564943568793 
  1977.0   138.27213730925018 
  1978.0   138.55046503968543 
  1979.0   138.8264351318613 
  1980.0   139.02848346454584 
  1981.0   139.15591614542072 
  1982.0   139.31811740551962 
  1983.0   139.59071339967272 
  1984.0   139.78100427436456 
  1985.0   140.03923235392776 
  1986.0   140.47426649882365 
  1987.0   140.82937047867173 
  1988.0   141.17053950638228 
  1989.0   141.55158556093224 
  1990.0   141.83196029422035 
  1991.0   142.24481957944064 
  1992.0   142.68661215970116 
  1993.0   143.26082429515085 
  1994.0   143.88778215001082 
  1995.0   144.48781813426143 
  1996.0   145.07892067592275 
  1997.0   145.73670062005337 
  1998.0   146.10946443709767 
  1999.0   146.60066891421778 
  2000.0   147.18861460936353 
  2001.0   147.6742548722827 
  2002.0   148.2322175279347 
  2003.0   148.64990852261022 
  2004.0   148.910775824003 
  2005.0   149.38419902421336 
  2006.0   149.98760013767776 
  2007.0   150.5314756441735 
  2008.0   151.04657500363456 
  2009.0   151.60596314997082 
  2010.0   152.18363824428764 
  2011.0   152.6251119414788 
  2012.0   153.14502888071712 
  2013.0   153.45767251293444 
  2014.0   153.7680529182292 
