  1850.0   133.57027215730614 
  1851.0   133.5576063508622 
  1852.0   133.56002327357263 
  1853.0   133.54785027902847 
  1854.0   133.55150532459373 
  1855.0   133.55855066467157 
  1856.0   133.56817546049737 
  1857.0   133.54550676127505 
  1858.0   133.52712910936538 
  1859.0   133.50103954147494 
  1860.0   133.49910851572747 
  1861.0   133.5024579175278 
  1862.0   133.49344902037495 
  1863.0   133.47615440658538 
  1864.0   133.44740815428068 
  1865.0   133.4433700081586 
  1866.0   133.42750055755596 
  1867.0   133.40068918909378 
  1868.0   133.39619072452945 
  1869.0   133.4006969399418 
  1870.0   133.39533757501817 
  1871.0   133.38607152109606 
  1872.0   133.3898766531618 
  1873.0   133.3937763465507 
  1874.0   133.37953252739905 
  1875.0   133.3829360159721 
  1876.0   133.41027203217746 
  1877.0   133.3982175092364 
  1878.0   133.39469961803653 
  1879.0   133.4161256952201 
  1880.0   133.41474640490333 
  1881.0   133.42089490819123 
  1882.0   133.43990369454457 
  1883.0   133.45593912620663 
  1884.0   133.47640120160852 
  1885.0   133.50385983476264 
  1886.0   133.52311145391943 
  1887.0   133.53256737956002 
  1888.0   133.54194333107358 
  1889.0   133.56448540803345 
  1890.0   133.6030221098251 
  1891.0   133.6239428420805 
  1892.0   133.63596315627245 
  1893.0   133.67262679380994 
  1894.0   133.67870381571498 
  1895.0   133.68070467304605 
  1896.0   133.71973565483998 
  1897.0   133.76510613016757 
  1898.0   133.76159815671684 
  1899.0   133.78311261154053 
  1900.0   133.83394780242762 
  1901.0   133.85566021980912 
  1902.0   133.87296543781363 
  1903.0   133.92288332855054 
  1904.0   133.95143187162284 
  1905.0   133.97286434907693 
  1906.0   134.02002811748324 
  1907.0   134.0374306737356 
  1908.0   134.0803429059189 
  1909.0   134.11853722281774 
  1910.0   134.1545208804132 
  1911.0   134.21622459682433 
  1912.0   134.25582440328304 
  1913.0   134.31676761641765 
  1914.0   134.37363390833536 
  1915.0   134.4219800564132 
  1916.0   134.47719388560526 
  1917.0   134.5453015938663 
  1918.0   134.61225912547872 
  1919.0   134.67200107527717 
  1920.0   134.72813129076536 
  1921.0   134.77765732443206 
  1922.0   134.7965326661914 
  1923.0   134.8390275503464 
  1924.0   134.8848498410708 
  1925.0   134.93496346779196 
  1926.0   134.98891897271176 
  1927.0   135.06034304321238 
  1928.0   135.10953444964534 
  1929.0   135.17208167098775 
  1930.0   135.22866453565166 
  1931.0   135.28274014200971 
  1932.0   135.32260822924252 
  1933.0   135.39482326065462 
  1934.0   135.4640644828911 
  1935.0   135.541743362466 
  1936.0   135.5968324992689 
  1937.0   135.65339624252735 
  1938.0   135.68213138674443 
  1939.0   135.7299238466423 
  1940.0   135.8048204603355 
  1941.0   135.85390372011014 
  1942.0   135.9248226913494 
  1943.0   135.99148839612178 
  1944.0   136.04777161127754 
  1945.0   136.08914906550893 
  1946.0   136.1447271133762 
  1947.0   136.20563890436404 
  1948.0   136.27561553129303 
  1949.0   136.33168869206082 
  1950.0   136.40112875186622 
  1951.0   136.43726616512745 
  1952.0   136.49228764910222 
  1953.0   136.54771645546003 
  1954.0   136.60374876233865 
  1955.0   136.64771411370168 
  1956.0   136.69257362297498 
  1957.0   136.7551896795076 
  1958.0   136.83272874577216 
  1959.0   136.9151210626947 
  1960.0   136.99895132310985 
  1961.0   137.06117754142588 
  1962.0   137.10695178474293 
  1963.0   137.16883220686373 
  1964.0   137.260405544018 
  1965.0   137.34943088458348 
  1966.0   137.43048681150782 
  1967.0   137.481745454564 
  1968.0   137.56098121643416 
  1969.0   137.63479838860354 
  1970.0   137.6805781006623 
  1971.0   137.75695294614158 
  1972.0   137.80676575967874 
  1973.0   137.88783037323608 
  1974.0   137.96963023281893 
  1975.0   138.0701674171545 
  1976.0   138.17109741525576 
  1977.0   138.25926736765607 
  1978.0   138.34608048680303 
  1979.0   138.44119385116855 
  1980.0   138.52800068008463 
  1981.0   138.64436390933335 
  1982.0   138.73407014439698 
  1983.0   138.84956507426395 
  1984.0   138.9834891787008 
  1985.0   139.09765046981312 
  1986.0   139.21698442845434 
  1987.0   139.342521502199 
  1988.0   139.467945937093 
  1989.0   139.59147327481577 
  1990.0   139.72532680826203 
  1991.0   139.8266427438878 
  1992.0   139.9529879692147 
  1993.0   140.0943633767942 
  1994.0   140.23198892479 
  1995.0   140.38310975245162 
  1996.0   140.52444830314323 
  1997.0   140.65776957901218 
  1998.0   140.80261210722986 
  1999.0   140.94369268833802 
  2000.0   141.03840067377746 
  2001.0   141.18578933504003 
  2002.0   141.31023019131447 
  2003.0   141.44535090030965 
  2004.0   141.58235888074222 
  2005.0   141.71549185587148 
  2006.0   141.85109810429125 
  2007.0   141.99746445375325 
  2008.0   142.1278078549252 
  2009.0   142.22736328697547 
  2010.0   142.3609242536234 
  2011.0   142.50575238140596 
  2012.0   142.67417374480738 
  2013.0   142.80261088535806 
  2014.0   142.9200822720187 
