  1850.0   2.7543812653195285 
  1851.0   2.707512994013195 
  1852.0   2.6492075020792307 
  1853.0   2.587345331070011 
  1854.0   2.6747842600536558 
  1855.0   2.8035844333252338 
  1856.0   2.5655323484473893 
  1857.0   2.734304645435093 
  1858.0   2.6265303261029858 
  1859.0   2.894934272641423 
  1860.0   2.5062929913792553 
  1861.0   2.7055134955796327 
  1862.0   2.5501291161463957 
  1863.0   2.8109736644809042 
  1864.0   2.7420233069895685 
  1865.0   2.6334965790580567 
  1866.0   2.658506793924097 
  1867.0   2.9225442910005253 
  1868.0   2.788674718503616 
  1869.0   2.736363428105787 
  1870.0   2.7212650171328545 
  1871.0   2.740491890852356 
  1872.0   2.7914517285062552 
  1873.0   2.94342086656935 
  1874.0   2.5840889764378785 
  1875.0   2.8814654292088213 
  1876.0   2.6750897659851325 
  1877.0   2.716159598277346 
  1878.0   2.5760868169797932 
  1879.0   2.679517141921207 
  1880.0   2.700771720138009 
  1881.0   2.7857878271478835 
  1882.0   2.6843359199243677 
  1883.0   2.4297709305565194 
  1884.0   2.812515173635412 
  1885.0   2.67512511149252 
  1886.0   2.621928568211059 
  1887.0   2.8900921382999485 
  1888.0   2.821705755453431 
  1889.0   2.5709126138802674 
  1890.0   2.767211154524382 
  1891.0   2.955724212969963 
  1892.0   2.674259764456318 
  1893.0   2.860337781474364 
  1894.0   2.779887226539747 
  1895.0   2.5864156036535166 
  1896.0   2.6080583114102356 
  1897.0   3.0846840623483525 
  1898.0   2.741124015402019 
  1899.0   2.8097148468886197 
  1900.0   2.9095221164149128 
  1901.0   2.813133223020191 
  1902.0   2.7613815004703275 
  1903.0   2.9692909027208065 
  1904.0   2.86088289785153 
  1905.0   2.6704148903571 
  1906.0   2.8639178432348253 
  1907.0   2.826305548806009 
  1908.0   2.8445246101538038 
  1909.0   2.67457071926295 
  1910.0   2.849934624444154 
  1911.0   2.631638297380657 
  1912.0   2.6822211364112563 
  1913.0   2.497852194056581 
  1914.0   2.7775640129493278 
  1915.0   2.8651235271995876 
  1916.0   2.8081336971677273 
  1917.0   2.7198301748644127 
  1918.0   2.723025037347674 
  1919.0   2.7337968011319527 
  1920.0   2.8774915754305463 
  1921.0   3.073936360944189 
  1922.0   2.6799833672908617 
  1923.0   2.8937170378824164 
  1924.0   2.602324302442036 
  1925.0   2.6475172903506627 
  1926.0   2.8496104226675545 
  1927.0   2.690604644675214 
  1928.0   2.918026911237693 
  1929.0   2.8461841973641895 
  1930.0   2.8321892754534987 
  1931.0   2.5419304415234683 
  1932.0   2.823393167724672 
  1933.0   2.641315964412566 
  1934.0   2.5843944936391505 
  1935.0   2.8042797878887327 
  1936.0   2.731592001527184 
  1937.0   2.9586315729059365 
  1938.0   2.8500935622544143 
  1939.0   2.449622306220042 
  1940.0   2.7833732293224807 
  1941.0   2.8453876701046465 
  1942.0   2.954764442631584 
  1943.0   2.9435313694274092 
  1944.0   3.0028024421750903 
  1945.0   2.8149177883892893 
  1946.0   2.949718072164567 
  1947.0   2.887722056671571 
  1948.0   2.67518887343752 
  1949.0   2.6498844334439484 
  1950.0   2.7468661637770997 
  1951.0   3.193841435508789 
  1952.0   2.77421432928897 
  1953.0   2.834117312592419 
  1954.0   2.477813779325086 
  1955.0   2.8434478420932323 
  1956.0   2.938071441409727 
  1957.0   2.8173207452351368 
  1958.0   2.6860312221045177 
  1959.0   3.012088307512382 
  1960.0   2.921801562079478 
  1961.0   2.991119782804423 
  1962.0   2.7836382792641765 
  1963.0   2.902376286304015 
  1964.0   2.774141048244868 
  1965.0   2.9837248772275746 
  1966.0   2.87242493595163 
  1967.0   3.0184700273647644 
  1968.0   2.8792677219889686 
  1969.0   2.7557685814082427 
  1970.0   2.867907009288702 
  1971.0   3.001876186663473 
  1972.0   3.2471699846545916 
  1973.0   3.0808074237015393 
  1974.0   3.0002084341415385 
  1975.0   3.253642218333609 
  1976.0   3.0308706384224315 
  1977.0   2.936508080001963 
  1978.0   3.4713246681090344 
  1979.0   3.1771644315205454 
  1980.0   3.2687651809682152 
  1981.0   3.1772097498078677 
  1982.0   3.2917158995936626 
  1983.0   3.347594156629772 
  1984.0   3.301942590549706 
  1985.0   3.406210517764948 
  1986.0   3.422810203091692 
  1987.0   3.4521749355452886 
  1988.0   3.444172003030685 
  1989.0   3.472348458465492 
  1990.0   3.6064638854810585 
  1991.0   3.5702623923892283 
  1992.0   3.49406688659452 
  1993.0   3.4531107828095524 
  1994.0   3.493341030385799 
  1995.0   3.4885381696109445 
  1996.0   3.8929000897289874 
  1997.0   3.6427974306700697 
  1998.0   3.4075500385806725 
  1999.0   3.667918423011032 
  2000.0   3.7274517686612736 
  2001.0   3.7826449503398867 
  2002.0   3.8741390199250896 
  2003.0   3.695416430274419 
  2004.0   3.7614581088974126 
  2005.0   3.862488722586057 
  2006.0   3.8068667180851032 
  2007.0   3.9873582980370745 
  2008.0   3.664622956791118 
  2009.0   3.987650750991277 
  2010.0   3.8550688005092217 
  2011.0   3.6226285041510473 
  2012.0   3.9330408178074636 
  2013.0   4.15605781771893 
  2014.0   3.8382509934920206 
