  1850.0   278.90233386105757 
  1851.0   279.10169276830646 
  1852.0   278.491260473706 
  1853.0   279.6285426101079 
  1854.0   279.46468143632745 
  1855.0   279.0993716469596 
  1856.0   279.1050045667843 
  1857.0   278.775103541535 
  1858.0   278.98699189450593 
  1859.0   279.03698769030956 
  1860.0   279.1660892079398 
  1861.0   278.85965835828887 
  1862.0   279.2521029626885 
  1863.0   279.03356481305906 
  1864.0   279.09485604737006 
  1865.0   279.00853685965495 
  1866.0   279.13497523149937 
  1867.0   278.7983024347069 
  1868.0   279.19322796660384 
  1869.0   279.1552067247339 
  1870.0   278.9839425426865 
  1871.0   278.84489238995855 
  1872.0   279.31609076863464 
  1873.0   279.0832066813581 
  1874.0   278.600469802193 
  1875.0   278.85969803879004 
  1876.0   278.5330270790643 
  1877.0   278.71639867912097 
  1878.0   279.22460820999714 
  1879.0   279.01121400714317 
  1880.0   279.0542139656787 
  1881.0   279.3842163201279 
  1882.0   278.9304888186757 
  1883.0   278.77935637883576 
  1884.0   278.32045883117394 
  1885.0   278.1112660900356 
  1886.0   278.99122077696484 
  1887.0   278.83666225622034 
  1888.0   278.6589084219299 
  1889.0   278.5934643556893 
  1890.0   278.36149555756685 
  1891.0   278.51276862327467 
  1892.0   278.8932484153524 
  1893.0   279.34125984445905 
  1894.0   278.28245453700026 
  1895.0   279.03435272045664 
  1896.0   278.79584541941483 
  1897.0   279.47278534063395 
  1898.0   279.04001694253395 
  1899.0   279.2674231436136 
  1900.0   279.37335490417104 
  1901.0   279.0262569736939 
  1902.0   278.72823627385486 
  1903.0   278.08489760974976 
  1904.0   278.42131311115384 
  1905.0   278.8526984049423 
  1906.0   278.9427815034911 
  1907.0   279.4115416896207 
  1908.0   279.2364815491523 
  1909.0   279.22957565309844 
  1910.0   278.8344031363066 
  1911.0   279.35888344082866 
  1912.0   278.81326975017106 
  1913.0   278.43050023840635 
  1914.0   279.1195671378647 
  1915.0   278.89256452207917 
  1916.0   279.1723225618399 
  1917.0   279.64011776961365 
  1918.0   279.31864465949513 
  1919.0   279.135486399977 
  1920.0   279.3681376550647 
  1921.0   279.4504366537653 
  1922.0   279.57585148704766 
  1923.0   278.8986184997226 
  1924.0   279.6328122178516 
  1925.0   279.2308624782568 
  1926.0   278.7981681722456 
  1927.0   279.6380733000788 
  1928.0   279.4745152029015 
  1929.0   279.2034218408796 
  1930.0   278.88581625113034 
  1931.0   278.9872681716983 
  1932.0   279.5470062643794 
  1933.0   279.4325272147674 
  1934.0   279.0410897337794 
  1935.0   279.04251282294126 
  1936.0   279.47126168913076 
  1937.0   279.1349109898665 
  1938.0   279.5492099850643 
  1939.0   279.29140160230764 
  1940.0   279.835649848964 
  1941.0   279.57918188405654 
  1942.0   279.49263611514965 
  1943.0   279.00547066343046 
  1944.0   279.2515306641615 
  1945.0   279.68513548244334 
  1946.0   279.3381173328004 
  1947.0   278.84328008294705 
  1948.0   279.32970357744193 
  1949.0   280.18326781866557 
  1950.0   279.2868048286709 
  1951.0   279.19115276818934 
  1952.0   278.99059006739077 
  1953.0   278.9555395504427 
  1954.0   279.63520116306717 
  1955.0   279.11441217625475 
  1956.0   278.8178136735746 
  1957.0   279.0457851298927 
  1958.0   279.8230997933273 
  1959.0   279.67765320995056 
  1960.0   279.7954719674401 
  1961.0   279.79935425677985 
  1962.0   279.5795672467945 
  1963.0   279.5397798944604 
  1964.0   279.48467538244563 
  1965.0   279.3306051530608 
  1966.0   279.4392144332297 
  1967.0   279.13882241132745 
  1968.0   279.2073186293372 
  1969.0   279.3168273945435 
  1970.0   279.13231461205294 
  1971.0   278.7959058118395 
  1972.0   279.1549770907101 
  1973.0   279.53901952830387 
  1974.0   279.15797010167057 
  1975.0   279.28294024009006 
  1976.0   278.66175515364046 
  1977.0   278.9224625722111 
  1978.0   279.3229713971727 
  1979.0   279.034679794903 
  1980.0   278.7564868313269 
  1981.0   279.3666289576149 
  1982.0   279.1970072124133 
  1983.0   278.17962491017346 
  1984.0   279.21492027373733 
  1985.0   279.13503316493694 
  1986.0   279.4980691651437 
  1987.0   279.0060428626003 
  1988.0   279.1939409185813 
  1989.0   279.46580498750666 
  1990.0   278.8197107043733 
  1991.0   279.4169100130902 
  1992.0   278.728623132974 
  1993.0   279.1342211694745 
  1994.0   279.4237909749374 
  1995.0   279.7395542394653 
  1996.0   279.64663137275284 
  1997.0   279.70160590366373 
  1998.0   279.57989843832894 
  1999.0   279.44113554967373 
  2000.0   279.81162006952735 
  2001.0   279.7478872000496 
  2002.0   279.70606285176837 
  2003.0   279.1438682510556 
  2004.0   279.67888822378166 
  2005.0   280.392510286762 
  2006.0   279.86785248037233 
  2007.0   279.9364282599554 
  2008.0   279.9336522523593 
  2009.0   280.0128454261274 
  2010.0   280.14167367473493 
  2011.0   279.6572325656328 
  2012.0   279.4848237450497 
  2013.0   278.7881494793907 
  2014.0   279.31634407134214 
