  1850.0   97.1908321806327 
  1851.0   97.18792846998352 
  1852.0   97.21403495720169 
  1853.0   97.22326572095594 
  1854.0   97.22135072783155 
  1855.0   97.22787105412965 
  1856.0   97.21493619158284 
  1857.0   97.19617760488185 
  1858.0   97.20576527575801 
  1859.0   97.24009266124327 
  1860.0   97.21293077581562 
  1861.0   97.17295418453814 
  1862.0   97.15872028134139 
  1863.0   97.19091969528576 
  1864.0   97.21432912690648 
  1865.0   97.21297445240691 
  1866.0   97.19489422078468 
  1867.0   97.18554540118089 
  1868.0   97.18395862512493 
  1869.0   97.21024661608607 
  1870.0   97.21181841469357 
  1871.0   97.19823962646234 
  1872.0   97.19006078949093 
  1873.0   97.15332563440182 
  1874.0   97.10829216961534 
  1875.0   97.06077587927204 
  1876.0   97.02387596575916 
  1877.0   97.00201575294494 
  1878.0   96.97626584252544 
  1879.0   96.99337870791157 
  1880.0   97.01991562538723 
  1881.0   97.02125348435291 
  1882.0   97.00707911277337 
  1883.0   96.9673234784356 
  1884.0   96.96502456801382 
  1885.0   96.96114132738396 
  1886.0   96.98606834037841 
  1887.0   97.01558414218127 
  1888.0   97.0117631186691 
  1889.0   96.99198252905366 
  1890.0   97.00363437064945 
  1891.0   97.02915886629005 
  1892.0   97.02622696780162 
  1893.0   96.9957886439849 
  1894.0   97.00960246098292 
  1895.0   97.0089711716241 
  1896.0   96.98859871629399 
  1897.0   96.96249731344678 
  1898.0   96.9597293564637 
  1899.0   96.92865105662032 
  1900.0   96.92218873943246 
  1901.0   96.94183644210985 
  1902.0   96.93989451315433 
  1903.0   96.9599858259721 
  1904.0   97.03805665358303 
  1905.0   97.07019503744539 
  1906.0   97.03194873624479 
  1907.0   96.99787096170311 
  1908.0   96.97690565946253 
  1909.0   96.98280732913385 
  1910.0   97.00354189045606 
  1911.0   97.04212205048462 
  1912.0   97.08117898968915 
  1913.0   97.10162010022275 
  1914.0   97.11994833812497 
  1915.0   97.13296520968382 
  1916.0   97.13390319628611 
  1917.0   97.13037589931612 
  1918.0   97.07786518237472 
  1919.0   97.06679036472357 
  1920.0   97.1014439664468 
  1921.0   97.15507342715816 
  1922.0   97.148689520009 
  1923.0   97.10071610458095 
  1924.0   97.06484863819294 
  1925.0   97.04550894230113 
  1926.0   97.04195504280044 
  1927.0   97.06371699717572 
  1928.0   97.11640879151528 
  1929.0   97.1321263104144 
  1930.0   97.13105415686272 
  1931.0   97.13188161575562 
  1932.0   97.14109420231559 
  1933.0   97.12782932518284 
  1934.0   97.12016516129952 
  1935.0   97.13933321244606 
  1936.0   97.19107050703418 
  1937.0   97.2441055468845 
  1938.0   97.28214072395056 
  1939.0   97.28480119125774 
  1940.0   97.25360776569029 
  1941.0   97.24170906653288 
  1942.0   97.24357715667699 
  1943.0   97.25348692665563 
  1944.0   97.27435339467618 
  1945.0   97.28136002091618 
  1946.0   97.29654047012839 
  1947.0   97.33022949324844 
  1948.0   97.38927011844042 
  1949.0   97.43940062198389 
  1950.0   97.47053681689027 
  1951.0   97.47217188879344 
  1952.0   97.46301351224213 
  1953.0   97.48731146735221 
  1954.0   97.52651032319395 
  1955.0   97.53499819915737 
  1956.0   97.56104992272977 
  1957.0   97.56097285326831 
  1958.0   97.56115629400662 
  1959.0   97.6149575163213 
  1960.0   97.68520010370806 
  1961.0   97.70789279776527 
  1962.0   97.70239603802003 
  1963.0   97.70125719238034 
  1964.0   97.71803795247851 
  1965.0   97.75871814767015 
  1966.0   97.79509445021165 
  1967.0   97.8178013694263 
  1968.0   97.83944258153569 
  1969.0   97.89377204527948 
  1970.0   97.97376965193041 
  1971.0   98.02163012890448 
  1972.0   98.08309041607198 
  1973.0   98.15167295660922 
  1974.0   98.18914722067068 
  1975.0   98.2077537123758 
  1976.0   98.23358098807313 
  1977.0   98.34605608201537 
  1978.0   98.4425155345169 
  1979.0   98.50045421472525 
  1980.0   98.57291005856816 
  1981.0   98.62241509418568 
  1982.0   98.65036368445965 
  1983.0   98.68800934110654 
  1984.0   98.75347810392518 
  1985.0   98.82652555016901 
  1986.0   98.91279953914038 
  1987.0   98.98963440612692 
  1988.0   99.05336879138859 
  1989.0   99.12825428202082 
  1990.0   99.19876021440406 
  1991.0   99.28477845848633 
  1992.0   99.38101496483249 
  1993.0   99.43244460622363 
  1994.0   99.45881512494078 
  1995.0   99.53082412344153 
  1996.0   99.61362878011401 
  1997.0   99.67825521435508 
  1998.0   99.73704301380509 
  1999.0   99.80361662130817 
  2000.0   99.8512937010325 
  2001.0   99.91430800670742 
  2002.0   99.92958829287406 
  2003.0   99.95857197864036 
  2004.0   100.04764985757797 
  2005.0   100.14361138788745 
  2006.0   100.20002043214959 
  2007.0   100.22866556949648 
  2008.0   100.26084598970765 
  2009.0   100.31672951470473 
  2010.0   100.36747942275828 
  2011.0   100.45659598923534 
  2012.0   100.55499675537995 
  2013.0   100.6139009425554 
  2014.0   100.62143715724271 
