  1850.0   91.79152963312923 
  1851.0   91.72408264063957 
  1852.0   91.6918581362529 
  1853.0   91.7080844398429 
  1854.0   91.73659597051709 
  1855.0   91.74599242993037 
  1856.0   91.74861303234506 
  1857.0   91.74809034116332 
  1858.0   91.70992914245488 
  1859.0   91.66377031465771 
  1860.0   91.64435393782672 
  1861.0   91.6332089134295 
  1862.0   91.62658502115521 
  1863.0   91.61199102640603 
  1864.0   91.61321819496028 
  1865.0   91.60371546880718 
  1866.0   91.59168977762293 
  1867.0   91.58122604258078 
  1868.0   91.56091006739443 
  1869.0   91.54496277042419 
  1870.0   91.48494002626413 
  1871.0   91.4447505832065 
  1872.0   91.44659208549467 
  1873.0   91.4504943626203 
  1874.0   91.43761681565591 
  1875.0   91.39681320054659 
  1876.0   91.37971409334723 
  1877.0   91.38757609285608 
  1878.0   91.38400455659468 
  1879.0   91.36946277998015 
  1880.0   91.32061924226132 
  1881.0   91.26264598533078 
  1882.0   91.21740374624642 
  1883.0   91.17632006583923 
  1884.0   91.15960440690777 
  1885.0   91.17385069461076 
  1886.0   91.1997796440213 
  1887.0   91.2112912691295 
  1888.0   91.20987709882222 
  1889.0   91.21119271199963 
  1890.0   91.21470498117641 
  1891.0   91.24443758307595 
  1892.0   91.29125932900659 
  1893.0   91.32933805380198 
  1894.0   91.3505227918475 
  1895.0   91.37834343037471 
  1896.0   91.40434634024673 
  1897.0   91.39520892988912 
  1898.0   91.35238097917362 
  1899.0   91.33227918176715 
  1900.0   91.28737043641699 
  1901.0   91.2625472343828 
  1902.0   91.24715410225868 
  1903.0   91.1932065749169 
  1904.0   91.17078158774756 
  1905.0   91.21339424194787 
  1906.0   91.2826618814573 
  1907.0   91.28725285008863 
  1908.0   91.26108310477457 
  1909.0   91.27577337550338 
  1910.0   91.29043200155917 
  1911.0   91.28435205117225 
  1912.0   91.26357056254302 
  1913.0   91.23524143540591 
  1914.0   91.22541125079032 
  1915.0   91.19540467651184 
  1916.0   91.19382144519624 
  1917.0   91.19427140729005 
  1918.0   91.197521216748 
  1919.0   91.22646590942 
  1920.0   91.24655117536535 
  1921.0   91.2578814227363 
  1922.0   91.23524723754534 
  1923.0   91.20056350731716 
  1924.0   91.22110360571646 
  1925.0   91.24185746800406 
  1926.0   91.22720760533582 
  1927.0   91.25920286521908 
  1928.0   91.27776768788645 
  1929.0   91.27395975947275 
  1930.0   91.26573385498483 
  1931.0   91.27459907037375 
  1932.0   91.29431924639226 
  1933.0   91.30093330028943 
  1934.0   91.29585988262752 
  1935.0   91.31067226945441 
  1936.0   91.32298379093163 
  1937.0   91.32124037444676 
  1938.0   91.31106429244603 
  1939.0   91.30756684543887 
  1940.0   91.30302611285117 
  1941.0   91.29628787853127 
  1942.0   91.30473488347842 
  1943.0   91.31235972010164 
  1944.0   91.29684605882503 
  1945.0   91.28637489800464 
  1946.0   91.27210554072562 
  1947.0   91.25668115576306 
  1948.0   91.24171415700494 
  1949.0   91.20074519977732 
  1950.0   91.15692732851169 
  1951.0   91.12124805261251 
  1952.0   91.11531738183893 
  1953.0   91.14179426715444 
  1954.0   91.14074787072917 
  1955.0   91.1308307758473 
  1956.0   91.14133332100756 
  1957.0   91.14996963044534 
  1958.0   91.19557528121939 
  1959.0   91.23518768877892 
  1960.0   91.26535188481711 
  1961.0   91.36058298276838 
  1962.0   91.41362236303178 
  1963.0   91.45884311311971 
  1964.0   91.5198530627926 
  1965.0   91.57799876731924 
  1966.0   91.66654116750883 
  1967.0   91.73473868066563 
  1968.0   91.80282651487308 
  1969.0   91.86005480353504 
  1970.0   91.8868451751369 
  1971.0   91.96429412747835 
  1972.0   92.04263318427388 
  1973.0   92.10717500020887 
  1974.0   92.21782247715986 
  1975.0   92.34325355420921 
  1976.0   92.44584429959632 
  1977.0   92.56527615699767 
  1978.0   92.68450533491223 
  1979.0   92.78809822713669 
  1980.0   92.88714479865625 
  1981.0   92.97778138234789 
  1982.0   93.07961269414604 
  1983.0   93.19574071083771 
  1984.0   93.31607503025383 
  1985.0   93.47662294794182 
  1986.0   93.632805866508 
  1987.0   93.7617156775168 
  1988.0   93.89031648815838 
  1989.0   94.02201135345346 
  1990.0   94.1570432151483 
  1991.0   94.3265535111538 
  1992.0   94.50492800851936 
  1993.0   94.71145809742512 
  1994.0   94.91855956319706 
  1995.0   95.0964692791612 
  1996.0   95.28066931873744 
  1997.0   95.45036030983546 
  1998.0   95.59991120395111 
  1999.0   95.83882464714252 
  2000.0   96.06998065919974 
  2001.0   96.2740718301919 
  2002.0   96.4629960568312 
  2003.0   96.63622039087556 
  2004.0   96.81785121723574 
  2005.0   96.99299776444035 
  2006.0   97.15125084293898 
  2007.0   97.29463308603243 
  2008.0   97.47624323957935 
  2009.0   97.70051756314662 
  2010.0   97.89750999562725 
  2011.0   98.06341887947079 
  2012.0   98.2287456077486 
  2013.0   98.39192792737794 
  2014.0   98.58408834239248 
