  1850.0   268.660809625672 
  1851.0   268.6647395012772 
  1852.0   268.6441254598059 
  1853.0   268.6680469980753 
  1854.0   268.7513471105281 
  1855.0   268.72997720380164 
  1856.0   268.7231739459208 
  1857.0   268.74095075937817 
  1858.0   268.741985189957 
  1859.0   268.71952049662616 
  1860.0   268.7312405194407 
  1861.0   268.7704735335906 
  1862.0   268.7758156597919 
  1863.0   268.72991863094916 
  1864.0   268.7354318088974 
  1865.0   268.74396342576694 
  1866.0   268.74266531044964 
  1867.0   268.78080058176346 
  1868.0   268.8187862788269 
  1869.0   268.82188276928366 
  1870.0   268.81954847573286 
  1871.0   268.7752340288096 
  1872.0   268.7543974401816 
  1873.0   268.8266168900407 
  1874.0   268.8978134166287 
  1875.0   268.90842968399016 
  1876.0   268.9344756899461 
  1877.0   268.9101429043097 
  1878.0   268.86368663322565 
  1879.0   268.8777719732998 
  1880.0   268.9013238510478 
  1881.0   268.9495610541038 
  1882.0   269.0520161798823 
  1883.0   268.94952777990704 
  1884.0   268.9073114060906 
  1885.0   269.0213863917211 
  1886.0   269.10379667895654 
  1887.0   269.02658124337 
  1888.0   268.989569725058 
  1889.0   269.02461037961336 
  1890.0   269.0383633066632 
  1891.0   269.02222665668694 
  1892.0   269.05507704321974 
  1893.0   269.1821765472592 
  1894.0   269.21902801236126 
  1895.0   269.17580357243344 
  1896.0   269.1894893163905 
  1897.0   269.19265733049747 
  1898.0   269.1746088956361 
  1899.0   269.19910667209973 
  1900.0   269.2046294694733 
  1901.0   269.2324910013828 
  1902.0   269.2353069586059 
  1903.0   269.2428712663149 
  1904.0   269.2893335035636 
  1905.0   269.31499240518696 
  1906.0   269.3279288267717 
  1907.0   269.3270752111464 
  1908.0   269.376097655355 
  1909.0   269.46133511975773 
  1910.0   269.49028244640584 
  1911.0   269.51416631378737 
  1912.0   269.49443865952463 
  1913.0   269.4672003002952 
  1914.0   269.48018582974845 
  1915.0   269.51442811588356 
  1916.0   269.5497138531866 
  1917.0   269.62109022577164 
  1918.0   269.6065597099771 
  1919.0   269.656549910064 
  1920.0   269.67341309553984 
  1921.0   269.68055174809876 
  1922.0   269.7479790071259 
  1923.0   269.7130935900702 
  1924.0   269.61957843473465 
  1925.0   269.5629729275865 
  1926.0   269.6116581631281 
  1927.0   269.6764501229985 
  1928.0   269.78136988051426 
  1929.0   269.80749522121226 
  1930.0   269.866469693818 
  1931.0   269.84032944671867 
  1932.0   269.84850580212384 
  1933.0   269.83376928630423 
  1934.0   269.8434698049317 
  1935.0   269.91950999929753 
  1936.0   269.94584282745313 
  1937.0   269.9222730484179 
  1938.0   269.9395877988386 
  1939.0   269.9023425175226 
  1940.0   269.92986393003235 
  1941.0   270.0241537000402 
  1942.0   270.10814822459974 
  1943.0   270.1222956521288 
  1944.0   270.14542701769193 
  1945.0   270.2136266878391 
  1946.0   270.18560786528025 
  1947.0   270.1216362752588 
  1948.0   270.2160847575542 
  1949.0   270.3776720316213 
  1950.0   270.29874082098365 
  1951.0   270.2821901272946 
  1952.0   270.4375645829543 
  1953.0   270.48333771320563 
  1954.0   270.4257126107921 
  1955.0   270.4252823527328 
  1956.0   270.47355653669797 
  1957.0   270.4794572097072 
  1958.0   270.38146706757965 
  1959.0   270.36266261655567 
  1960.0   270.4099493402928 
  1961.0   270.47753885138866 
  1962.0   270.53513248098386 
  1963.0   270.6124984599039 
  1964.0   270.68157504269834 
  1965.0   270.7030719088952 
  1966.0   270.69511874708695 
  1967.0   270.69642810264895 
  1968.0   270.7796377172082 
  1969.0   270.83220943227894 
  1970.0   270.84088327109373 
  1971.0   270.9362884904077 
  1972.0   270.9848773806134 
  1973.0   271.0075481288266 
  1974.0   271.03007609233316 
  1975.0   271.06485752074974 
  1976.0   271.14407744014176 
  1977.0   271.23634496131285 
  1978.0   271.30447783512466 
  1979.0   271.40515213324824 
  1980.0   271.4801009891169 
  1981.0   271.5039651117311 
  1982.0   271.47235770349533 
  1983.0   271.55601223135443 
  1984.0   271.76018612075393 
  1985.0   271.90200039140785 
  1986.0   271.8675439752685 
  1987.0   271.8894833497526 
  1988.0   272.0285771482207 
  1989.0   272.06269861928286 
  1990.0   272.0908639056476 
  1991.0   272.2753232721159 
  1992.0   272.3894055550233 
  1993.0   272.4485808185049 
  1994.0   272.56324611220754 
  1995.0   272.66179021194597 
  1996.0   272.6798183321251 
  1997.0   272.7276832390786 
  1998.0   272.93792562876274 
  1999.0   273.01076143338616 
  2000.0   272.96863466763176 
  2001.0   273.04542106214507 
  2002.0   273.22544790242796 
  2003.0   273.3571224897515 
  2004.0   273.3169304880501 
  2005.0   273.29531878027433 
  2006.0   273.409939893833 
  2007.0   273.5518194475207 
  2008.0   273.60845674266915 
  2009.0   273.6213955154516 
  2010.0   273.759210531477 
  2011.0   273.83672612072985 
  2012.0   273.90120919241855 
  2013.0   274.1478972931588 
  2014.0   274.29644324664065 
