  1850.0   1.1704764538189194 
  1851.0   1.1886097509100435 
  1852.0   1.1781771408209596 
  1853.0   1.1689700542596506 
  1854.0   1.1671973817888075 
  1855.0   1.1738387659448029 
  1856.0   1.1713403126680715 
  1857.0   1.1637302701674939 
  1858.0   1.1923523631968516 
  1859.0   1.1960772143034304 
  1860.0   1.198957237439661 
  1861.0   1.1786363257154335 
  1862.0   1.1781418579689247 
  1863.0   1.1640957906102374 
  1864.0   1.2184677733006244 
  1865.0   1.2042743658875739 
  1866.0   1.183361525108415 
  1867.0   1.2017425056301778 
  1868.0   1.235783530963445 
  1869.0   1.209841588092659 
  1870.0   1.1948082892575462 
  1871.0   1.2138252987187144 
  1872.0   1.224789309506266 
  1873.0   1.2391655892718803 
  1874.0   1.226594501372397 
  1875.0   1.213411662120244 
  1876.0   1.2428952210937274 
  1877.0   1.2057389482078653 
  1878.0   1.211863012728206 
  1879.0   1.1863381177043202 
  1880.0   1.1947620040732838 
  1881.0   1.2053789342852073 
  1882.0   1.206551828789935 
  1883.0   1.1892070400296009 
  1884.0   1.153376132538699 
  1885.0   1.1809736856638264 
  1886.0   1.1859620316500086 
  1887.0   1.1934967126803258 
  1888.0   1.222806154904145 
  1889.0   1.2067744095140034 
  1890.0   1.1913296968974068 
  1891.0   1.2315219886015922 
  1892.0   1.2221452282039662 
  1893.0   1.204973649777779 
  1894.0   1.2377550684387402 
  1895.0   1.1992459859351938 
  1896.0   1.1864885383238908 
  1897.0   1.204271474432296 
  1898.0   1.2327240448729935 
  1899.0   1.2167846468974588 
  1900.0   1.2192007313666737 
  1901.0   1.2327845987640007 
  1902.0   1.249740325074805 
  1903.0   1.2288700166398214 
  1904.0   1.2583038171126382 
  1905.0   1.2302358210736126 
  1906.0   1.2070233410551052 
  1907.0   1.2365875531433883 
  1908.0   1.2360667314610823 
  1909.0   1.2183065194336502 
  1910.0   1.2138352557858403 
  1911.0   1.217857710150765 
  1912.0   1.1936954765369665 
  1913.0   1.1978283776166343 
  1914.0   1.1776232832166724 
  1915.0   1.1985371889560654 
  1916.0   1.2052467834771983 
  1917.0   1.2171884612680945 
  1918.0   1.20922384723713 
  1919.0   1.2180706703634818 
  1920.0   1.2229296476782123 
  1921.0   1.2498392824899995 
  1922.0   1.252835193477359 
  1923.0   1.2187863815974134 
  1924.0   1.2333004837568295 
  1925.0   1.1881711455194843 
  1926.0   1.1967079902262052 
  1927.0   1.2070402136077711 
  1928.0   1.1930047433714608 
  1929.0   1.2266985144370883 
  1930.0   1.2374974515460906 
  1931.0   1.1956434217629452 
  1932.0   1.1875462981390323 
  1933.0   1.2021208331736617 
  1934.0   1.1594314938200638 
  1935.0   1.1622844062926039 
  1936.0   1.1838603619370538 
  1937.0   1.192557687782215 
  1938.0   1.23489350096432 
  1939.0   1.1787181384036791 
  1940.0   1.159743080429274 
  1941.0   1.1911405818356513 
  1942.0   1.2019608777203226 
  1943.0   1.2359291783545587 
  1944.0   1.2407889709776667 
  1945.0   1.2557547833031362 
  1946.0   1.2403833021710502 
  1947.0   1.2562592309548848 
  1948.0   1.2351995778561768 
  1949.0   1.182908049481176 
  1950.0   1.1989252273029694 
  1951.0   1.2067042554854646 
  1952.0   1.266146825799756 
  1953.0   1.202895285218212 
  1954.0   1.181299414185724 
  1955.0   1.1662765746999895 
  1956.0   1.2048278439715971 
  1957.0   1.1944794657927778 
  1958.0   1.184497213110156 
  1959.0   1.1987647900393603 
  1960.0   1.219798849806516 
  1961.0   1.2256151528722836 
  1962.0   1.2293518330347173 
  1963.0   1.1900254537942219 
  1964.0   1.210173553064723 
  1965.0   1.2163335578215528 
  1966.0   1.2481119279778254 
  1967.0   1.2276884606502714 
  1968.0   1.2293238705287022 
  1969.0   1.2063598615034068 
  1970.0   1.2100206417725015 
  1971.0   1.2174088032479229 
  1972.0   1.2710443436084133 
  1973.0   1.2800932404815837 
  1974.0   1.2640124455814696 
  1975.0   1.2703614608081366 
  1976.0   1.2978963971627118 
  1977.0   1.2449321825354511 
  1978.0   1.2770098011180455 
  1979.0   1.335931644730466 
  1980.0   1.2875853780957773 
  1981.0   1.3078073576269043 
  1982.0   1.3125579994922247 
  1983.0   1.3272272655643977 
  1984.0   1.300317860304729 
  1985.0   1.302212670456087 
  1986.0   1.332222917617114 
  1987.0   1.3314846008707697 
  1988.0   1.3292675577802215 
  1989.0   1.3119496917934037 
  1990.0   1.371507212665419 
  1991.0   1.4271595731363038 
  1992.0   1.3346135449240002 
  1993.0   1.342391078651157 
  1994.0   1.3540754928654515 
  1995.0   1.3564170141816227 
  1996.0   1.3735350432613407 
  1997.0   1.4455588445598853 
  1998.0   1.3755938395629561 
  1999.0   1.3813205586060067 
  2000.0   1.4196464146428147 
  2001.0   1.3938117183567837 
  2002.0   1.4317913651432779 
  2003.0   1.4500474481995032 
  2004.0   1.401654085925729 
  2005.0   1.4167050396425578 
  2006.0   1.4313753675815704 
  2007.0   1.4825093262233136 
  2008.0   1.446992863757699 
  2009.0   1.4607869793287538 
  2010.0   1.4772445225584832 
  2011.0   1.3842005896508764 
  2012.0   1.4377663318387248 
  2013.0   1.4847826268006712 
  2014.0   1.5208012263405646 
