  1850.0   2.4782298697238316e-10 
  1851.0   1.6938325667505065e-10 
  1852.0   1.758396883488161e-10 
  1853.0   1.3474393615292224e-10 
  1854.0   1.473356905820164e-10 
  1855.0   1.6992405381528433e-10 
  1856.0   1.2710729337457602e-10 
  1857.0   2.03072095259697e-10 
  1858.0   1.6984757068010446e-10 
  1859.0   9.672783852418861e-11 
  1860.0   1.8145262893537943e-10 
  1861.0   1.410411495897825e-10 
  1862.0   1.4969144779606894e-10 
  1863.0   2.594557383659159e-10 
  1864.0   1.7046179176329206e-10 
  1865.0   2.3737686767050857e-10 
  1866.0   1.7335706121774983e-10 
  1867.0   1.6677266698698719e-10 
  1868.0   1.2254849901471182e-10 
  1869.0   2.874037080718959e-10 
  1870.0   1.8133992769019173e-10 
  1871.0   1.4498631823236187e-10 
  1872.0   3.0904104454006106e-10 
  1873.0   2.561153811918285e-10 
  1874.0   1.0539996682390346e-10 
  1875.0   3.2650036413292367e-10 
  1876.0   2.75395621588849e-10 
  1877.0   1.7610528526328643e-10 
  1878.0   1.351186663771762e-10 
  1879.0   2.1846538845135317e-10 
  1880.0   1.4019525914461133e-10 
  1881.0   1.6160701070532534e-10 
  1882.0   1.21980144587266e-10 
  1883.0   1.6615123639685345e-10 
  1884.0   2.5195435170439473e-10 
  1885.0   1.2637721080221908e-10 
  1886.0   1.1822381237060895e-10 
  1887.0   1.5290435102308852e-10 
  1888.0   1.767345252106716e-10 
  1889.0   1.4416632319213147e-10 
  1890.0   1.7431147006315333e-10 
  1891.0   2.1323062819068537e-10 
  1892.0   1.9894940259128576e-10 
  1893.0   2.459945913405115e-10 
  1894.0   2.0799333170516965e-10 
  1895.0   1.6601749304871978e-10 
  1896.0   1.0132155192091844e-10 
  1897.0   1.3348872180993697e-10 
  1898.0   2.278291485946979e-10 
  1899.0   2.0826097915486834e-10 
  1900.0   2.082376715302477e-10 
  1901.0   2.468239652166608e-10 
  1902.0   2.312280684808996e-10 
  1903.0   1.9563499189239395e-10 
  1904.0   1.9346506322867998e-10 
  1905.0   1.0545450143817889e-10 
  1906.0   1.8522714987381123e-10 
  1907.0   1.6729338401668854e-10 
  1908.0   2.0361181440346265e-10 
  1909.0   1.5963258698951354e-10 
  1910.0   2.2258371749832267e-10 
  1911.0   1.2439960504598455e-10 
  1912.0   1.264893154705537e-10 
  1913.0   1.9588828764999326e-10 
  1914.0   1.2125616851673755e-10 
  1915.0   2.4523067754481283e-10 
  1916.0   1.5660222111344996e-10 
  1917.0   1.3412651497100935e-10 
  1918.0   1.6485550770026883e-10 
  1919.0   2.0298989871092885e-10 
  1920.0   1.204038461959425e-10 
  1921.0   1.3279029677045066e-10 
  1922.0   2.2366634343762433e-10 
  1923.0   2.1280520335848182e-10 
  1924.0   1.4525896888051722e-10 
  1925.0   1.2753098889352892e-10 
  1926.0   1.802849877372432e-10 
  1927.0   2.670030807610749e-10 
  1928.0   1.455598330754327e-10 
  1929.0   1.2430772510450937e-10 
  1930.0   1.532161513985489e-10 
  1931.0   1.7021533480601062e-10 
  1932.0   2.2299135677852883e-10 
  1933.0   1.904545787598766e-10 
  1934.0   1.6529362504694622e-10 
  1935.0   8.925138439023871e-11 
  1936.0   1.9218444009516863e-10 
  1937.0   2.7355590235690223e-10 
  1938.0   1.3011203743592055e-10 
  1939.0   2.404030117694099e-10 
  1940.0   1.4807636523934157e-10 
  1941.0   1.9117937740260457e-10 
  1942.0   2.596226271435014e-10 
  1943.0   1.5934175966677517e-10 
  1944.0   1.5711913364127423e-10 
  1945.0   1.2551957837775227e-10 
  1946.0   1.8859338459431842e-10 
  1947.0   2.565951847539259e-10 
  1948.0   2.6662098246201927e-10 
  1949.0   1.4601706530453937e-10 
  1950.0   2.396128208683624e-10 
  1951.0   1.5592185046506192e-10 
  1952.0   1.835065396789345e-10 
  1953.0   9.850631921916948e-11 
  1954.0   1.463540699901516e-10 
  1955.0   1.3122081294704528e-10 
  1956.0   1.3251923502735846e-10 
  1957.0   1.418413343185537e-10 
  1958.0   9.870657985087587e-11 
  1959.0   1.3475503787340003e-10 
  1960.0   2.6283952984824453e-10 
  1961.0   1.6451583414481056e-10 
  1962.0   1.325489838083039e-10 
  1963.0   1.2808697553445198e-10 
  1964.0   1.8850120801328353e-10 
  1965.0   1.876487041944892e-10 
  1966.0   1.5125905578450035e-10 
  1967.0   1.9778199398808662e-10 
  1968.0   1.7839205191013395e-10 
  1969.0   1.534781813133264e-10 
  1970.0   1.2196447360339127e-10 
  1971.0   1.600778131081746e-10 
  1972.0   2.1437185519417126e-10 
  1973.0   1.3018811630350297e-10 
  1974.0   1.4862223149045844e-10 
  1975.0   2.1884888669161146e-10 
  1976.0   1.2545752042324928e-10 
  1977.0   8.26709272873063e-11 
  1978.0   9.486303225931886e-11 
  1979.0   2.3081879316647584e-10 
  1980.0   2.0273019044707988e-10 
  1981.0   1.4245212853742806e-10 
  1982.0   1.7230621965911177e-10 
  1983.0   2.0201086737351857e-10 
  1984.0   1.202082896824762e-10 
  1985.0   8.812844367736559e-11 
  1986.0   1.1896440632973688e-10 
  1987.0   1.5326680128064464e-10 
  1988.0   1.2472289277259078e-10 
  1989.0   1.0152699438855724e-10 
  1990.0   1.3265351388264623e-10 
  1991.0   1.2307464528438313e-10 
  1992.0   1.251745954172794e-10 
  1993.0   1.4092266746924024e-10 
  1994.0   2.0420623968306087e-10 
  1995.0   9.946679149910983e-11 
  1996.0   2.051812717600331e-10 
  1997.0   1.726097019890721e-10 
  1998.0   1.5630033730454766e-10 
  1999.0   1.6380527229819705e-10 
  2000.0   9.661892076553041e-11 
  2001.0   1.4322383566324962e-10 
  2002.0   1.6264979373217784e-10 
  2003.0   1.466748109205262e-10 
  2004.0   1.2668288233668127e-10 
  2005.0   1.0707709721143949e-10 
  2006.0   8.667473646109017e-11 
  2007.0   1.4739580141781893e-10 
  2008.0   1.769591345906361e-10 
  2009.0   1.0929795916295994e-10 
  2010.0   2.345815438299682e-10 
  2011.0   1.5446370427905653e-10 
  2012.0   1.8972788189940967e-10 
  2013.0   1.0519248073272775e-10 
  2014.0   1.3398263061294189e-10 
