  1850.0   3.0592420953873645 
  1851.0   3.1021597061235084 
  1852.0   3.0977586151905006 
  1853.0   2.9803652135735548 
  1854.0   3.0392136080957886 
  1855.0   3.0320421763308887 
  1856.0   3.0933748889476727 
  1857.0   3.025910762872946 
  1858.0   3.0630432633129887 
  1859.0   3.038407127662769 
  1860.0   3.0574739126568367 
  1861.0   3.075964770006648 
  1862.0   3.0201690921767805 
  1863.0   2.990210245969924 
  1864.0   3.044786630068553 
  1865.0   3.0461547340734048 
  1866.0   3.089935990855834 
  1867.0   3.09538603397045 
  1868.0   3.0785766583212566 
  1869.0   3.2108618136295246 
  1870.0   3.1435309369269464 
  1871.0   3.0729858757372073 
  1872.0   3.1379761670717445 
  1873.0   3.157766680577007 
  1874.0   3.107402305806972 
  1875.0   3.035606038086506 
  1876.0   3.1532682916023536 
  1877.0   3.151182397513116 
  1878.0   3.036958590070881 
  1879.0   3.1107343828015104 
  1880.0   3.117391605824045 
  1881.0   3.1367776084720833 
  1882.0   3.0969958668824007 
  1883.0   3.1072880507537475 
  1884.0   2.92817527689934 
  1885.0   3.026806839097977 
  1886.0   3.0605516465410916 
  1887.0   3.035218673966279 
  1888.0   3.0882788079505055 
  1889.0   3.106522957939381 
  1890.0   3.0719024798740686 
  1891.0   3.0234454754347206 
  1892.0   3.046680657008307 
  1893.0   3.1181352247014815 
  1894.0   3.1646856229501195 
  1895.0   3.168285970547038 
  1896.0   3.094599370222084 
  1897.0   3.1341522219818843 
  1898.0   3.1254636988315614 
  1899.0   3.1679972733584596 
  1900.0   3.007689264474176 
  1901.0   3.0877003738016544 
  1902.0   3.0753247609870256 
  1903.0   3.0107512091065995 
  1904.0   2.96589832115914 
  1905.0   2.9701741934704424 
  1906.0   3.1006321229755924 
  1907.0   3.0624236046960682 
  1908.0   3.1093386523981517 
  1909.0   3.057875110856954 
  1910.0   3.036403178560163 
  1911.0   3.0394663285643317 
  1912.0   2.993911232087699 
  1913.0   3.026196731394861 
  1914.0   3.0824652912923756 
  1915.0   3.064989928638665 
  1916.0   3.109200000266412 
  1917.0   3.18197294254131 
  1918.0   3.1495098345952073 
  1919.0   3.21182044828108 
  1920.0   3.1048559972577476 
  1921.0   3.1744721541468803 
  1922.0   3.099789900491187 
  1923.0   3.1205038237444254 
  1924.0   3.1920496370320923 
  1925.0   3.153185796352395 
  1926.0   3.1337105872986446 
  1927.0   3.1371249022424164 
  1928.0   3.1176178877422096 
  1929.0   3.0673659701667266 
  1930.0   3.10218683708387 
  1931.0   3.131962479086644 
  1932.0   3.055922397496141 
  1933.0   3.0963932359698925 
  1934.0   3.1364019728565213 
  1935.0   3.093629008949764 
  1936.0   3.116816400928496 
  1937.0   3.1286571678780666 
  1938.0   3.0985304110516854 
  1939.0   3.1041022803417864 
  1940.0   3.0185740787247086 
  1941.0   3.0738061949158193 
  1942.0   3.108554652054197 
  1943.0   3.0790794470975453 
  1944.0   3.06454619730719 
  1945.0   3.0939475606050215 
  1946.0   3.1684138424347514 
  1947.0   3.1253825785837352 
  1948.0   3.214164478229779 
  1949.0   3.132335521698219 
  1950.0   3.0764617518974404 
  1951.0   3.0780376556874818 
  1952.0   3.1120556992221746 
  1953.0   3.0714744506334997 
  1954.0   3.139640665781851 
  1955.0   3.1760935150786316 
  1956.0   3.224171652922671 
  1957.0   3.1407718737772865 
  1958.0   3.166027150402057 
  1959.0   3.0597330867618857 
  1960.0   3.075864207632086 
  1961.0   3.0235710804555103 
  1962.0   3.0189362121337586 
  1963.0   3.074384066580748 
  1964.0   3.0503205798940205 
  1965.0   3.023369254103803 
  1966.0   3.0383417707855584 
  1967.0   3.0717078130282096 
  1968.0   3.0408276326733796 
  1969.0   3.0895271287903032 
  1970.0   3.0549471813117286 
  1971.0   3.0978065734060927 
  1972.0   3.0619390536020044 
  1973.0   3.0885899478019807 
  1974.0   3.0800721626286514 
  1975.0   3.0604157451837586 
  1976.0   3.0074767960267526 
  1977.0   3.0477798072192814 
  1978.0   3.09767797579298 
  1979.0   3.008111777771981 
  1980.0   3.0507226286805147 
  1981.0   3.0132551869006163 
  1982.0   3.0678910926738303 
  1983.0   3.0580605145790085 
  1984.0   3.0090150241089586 
  1985.0   3.0082389335754622 
  1986.0   2.910296480282294 
  1987.0   2.8734192523714546 
  1988.0   2.9939529278916877 
  1989.0   2.9839570017549564 
  1990.0   2.9241651617790576 
  1991.0   2.8172715640797406 
  1992.0   2.7721488423557235 
  1993.0   2.7683948258264994 
  1994.0   2.7586674999705623 
  1995.0   2.7576019789706794 
  1996.0   2.7171369058824846 
  1997.0   2.816750355490625 
  1998.0   2.812589189917743 
  1999.0   2.8150144338470313 
  2000.0   2.7639313540976116 
  2001.0   2.85586765348326 
  2002.0   2.8511635335051055 
  2003.0   2.8251398566032013 
  2004.0   2.788590299082705 
  2005.0   2.78100292672883 
  2006.0   2.814822811896858 
  2007.0   2.8584866559668454 
  2008.0   2.917384570898391 
  2009.0   2.7856947708227406 
  2010.0   2.7939219214172537 
  2011.0   2.992853942160509 
  2012.0   2.892566091892025 
  2013.0   2.8650595421808958 
  2014.0   2.879112041986332 
