  1850.0   1.0690792096023143 
  1851.0   1.0824555469169101 
  1852.0   1.0630774982779796 
  1853.0   1.0405828468709495 
  1854.0   1.0541123202572238 
  1855.0   1.0457970078176237 
  1856.0   1.0665877501433896 
  1857.0   1.064980965191749 
  1858.0   1.0546270280009828 
  1859.0   1.0584581739535175 
  1860.0   1.0433268969785978 
  1861.0   1.006038964751858 
  1862.0   1.0124832493143026 
  1863.0   1.0425622493020832 
  1864.0   1.071189333109565 
  1865.0   1.0710157331684793 
  1866.0   1.077452594482532 
  1867.0   1.0805188356432394 
  1868.0   1.0809635562126032 
  1869.0   1.0896766304854397 
  1870.0   1.096664010977395 
  1871.0   1.0785017967299595 
  1872.0   1.0745002388834122 
  1873.0   1.0767745888117526 
  1874.0   1.0856432169186123 
  1875.0   1.083116277133404 
  1876.0   1.084053764294766 
  1877.0   1.0906588792390948 
  1878.0   1.10331668719135 
  1879.0   1.0980426162833805 
  1880.0   1.072531018743756 
  1881.0   1.0909125704742342 
  1882.0   1.1115703792584355 
  1883.0   1.09667027627505 
  1884.0   1.1051547969606557 
  1885.0   1.1297713231302702 
  1886.0   1.1272108253029007 
  1887.0   1.094412149520464 
  1888.0   1.092920369890968 
  1889.0   1.1049368492956928 
  1890.0   1.0980003344381175 
  1891.0   1.1102671305413172 
  1892.0   1.115434151061532 
  1893.0   1.1058422211366257 
  1894.0   1.115769467080857 
  1895.0   1.117609557967857 
  1896.0   1.1218739744801867 
  1897.0   1.1324426855064977 
  1898.0   1.1168798684244745 
  1899.0   1.093313227442398 
  1900.0   1.0955017031018586 
  1901.0   1.0974281768632583 
  1902.0   1.1112170568954538 
  1903.0   1.1082983284592411 
  1904.0   1.115236840732397 
  1905.0   1.101593657607541 
  1906.0   1.1285937575792226 
  1907.0   1.1350895368793403 
  1908.0   1.1174036061654125 
  1909.0   1.125917066293594 
  1910.0   1.1306845833857828 
  1911.0   1.1209857263871015 
  1912.0   1.1199078352260814 
  1913.0   1.1186702235665642 
  1914.0   1.1121959560067707 
  1915.0   1.1230457434355485 
  1916.0   1.111819289168634 
  1917.0   1.1096592905734122 
  1918.0   1.1145035936616325 
  1919.0   1.1251088525124102 
  1920.0   1.102092905620836 
  1921.0   1.0853964230657007 
  1922.0   1.0802328204958027 
  1923.0   1.0978435974615222 
  1924.0   1.1095988344580352 
  1925.0   1.113710445045403 
  1926.0   1.124530266128395 
  1927.0   1.1288666531976073 
  1928.0   1.1423198356470554 
  1929.0   1.1266443042613663 
  1930.0   1.1350408374824361 
  1931.0   1.1251187580287692 
  1932.0   1.1122445934745626 
  1933.0   1.113967375481338 
  1934.0   1.1194250293689585 
  1935.0   1.1417106529792898 
  1936.0   1.1681423240438529 
  1937.0   1.1457714335625717 
  1938.0   1.1379761725107245 
  1939.0   1.1413235828014814 
  1940.0   1.1568900152748725 
  1941.0   1.1509861911535961 
  1942.0   1.122075105109249 
  1943.0   1.1090603488690753 
  1944.0   1.1331812036654823 
  1945.0   1.156648931883158 
  1946.0   1.1507673517034278 
  1947.0   1.1436040796589013 
  1948.0   1.1272654852239683 
  1949.0   1.1240313074860133 
  1950.0   1.1451204247178328 
  1951.0   1.1672390075452048 
  1952.0   1.1662289475453564 
  1953.0   1.1531545050169785 
  1954.0   1.1372846565146522 
  1955.0   1.120998585255874 
  1956.0   1.121252279007691 
  1957.0   1.116078457420964 
  1958.0   1.135797308723459 
  1959.0   1.1524585139802908 
  1960.0   1.1414613860131366 
  1961.0   1.1195802628355433 
  1962.0   1.1109800148619196 
  1963.0   1.109729655442251 
  1964.0   1.1168900794254943 
  1965.0   1.1168114605365753 
  1966.0   1.1166027033073185 
  1967.0   1.1465156591186823 
  1968.0   1.1716025425159249 
  1969.0   1.1615270871606775 
  1970.0   1.1709019561971323 
  1971.0   1.1479158486032022 
  1972.0   1.1339484793686458 
  1973.0   1.1400519849419875 
  1974.0   1.1376425789824118 
  1975.0   1.1560837236429908 
  1976.0   1.1573803084398184 
  1977.0   1.146111644875235 
  1978.0   1.1287250805541162 
  1979.0   1.131075411428774 
  1980.0   1.1110569385533842 
  1981.0   1.1339450923648462 
  1982.0   1.135939791938395 
  1983.0   1.1112708171056933 
  1984.0   1.103145480119846 
  1985.0   1.157650866814526 
  1986.0   1.1859048820653324 
  1987.0   1.164317591222267 
  1988.0   1.1646830525664806 
  1989.0   1.142359008234772 
  1990.0   1.1683528027300882 
  1991.0   1.2007869924789936 
  1992.0   1.2209192786164704 
  1993.0   1.1977710495758307 
  1994.0   1.1961451607893867 
  1995.0   1.202976601560365 
  1996.0   1.1901722314804903 
  1997.0   1.189992517671543 
  1998.0   1.1462848286705816 
  1999.0   1.156770611533826 
  2000.0   1.1914306565995416 
  2001.0   1.2014385039767597 
  2002.0   1.1901850371559035 
  2003.0   1.1734864998540524 
  2004.0   1.1385946882168483 
  2005.0   1.144493804129794 
  2006.0   1.194936435520337 
  2007.0   1.179055677716125 
  2008.0   1.185240118839092 
  2009.0   1.204221290812677 
  2010.0   1.1916387823173256 
  2011.0   1.1510349200792116 
  2012.0   1.1552581879620631 
  2013.0   1.180844337460635 
  2014.0   1.1934153745373377 
