  1850.0   66.13536233724942 
  1851.0   66.21239830444239 
  1852.0   66.13936617177632 
  1853.0   66.1851488316804 
  1854.0   66.20623544116684 
  1855.0   66.18702023288878 
  1856.0   66.19879951963746 
  1857.0   66.17106365985802 
  1858.0   66.23448783625231 
  1859.0   66.21045434396038 
  1860.0   66.20013496364629 
  1861.0   66.19100011919838 
  1862.0   66.17505862694819 
  1863.0   66.20666911153216 
  1864.0   66.26449421673698 
  1865.0   66.20835555232378 
  1866.0   66.20222679100915 
  1867.0   66.21183185141432 
  1868.0   66.21492559731995 
  1869.0   66.23338953954395 
  1870.0   66.31048479756703 
  1871.0   66.22481086257207 
  1872.0   66.22340269731859 
  1873.0   66.36587350145773 
  1874.0   66.29680377192804 
  1875.0   66.26006620480257 
  1876.0   66.352987003753 
  1877.0   66.31240722510108 
  1878.0   66.31427452029263 
  1879.0   66.3030235758714 
  1880.0   66.31165084840919 
  1881.0   66.31142370414042 
  1882.0   66.35598252225708 
  1883.0   66.28810713257387 
  1884.0   66.30303105808241 
  1885.0   66.36016968608223 
  1886.0   66.31356339004769 
  1887.0   66.33332309861264 
  1888.0   66.37549844160716 
  1889.0   66.3407395084492 
  1890.0   66.3204548956175 
  1891.0   66.36879730144929 
  1892.0   66.36692726463686 
  1893.0   66.35828690508961 
  1894.0   66.39178867179153 
  1895.0   66.39126526043455 
  1896.0   66.27485735754992 
  1897.0   66.2805242293421 
  1898.0   66.35171506735368 
  1899.0   66.41682833859709 
  1900.0   66.4074832218085 
  1901.0   66.41766837695012 
  1902.0   66.41595898106779 
  1903.0   66.4270294589182 
  1904.0   66.43031985602377 
  1905.0   66.4543042288531 
  1906.0   66.4501456022 
  1907.0   66.51218343637909 
  1908.0   66.52034377577534 
  1909.0   66.53883680897188 
  1910.0   66.53184513358384 
  1911.0   66.52568588288136 
  1912.0   66.47866263656127 
  1913.0   66.54003316435184 
  1914.0   66.57012924844251 
  1915.0   66.57376033493091 
  1916.0   66.5855400570093 
  1917.0   66.53067220758767 
  1918.0   66.56303620538515 
  1919.0   66.59459227353146 
  1920.0   66.62310810262308 
  1921.0   66.53794498448194 
  1922.0   66.53120959049328 
  1923.0   66.59117612902223 
  1924.0   66.59073742785999 
  1925.0   66.56498765952654 
  1926.0   66.56408735556033 
  1927.0   66.58337006327844 
  1928.0   66.66143054881816 
  1929.0   66.6089669807621 
  1930.0   66.61885905292597 
  1931.0   66.62780642888929 
  1932.0   66.60256959298658 
  1933.0   66.67988226346046 
  1934.0   66.71396182599325 
  1935.0   66.6568163448747 
  1936.0   66.57512713753658 
  1937.0   66.58785699264077 
  1938.0   66.64013495057446 
  1939.0   66.58160686033047 
  1940.0   66.66146874986167 
  1941.0   66.64977748383542 
  1942.0   66.64456309989777 
  1943.0   66.72884032129056 
  1944.0   66.68774412761168 
  1945.0   66.61722066308582 
  1946.0   66.62593890472098 
  1947.0   66.69233236689986 
  1948.0   66.75605891537738 
  1949.0   66.7473508325248 
  1950.0   66.67887000734201 
  1951.0   66.72404582222813 
  1952.0   66.69334505893674 
  1953.0   66.71987762019876 
  1954.0   66.66232916174131 
  1955.0   66.68415685145192 
  1956.0   66.74648894011828 
  1957.0   66.79319039434658 
  1958.0   66.79201161977882 
  1959.0   66.77364589888884 
  1960.0   66.80808283266732 
  1961.0   66.8930279107381 
  1962.0   66.77628906196851 
  1963.0   66.75838738044037 
  1964.0   66.82170748970478 
  1965.0   66.92282475538033 
  1966.0   66.93070116245539 
  1967.0   66.8784075037496 
  1968.0   66.87502329824031 
  1969.0   66.91694270199663 
  1970.0   66.94230108023845 
  1971.0   66.90170447771605 
  1972.0   66.94163078547228 
  1973.0   66.98358392620437 
  1974.0   66.95975993720918 
  1975.0   66.99149400008768 
  1976.0   67.05309219487621 
  1977.0   66.98896322092196 
  1978.0   66.97100937136506 
  1979.0   67.03422481365052 
  1980.0   67.12748140762 
  1981.0   67.10857454050529 
  1982.0   67.11807689304398 
  1983.0   67.20664961403278 
  1984.0   67.32104688812738 
  1985.0   67.24662253029503 
  1986.0   67.22811778909676 
  1987.0   67.28122133439287 
  1988.0   67.3249109419982 
  1989.0   67.35047785360754 
  1990.0   67.37735368662386 
  1991.0   67.37066253956253 
  1992.0   67.41196670642738 
  1993.0   67.51664447562767 
  1994.0   67.57959231047545 
  1995.0   67.57691628448927 
  1996.0   67.57577980862725 
  1997.0   67.67467368878424 
  1998.0   67.64870024754545 
  1999.0   67.67555900032106 
  2000.0   67.71820967867549 
  2001.0   67.73358901534665 
  2002.0   67.8002212734764 
  2003.0   67.8723690115157 
  2004.0   67.9151473568757 
  2005.0   67.84233207929012 
  2006.0   67.8652836358026 
  2007.0   67.92923266899255 
  2008.0   67.98805728838217 
  2009.0   67.98627660764814 
  2010.0   68.00783083214775 
  2011.0   68.0779890202632 
  2012.0   68.11555850693513 
  2013.0   68.15568644182093 
  2014.0   68.1538133268601 
