  1850.0   3.4785044496369914e-10 
  1851.0   3.4773040361117176e-10 
  1852.0   3.53460944258198e-10 
  1853.0   3.493099069901374e-10 
  1854.0   3.446980534263549e-10 
  1855.0   3.4240858285764043e-10 
  1856.0   3.297122070053546e-10 
  1857.0   3.3901588080454785e-10 
  1858.0   3.5362017638685145e-10 
  1859.0   3.5206921406491344e-10 
  1860.0   3.5273746752379845e-10 
  1861.0   3.373170750111105e-10 
  1862.0   3.435776995363317e-10 
  1863.0   3.370276156197553e-10 
  1864.0   3.6133929939158477e-10 
  1865.0   3.529594596771744e-10 
  1866.0   3.4834703881567955e-10 
  1867.0   3.4977881901923586e-10 
  1868.0   3.5983566740739564e-10 
  1869.0   3.452808736244702e-10 
  1870.0   3.2561373266017547e-10 
  1871.0   3.354916954630314e-10 
  1872.0   3.4592798772466985e-10 
  1873.0   3.549219543144433e-10 
  1874.0   3.507217793006463e-10 
  1875.0   3.355990368180817e-10 
  1876.0   3.537990607086853e-10 
  1877.0   3.35384435043431e-10 
  1878.0   3.3218298294090964e-10 
  1879.0   3.3387311275983063e-10 
  1880.0   3.251546502027778e-10 
  1881.0   3.4801963694941643e-10 
  1882.0   3.315527217832616e-10 
  1883.0   3.423708275712741e-10 
  1884.0   3.344319220577613e-10 
  1885.0   3.329119018437425e-10 
  1886.0   3.4910914330377337e-10 
  1887.0   3.4479447250121055e-10 
  1888.0   3.775938125608001e-10 
  1889.0   3.602503360085136e-10 
  1890.0   3.488484913825967e-10 
  1891.0   3.7911240593495243e-10 
  1892.0   3.726099834556312e-10 
  1893.0   3.6409399830510255e-10 
  1894.0   3.857812490973036e-10 
  1895.0   3.765134459075288e-10 
  1896.0   3.738238931431976e-10 
  1897.0   3.8954045411199307e-10 
  1898.0   4.050782322517368e-10 
  1899.0   3.8693274790610723e-10 
  1900.0   3.94063813846333e-10 
  1901.0   3.9375750801409286e-10 
  1902.0   4.205916683597181e-10 
  1903.0   4.421560112081172e-10 
  1904.0   4.264973947503362e-10 
  1905.0   4.160670012347261e-10 
  1906.0   4.043734150272989e-10 
  1907.0   4.2233523872471694e-10 
  1908.0   4.2663172856487525e-10 
  1909.0   4.1801560841940597e-10 
  1910.0   4.0717304239121004e-10 
  1911.0   4.2707906571840803e-10 
  1912.0   4.1808863761950907e-10 
  1913.0   4.303555903051913e-10 
  1914.0   4.0633100295219834e-10 
  1915.0   4.398820597734286e-10 
  1916.0   4.3687615981968156e-10 
  1917.0   4.433581551027968e-10 
  1918.0   4.662442489665093e-10 
  1919.0   4.59522393126531e-10 
  1920.0   4.720431583125573e-10 
  1921.0   4.746563597320697e-10 
  1922.0   5.002170205987699e-10 
  1923.0   4.5522915039132336e-10 
  1924.0   4.854832096138631e-10 
  1925.0   4.572852360542422e-10 
  1926.0   4.818081402347358e-10 
  1927.0   4.748926056446696e-10 
  1928.0   5.065790019002804e-10 
  1929.0   5.093725055666619e-10 
  1930.0   5.019506846593255e-10 
  1931.0   4.779459493247388e-10 
  1932.0   4.634760377238164e-10 
  1933.0   4.887920790813659e-10 
  1934.0   4.731307712247341e-10 
  1935.0   4.747831445064521e-10 
  1936.0   5.118167357083401e-10 
  1937.0   4.910756283487481e-10 
  1938.0   5.217629884558519e-10 
  1939.0   4.81039209576223e-10 
  1940.0   4.918500443564415e-10 
  1941.0   5.163589434754326e-10 
  1942.0   5.124102299134946e-10 
  1943.0   5.100010020741337e-10 
  1944.0   5.262990404954313e-10 
  1945.0   5.234362200959522e-10 
  1946.0   5.255881739877559e-10 
  1947.0   5.250883986595734e-10 
  1948.0   5.145006789673903e-10 
  1949.0   4.958578084893838e-10 
  1950.0   5.113063560315026e-10 
  1951.0   5.197896291692681e-10 
  1952.0   5.497450664973109e-10 
  1953.0   5.251201580015865e-10 
  1954.0   5.392581601581364e-10 
  1955.0   5.44428838819384e-10 
  1956.0   5.767815680889517e-10 
  1957.0   5.649616929808231e-10 
  1958.0   5.83855206782118e-10 
  1959.0   6.088466358632374e-10 
  1960.0   6.196265281833493e-10 
  1961.0   6.19227276101841e-10 
  1962.0   6.5211330985653e-10 
  1963.0   6.349585846724016e-10 
  1964.0   6.480500941233105e-10 
  1965.0   6.612456773974838e-10 
  1966.0   6.758566609377695e-10 
  1967.0   6.956381380884357e-10 
  1968.0   7.053120744069806e-10 
  1969.0   7.206149330868392e-10 
  1970.0   7.268153371291792e-10 
  1971.0   7.497273794255167e-10 
  1972.0   8.466237897706151e-10 
  1973.0   8.529437243478055e-10 
  1974.0   8.624763449754723e-10 
  1975.0   8.851679442873386e-10 
  1976.0   9.193079671492153e-10 
  1977.0   9.021543169229609e-10 
  1978.0   9.313916587687164e-10 
  1979.0   1.0590867554989827e-09 
  1980.0   1.0407698197867691e-09 
  1981.0   1.0976096101257042e-09 
  1982.0   1.1403191816053395e-09 
  1983.0   1.2104541810936933e-09 
  1984.0   1.2590803435794345e-09 
  1985.0   1.2840668164662383e-09 
  1986.0   1.3383028466116981e-09 
  1987.0   1.363558443822094e-09 
  1988.0   1.490231762240653e-09 
  1989.0   1.4743354977974438e-09 
  1990.0   1.54327309282979e-09 
  1991.0   1.623168796488068e-09 
  1992.0   1.5485342890433848e-09 
  1993.0   1.52251296042588e-09 
  1994.0   1.619882453096146e-09 
  1995.0   1.608058320100979e-09 
  1996.0   1.6489632531067507e-09 
  1997.0   1.7271695053469995e-09 
  1998.0   1.5780432059259919e-09 
  1999.0   1.7164910246511685e-09 
  2000.0   1.7134172028174994e-09 
  2001.0   1.7235444947783697e-09 
  2002.0   1.7742347331363905e-09 
  2003.0   1.7971741271912705e-09 
  2004.0   1.8012723607370765e-09 
  2005.0   1.8707047566976413e-09 
  2006.0   1.7835428850486446e-09 
  2007.0   1.8415292379273175e-09 
  2008.0   1.7925241105037162e-09 
  2009.0   1.8372234970296973e-09 
  2010.0   1.8280540675222225e-09 
  2011.0   1.8104816092951595e-09 
  2012.0   1.806586524545474e-09 
  2013.0   1.879874835244513e-09 
  2014.0   1.9156197524072056e-09 
