  1850.0   280.4747143354567 
  1851.0   279.94698853222627 
  1852.0   280.41702570551496 
  1853.0   280.03291710256946 
  1854.0   279.76671083992494 
  1855.0   279.92205514904595 
  1856.0   280.0757253697318 
  1857.0   279.7295753624902 
  1858.0   280.273225176256 
  1859.0   280.57930461480055 
  1860.0   280.2005210073974 
  1861.0   280.33589785611844 
  1862.0   279.8388509829641 
  1863.0   279.86803745202434 
  1864.0   279.62336288907136 
  1865.0   280.02880960460703 
  1866.0   280.126789989709 
  1867.0   279.89611944312844 
  1868.0   279.96622910231605 
  1869.0   279.97947630809944 
  1870.0   279.37955420696414 
  1871.0   279.9555574921493 
  1872.0   280.59922186388684 
  1873.0   280.2313632776858 
  1874.0   280.4213714478556 
  1875.0   280.06071371760606 
  1876.0   280.7873053432748 
  1877.0   280.41412128752967 
  1878.0   280.3117522122942 
  1879.0   280.2625315063797 
  1880.0   280.4872777167965 
  1881.0   279.83710435401736 
  1882.0   280.29541878905644 
  1883.0   280.12149942176273 
  1884.0   280.02966200612036 
  1885.0   279.3073601792673 
  1886.0   279.9929434427404 
  1887.0   279.39404792128107 
  1888.0   280.0429658981212 
  1889.0   280.03670781102744 
  1890.0   279.9062495743601 
  1891.0   280.0576854368255 
  1892.0   280.1258418185225 
  1893.0   280.3594214284213 
  1894.0   280.1941935792908 
  1895.0   280.1531584126485 
  1896.0   280.0098238902624 
  1897.0   280.8002370041243 
  1898.0   280.14655809573236 
  1899.0   279.7154167953681 
  1900.0   280.45533213097474 
  1901.0   279.4595376936049 
  1902.0   280.0680151209801 
  1903.0   279.7021584458837 
  1904.0   279.00994462414883 
  1905.0   279.7571184156024 
  1906.0   280.2857379959288 
  1907.0   279.85017921648995 
  1908.0   279.9199635307056 
  1909.0   279.6354548945532 
  1910.0   279.7714929458172 
  1911.0   279.8016196186759 
  1912.0   279.2944281769122 
  1913.0   279.6755535168279 
  1914.0   279.74307274480606 
  1915.0   280.15368898335043 
  1916.0   279.753918262888 
  1917.0   280.5538678374838 
  1918.0   280.0720279430981 
  1919.0   280.2862420874171 
  1920.0   279.91602839008885 
  1921.0   280.023215688658 
  1922.0   280.3524934377175 
  1923.0   280.3340139708397 
  1924.0   280.60825053773584 
  1925.0   281.1081379366871 
  1926.0   280.3594441191726 
  1927.0   280.035717636882 
  1928.0   280.1842696084246 
  1929.0   280.27597629562473 
  1930.0   279.8784225320719 
  1931.0   280.20488422594525 
  1932.0   279.6475533210174 
  1933.0   280.42065376752544 
  1934.0   280.5440753299056 
  1935.0   280.78806641804755 
  1936.0   280.4730750032661 
  1937.0   280.69902093608994 
  1938.0   280.4898838355792 
  1939.0   279.5996085348723 
  1940.0   279.94221050030416 
  1941.0   280.37421903891664 
  1942.0   280.2499759579201 
  1943.0   280.4180235283837 
  1944.0   280.39965147295464 
  1945.0   279.95620680331837 
  1946.0   280.73730108550245 
  1947.0   279.78458250436256 
  1948.0   279.54328089514894 
  1949.0   280.0661027630043 
  1950.0   280.1311183693354 
  1951.0   280.04045401878125 
  1952.0   280.3094811469469 
  1953.0   280.4485394996415 
  1954.0   280.32177083683007 
  1955.0   280.0397502838939 
  1956.0   278.7324675940318 
  1957.0   280.06891778686327 
  1958.0   280.20214402989154 
  1959.0   279.5672464872109 
  1960.0   280.083045462758 
  1961.0   280.1135693472604 
  1962.0   279.9724934480716 
  1963.0   279.89546403297436 
  1964.0   279.41754669579643 
  1965.0   279.8092405990682 
  1966.0   279.8386589920489 
  1967.0   279.7843612537678 
  1968.0   279.75582989255867 
  1969.0   280.2890231978632 
  1970.0   280.0114730417317 
  1971.0   279.6383169908529 
  1972.0   280.0366476889653 
  1973.0   280.24871185328857 
  1974.0   279.97343584568654 
  1975.0   280.25584323756027 
  1976.0   279.57802830647813 
  1977.0   279.934889969102 
  1978.0   280.04064050362535 
  1979.0   279.2827661019437 
  1980.0   279.95949417613303 
  1981.0   279.93528707461564 
  1982.0   279.5168182429639 
  1983.0   280.24558481179804 
  1984.0   280.3230153294168 
  1985.0   279.7126545367876 
  1986.0   279.86522311673315 
  1987.0   280.1150135697396 
  1988.0   280.3879116789511 
  1989.0   280.102928937734 
  1990.0   280.6517011516174 
  1991.0   280.46066931025103 
  1992.0   279.1700108578641 
  1993.0   280.13510481173176 
  1994.0   280.05665265439904 
  1995.0   280.37004034525626 
  1996.0   280.33073323364647 
  1997.0   280.5999701449393 
  1998.0   280.89825170693194 
  1999.0   280.3105382888993 
  2000.0   280.7585984572418 
  2001.0   280.6847560529845 
  2002.0   280.92767772421945 
  2003.0   281.2606897495468 
  2004.0   281.16727335594607 
  2005.0   281.4659377575283 
  2006.0   280.9522824169462 
  2007.0   281.15525793536284 
  2008.0   281.03177691262795 
  2009.0   281.5106826485022 
  2010.0   281.48071947347864 
  2011.0   281.1178491549071 
  2012.0   280.76794760928027 
  2013.0   280.93745596298186 
  2014.0   281.49059735320276 
