  1850.0   7.905326523278136 
  1851.0   7.930235626060475 
  1852.0   7.499009496988583 
  1853.0   7.804994630082733 
  1854.0   7.70050960689377 
  1855.0   7.538454234838379 
  1856.0   8.007183924125005 
  1857.0   7.985232158132348 
  1858.0   7.949461915646933 
  1859.0   7.769482714538451 
  1860.0   7.905296697525755 
  1861.0   7.51303721887064 
  1862.0   7.427778092589541 
  1863.0   7.0215643333133135 
  1864.0   7.899338153575586 
  1865.0   7.742752338287149 
  1866.0   7.640665717338837 
  1867.0   7.5031481119895425 
  1868.0   7.231384811518793 
  1869.0   7.870018319688691 
  1870.0   7.4479024922712105 
  1871.0   7.608904252150823 
  1872.0   7.781890478992472 
  1873.0   7.676388208781826 
  1874.0   7.3482846518748755 
  1875.0   8.015352322986962 
  1876.0   7.767781221184072 
  1877.0   8.293386396180267 
  1878.0   7.845287289152421 
  1879.0   8.313532952427016 
  1880.0   8.063311740676054 
  1881.0   7.669649326708193 
  1882.0   7.902965961367417 
  1883.0   7.329134904454603 
  1884.0   7.985712720848478 
  1885.0   7.88897273723223 
  1886.0   7.65113596809487 
  1887.0   7.38993543024137 
  1888.0   7.852961378435575 
  1889.0   6.963136493483246 
  1890.0   7.912123510420199 
  1891.0   7.58778417718237 
  1892.0   7.897807426043608 
  1893.0   8.153232929346299 
  1894.0   7.62843295513513 
  1895.0   7.603329389942683 
  1896.0   7.6381525728580515 
  1897.0   7.978369108362737 
  1898.0   7.222125626399074 
  1899.0   7.777018038286617 
  1900.0   7.654855177820805 
  1901.0   8.404499615421773 
  1902.0   7.746406723881923 
  1903.0   7.646115639088464 
  1904.0   8.164565730816939 
  1905.0   8.119287663676973 
  1906.0   7.375869054066061 
  1907.0   7.8805790928506125 
  1908.0   8.008800031339307 
  1909.0   7.585063131752844 
  1910.0   7.94690777062589 
  1911.0   7.551646879663856 
  1912.0   7.218274371830766 
  1913.0   7.384686240363168 
  1914.0   7.294430147451313 
  1915.0   7.270359952932779 
  1916.0   8.306001431534467 
  1917.0   7.494377511564173 
  1918.0   7.676269095832457 
  1919.0   7.708881268590107 
  1920.0   6.976272597482712 
  1921.0   8.359549025093607 
  1922.0   7.953243930514503 
  1923.0   7.606203025548362 
  1924.0   7.776324171302939 
  1925.0   7.400970325618288 
  1926.0   8.019045588917587 
  1927.0   7.659301012585784 
  1928.0   8.38644428485536 
  1929.0   8.005243521023786 
  1930.0   8.012061154943071 
  1931.0   7.806803567292087 
  1932.0   7.906520816439976 
  1933.0   8.181449823091453 
  1934.0   7.446074517214654 
  1935.0   7.748292671015109 
  1936.0   7.563474534575708 
  1937.0   7.439691394714042 
  1938.0   7.897424646811259 
  1939.0   8.098504849165812 
  1940.0   8.300042160988166 
  1941.0   7.2351392175907465 
  1942.0   7.850357352486363 
  1943.0   8.039740809334607 
  1944.0   7.35938717370031 
  1945.0   7.306411920395034 
  1946.0   7.784262313922821 
  1947.0   7.7064672363104 
  1948.0   7.107649578054124 
  1949.0   7.675032750759 
  1950.0   7.524349350683057 
  1951.0   7.73015140522798 
  1952.0   7.649163500051731 
  1953.0   7.864370263672958 
  1954.0   7.065114957710852 
  1955.0   8.139102435763638 
  1956.0   7.862930086041343 
  1957.0   8.267863352416404 
  1958.0   7.6767306293712965 
  1959.0   8.000842082251964 
  1960.0   7.248046617456758 
  1961.0   7.706470102420916 
  1962.0   7.1604282027363215 
  1963.0   7.905714610956329 
  1964.0   7.388358679034222 
  1965.0   7.270378901971821 
  1966.0   8.38097752031807 
  1967.0   7.3766577754451195 
  1968.0   7.322035257906529 
  1969.0   7.867718544777482 
  1970.0   7.56541660427815 
  1971.0   7.479740392077607 
  1972.0   7.242250410175847 
  1973.0   7.543852019094059 
  1974.0   7.870265915305887 
  1975.0   7.507185134763396 
  1976.0   7.560007014333707 
  1977.0   7.822758646374635 
  1978.0   7.4585647668053605 
  1979.0   7.375199478706992 
  1980.0   7.716343037183799 
  1981.0   8.545245581270947 
  1982.0   7.280689279390488 
  1983.0   7.024614745804643 
  1984.0   7.928181514281161 
  1985.0   7.4865103886224516 
  1986.0   7.7368944105686674 
  1987.0   7.4333230758202005 
  1988.0   7.693364030275392 
  1989.0   7.16124440361254 
  1990.0   7.77035835435585 
  1991.0   7.603822958397395 
  1992.0   7.647577597235442 
  1993.0   8.253197674283545 
  1994.0   7.395773950322897 
  1995.0   7.634659024206211 
  1996.0   7.135271034491807 
  1997.0   7.001750488915746 
  1998.0   7.234968369889401 
  1999.0   7.402648388653988 
  2000.0   7.728043805104313 
  2001.0   7.3755017116894175 
  2002.0   7.592571002228703 
  2003.0   7.811279188705777 
  2004.0   7.544789060638018 
  2005.0   7.618635473647887 
  2006.0   7.440223458578253 
  2007.0   7.570177617905132 
  2008.0   7.26296437344335 
  2009.0   7.2723183054177 
  2010.0   7.819468359740863 
  2011.0   7.48528898632263 
  2012.0   7.1536994956961335 
  2013.0   7.071153006448579 
  2014.0   8.5882852703637 
