  1850.0   66.18082130328324 
  1851.0   66.11857714983908 
  1852.0   65.90543269315499 
  1853.0   65.7477178785112 
  1854.0   65.64692323745928 
  1855.0   65.6601223821055 
  1856.0   65.56501714962961 
  1857.0   65.46844876236543 
  1858.0   65.34467395291239 
  1859.0   65.25154801497636 
  1860.0   65.22188075791965 
  1861.0   65.10696672792406 
  1862.0   64.99368346450733 
  1863.0   64.93097292561386 
  1864.0   64.93110097913043 
  1865.0   64.87604681556026 
  1866.0   64.73966192655138 
  1867.0   64.64593654974695 
  1868.0   64.63637387609656 
  1869.0   64.59446575461386 
  1870.0   64.54722439886608 
  1871.0   64.53557600638938 
  1872.0   64.44530662641311 
  1873.0   64.25639108372148 
  1874.0   64.2040326553338 
  1875.0   64.21771972904514 
  1876.0   64.10968021481625 
  1877.0   63.92900459181249 
  1878.0   63.80734968882772 
  1879.0   63.80603854511641 
  1880.0   63.78101377941945 
  1881.0   63.80329409961207 
  1882.0   63.803853529439984 
  1883.0   63.75903314532979 
  1884.0   63.732895352192585 
  1885.0   63.78599390994228 
  1886.0   63.774817105717744 
  1887.0   63.78470240007221 
  1888.0   63.77173351724304 
  1889.0   63.5978806547102 
  1890.0   63.592687209276505 
  1891.0   63.635503701606694 
  1892.0   63.74310875141078 
  1893.0   63.603460555432214 
  1894.0   63.496364839994996 
  1895.0   63.472241750694856 
  1896.0   63.459794488339746 
  1897.0   63.42623891235971 
  1898.0   63.350061190803366 
  1899.0   63.1850998969974 
  1900.0   63.10493079211815 
  1901.0   63.110050733264906 
  1902.0   62.955534729206896 
  1903.0   62.84713824457723 
  1904.0   62.86834736997286 
  1905.0   62.79773602967751 
  1906.0   62.75740440826018 
  1907.0   62.81955329126164 
  1908.0   62.683698169694296 
  1909.0   62.483626350613854 
  1910.0   62.382777519427165 
  1911.0   62.38840509388681 
  1912.0   62.19400593032568 
  1913.0   61.997412308558935 
  1914.0   62.02820815263133 
  1915.0   62.10261984166168 
  1916.0   62.05963652441733 
  1917.0   61.86557669862889 
  1918.0   61.694234638002705 
  1919.0   61.622474988887774 
  1920.0   61.61426284981699 
  1921.0   61.569988720586025 
  1922.0   61.40615832075708 
  1923.0   61.30835682851906 
  1924.0   61.26514192716223 
  1925.0   61.32895431189876 
  1926.0   61.31830312423407 
  1927.0   61.321155987655395 
  1928.0   61.283585031765696 
  1929.0   61.20072518261444 
  1930.0   61.16337719833596 
  1931.0   61.082420370085465 
  1932.0   61.028875197799906 
  1933.0   60.90385159214895 
  1934.0   60.83084398848835 
  1935.0   60.72118692978553 
  1936.0   60.576406030048716 
  1937.0   60.44140886695592 
  1938.0   60.47840460085199 
  1939.0   60.441378958977445 
  1940.0   60.33997101334138 
  1941.0   60.17869815836483 
  1942.0   60.013701919334125 
  1943.0   60.040609847036045 
  1944.0   60.09425487017079 
  1945.0   59.93909966660747 
  1946.0   59.73971724629223 
  1947.0   59.64488395417723 
  1948.0   59.61298726073625 
  1949.0   59.6724314005298 
  1950.0   59.495698276601196 
  1951.0   59.27649577158281 
  1952.0   59.17632454736971 
  1953.0   59.034866909449995 
  1954.0   58.885894132138944 
  1955.0   58.805400935642666 
  1956.0   58.67195694535235 
  1957.0   58.45507660021188 
  1958.0   58.16110568000317 
  1959.0   58.04496915558005 
  1960.0   58.00136221575437 
  1961.0   57.821173741266335 
  1962.0   57.654188021840966 
  1963.0   57.604750305617024 
  1964.0   57.69564353310094 
  1965.0   57.78667115743164 
  1966.0   57.75885203487521 
  1967.0   57.651841177816294 
  1968.0   57.68814376333875 
  1969.0   57.80916417565667 
  1970.0   57.789508708287435 
  1971.0   57.6915158150396 
  1972.0   57.67286359180112 
  1973.0   57.67875275602662 
  1974.0   57.729399853152096 
  1975.0   57.72037081377202 
  1976.0   57.56627211952988 
  1977.0   57.47282972475307 
  1978.0   57.50434189438533 
  1979.0   57.51172812806296 
  1980.0   57.49677590865541 
  1981.0   57.402256876336224 
  1982.0   57.329695814652844 
  1983.0   57.382126360649075 
  1984.0   57.44687435975457 
  1985.0   57.489957176485994 
  1986.0   57.42006078660187 
  1987.0   57.4307056158382 
  1988.0   57.50932086098115 
  1989.0   57.54248065555353 
  1990.0   57.56752767848944 
  1991.0   57.5425450454082 
  1992.0   57.53481320138407 
  1993.0   57.734916877753086 
  1994.0   57.92663371734326 
  1995.0   58.085472043738775 
  1996.0   58.26523857222057 
  1997.0   58.306424818540414 
  1998.0   58.30409920689566 
  1999.0   58.4286445836121 
  2000.0   58.59196943372415 
  2001.0   58.71800879643955 
  2002.0   58.78201142345878 
  2003.0   58.86268018571342 
  2004.0   58.90192681672794 
  2005.0   58.818366769909005 
  2006.0   58.82567130543816 
  2007.0   59.00229615447955 
  2008.0   59.12245826907483 
  2009.0   59.07586151632171 
  2010.0   59.018106837169874 
  2011.0   58.92003214006593 
  2012.0   58.898554461206786 
  2013.0   58.886279852618074 
  2014.0   58.87282312352836 
