  1850.0   3.4589468346434376 
  1851.0   3.5452323888460233 
  1852.0   3.618818584510397 
  1853.0   3.4619956861671364 
  1854.0   3.4621682336415947 
  1855.0   3.37409791465457 
  1856.0   3.369679151141371 
  1857.0   3.401825199388328 
  1858.0   3.4401310351104426 
  1859.0   3.4041319218308335 
  1860.0   3.4735753715954165 
  1861.0   3.5677044691882633 
  1862.0   3.5413386561100078 
  1863.0   3.50089345550106 
  1864.0   3.462043889783169 
  1865.0   3.3988159340269495 
  1866.0   3.3073951477762833 
  1867.0   3.373509468189439 
  1868.0   3.3084325589073695 
  1869.0   3.4111089138316175 
  1870.0   3.339791701392467 
  1871.0   3.519996666798156 
  1872.0   3.5110416743138955 
  1873.0   3.415497158453677 
  1874.0   3.4333871996003174 
  1875.0   3.512664997963707 
  1876.0   3.422054851437831 
  1877.0   3.452411485483235 
  1878.0   3.2532128183068796 
  1879.0   3.370043373793248 
  1880.0   3.5249655091988203 
  1881.0   3.5062278226317165 
  1882.0   3.2963206468466395 
  1883.0   3.3413553512803214 
  1884.0   3.3321737173181423 
  1885.0   3.4175896087087327 
  1886.0   3.3104021126805314 
  1887.0   3.414551306330473 
  1888.0   3.540778960636449 
  1889.0   3.50321611360841 
  1890.0   3.4162066612632596 
  1891.0   3.4966175086803872 
  1892.0   3.512725032066121 
  1893.0   3.4240303070031644 
  1894.0   3.3644628098798512 
  1895.0   3.391609214983272 
  1896.0   3.4063008503187797 
  1897.0   3.4227981547283437 
  1898.0   3.3085072479168725 
  1899.0   3.3735453534244475 
  1900.0   3.3840217349277317 
  1901.0   3.4766167888669104 
  1902.0   3.450921855677396 
  1903.0   3.3416041973236754 
  1904.0   3.392806507271517 
  1905.0   3.4354528869949035 
  1906.0   3.2204313589583586 
  1907.0   3.3976921887432643 
  1908.0   3.4859962883884617 
  1909.0   3.4087002902191976 
  1910.0   3.372894027860197 
  1911.0   3.3282797912785127 
  1912.0   3.324026263912415 
  1913.0   3.423232852324277 
  1914.0   3.3487584870878746 
  1915.0   3.4397392119047923 
  1916.0   3.3790150113907877 
  1917.0   3.322737428292313 
  1918.0   3.4207818514434325 
  1919.0   3.4418003986042014 
  1920.0   3.320615373994864 
  1921.0   3.174241333092704 
  1922.0   3.3464658022348894 
  1923.0   3.3923331450279433 
  1924.0   3.2757847904693778 
  1925.0   3.3977235751753287 
  1926.0   3.3525144583062234 
  1927.0   3.298734311670931 
  1928.0   3.420769979882721 
  1929.0   3.3705633564201745 
  1930.0   3.3457314281387425 
  1931.0   3.2522918827618965 
  1932.0   3.4204847024059717 
  1933.0   3.4275457569574175 
  1934.0   3.431363736709711 
  1935.0   3.195913340607314 
  1936.0   3.439369927654085 
  1937.0   3.4342513933154724 
  1938.0   3.325709962175669 
  1939.0   3.4229379319154125 
  1940.0   3.362582818775081 
  1941.0   3.3626734161930307 
  1942.0   3.285324044266101 
  1943.0   3.197930894524429 
  1944.0   3.359115507823629 
  1945.0   3.419697222066247 
  1946.0   3.453049152645935 
  1947.0   3.408731401469572 
  1948.0   3.428759391042057 
  1949.0   3.161108032561761 
  1950.0   3.3574771510930517 
  1951.0   3.2223806766180276 
  1952.0   3.305845876999476 
  1953.0   3.435462697621309 
  1954.0   3.438291124419076 
  1955.0   3.3660562978617317 
  1956.0   3.268180709278276 
  1957.0   3.2413636858894144 
  1958.0   3.359087704609887 
  1959.0   3.339374905371574 
  1960.0   3.436865526638964 
  1961.0   3.3658199475841455 
  1962.0   3.401672386732901 
  1963.0   3.210879116568197 
  1964.0   3.2534814477003713 
  1965.0   3.2966980839343973 
  1966.0   3.197821889591642 
  1967.0   3.160691200821119 
  1968.0   3.195091692291262 
  1969.0   3.3428639923654426 
  1970.0   3.3793819992895537 
  1971.0   3.370035138072487 
  1972.0   3.1984935826302934 
  1973.0   3.2325414015153666 
  1974.0   3.3212989130138917 
  1975.0   3.3786453499185356 
  1976.0   3.3440077722453267 
  1977.0   3.286572075581259 
  1978.0   3.263345509937714 
  1979.0   3.3268405824980727 
  1980.0   3.332788876661488 
  1981.0   3.1433379316934413 
  1982.0   3.3752016038796757 
  1983.0   3.380076564321212 
  1984.0   3.1519833708519447 
  1985.0   3.3716369497127094 
  1986.0   3.438360866191489 
  1987.0   3.457379271042632 
  1988.0   3.318017364053286 
  1989.0   3.3622068359131494 
  1990.0   3.4704491594747258 
  1991.0   3.3792155237598003 
  1992.0   3.2077998659139704 
  1993.0   3.411993417767897 
  1994.0   3.43524604271228 
  1995.0   3.4097043726497964 
  1996.0   3.3853625651518473 
  1997.0   3.381846198057336 
  1998.0   3.426776888722824 
  1999.0   3.395422268769403 
  2000.0   3.334954380438681 
  2001.0   3.3544106347327647 
  2002.0   3.4479042656906467 
  2003.0   3.402988028580249 
  2004.0   3.5096246458881764 
  2005.0   3.501149264348089 
  2006.0   3.502007975912181 
  2007.0   3.3338958653620003 
  2008.0   3.3619852604778777 
  2009.0   3.476652205388324 
  2010.0   3.4341083035033835 
  2011.0   3.3309427444010185 
  2012.0   3.363059617182347 
  2013.0   3.4413649225820486 
  2014.0   3.472549534788704 
