  1850.0   32.940011480127254 
  1851.0   32.944630767186865 
  1852.0   32.95274845188808 
  1853.0   32.948065900487954 
  1854.0   32.94653904209437 
  1855.0   32.928264704077804 
  1856.0   32.92280778357554 
  1857.0   32.94558950791089 
  1858.0   32.95611704213205 
  1859.0   32.92860059087339 
  1860.0   32.907427792055614 
  1861.0   32.909109221230125 
  1862.0   32.90760063705305 
  1863.0   32.92178903680803 
  1864.0   32.96066148916082 
  1865.0   32.940799134147966 
  1866.0   32.90666563270282 
  1867.0   32.913519436671066 
  1868.0   32.92631858585936 
  1869.0   32.93794724856068 
  1870.0   32.91826517259502 
  1871.0   32.91104602213671 
  1872.0   32.93394187426474 
  1873.0   32.92285360110525 
  1874.0   32.897843703957875 
  1875.0   32.88790153068069 
  1876.0   32.8980801617297 
  1877.0   32.92372804165396 
  1878.0   32.939892413290096 
  1879.0   32.93516505307655 
  1880.0   32.932981287981114 
  1881.0   32.92143106151932 
  1882.0   32.903318643267895 
  1883.0   32.89626875534961 
  1884.0   32.90998262081392 
  1885.0   32.91167896886833 
  1886.0   32.915588450164066 
  1887.0   32.90658312841406 
  1888.0   32.89711191850027 
  1889.0   32.91380001864788 
  1890.0   32.92200628375796 
  1891.0   32.92478419720128 
  1892.0   32.921233312766034 
  1893.0   32.89376497932108 
  1894.0   32.89469081781021 
  1895.0   32.91115455256331 
  1896.0   32.89900964702751 
  1897.0   32.87300212734126 
  1898.0   32.859756241942 
  1899.0   32.848925939105456 
  1900.0   32.8546596712516 
  1901.0   32.850063939198606 
  1902.0   32.84027226456254 
  1903.0   32.85264690919629 
  1904.0   32.86130105846179 
  1905.0   32.85803638453162 
  1906.0   32.848134574686725 
  1907.0   32.81952833632047 
  1908.0   32.801817437888324 
  1909.0   32.800574352687256 
  1910.0   32.80816273420957 
  1911.0   32.797879672840914 
  1912.0   32.802127240769444 
  1913.0   32.82817090752305 
  1914.0   32.806414392807184 
  1915.0   32.77531121630906 
  1916.0   32.787995449622215 
  1917.0   32.78732658829755 
  1918.0   32.77032710160934 
  1919.0   32.77955795390605 
  1920.0   32.77757991362771 
  1921.0   32.76531524318223 
  1922.0   32.7535554229267 
  1923.0   32.74777342922655 
  1924.0   32.75415713394919 
  1925.0   32.73317590204723 
  1926.0   32.71827661068407 
  1927.0   32.71439648642732 
  1928.0   32.71173141225422 
  1929.0   32.70655952447232 
  1930.0   32.703981859522216 
  1931.0   32.6959667352724 
  1932.0   32.70178595839728 
  1933.0   32.693989556827006 
  1934.0   32.682568089577394 
  1935.0   32.69312275815881 
  1936.0   32.71428538046258 
  1937.0   32.679998370901 
  1938.0   32.6746434547858 
  1939.0   32.68934178387007 
  1940.0   32.69719477272008 
  1941.0   32.71843492298275 
  1942.0   32.68018363082185 
  1943.0   32.6552922724781 
  1944.0   32.65053566259363 
  1945.0   32.66169939038454 
  1946.0   32.661463150904915 
  1947.0   32.657181297878836 
  1948.0   32.6727113143115 
  1949.0   32.66644431079121 
  1950.0   32.655373298145555 
  1951.0   32.63608111354891 
  1952.0   32.62143134134933 
  1953.0   32.60398178161584 
  1954.0   32.60391334607689 
  1955.0   32.62174152021358 
  1956.0   32.62367863682852 
  1957.0   32.58513634973787 
  1958.0   32.577455450598016 
  1959.0   32.58479566393145 
  1960.0   32.57041704674129 
  1961.0   32.55066853285293 
  1962.0   32.556230013408786 
  1963.0   32.54845136350925 
  1964.0   32.53508617146495 
  1965.0   32.53718055350223 
  1966.0   32.53946803073278 
  1967.0   32.53099220129395 
  1968.0   32.52217200232767 
  1969.0   32.525848836965785 
  1970.0   32.540677121530265 
  1971.0   32.553800649694246 
  1972.0   32.54782319931822 
  1973.0   32.53575493194298 
  1974.0   32.524432255280075 
  1975.0   32.51210633492672 
  1976.0   32.49392692436557 
  1977.0   32.51656773720293 
  1978.0   32.53322057641979 
  1979.0   32.53020894453143 
  1980.0   32.531133524631024 
  1981.0   32.55107740506447 
  1982.0   32.58047389953903 
  1983.0   32.591479580580156 
  1984.0   32.58018107656297 
  1985.0   32.556537327835606 
  1986.0   32.55985797037716 
  1987.0   32.56695379520014 
  1988.0   32.56155194241669 
  1989.0   32.566770550933505 
  1990.0   32.582623940280186 
  1991.0   32.597817617806534 
  1992.0   32.630256297877246 
  1993.0   32.605502367765745 
  1994.0   32.5954607265036 
  1995.0   32.60770789983447 
  1996.0   32.635246311008736 
  1997.0   32.65844719853778 
  1998.0   32.64855815664108 
  1999.0   32.64263138139805 
  2000.0   32.66052533118583 
  2001.0   32.682960685440015 
  2002.0   32.66087069591921 
  2003.0   32.654401106552356 
  2004.0   32.670939256986614 
  2005.0   32.67142087489269 
  2006.0   32.66136321957179 
  2007.0   32.67286605958327 
  2008.0   32.69146510553902 
  2009.0   32.720156697390976 
  2010.0   32.70008684033396 
  2011.0   32.70269428541662 
  2012.0   32.70713387919158 
  2013.0   32.70755180971521 
  2014.0   32.706524423765245 
