  1850.0   0.0031334987342142994 
  1851.0   0.008588876186174514 
  1852.0   0.013037991295354824 
  1853.0   0.016670694240598197 
  1854.0   0.019617765216805888 
  1855.0   0.02204089504754095 
  1856.0   0.02405682740112878 
  1857.0   0.025735184533476504 
  1858.0   0.027148726886901637 
  1859.0   0.02835503379455181 
  1860.0   0.029249790413601612 
  1861.0   0.029918477281315473 
  1862.0   0.03054631538212401 
  1863.0   0.031134177963298825 
  1864.0   0.03169721078767294 
  1865.0   0.0322486176443629 
  1866.0   0.032790926399255335 
  1867.0   0.033326715863325834 
  1868.0   0.0338601110339201 
  1869.0   0.0343801287818325 
  1870.0   0.034920957961666374 
  1871.0   0.035477671488389324 
  1872.0   0.03601920230854615 
  1873.0   0.036558572918690614 
  1874.0   0.03708431346608176 
  1875.0   0.03760459079320726 
  1876.0   0.038125873747890414 
  1877.0   0.0386495831195933 
  1878.0   0.03917781979762847 
  1879.0   0.039709578938218235 
  1880.0   0.040610492157022005 
  1881.0   0.04176060908302441 
  1882.0   0.042748188092033096 
  1883.0   0.04362757501125666 
  1884.0   0.04444335122239225 
  1885.0   0.04520521494788165 
  1886.0   0.04589355581409501 
  1887.0   0.0465354068362656 
  1888.0   0.047160744901424516 
  1889.0   0.04777890717518873 
  1890.0   0.05003835169093159 
  1891.0   0.05350085094684303 
  1892.0   0.05639400906378194 
  1893.0   0.05882699196916363 
  1894.0   0.060828037533972465 
  1895.0   0.06236692745426439 
  1896.0   0.06364452933266011 
  1897.0   0.06477481728240654 
  1898.0   0.0657914764926205 
  1899.0   0.06671924642845815 
  1900.0   0.0687558079606924 
  1901.0   0.07158547237871563 
  1902.0   0.07394321094970294 
  1903.0   0.07596707354255715 
  1904.0   0.07771684701683339 
  1905.0   0.0792462361201455 
  1906.0   0.080592050546904 
  1907.0   0.08179464803713457 
  1908.0   0.08288171023409772 
  1909.0   0.08385709999323375 
  1910.0   0.08572457003773946 
  1911.0   0.0883129694346703 
  1912.0   0.0904887969067003 
  1913.0   0.09237040766619924 
  1914.0   0.094011745178169 
  1915.0   0.09545710204741024 
  1916.0   0.09674202385582753 
  1917.0   0.09784328768053395 
  1918.0   0.09884600551687683 
  1919.0   0.09976955224820067 
  1920.0   0.0983303148738516 
  1921.0   0.09513415863997943 
  1922.0   0.09301334637593957 
  1923.0   0.09217516413092788 
  1924.0   0.09239489842652968 
  1925.0   0.0934878318937508 
  1926.0   0.09529968344026761 
  1927.0   0.0977098305256158 
  1928.0   0.10060668256670317 
  1929.0   0.10391424764832091 
  1930.0   0.10870145357641176 
  1931.0   0.11461773176505514 
  1932.0   0.12042295527598809 
  1933.0   0.12617476052934237 
  1934.0   0.13191245987465675 
  1935.0   0.1376694381530216 
  1936.0   0.1434451601021732 
  1937.0   0.1492638825399317 
  1938.0   0.15514996683171978 
  1939.0   0.16110589155942545 
  1940.0   0.16744984488597622 
  1941.0   0.17413437477635244 
  1942.0   0.18079096406725478 
  1943.0   0.1873909941145964 
  1944.0   0.19399010507875056 
  1945.0   0.20061467050033133 
  1946.0   0.20728038584922326 
  1947.0   0.21400777233909954 
  1948.0   0.22081497200610442 
  1949.0   0.2276103776190115 
  1950.0   0.23586662857450197 
  1951.0   0.24478649246790243 
  1952.0   0.25350383603908666 
  1953.0   0.2625817460842097 
  1954.0   0.27233300926588416 
  1955.0   0.28276574364050067 
  1956.0   0.2932160437904521 
  1957.0   0.30326015384745014 
  1958.0   0.3132227488401974 
  1959.0   0.3233760288202839 
  1960.0   0.3261721305102196 
  1961.0   0.32373963138363004 
  1962.0   0.32678526755250586 
  1963.0   0.3326981690105671 
  1964.0   0.33716386097049617 
  1965.0   0.3409914077915509 
  1966.0   0.3447298976692003 
  1967.0   0.3483923561026807 
  1968.0   0.35262393310412715 
  1969.0   0.3569595196823982 
  1970.0   0.3623748065176292 
  1971.0   0.3685722850681988 
  1972.0   0.3737075677667514 
  1973.0   0.37839924886219817 
  1974.0   0.3837395439870471 
  1975.0   0.38809832971361635 
  1976.0   0.38957170574484873 
  1977.0   0.3910387868066305 
  1978.0   0.3930692856289005 
  1979.0   0.39449089731738274 
  1980.0   0.4070178701856907 
  1981.0   0.42699145975614233 
  1982.0   0.44130251352005423 
  1983.0   0.4516196334432815 
  1984.0   0.46010526502960236 
  1985.0   0.46659779871638124 
  1986.0   0.47091147905177766 
  1987.0   0.4741477256337176 
  1988.0   0.4779303929021202 
  1989.0   0.4818345522006565 
  1990.0   0.47417571644601947 
  1991.0   0.4572125031246589 
  1992.0   0.4426943956584429 
  1993.0   0.43059493244699176 
  1994.0   0.420190222854577 
  1995.0   0.4107103995066236 
  1996.0   0.4019127947487174 
  1997.0   0.3938954156903708 
  1998.0   0.38696700844680154 
  1999.0   0.3807631333068393 
  2000.0   0.38343103275762547 
  2001.0   0.39170251081016233 
  2002.0   0.4228944967484906 
  2003.0   0.4684343793690578 
  2004.0   0.4710360589480894 
  2005.0   0.4533140376073108 
  2006.0   0.44797704198373356 
  2007.0   0.449217932221355 
  2008.0   0.4597545207091455 
  2009.0   0.48106931969772665 
  2010.0   0.48946847735464427 
  2011.0   0.46890359241589946 
  2012.0   0.46621964065085425 
  2013.0   0.4727037106606268 
  2014.0   0.46435072118201964 
