  1850.0   298.3069775311035 
  1851.0   298.24587608819854 
  1852.0   298.35313160377376 
  1853.0   298.44226236804707 
  1854.0   298.4171505924739 
  1855.0   297.9975271524365 
  1856.0   298.4456080547519 
  1857.0   298.45118565291375 
  1858.0   298.2525843630329 
  1859.0   298.3852315489198 
  1860.0   298.16308971923064 
  1861.0   298.22466442551394 
  1862.0   298.4376584535122 
  1863.0   298.2291194564796 
  1864.0   298.46388168957515 
  1865.0   298.1206526347391 
  1866.0   298.056909691262 
  1867.0   298.5247213627518 
  1868.0   298.2203204249769 
  1869.0   298.07167515618494 
  1870.0   297.82565977262186 
  1871.0   298.0987381190402 
  1872.0   298.52693057053824 
  1873.0   298.77170350633617 
  1874.0   298.16468810035593 
  1875.0   298.24681545546235 
  1876.0   298.05039016261884 
  1877.0   298.46433613347307 
  1878.0   298.8538896741973 
  1879.0   298.5141918796455 
  1880.0   298.37538040835227 
  1881.0   298.03972576430016 
  1882.0   298.1561393161749 
  1883.0   298.5832011743633 
  1884.0   297.61520969572746 
  1885.0   297.84039655947356 
  1886.0   297.8158118886623 
  1887.0   298.08037391927076 
  1888.0   298.44335184600266 
  1889.0   298.39462305397086 
  1890.0   298.09723910543437 
  1891.0   298.65206386063636 
  1892.0   298.8040444734986 
  1893.0   298.20630013729 
  1894.0   298.18039049424107 
  1895.0   298.2273009720149 
  1896.0   298.30132548854465 
  1897.0   298.26440322602014 
  1898.0   298.280846062117 
  1899.0   298.19501149148533 
  1900.0   298.24816285038065 
  1901.0   298.25969858732356 
  1902.0   297.9481044453411 
  1903.0   298.3059100986268 
  1904.0   298.0170790440174 
  1905.0   298.2832794552432 
  1906.0   298.1411910627701 
  1907.0   298.21433090222183 
  1908.0   298.4680418292917 
  1909.0   298.4970996588661 
  1910.0   298.18358711287624 
  1911.0   298.20079852886755 
  1912.0   298.3606358566354 
  1913.0   298.2264294553162 
  1914.0   298.4030680073438 
  1915.0   298.54869371775516 
  1916.0   298.6224374926886 
  1917.0   298.1671496841645 
  1918.0   298.24763659488855 
  1919.0   298.67120859785456 
  1920.0   298.6142667941622 
  1921.0   298.50569285443856 
  1922.0   298.28298319381764 
  1923.0   298.4902392229253 
  1924.0   298.5688489408553 
  1925.0   298.4682249549038 
  1926.0   298.3678058132592 
  1927.0   298.288397760017 
  1928.0   298.37016097171295 
  1929.0   298.3444879547722 
  1930.0   298.9180114300428 
  1931.0   298.41024318647766 
  1932.0   297.9898758006721 
  1933.0   298.33351384029663 
  1934.0   298.16602702620526 
  1935.0   298.1599141470266 
  1936.0   298.97569681298836 
  1937.0   298.3047246295075 
  1938.0   298.1090895258916 
  1939.0   298.4160822520311 
  1940.0   298.3445696428512 
  1941.0   298.348716494669 
  1942.0   298.81466382925254 
  1943.0   298.61918649233775 
  1944.0   298.73281960782236 
  1945.0   298.4223978795398 
  1946.0   298.20772577431967 
  1947.0   298.57438147862376 
  1948.0   298.5441817172871 
  1949.0   298.47498413599703 
  1950.0   298.20627169562607 
  1951.0   297.98616801331167 
  1952.0   298.12160966942696 
  1953.0   298.37671999483194 
  1954.0   298.77877077939365 
  1955.0   298.5973123271098 
  1956.0   298.5334408049968 
  1957.0   298.49721483036024 
  1958.0   298.626421571726 
  1959.0   298.1794275283289 
  1960.0   298.2676928287788 
  1961.0   298.06333305351615 
  1962.0   298.52344129265185 
  1963.0   298.4704370935547 
  1964.0   297.8139935940525 
  1965.0   297.95731681884996 
  1966.0   298.71583963093565 
  1967.0   298.07683470495203 
  1968.0   298.05043464046935 
  1969.0   298.10530168684744 
  1970.0   298.40917916458943 
  1971.0   298.42615628195455 
  1972.0   298.24897925486493 
  1973.0   298.0132430663717 
  1974.0   297.97353182248116 
  1975.0   297.8456651767594 
  1976.0   298.2918527695582 
  1977.0   298.1045254670411 
  1978.0   298.4533826080014 
  1979.0   298.41344178775825 
  1980.0   298.44293954247917 
  1981.0   298.4579035468317 
  1982.0   298.3574169727835 
  1983.0   298.3775869029526 
  1984.0   298.6596508975739 
  1985.0   298.24757422452495 
  1986.0   298.5799742894804 
  1987.0   298.50362092386496 
  1988.0   298.21683800289594 
  1989.0   298.2343340407949 
  1990.0   298.6815844614473 
  1991.0   298.3118018025358 
  1992.0   297.8006470785645 
  1993.0   298.1849751653025 
  1994.0   298.7749161459699 
  1995.0   298.542158946712 
  1996.0   298.5417759571303 
  1997.0   298.69447710258913 
  1998.0   299.02819654894057 
  1999.0   299.0409670839001 
  2000.0   298.78898416980513 
  2001.0   298.9811185441044 
  2002.0   299.23411462170105 
  2003.0   298.75157699594223 
  2004.0   298.7782159355526 
  2005.0   299.09753752366265 
  2006.0   299.2175516896501 
  2007.0   299.12323231627704 
  2008.0   299.1571297904712 
  2009.0   299.0649685616945 
  2010.0   299.2432487235369 
  2011.0   299.1884897821308 
  2012.0   299.14854221603787 
  2013.0   299.3675204749132 
  2014.0   299.50109026309497 
