  1850.0   68.26235704330324 
  1851.0   68.290932039706 
  1852.0   68.15662724811837 
  1853.0   67.82600779722642 
  1854.0   67.55350305383956 
  1855.0   67.57564798724661 
  1856.0   67.56574648384617 
  1857.0   67.30888323181088 
  1858.0   67.0372282875217 
  1859.0   67.07070645767728 
  1860.0   67.03205382535276 
  1861.0   66.82624887382099 
  1862.0   66.34976375183567 
  1863.0   66.15441883998177 
  1864.0   66.0527504014351 
  1865.0   65.96036456136216 
  1866.0   65.91978013368485 
  1867.0   65.90761864724281 
  1868.0   65.6678408822776 
  1869.0   65.47520653136259 
  1870.0   65.28346355908158 
  1871.0   65.16073581264435 
  1872.0   65.01300649865982 
  1873.0   64.9050046336776 
  1874.0   64.74443884844905 
  1875.0   64.69670736064882 
  1876.0   64.73055396126946 
  1877.0   64.4821432166276 
  1878.0   64.19972433593638 
  1879.0   63.93276269922831 
  1880.0   63.791472888114974 
  1881.0   63.76133921115194 
  1882.0   63.836092120418485 
  1883.0   63.93457173382154 
  1884.0   63.83488514816621 
  1885.0   63.55533591368281 
  1886.0   63.34639753272469 
  1887.0   63.354025646664056 
  1888.0   63.30694424813005 
  1889.0   63.08784065611281 
  1890.0   62.797839975581034 
  1891.0   62.586824687416616 
  1892.0   62.64596347047751 
  1893.0   62.74557195160288 
  1894.0   62.59542574879178 
  1895.0   62.433151717736735 
  1896.0   62.39653401545082 
  1897.0   62.0850842603751 
  1898.0   62.08420841330753 
  1899.0   62.0518709745529 
  1900.0   62.11046116336321 
  1901.0   62.24650794902419 
  1902.0   62.181027088304326 
  1903.0   62.010417329175176 
  1904.0   61.839241395841746 
  1905.0   61.44546547234854 
  1906.0   61.2310298741249 
  1907.0   61.32405465898359 
  1908.0   61.370830584604306 
  1909.0   61.29602005774243 
  1910.0   61.19668743702781 
  1911.0   60.946769697311204 
  1912.0   60.78095020440381 
  1913.0   60.82615584811776 
  1914.0   60.71931293289903 
  1915.0   60.61001051809806 
  1916.0   60.58006652390664 
  1917.0   60.513987093188916 
  1918.0   60.311176209110634 
  1919.0   60.23839672732341 
  1920.0   60.02622884407783 
  1921.0   59.78043893834636 
  1922.0   59.68747533339787 
  1923.0   59.77218713148074 
  1924.0   59.693261387440096 
  1925.0   59.66920624653572 
  1926.0   59.66609815064352 
  1927.0   59.54350562764794 
  1928.0   59.51161890425124 
  1929.0   59.32009414766669 
  1930.0   59.383786834137865 
  1931.0   59.37203056485105 
  1932.0   59.42933895443926 
  1933.0   59.43808663993502 
  1934.0   59.27885561027435 
  1935.0   59.07447456251402 
  1936.0   59.06575717843415 
  1937.0   59.05786035413012 
  1938.0   59.014758280594705 
  1939.0   58.91219374704856 
  1940.0   58.93664587242769 
  1941.0   58.674854282874364 
  1942.0   58.493678843345236 
  1943.0   58.073368171479885 
  1944.0   58.1151943259374 
  1945.0   58.22022745184403 
  1946.0   58.1423148218435 
  1947.0   57.98274929320054 
  1948.0   57.949120378862006 
  1949.0   58.03624716991344 
  1950.0   58.036726638248 
  1951.0   57.77263738046955 
  1952.0   57.5729084096182 
  1953.0   57.2914328686142 
  1954.0   57.30009851866572 
  1955.0   57.32249585581383 
  1956.0   57.33486703884659 
  1957.0   57.24421642075446 
  1958.0   57.288726499663014 
  1959.0   57.20728258874522 
  1960.0   56.92217920059714 
  1961.0   56.525523527914835 
  1962.0   56.331054600643775 
  1963.0   56.45507616944056 
  1964.0   56.40661310430206 
  1965.0   56.2570714029352 
  1966.0   56.18542546486065 
  1967.0   56.118561110660174 
  1968.0   55.77153171471452 
  1969.0   55.70914147028672 
  1970.0   55.758235704497935 
  1971.0   55.78488372426268 
  1972.0   55.64207506701909 
  1973.0   55.591928375663684 
  1974.0   55.448156752198415 
  1975.0   55.399352018388754 
  1976.0   55.51910429612886 
  1977.0   55.55705161067764 
  1978.0   55.54913591016107 
  1979.0   55.67556972001137 
  1980.0   55.79365036559003 
  1981.0   55.81522159302081 
  1982.0   55.94358060001687 
  1983.0   55.988674545982825 
  1984.0   55.96602074644558 
  1985.0   55.88196945367096 
  1986.0   55.83919925426993 
  1987.0   55.798327879156545 
  1988.0   55.617876111730325 
  1989.0   55.68339063944897 
  1990.0   55.66584127922646 
  1991.0   55.60012389576529 
  1992.0   55.49665208478544 
  1993.0   55.354758981936996 
  1994.0   55.27211428290387 
  1995.0   55.503750140932446 
  1996.0   55.79574408379884 
  1997.0   55.78636400587904 
  1998.0   55.76897884323922 
  1999.0   55.86601281739389 
  2000.0   55.946322204284876 
  2001.0   55.92458797674056 
  2002.0   55.84419664980469 
  2003.0   55.71995147697939 
  2004.0   55.65937478662289 
  2005.0   55.68276160652657 
  2006.0   55.729851579112974 
  2007.0   55.76679614875885 
  2008.0   55.84247996217289 
  2009.0   55.750221981816075 
  2010.0   55.727553684850434 
  2011.0   55.53357545594277 
  2012.0   55.48740991605839 
  2013.0   55.24647512448068 
  2014.0   55.217364842650866 
