  1850.0   0.0 
  1851.0   3.0991934281509447e-11 
  1852.0   6.408089992803242e-11 
  1853.0   6.214232384194398e-11 
  1854.0   6.106475090970648e-11 
  1855.0   6.336244304320708e-11 
  1856.0   6.550236380580855e-11 
  1857.0   6.944443472736752e-11 
  1858.0   7.181926547721741e-11 
  1859.0   7.337218815103275e-11 
  1860.0   7.427182873465985e-11 
  1861.0   7.193803978772447e-11 
  1862.0   7.325634396997714e-11 
  1863.0   7.46186210037332e-11 
  1864.0   7.588743986134937e-11 
  1865.0   7.663958903993412e-11 
  1866.0   7.643170335599515e-11 
  1867.0   7.888599626057347e-11 
  1868.0   7.870221443713926e-11 
  1869.0   7.960948450204502e-11 
  1870.0   8.33080324441877e-11 
  1871.0   8.63283028543474e-11 
  1872.0   8.525317279669627e-11 
  1873.0   8.492448736389167e-11 
  1874.0   8.426434749361857e-11 
  1875.0   8.555530915916583e-11 
  1876.0   8.583211355554516e-11 
  1877.0   8.801401692918069e-11 
  1878.0   8.873199334926221e-11 
  1879.0   8.890540436141854e-11 
  1880.0   8.93896953796688e-11 
  1881.0   9.580297261659418e-11 
  1882.0   1.0065198643809129e-10 
  1883.0   1.0076336905492554e-10 
  1884.0   1.0226214191386009e-10 
  1885.0   1.0227533605204578e-10 
  1886.0   1.093682805523711e-10 
  1887.0   1.0688466430243535e-10 
  1888.0   1.0657855177131863e-10 
  1889.0   1.0836779550979592e-10 
  1890.0   1.0908002832483318e-10 
  1891.0   1.2645756200447078e-10 
  1892.0   1.3290696747669558e-10 
  1893.0   1.3779414050949485e-10 
  1894.0   1.395899003855897e-10 
  1895.0   1.4434943565577254e-10 
  1896.0   1.457264227276065e-10 
  1897.0   1.491154946167089e-10 
  1898.0   1.4791592272975073e-10 
  1899.0   1.5181076028633342e-10 
  1900.0   1.5338425774175143e-10 
  1901.0   1.7173740404624919e-10 
  1902.0   1.730117373473799e-10 
  1903.0   1.7856332228737686e-10 
  1904.0   1.7896868635710026e-10 
  1905.0   1.8094670701521632e-10 
  1906.0   1.8181330009956515e-10 
  1907.0   1.8747276396426535e-10 
  1908.0   1.8845512522264733e-10 
  1909.0   1.8908827171690348e-10 
  1910.0   1.8848349530961033e-10 
  1911.0   2.0105860352847528e-10 
  1912.0   2.047037331939138e-10 
  1913.0   2.081044424172827e-10 
  1914.0   2.089786846522535e-10 
  1915.0   2.1191925621875061e-10 
  1916.0   2.1153664203406197e-10 
  1917.0   2.1362601622936678e-10 
  1918.0   2.1838689736934237e-10 
  1919.0   2.2018083239178463e-10 
  1920.0   2.1972594369619074e-10 
  1921.0   2.0073085749236087e-10 
  1922.0   1.9221374716399365e-10 
  1923.0   1.8903508878013235e-10 
  1924.0   1.858473987267652e-10 
  1925.0   1.8417747515350652e-10 
  1926.0   1.8432549550105151e-10 
  1927.0   1.838911141953972e-10 
  1928.0   1.8289288697009708e-10 
  1929.0   1.817381680672543e-10 
  1930.0   1.826368737075897e-10 
  1931.0   1.8844921365126348e-10 
  1932.0   1.8919828153062087e-10 
  1933.0   1.9041213006738518e-10 
  1934.0   1.9248996743291455e-10 
  1935.0   1.908895890875668e-10 
  1936.0   1.9337924619323205e-10 
  1937.0   1.9433197391880414e-10 
  1938.0   1.9645488016695982e-10 
  1939.0   1.9532267402432263e-10 
  1940.0   1.9695731762155549e-10 
  1941.0   1.979373815541483e-10 
  1942.0   1.9848899361463e-10 
  1943.0   1.994739314325416e-10 
  1944.0   2.0647358524932574e-10 
  1945.0   2.045780609862693e-10 
  1946.0   2.0550150600872765e-10 
  1947.0   2.0509901914011127e-10 
  1948.0   2.0904458344280545e-10 
  1949.0   2.090240775936095e-10 
  1950.0   2.0624981086957384e-10 
  1951.0   2.706208400789655e-10 
  1952.0   2.966341522612117e-10 
  1953.0   3.092313545410847e-10 
  1954.0   3.1699139581077273e-10 
  1955.0   3.2436292420787774e-10 
  1956.0   3.320929955774503e-10 
  1957.0   3.3511384514237144e-10 
  1958.0   3.4214908280673997e-10 
  1959.0   3.457451606097895e-10 
  1960.0   3.4755684476434896e-10 
  1961.0   2.591411699460404e-10 
  1962.0   2.247058563943786e-10 
  1963.0   2.0479587183686683e-10 
  1964.0   1.9510895892439635e-10 
  1965.0   1.8881152618840463e-10 
  1966.0   1.8320119055046443e-10 
  1967.0   1.7724370000885741e-10 
  1968.0   1.7148325754082624e-10 
  1969.0   1.6866152485478489e-10 
  1970.0   1.6565976660066587e-10 
  1971.0   1.8361836159755766e-10 
  1972.0   1.8561847186896908e-10 
  1973.0   1.856380124993909e-10 
  1974.0   1.8690527964122338e-10 
  1975.0   1.8576016063718255e-10 
  1976.0   1.8559022104875464e-10 
  1977.0   1.872580908734624e-10 
  1978.0   1.9077491884573405e-10 
  1979.0   1.886523756480863e-10 
  1980.0   1.892724452938627e-10 
  1981.0   2.989599029894969e-10 
  1982.0   3.4908440935230553e-10 
  1983.0   3.732721605516944e-10 
  1984.0   3.8829025660861437e-10 
  1985.0   3.999857458601454e-10 
  1986.0   4.093246494255812e-10 
  1987.0   4.2028413380204797e-10 
  1988.0   4.2825272937635225e-10 
  1989.0   4.364233787522242e-10 
  1990.0   4.4322064822359535e-10 
  1991.0   3.418762145091342e-10 
  1992.0   2.9916036398993725e-10 
  1993.0   2.7965228081733017e-10 
  1994.0   2.687307402036506e-10 
  1995.0   2.6137100199886484e-10 
  1996.0   2.581438393583061e-10 
  1997.0   2.536821240602896e-10 
  1998.0   2.475879769860085e-10 
  1999.0   2.4273823069167675e-10 
  2000.0   2.3989660988838497e-10 
  2001.0   3.705377999549083e-10 
  2002.0   3.43500009718443e-10 
  2003.0   6.011052904125099e-10 
  2004.0   7.367256612565886e-10 
  2005.0   4.901405732928833e-10 
  2006.0   5.108310851305259e-10 
  2007.0   4.897261727046701e-10 
  2008.0   6.033899246954962e-10 
  2009.0   6.363913893752507e-10 
  2010.0   8.224784651884705e-10 
  2011.0   6.520633842729952e-10 
  2012.0   5.172260178340716e-10 
  2013.0   7.127738456892615e-10 
  2014.0   6.543254066672285e-10 
