  1850.0   83.77363266733194 
  1851.0   83.28209790598135 
  1852.0   83.58724398923023 
  1853.0   82.90585202397571 
  1854.0   82.34659237903759 
  1855.0   83.07967574439371 
  1856.0   83.23393136676754 
  1857.0   82.80560644361522 
  1858.0   82.59676974403425 
  1859.0   83.35466834121421 
  1860.0   83.10967444843321 
  1861.0   82.06177748144806 
  1862.0   82.51193832634785 
  1863.0   82.88523296490278 
  1864.0   82.59054504102434 
  1865.0   82.30065383944869 
  1866.0   81.93140984300877 
  1867.0   82.20741194204642 
  1868.0   82.68237728871559 
  1869.0   83.2813039608569 
  1870.0   82.87906160098514 
  1871.0   82.75932161456471 
  1872.0   83.00610331101304 
  1873.0   82.60492105642173 
  1874.0   82.89795266996425 
  1875.0   83.232480691706 
  1876.0   82.56137013622343 
  1877.0   82.39837234693196 
  1878.0   82.58025189522945 
  1879.0   82.45940553857456 
  1880.0   82.80324077437675 
  1881.0   82.93660362520299 
  1882.0   82.01859584210506 
  1883.0   82.3881687218634 
  1884.0   82.2793540807869 
  1885.0   81.66449718075762 
  1886.0   82.43633290318641 
  1887.0   82.25254341357238 
  1888.0   81.37202894547042 
  1889.0   81.646474583253 
  1890.0   81.9027514867941 
  1891.0   81.6791272277988 
  1892.0   81.84780712284834 
  1893.0   81.91454285924519 
  1894.0   81.9477227063672 
  1895.0   81.00009947422623 
  1896.0   81.74968585285099 
  1897.0   82.33921075230418 
  1898.0   81.67246677954398 
  1899.0   81.17856551539542 
  1900.0   81.51100032664719 
  1901.0   81.23897715702319 
  1902.0   81.58935568761783 
  1903.0   81.27985582640909 
  1904.0   80.2422953180668 
  1905.0   80.32826857434748 
  1906.0   80.80116192844504 
  1907.0   80.36392044444888 
  1908.0   80.44459003927568 
  1909.0   80.66597886250166 
  1910.0   80.27110607282212 
  1911.0   79.67713996817172 
  1912.0   80.48989590873389 
  1913.0   80.33799008861436 
  1914.0   79.49038995863421 
  1915.0   79.50724332996155 
  1916.0   79.0647899748585 
  1917.0   78.56343533474922 
  1918.0   79.31178750711638 
  1919.0   79.26128827130334 
  1920.0   78.2969970630862 
  1921.0   78.80511958024911 
  1922.0   78.91854113786417 
  1923.0   77.78501968174771 
  1924.0   76.87650631403159 
  1925.0   77.86561479940275 
  1926.0   78.14105471377685 
  1927.0   77.59885985316448 
  1928.0   76.61839849887387 
  1929.0   77.44227843034216 
  1930.0   77.369272134565 
  1931.0   76.39069777199536 
  1932.0   77.05459654735463 
  1933.0   77.07528790280126 
  1934.0   76.23753415308695 
  1935.0   76.7342691484941 
  1936.0   76.571112013783 
  1937.0   75.891046203652 
  1938.0   76.32065910327074 
  1939.0   76.55255592269444 
  1940.0   75.79406483956562 
  1941.0   76.24179227528958 
  1942.0   76.4301159507936 
  1943.0   75.86745092990351 
  1944.0   75.8378221112724 
  1945.0   76.41132959506344 
  1946.0   76.65187450434881 
  1947.0   75.7506998911706 
  1948.0   74.70461592796381 
  1949.0   75.65153477799385 
  1950.0   76.03681795702903 
  1951.0   75.07579577409629 
  1952.0   73.82993050694638 
  1953.0   74.64310010055297 
  1954.0   75.01565713074594 
  1955.0   74.09541707207444 
  1956.0   73.3901250314647 
  1957.0   73.51646974876937 
  1958.0   74.18897632922092 
  1959.0   73.83408367299722 
  1960.0   73.75458387021226 
  1961.0   73.65253537111711 
  1962.0   73.69732822670196 
  1963.0   73.86021237563433 
  1964.0   73.48563149012868 
  1965.0   73.17444802817977 
  1966.0   73.62989438724746 
  1967.0   73.25516955955742 
  1968.0   72.82350303244522 
  1969.0   73.25775858006647 
  1970.0   72.93421388437305 
  1971.0   72.09935447131235 
  1972.0   73.0176323440798 
  1973.0   72.95833603607244 
  1974.0   71.81926642711925 
  1975.0   71.63707715817479 
  1976.0   71.26119430701443 
  1977.0   72.13834460711199 
  1978.0   72.44534783342243 
  1979.0   71.9106749786875 
  1980.0   71.02714296028537 
  1981.0   71.89678016695404 
  1982.0   72.3171923510836 
  1983.0   71.17440807195271 
  1984.0   70.37119149444236 
  1985.0   71.4562688208174 
  1986.0   71.73362935009428 
  1987.0   71.20627313493034 
  1988.0   70.50766153258567 
  1989.0   70.87582751799901 
  1990.0   71.0058428126809 
  1991.0   70.46877652849201 
  1992.0   70.9646919882088 
  1993.0   70.82776729174161 
  1994.0   70.37130997779616 
  1995.0   70.69407484044335 
  1996.0   70.9102752690959 
  1997.0   70.43634455755469 
  1998.0   70.76166416997444 
  1999.0   71.04849259908337 
  2000.0   71.24745674118277 
  2001.0   71.47647499138914 
  2002.0   71.56740953400325 
  2003.0   71.34364051353579 
  2004.0   70.54705416693342 
  2005.0   71.03035942984914 
  2006.0   71.6138612115105 
  2007.0   71.6150264170592 
  2008.0   71.39084530443512 
  2009.0   71.68708376490923 
  2010.0   71.0461979733243 
  2011.0   70.50646323440048 
  2012.0   70.72113240415194 
  2013.0   71.30713183098615 
  2014.0   71.75418836241508 
