  1850.0   5.5684270251233924e-11 
  1851.0   1.228908085285967e-10 
  1852.0   1.250480752478976e-10 
  1853.0   1.2721613311024827e-10 
  1854.0   1.288877009061567e-10 
  1855.0   1.3053936423314886e-10 
  1856.0   1.2902508076504533e-10 
  1857.0   1.3002452077575397e-10 
  1858.0   1.2825997031716488e-10 
  1859.0   1.2872073342038846e-10 
  1860.0   1.2978761344036494e-10 
  1861.0   1.2505806821192013e-10 
  1862.0   1.249759979402194e-10 
  1863.0   1.2497569043653415e-10 
  1864.0   1.2443567975248972e-10 
  1865.0   1.2424705049879467e-10 
  1866.0   1.2292301275674826e-10 
  1867.0   1.2276888539774292e-10 
  1868.0   1.2269694949189222e-10 
  1869.0   1.2120910813133794e-10 
  1870.0   1.215301198867316e-10 
  1871.0   1.249518384034433e-10 
  1872.0   1.2529979499869353e-10 
  1873.0   1.2581277205992634e-10 
  1874.0   1.2545791977715492e-10 
  1875.0   1.2585932760750476e-10 
  1876.0   1.2323221094969407e-10 
  1877.0   1.2236001520820828e-10 
  1878.0   1.2264312586579401e-10 
  1879.0   1.2318659813149657e-10 
  1880.0   1.2363410774888568e-10 
  1881.0   1.3476405483903216e-10 
  1882.0   1.3511943304106212e-10 
  1883.0   1.3594607841815622e-10 
  1884.0   1.3647555498448186e-10 
  1885.0   1.370212436376854e-10 
  1886.0   1.3762936588971982e-10 
  1887.0   1.382473652045837e-10 
  1888.0   1.3923731585173886e-10 
  1889.0   1.4006962857597584e-10 
  1890.0   1.407840457840625e-10 
  1891.0   1.7705536448017304e-10 
  1892.0   1.786502653914211e-10 
  1893.0   1.7999997248188103e-10 
  1894.0   1.8177280484137273e-10 
  1895.0   1.8312090706752347e-10 
  1896.0   1.8435895723980388e-10 
  1897.0   1.8598323736166008e-10 
  1898.0   1.8887998167152991e-10 
  1899.0   1.885242360753504e-10 
  1900.0   1.896684749056686e-10 
  1901.0   2.1599848242441871e-10 
  1902.0   2.1779701200939798e-10 
  1903.0   2.1921695722521987e-10 
  1904.0   2.1821182025845078e-10 
  1905.0   2.1730497267726735e-10 
  1906.0   2.175297290934902e-10 
  1907.0   2.162025483031808e-10 
  1908.0   2.1768532449749919e-10 
  1909.0   2.1863795587768777e-10 
  1910.0   2.1917755968965768e-10 
  1911.0   2.4075248259325284e-10 
  1912.0   2.4051583972787003e-10 
  1913.0   2.414391582866854e-10 
  1914.0   2.427671623678306e-10 
  1915.0   2.440582353897961e-10 
  1916.0   2.42128740088814e-10 
  1917.0   2.422289261855772e-10 
  1918.0   2.4360737322401643e-10 
  1919.0   2.4449382648498413e-10 
  1920.0   2.459597242332087e-10 
  1921.0   1.9340866922616453e-10 
  1922.0   1.91639184186612e-10 
  1923.0   1.912280714061212e-10 
  1924.0   1.9096286281535133e-10 
  1925.0   1.891702799286413e-10 
  1926.0   1.886370408493229e-10 
  1927.0   1.8800800003219484e-10 
  1928.0   1.872541633324827e-10 
  1929.0   1.8674721032652247e-10 
  1930.0   1.8605230594118202e-10 
  1931.0   2.079175720390373e-10 
  1932.0   2.0923210687417491e-10 
  1933.0   2.0879434427988244e-10 
  1934.0   2.0566710264553182e-10 
  1935.0   2.061108650659718e-10 
  1936.0   2.03556398182295e-10 
  1937.0   2.0404539909435778e-10 
  1938.0   2.0313688826307502e-10 
  1939.0   2.032908399289307e-10 
  1940.0   2.039852109858273e-10 
  1941.0   2.092435590272061e-10 
  1942.0   2.0892103654614837e-10 
  1943.0   2.0569029435883544e-10 
  1944.0   2.057457557414701e-10 
  1945.0   2.0600185866889258e-10 
  1946.0   2.0564860249559104e-10 
  1947.0   2.0571116738652606e-10 
  1948.0   2.0574601918379656e-10 
  1949.0   2.0518646003332226e-10 
  1950.0   2.0515669656954614e-10 
  1951.0   3.100974333176396e-10 
  1952.0   3.1166436947563854e-10 
  1953.0   3.127858100212723e-10 
  1954.0   3.143344646609167e-10 
  1955.0   3.1743456449790905e-10 
  1956.0   3.190308445142269e-10 
  1957.0   3.21489478414863e-10 
  1958.0   3.2204710254922594e-10 
  1959.0   3.2340439422201464e-10 
  1960.0   3.260416621398768e-10 
  1961.0   1.5388689855241466e-10 
  1962.0   1.5123348590288381e-10 
  1963.0   1.4668913942358897e-10 
  1964.0   1.4413679956013675e-10 
  1965.0   1.4151413471294274e-10 
  1966.0   1.3865016453383067e-10 
  1967.0   1.3553208020409333e-10 
  1968.0   1.3273465330057304e-10 
  1969.0   1.2977112581059397e-10 
  1970.0   1.2607090406570584e-10 
  1971.0   1.6790111271495876e-10 
  1972.0   1.6901393205329187e-10 
  1973.0   1.6936420797802643e-10 
  1974.0   1.6791773475980877e-10 
  1975.0   1.6945645194241915e-10 
  1976.0   1.688112633047351e-10 
  1977.0   1.6956193865964668e-10 
  1978.0   1.6941827177694266e-10 
  1979.0   1.7053953759414594e-10 
  1980.0   1.7115535472997254e-10 
  1981.0   4.2580358895752054e-10 
  1982.0   4.299807666027498e-10 
  1983.0   4.3597116367318044e-10 
  1984.0   4.4200359047483263e-10 
  1985.0   4.442620288360026e-10 
  1986.0   4.506808877346889e-10 
  1987.0   4.5465715099501083e-10 
  1988.0   4.5648461300465605e-10 
  1989.0   4.578926876193543e-10 
  1990.0   4.6184685477112736e-10 
  1991.0   2.1311417271309887e-10 
  1992.0   2.109231336869209e-10 
  1993.0   2.0820012594473438e-10 
  1994.0   2.055232073595751e-10 
  1995.0   2.02574602075858e-10 
  1996.0   2.0034617273916534e-10 
  1997.0   1.9720357874596736e-10 
  1998.0   1.9487027111677958e-10 
  1999.0   1.9239775978346606e-10 
  2000.0   1.8728259583024718e-10 
  2001.0   4.116246856310493e-10 
  2002.0   2.7349504973680406e-10 
  2003.0   9.190340561648955e-10 
  2004.0   9.596486670435396e-10 
  2005.0   1.7591523376315418e-10 
  2006.0   4.720654507824751e-10 
  2007.0   4.195137719761985e-10 
  2008.0   6.115618060951371e-10 
  2009.0   6.696400422711801e-10 
  2010.0   9.551986371150268e-10 
  2011.0   4.980900915933746e-10 
  2012.0   2.7947546014297113e-10 
  2013.0   1.047637315825541e-09 
  2014.0   5.194488180555302e-10 
