  1850.0   8.761610415773276 
  1851.0   8.913651020378326 
  1852.0   9.120254533995288 
  1853.0   8.981908903527298 
  1854.0   8.910682701019946 
  1855.0   8.706789271788617 
  1856.0   8.629685178630181 
  1857.0   8.55887073015022 
  1858.0   8.714691964461233 
  1859.0   8.78000610776914 
  1860.0   8.797871268976769 
  1861.0   9.01698439811673 
  1862.0   9.054073936221895 
  1863.0   8.990190337702348 
  1864.0   8.856603680031164 
  1865.0   8.757975426250827 
  1866.0   8.550256657566079 
  1867.0   8.61957947363716 
  1868.0   8.507184810735282 
  1869.0   8.597610127605959 
  1870.0   8.58930666804261 
  1871.0   8.82357286366373 
  1872.0   9.029069333503157 
  1873.0   8.763599839867457 
  1874.0   8.810822012783023 
  1875.0   8.887837243944702 
  1876.0   8.857291901054152 
  1877.0   8.941468227008379 
  1878.0   8.61778104500116 
  1879.0   8.535812727367269 
  1880.0   8.764944097078983 
  1881.0   8.989006818936348 
  1882.0   8.657311554112118 
  1883.0   8.649439417586235 
  1884.0   8.724586857827422 
  1885.0   8.678574579312034 
  1886.0   8.674954259942842 
  1887.0   8.720257626267161 
  1888.0   8.957313294797581 
  1889.0   9.007329877529923 
  1890.0   8.898568575133112 
  1891.0   8.930827315423862 
  1892.0   9.07705237138814 
  1893.0   8.96298534802034 
  1894.0   8.805127380434051 
  1895.0   8.793226863714636 
  1896.0   8.816760699896705 
  1897.0   8.91014280636944 
  1898.0   8.699748705857283 
  1899.0   8.663389944033154 
  1900.0   8.739238660129367 
  1901.0   8.884351386177118 
  1902.0   8.936251875766795 
  1903.0   8.861189325131372 
  1904.0   8.759033049194032 
  1905.0   8.875568678280663 
  1906.0   8.547440904938114 
  1907.0   8.702123965706065 
  1908.0   8.964144181494936 
  1909.0   8.980696463151919 
  1910.0   8.834427193579975 
  1911.0   8.719224908465478 
  1912.0   8.744745266186227 
  1913.0   8.905269173077343 
  1914.0   8.785798194974854 
  1915.0   8.936938313257494 
  1916.0   8.884617000535657 
  1917.0   8.784346594719054 
  1918.0   8.844756909443863 
  1919.0   9.002217014165751 
  1920.0   8.834853549331267 
  1921.0   8.54157448939597 
  1922.0   8.592618122576392 
  1923.0   8.84075272405033 
  1924.0   8.762368287541642 
  1925.0   8.74965898593904 
  1926.0   8.870785486152247 
  1927.0   8.787490673835213 
  1928.0   8.882265415196201 
  1929.0   8.891173782867572 
  1930.0   8.829146501603548 
  1931.0   8.594032738969794 
  1932.0   8.76164341207975 
  1933.0   8.933579668073234 
  1934.0   9.061712418508733 
  1935.0   8.604518064323546 
  1936.0   8.743558338011313 
  1937.0   8.966854507298407 
  1938.0   8.826184603761186 
  1939.0   8.887316824066405 
  1940.0   8.812612492693184 
  1941.0   8.909453644462701 
  1942.0   8.732496047294124 
  1943.0   8.619421744707779 
  1944.0   8.68260903520282 
  1945.0   8.963435909080108 
  1946.0   9.116736235732295 
  1947.0   9.053219660782155 
  1948.0   9.019403769864256 
  1949.0   8.601130923459095 
  1950.0   8.59710785380761 
  1951.0   8.546257812436249 
  1952.0   8.484151078181856 
  1953.0   8.808006009890159 
  1954.0   8.934664992033508 
  1955.0   8.867849503656096 
  1956.0   8.64933136243572 
  1957.0   8.438538875195057 
  1958.0   8.624604742307742 
  1959.0   8.778047428058892 
  1960.0   8.95575093481687 
  1961.0   8.936547327441561 
  1962.0   8.94363535473398 
  1963.0   8.719288454857319 
  1964.0   8.551419273128806 
  1965.0   8.731782913612053 
  1966.0   8.589931654016976 
  1967.0   8.580314371974087 
  1968.0   8.484109625488742 
  1969.0   8.799166952362762 
  1970.0   8.96255863006434 
  1971.0   9.015147850469 
  1972.0   8.73866811948723 
  1973.0   8.601180894867419 
  1974.0   8.862332756821125 
  1975.0   9.051845586722136 
  1976.0   8.977496426250855 
  1977.0   8.927144085143198 
  1978.0   8.807353008670386 
  1979.0   8.799740321737765 
  1980.0   9.014318594332549 
  1981.0   8.591592311126517 
  1982.0   8.859966231291038 
  1983.0   9.001231227956445 
  1984.0   8.708851693076761 
  1985.0   8.855791856851567 
  1986.0   9.162591419911035 
  1987.0   9.269271887441214 
  1988.0   9.04319830351088 
  1989.0   9.041852422599156 
  1990.0   9.213470795836287 
  1991.0   9.185172233908713 
  1992.0   8.841735925413893 
  1993.0   9.071696624788865 
  1994.0   9.322998162076978 
  1995.0   9.183873239152513 
  1996.0   9.285101649792665 
  1997.0   9.092832380388806 
  1998.0   9.21875699533329 
  1999.0   9.396942667437239 
  2000.0   9.060530228550094 
  2001.0   9.115932425104441 
  2002.0   9.256742348074233 
  2003.0   9.238858597933385 
  2004.0   9.354900962376622 
  2005.0   9.516067264679315 
  2006.0   9.604423198401465 
  2007.0   9.254348041976305 
  2008.0   9.075857362290467 
  2009.0   9.32058903958808 
  2010.0   9.375205631279684 
  2011.0   9.201830390211677 
  2012.0   9.138935785403826 
  2013.0   9.232737456811583 
  2014.0   9.388217167345028 
