  1850.0   7.2676586964770475 
  1851.0   7.228666993493306 
  1852.0   7.210014089588118 
  1853.0   7.194574121380112 
  1854.0   7.2230459385603565 
  1855.0   7.197199943013273 
  1856.0   7.253636627932602 
  1857.0   7.2217938339782775 
  1858.0   7.2080524401178545 
  1859.0   7.27291505180245 
  1860.0   7.216945694627811 
  1861.0   7.212237605041545 
  1862.0   7.287947376187173 
  1863.0   7.225630247393359 
  1864.0   7.237205155732016 
  1865.0   7.201968685651185 
  1866.0   7.238515347311543 
  1867.0   7.198616726751344 
  1868.0   7.217525251187289 
  1869.0   7.25230368047732 
  1870.0   7.217489819573873 
  1871.0   7.171224675367563 
  1872.0   7.208618356040226 
  1873.0   7.253067198465027 
  1874.0   7.202930776389831 
  1875.0   7.14455119525427 
  1876.0   7.231098772047184 
  1877.0   7.250625413616267 
  1878.0   7.220138581453676 
  1879.0   7.199085635805734 
  1880.0   7.275103453066524 
  1881.0   7.239579159182685 
  1882.0   7.2500191929949604 
  1883.0   7.167842518488186 
  1884.0   7.243755238542975 
  1885.0   7.216718547200634 
  1886.0   7.26155922093451 
  1887.0   7.2730372798992216 
  1888.0   7.265134589486566 
  1889.0   7.256252029241649 
  1890.0   7.347140376800309 
  1891.0   7.335322524131909 
  1892.0   7.2955619646894405 
  1893.0   7.37187315341553 
  1894.0   7.308520504368038 
  1895.0   7.274336837544698 
  1896.0   7.35248737201943 
  1897.0   7.3430745019519215 
  1898.0   7.286094936805245 
  1899.0   7.281025742809492 
  1900.0   7.3456833327125715 
  1901.0   7.401094265262157 
  1902.0   7.3651647751862255 
  1903.0   7.422765174767034 
  1904.0   7.340322807601693 
  1905.0   7.325695197082141 
  1906.0   7.389315107974141 
  1907.0   7.368414575281412 
  1908.0   7.378789947559988 
  1909.0   7.420561277296604 
  1910.0   7.394480761032101 
  1911.0   7.45175535883435 
  1912.0   7.402322674348029 
  1913.0   7.416900601823677 
  1914.0   7.466940722734852 
  1915.0   7.405275641720642 
  1916.0   7.480206166351595 
  1917.0   7.411519359616116 
  1918.0   7.419049724349235 
  1919.0   7.423236199428264 
  1920.0   7.46527562112091 
  1921.0   7.412303545694013 
  1922.0   7.410197676848249 
  1923.0   7.434139952129904 
  1924.0   7.441110976558726 
  1925.0   7.4023840881253244 
  1926.0   7.4598528387109 
  1927.0   7.509164836193219 
  1928.0   7.52846486364602 
  1929.0   7.476113628805418 
  1930.0   7.497049175645131 
  1931.0   7.508077324768762 
  1932.0   7.524528776009802 
  1933.0   7.565901393618373 
  1934.0   7.500031012954953 
  1935.0   7.599297210829151 
  1936.0   7.537425000057153 
  1937.0   7.579249539765416 
  1938.0   7.486433688490414 
  1939.0   7.57796700288395 
  1940.0   7.5162955712985235 
  1941.0   7.577339149117464 
  1942.0   7.5583770145718505 
  1943.0   7.517162524996652 
  1944.0   7.507838356035934 
  1945.0   7.494309734761949 
  1946.0   7.511440959694189 
  1947.0   7.587448999806665 
  1948.0   7.5339662200312185 
  1949.0   7.592492643712439 
  1950.0   7.550067344343224 
  1951.0   7.556730131254695 
  1952.0   7.516893560923591 
  1953.0   7.531801862052367 
  1954.0   7.656705204984869 
  1955.0   7.5837489606507 
  1956.0   7.56122228380966 
  1957.0   7.653074690845305 
  1958.0   7.658416379442537 
  1959.0   7.60113906294275 
  1960.0   7.632131576795923 
  1961.0   7.667837508703841 
  1962.0   7.655451144351041 
  1963.0   7.65838418756429 
  1964.0   7.637652898696767 
  1965.0   7.625066649951294 
  1966.0   7.606004455567483 
  1967.0   7.601424236529158 
  1968.0   7.636402447892004 
  1969.0   7.7255507643921115 
  1970.0   7.676511044560554 
  1971.0   7.6376455102764185 
  1972.0   7.634855831186432 
  1973.0   7.707302492764245 
  1974.0   7.650433502615705 
  1975.0   7.690312118057896 
  1976.0   7.668250435521082 
  1977.0   7.7409827403085325 
  1978.0   7.690945225265352 
  1979.0   7.711944408883307 
  1980.0   7.721206423920898 
  1981.0   7.714531431782294 
  1982.0   7.713731612964005 
  1983.0   7.73898583258117 
  1984.0   7.756222624921352 
  1985.0   7.729147656399823 
  1986.0   7.748414359079363 
  1987.0   7.727300774602861 
  1988.0   7.7399160496982145 
  1989.0   7.730532479249611 
  1990.0   7.770886032191604 
  1991.0   7.763982431048629 
  1992.0   7.773055268672926 
  1993.0   7.7778235921822025 
  1994.0   7.781868018292618 
  1995.0   7.8365421987821 
  1996.0   7.8598937163744225 
  1997.0   7.902984126604373 
  1998.0   7.845113309307992 
  1999.0   7.822880442810598 
  2000.0   7.84952416467933 
  2001.0   7.828737854518088 
  2002.0   7.767960961286844 
  2003.0   7.880488874975513 
  2004.0   7.890724133451568 
  2005.0   7.8170821548974985 
  2006.0   7.856008007378086 
  2007.0   7.895229667404471 
  2008.0   7.922076326215235 
  2009.0   7.8088787914823445 
  2010.0   7.8318510253133855 
  2011.0   7.871149142064251 
  2012.0   7.804964937053047 
  2013.0   7.769859712513021 
  2014.0   7.819297949048687 
