  1850.0   49.54836816112566 
  1851.0   49.574036235575505 
  1852.0   49.57546884997907 
  1853.0   49.54077642966793 
  1854.0   49.532036562996915 
  1855.0   49.52435472336232 
  1856.0   49.46781491562007 
  1857.0   49.46023516797178 
  1858.0   49.44278159752184 
  1859.0   49.42367799502466 
  1860.0   49.41567442102685 
  1861.0   49.386760806589095 
  1862.0   49.386438489735575 
  1863.0   49.41796465235076 
  1864.0   49.43711214759528 
  1865.0   49.457728683990624 
  1866.0   49.46746934630101 
  1867.0   49.48102034468568 
  1868.0   49.478442566974955 
  1869.0   49.49241698363049 
  1870.0   49.5028387826656 
  1871.0   49.515117942478405 
  1872.0   49.517145631789106 
  1873.0   49.50548483316337 
  1874.0   49.471387939071555 
  1875.0   49.457092974688486 
  1876.0   49.44068212822889 
  1877.0   49.44456809494195 
  1878.0   49.43148158022445 
  1879.0   49.41678684974867 
  1880.0   49.43126781116382 
  1881.0   49.41245181922418 
  1882.0   49.375747586256864 
  1883.0   49.32739714832955 
  1884.0   49.32864748847996 
  1885.0   49.33413660283277 
  1886.0   49.34020257311799 
  1887.0   49.3280598658021 
  1888.0   49.33092722994696 
  1889.0   49.34207406269004 
  1890.0   49.32003626028338 
  1891.0   49.29495350297478 
  1892.0   49.280559273305414 
  1893.0   49.25306175672088 
  1894.0   49.236311029139635 
  1895.0   49.22227789763339 
  1896.0   49.15438566554677 
  1897.0   49.096713978683574 
  1898.0   49.072978895461986 
  1899.0   49.0343591996427 
  1900.0   48.997581523844275 
  1901.0   48.99529802348929 
  1902.0   48.988376130433494 
  1903.0   48.99044250821213 
  1904.0   48.99454958579797 
  1905.0   48.99469847116123 
  1906.0   48.974918904657244 
  1907.0   48.95062533691856 
  1908.0   48.94050019492072 
  1909.0   48.92676977438276 
  1910.0   48.92445430280324 
  1911.0   48.905631035735865 
  1912.0   48.85873076302962 
  1913.0   48.78656138856069 
  1914.0   48.75731124417237 
  1915.0   48.758933123530404 
  1916.0   48.75461565952319 
  1917.0   48.75403752377002 
  1918.0   48.730683013272056 
  1919.0   48.71437727796607 
  1920.0   48.69528852768787 
  1921.0   48.677351005243544 
  1922.0   48.661400646433115 
  1923.0   48.65160829328426 
  1924.0   48.648535744279336 
  1925.0   48.643053710775824 
  1926.0   48.596189893557806 
  1927.0   48.58488967720988 
  1928.0   48.53582315953952 
  1929.0   48.49305103513936 
  1930.0   48.459386247874626 
  1931.0   48.44908954060989 
  1932.0   48.43191263419546 
  1933.0   48.40593546075564 
  1934.0   48.37824798185832 
  1935.0   48.34087664164876 
  1936.0   48.33476097305562 
  1937.0   48.32696394065249 
  1938.0   48.29385931375385 
  1939.0   48.25296585794262 
  1940.0   48.1993496587075 
  1941.0   48.16876591058947 
  1942.0   48.16842644654169 
  1943.0   48.11298987377607 
  1944.0   48.10078110444044 
  1945.0   48.110176289787304 
  1946.0   48.08344446254146 
  1947.0   48.08583300217179 
  1948.0   48.07548587945291 
  1949.0   48.04278841559792 
  1950.0   48.00325465918181 
  1951.0   47.990701935478384 
  1952.0   47.97388492713866 
  1953.0   47.94685567436769 
  1954.0   47.940035701346446 
  1955.0   47.931114967767 
  1956.0   47.93649191288465 
  1957.0   47.911757714680334 
  1958.0   47.86553780384448 
  1959.0   47.848945033834696 
  1960.0   47.849461135061986 
  1961.0   47.839540790362 
  1962.0   47.81352525603626 
  1963.0   47.81665214858839 
  1964.0   47.81428216401351 
  1965.0   47.80899058185775 
  1966.0   47.8206501512595 
  1967.0   47.82119039503764 
  1968.0   47.81212923089068 
  1969.0   47.80845637756552 
  1970.0   47.78074306542636 
  1971.0   47.77016341408996 
  1972.0   47.76640495264962 
  1973.0   47.75852968230627 
  1974.0   47.741154839428205 
  1975.0   47.74380121094344 
  1976.0   47.73017112792182 
  1977.0   47.68692951996829 
  1978.0   47.671902221027764 
  1979.0   47.68544827462868 
  1980.0   47.68135118407786 
  1981.0   47.62010147222854 
  1982.0   47.59758588382048 
  1983.0   47.60848235752097 
  1984.0   47.58856376715488 
  1985.0   47.58945142310363 
  1986.0   47.58626433962663 
  1987.0   47.58618190997003 
  1988.0   47.57637362237856 
  1989.0   47.56450641953543 
  1990.0   47.55625078280247 
  1991.0   47.51048093672856 
  1992.0   47.501283372161694 
  1993.0   47.52739137823326 
  1994.0   47.54833596501241 
  1995.0   47.56103848584301 
  1996.0   47.557105620563775 
  1997.0   47.53384584020599 
  1998.0   47.49000344647426 
  1999.0   47.499042003665124 
  2000.0   47.52509604523051 
  2001.0   47.52878581131662 
  2002.0   47.502996740119336 
  2003.0   47.489466080859174 
  2004.0   47.47261939178823 
  2005.0   47.45529268974777 
  2006.0   47.45026984312861 
  2007.0   47.42224456089872 
  2008.0   47.4039963186292 
  2009.0   47.424650971945496 
  2010.0   47.44451167978902 
  2011.0   47.43193353196628 
  2012.0   47.405790870062496 
  2013.0   47.4030855971602 
  2014.0   47.4061810724728 
