  1850.0   0.18265712502338302 
  1851.0   0.23193811632256633 
  1852.0   0.2660986424654758 
  1853.0   0.292187358363796 
  1854.0   0.3104225027713046 
  1855.0   0.3240468663463832 
  1856.0   0.3345227123983768 
  1857.0   0.3441173980343153 
  1858.0   0.35116338342505893 
  1859.0   0.3568388053474246 
  1860.0   0.3604674978607036 
  1861.0   0.36395928057044813 
  1862.0   0.36747312003939425 
  1863.0   0.37109313441915864 
  1864.0   0.3746770732170794 
  1865.0   0.38020153407462925 
  1866.0   0.383458838629413 
  1867.0   0.38755900379775904 
  1868.0   0.39067533053651576 
  1869.0   0.39471924430980415 
  1870.0   0.4008921878076651 
  1871.0   0.4066247476412218 
  1872.0   0.41121738778528366 
  1873.0   0.4176340194106505 
  1874.0   0.4219726837585638 
  1875.0   0.4273799609845522 
  1876.0   0.4312458923425819 
  1877.0   0.4353311847285993 
  1878.0   0.4395953694136715 
  1879.0   0.4416250994173077 
  1880.0   0.448502606526599 
  1881.0   0.4590635107730082 
  1882.0   0.4671667486714246 
  1883.0   0.47480458825579597 
  1884.0   0.4805432844436845 
  1885.0   0.48725231269081554 
  1886.0   0.4925024281454055 
  1887.0   0.4975500389271387 
  1888.0   0.5013475823944029 
  1889.0   0.507657358048354 
  1890.0   0.5175618437084684 
  1891.0   0.5312299315510634 
  1892.0   0.5422051171434711 
  1893.0   0.5515482413930677 
  1894.0   0.560121713573237 
  1895.0   0.5693606090594517 
  1896.0   0.5759164304852058 
  1897.0   0.5857986743288692 
  1898.0   0.5919794342185294 
  1899.0   0.5991250482759457 
  1900.0   0.610697318988723 
  1901.0   0.6233600064105083 
  1902.0   0.6335359533679881 
  1903.0   0.6448384987719686 
  1904.0   0.6533479723841301 
  1905.0   0.6614900220987858 
  1906.0   0.6683324651281299 
  1907.0   0.6781284047838282 
  1908.0   0.6816997518708406 
  1909.0   0.6916766255134175 
  1910.0   0.7003261036825915 
  1911.0   0.711896094669188 
  1912.0   0.7208433319949483 
  1913.0   0.7338705395277972 
  1914.0   0.7403413424542141 
  1915.0   0.7493843005770766 
  1916.0   0.7576402906952538 
  1917.0   0.7665200453785751 
  1918.0   0.7743637473798487 
  1919.0   0.7814735432972494 
  1920.0   0.7760209007764006 
  1921.0   0.7740251784204905 
  1922.0   0.7753259416979335 
  1923.0   0.7760383441202482 
  1924.0   0.7776761689309053 
  1925.0   0.7779243174407943 
  1926.0   0.7809421372718314 
  1927.0   0.7856807231394438 
  1928.0   0.7902262178759213 
  1929.0   0.7951796132237317 
  1930.0   0.8043023089560486 
  1931.0   0.8125642358542277 
  1932.0   0.8190431877370988 
  1933.0   0.8275828232001599 
  1934.0   0.8352264061144913 
  1935.0   0.8416265302736978 
  1936.0   0.8485627897339819 
  1937.0   0.8548529442379289 
  1938.0   0.8611716840337754 
  1939.0   0.8663201845737348 
  1940.0   0.8753529374791558 
  1941.0   0.885312636795287 
  1942.0   0.8947872272264688 
  1943.0   0.9035573703649845 
  1944.0   0.9100348688033096 
  1945.0   0.9161420928959939 
  1946.0   0.9253959835430876 
  1947.0   0.9302156383547406 
  1948.0   0.93527396696846 
  1949.0   0.9428441619111255 
  1950.0   0.9718534419199649 
  1951.0   0.9971690987672421 
  1952.0   1.0158202225234194 
  1953.0   1.0348412153090216 
  1954.0   1.0550942790917277 
  1955.0   1.0720131206597052 
  1956.0   1.086965753967117 
  1957.0   1.1033106476731116 
  1958.0   1.1218518388908267 
  1959.0   1.1394349834049364 
  1960.0   1.1275971583320676 
  1961.0   1.1256006666714775 
  1962.0   1.1262993370746583 
  1963.0   1.125911338930807 
  1964.0   1.128791341227811 
  1965.0   1.1334274637182773 
  1966.0   1.140899796988568 
  1967.0   1.1453305511953336 
  1968.0   1.147123108429812 
  1969.0   1.1506683414565353 
  1970.0   1.170277672894045 
  1971.0   1.1874351330054773 
  1972.0   1.202847557706273 
  1973.0   1.2157635583394877 
  1974.0   1.2271099898079603 
  1975.0   1.2349726872942381 
  1976.0   1.2433742650682365 
  1977.0   1.25214339646783 
  1978.0   1.2589967432532698 
  1979.0   1.265616014099834 
  1980.0   1.2867794451585577 
  1981.0   1.3002143931309589 
  1982.0   1.3134194453845716 
  1983.0   1.3256179171179525 
  1984.0   1.3382479818203266 
  1985.0   1.352305908717827 
  1986.0   1.3687483413899937 
  1987.0   1.3851671176310816 
  1988.0   1.4014969028212998 
  1989.0   1.4164955103701298 
  1990.0   1.3996146312157172 
  1991.0   1.3931338814367138 
  1992.0   1.3908511421640364 
  1993.0   1.3915615094541531 
  1994.0   1.392644953320112 
  1995.0   1.3954129712822438 
  1996.0   1.3995318908929792 
  1997.0   1.4070501896315162 
  1998.0   1.4141927572342121 
  1999.0   1.42252317672918 
  2000.0   1.4683059025889003 
  2001.0   1.4695758546649527 
  2002.0   1.5429220770030971 
  2003.0   1.6111160353770595 
  2004.0   1.5753435977355672 
  2005.0   1.5906765676491663 
  2006.0   1.5928042229518584 
  2007.0   1.6345222296728923 
  2008.0   1.6647261313741624 
  2009.0   1.7747563977241392 
  2010.0   1.7444438525318373 
  2011.0   1.742866700174115 
  2012.0   1.7890939622032547 
  2013.0   1.8003077787057236 
  2014.0   1.7931052119378375 
