  1850.0   0.052722590322983556 
  1851.0   -0.15207895843272412 
  1852.0   -0.22809442256893078 
  1853.0   -0.11134895247351778 
  1854.0   -0.02510998856429879 
  1855.0   -0.04103944733433613 
  1856.0   -0.10836459789224158 
  1857.0   -0.04808464064056611 
  1858.0   -0.1727401618281774 
  1859.0   -0.013675685292622286 
  1860.0   -0.039353574392945304 
  1861.0   -0.19537593204290568 
  1862.0   -0.054669600082753136 
  1863.0   -0.01035425047953836 
  1864.0   0.019694347918592512 
  1865.0   -0.14694547988995244 
  1866.0   -0.062355997391900043 
  1867.0   -0.08387226322008304 
  1868.0   0.019765997541210504 
  1869.0   -0.05982152902417895 
  1870.0   -0.03318552877182242 
  1871.0   -0.009012937038365396 
  1872.0   -0.18873687948285797 
  1873.0   -0.10512339979514843 
  1874.0   -0.03264219912723397 
  1875.0   0.010219384229697532 
  1876.0   -0.18843890121592813 
  1877.0   -0.1409184210678935 
  1878.0   -0.0446010119796256 
  1879.0   -0.04183802138771349 
  1880.0   -0.017991998093857983 
  1881.0   0.026120629108185085 
  1882.0   0.0458483539330459 
  1883.0   -0.10751449765616368 
  1884.0   0.029521074954846783 
  1885.0   0.06843331519899169 
  1886.0   -0.032265543174711274 
  1887.0   0.054652429582274786 
  1888.0   -0.10710065221383551 
  1889.0   -0.1502108871421223 
  1890.0   0.05530284588168075 
  1891.0   0.10426259621499469 
  1892.0   0.02538338562741256 
  1893.0   -0.19570560523855143 
  1894.0   -0.01634646976721298 
  1895.0   -0.01191518286408247 
  1896.0   -0.03942878844691439 
  1897.0   -0.012415719402058389 
  1898.0   -0.14147760172695176 
  1899.0   -0.12674252676971762 
  1900.0   -0.024148209150490478 
  1901.0   -0.04269457422411083 
  1902.0   -0.20915981459145602 
  1903.0   0.006553741072528036 
  1904.0   -0.04154707116551806 
  1905.0   -0.012304622435734871 
  1906.0   -0.007595634738489773 
  1907.0   -0.035409571421594954 
  1908.0   -0.15290404262054288 
  1909.0   -0.15308014563605277 
  1910.0   -0.038095380608750465 
  1911.0   -0.033213744474295696 
  1912.0   -0.2556412578518532 
  1913.0   -0.1069664507292044 
  1914.0   0.07831403888771209 
  1915.0   0.09333115009180513 
  1916.0   -0.17641831913634257 
  1917.0   -0.1816101015704188 
  1918.0   -0.1273261708362015 
  1919.0   -0.06491884060309683 
  1920.0   0.01343908990984583 
  1921.0   -0.0769360444255743 
  1922.0   -0.1429243157265288 
  1923.0   -0.10561948015735641 
  1924.0   0.026222357234480503 
  1925.0   0.0238115114225933 
  1926.0   0.04925088924566147 
  1927.0   -0.05194133236162903 
  1928.0   -0.05579323501138564 
  1929.0   -0.036781766374782865 
  1930.0   -0.06141408119407754 
  1931.0   -0.07144682903887901 
  1932.0   -0.09629753001010455 
  1933.0   -0.09189572537318202 
  1934.0   -0.0830360512609676 
  1935.0   -0.11441337838591992 
  1936.0   -0.17588384256990766 
  1937.0   -0.004238221032941749 
  1938.0   -0.01746824337532016 
  1939.0   -0.026179866778389908 
  1940.0   -0.13663633986063245 
  1941.0   -0.21735220359075907 
  1942.0   -0.024295042815105996 
  1943.0   0.034282811180473896 
  1944.0   0.02525614446310295 
  1945.0   -0.263518547836227 
  1946.0   -0.15276349658132285 
  1947.0   -0.02685342494535593 
  1948.0   0.0032279640763196115 
  1949.0   0.031920529391631224 
  1950.0   -0.3174715558839076 
  1951.0   -0.08857286550735646 
  1952.0   -0.14208468097285828 
  1953.0   -0.13542444559834915 
  1954.0   -0.11247820626671443 
  1955.0   -0.08634878533966646 
  1956.0   -0.15947327541809064 
  1957.0   -0.27912248135622925 
  1958.0   -0.25055522374065853 
  1959.0   -0.029793046950494496 
  1960.0   -0.09065659624213512 
  1961.0   -0.19960660961783588 
  1962.0   -0.12197480156348035 
  1963.0   0.042190502540583034 
  1964.0   0.09098133782403521 
  1965.0   0.09941363624883565 
  1966.0   -0.14550840277356522 
  1967.0   -0.05571528023267505 
  1968.0   0.11668567294635669 
  1969.0   0.12476162254186694 
  1970.0   -0.13725893226645594 
  1971.0   -0.031602515046844935 
  1972.0   -0.031478735329497125 
  1973.0   0.041191972150917903 
  1974.0   0.03811966654238144 
  1975.0   -0.05251774130401222 
  1976.0   -0.1791235985306537 
  1977.0   -0.02574855617266669 
  1978.0   0.04590285143172679 
  1979.0   -0.012924346878036322 
  1980.0   0.0028816107003896475 
  1981.0   -0.13770861385440542 
  1982.0   0.007828708812165472 
  1983.0   0.0890678245530009 
  1984.0   0.02254158055617206 
  1985.0   0.028038159017392143 
  1986.0   -0.06267345154070947 
  1987.0   0.05535341650630915 
  1988.0   0.06707707130380938 
  1989.0   0.0014520003396076193 
  1990.0   0.062302636133734504 
  1991.0   -0.11445309829054545 
  1992.0   0.14966352926564186 
  1993.0   0.22398047725228604 
  1994.0   0.12268256962892778 
  1995.0   0.16082798415371452 
  1996.0   0.20272896453505163 
  1997.0   -0.04233418624651272 
  1998.0   0.05548724226978815 
  1999.0   0.20240888025991652 
  2000.0   0.12197643853963018 
  2001.0   0.12823103785830617 
  2002.0   0.04998262014333379 
  2003.0   0.04750914209637692 
  2004.0   0.014772291545544035 
  2005.0   -0.11777994533107154 
  2006.0   0.16521252986298318 
  2007.0   0.15824751554858926 
  2008.0   0.05012173783106221 
  2009.0   -0.05964249907568109 
  2010.0   -0.12981322066422507 
  2011.0   -0.02873902753599085 
  2012.0   -0.0009559334404776054 
  2013.0   -0.01700186103550683 
  2014.0   -0.025697432442779177 
