  1850.0   -0.06811070508847715 
  1851.0   -0.3662904282183967 
  1852.0   -0.9279592246544835 
  1853.0   -0.7961011042279382 
  1854.0   0.17757051829044096 
  1855.0   -0.659041925622457 
  1856.0   -0.3558030391771487 
  1857.0   -0.1509406349112357 
  1858.0   -0.5485079529442697 
  1859.0   -0.44126652733161925 
  1860.0   -0.2908473293927638 
  1861.0   -0.7627214258321888 
  1862.0   0.15583546488514366 
  1863.0   -0.04711301704501464 
  1864.0   -0.035991709292179964 
  1865.0   -0.5283987304274242 
  1866.0   0.08694348062613763 
  1867.0   -0.40057398689106344 
  1868.0   -0.24065488169995122 
  1869.0   -0.18630674432534094 
  1870.0   0.024094524001984332 
  1871.0   -0.022588495667575363 
  1872.0   -0.0185969713540018 
  1873.0   -0.6618732302157531 
  1874.0   -0.41717679977382477 
  1875.0   -0.1463592671735132 
  1876.0   0.1462669554094343 
  1877.0   0.0185623032882984 
  1878.0   -0.5298745702105676 
  1879.0   0.21006334554228914 
  1880.0   -0.21471022735086248 
  1881.0   -0.5844294678370167 
  1882.0   -0.4883401222822415 
  1883.0   0.10752783049729571 
  1884.0   0.2911403124097819 
  1885.0   0.2156177485013489 
  1886.0   -0.053953683621778846 
  1887.0   -0.12631690327946732 
  1888.0   0.25810127067610966 
  1889.0   -0.5032026234226361 
  1890.0   -0.40176712896439093 
  1891.0   -0.011712112572705288 
  1892.0   -0.18334962929480905 
  1893.0   -0.16263613433353105 
  1894.0   0.09075243484239308 
  1895.0   -0.3055085522318318 
  1896.0   -1.5471018327524684 
  1897.0   -0.0035637811001783546 
  1898.0   0.058426704244494435 
  1899.0   -0.005590166582231796 
  1900.0   0.2658648972243056 
  1901.0   0.1828795883811951 
  1902.0   -0.168683914941346 
  1903.0   0.09809975325279484 
  1904.0   0.062427131610273474 
  1905.0   -0.19662122848053878 
  1906.0   -0.4971312594428837 
  1907.0   -0.06239667308101088 
  1908.0   0.0015887999106517015 
  1909.0   0.1571351661147831 
  1910.0   -0.25111785635077116 
  1911.0   -0.31434169293443426 
  1912.0   -0.8261084476133925 
  1913.0   -0.5181284046290655 
  1914.0   0.4427832544412908 
  1915.0   0.40288375539619714 
  1916.0   -0.016956394254043407 
  1917.0   -0.21493823647239887 
  1918.0   -0.22562693982042126 
  1919.0   -0.13317618003899465 
  1920.0   -0.370682704941775 
  1921.0   0.003782734486496781 
  1922.0   -0.0891735208318613 
  1923.0   0.1277156378416121 
  1924.0   0.16202925681728478 
  1925.0   -0.5137054487251889 
  1926.0   -0.5145130098640801 
  1927.0   -0.1921653079633423 
  1928.0   -0.4261456055268462 
  1929.0   -0.09774412600826615 
  1930.0   0.20417159420342812 
  1931.0   0.14194608857422675 
  1932.0   -0.1412977450338407 
  1933.0   -0.2006206864568324 
  1934.0   -0.2531570863861064 
  1935.0   -0.06780290432273753 
  1936.0   0.20164977112213547 
  1937.0   -0.345334488720743 
  1938.0   -0.5293652294197567 
  1939.0   -0.24793427966931358 
  1940.0   -0.6432554226723616 
  1941.0   0.3780085256844445 
  1942.0   -0.2187459839309389 
  1943.0   -0.29582443601927255 
  1944.0   0.38576428840939764 
  1945.0   -0.2461870889415154 
  1946.0   0.07169922908611005 
  1947.0   0.07965610675890378 
  1948.0   -0.1605343326655358 
  1949.0   -0.48276182650052596 
  1950.0   -0.16825077034128177 
  1951.0   0.14111989906073188 
  1952.0   -0.34147783976078555 
  1953.0   0.09337161558117454 
  1954.0   -0.2621618296987001 
  1955.0   0.07805256036825382 
  1956.0   -0.22022045132756599 
  1957.0   -0.3264329512529166 
  1958.0   -0.33453075712719044 
  1959.0   0.1926096651050663 
  1960.0   0.013980074001526933 
  1961.0   -0.19808893434293912 
  1962.0   -0.06479037600123046 
  1963.0   3.5853986965143026e-05 
  1964.0   -0.12103721844641545 
  1965.0   0.061625809966602524 
  1966.0   -0.05872078299314609 
  1967.0   -0.11613960734096578 
  1968.0   0.03721505998382999 
  1969.0   -0.5198555657489405 
  1970.0   -0.17112669404518663 
  1971.0   0.14935877636016429 
  1972.0   0.0868986024459545 
  1973.0   -0.28571964499652125 
  1974.0   -0.024946173909976516 
  1975.0   -0.026263831220163892 
  1976.0   -0.45894900925027055 
  1977.0   -0.05281147790099351 
  1978.0   0.29608039188477653 
  1979.0   0.11726393421605225 
  1980.0   -0.46412183289605774 
  1981.0   -0.8311048947941077 
  1982.0   0.2967553974876704 
  1983.0   0.13648330108215714 
  1984.0   0.09333166035351148 
  1985.0   0.10501178102677382 
  1986.0   -0.18075938058530525 
  1987.0   -0.004378938013994315 
  1988.0   -0.3460174561347784 
  1989.0   0.023588975137823986 
  1990.0   -0.21595064974413836 
  1991.0   -0.2305984202500817 
  1992.0   0.3861555706669226 
  1993.0   0.20472864663797247 
  1994.0   0.07542971012983968 
  1995.0   -0.10722661879961186 
  1996.0   -0.08981444996298861 
  1997.0   -0.6460947418758142 
  1998.0   -0.10811698821129195 
  1999.0   0.38785793856411954 
  2000.0   0.3226425492770878 
  2001.0   -0.4134012661164052 
  2002.0   -0.31651715774428013 
  2003.0   -0.049638572110460466 
  2004.0   -0.34642666964360497 
  2005.0   0.15188804865339114 
  2006.0   -0.14886458932061222 
  2007.0   -0.3105184739320103 
  2008.0   0.2972596402322575 
  2009.0   0.2846026289860627 
  2010.0   -0.23718778759151857 
  2011.0   -0.17477243181302407 
  2012.0   -0.021261893441708535 
  2013.0   0.10538849731609225 
  2014.0   -0.02946195522929084 
