  1850.0   2.9475680206566675 
  1851.0   2.8222876481571806 
  1852.0   2.7064341725072953 
  1853.0   2.8012711843827605 
  1854.0   2.8356893730908665 
  1855.0   2.8704678253324585 
  1856.0   2.797534897100645 
  1857.0   2.825931968311881 
  1858.0   2.7218865779343546 
  1859.0   2.8396121250811346 
  1860.0   2.8510610500274747 
  1861.0   2.7007739426145974 
  1862.0   2.798195431226653 
  1863.0   2.860247822556832 
  1864.0   2.873866065265261 
  1865.0   2.776012131963178 
  1866.0   2.797875355998056 
  1867.0   2.717232639902789 
  1868.0   2.847083694292428 
  1869.0   2.785815549318138 
  1870.0   2.789851099635785 
  1871.0   2.8656907243875476 
  1872.0   2.7077495086505095 
  1873.0   2.7354040823280936 
  1874.0   2.782661111970824 
  1875.0   2.8843483086357464 
  1876.0   2.710799314121345 
  1877.0   2.691713665144446 
  1878.0   2.7444585668070585 
  1879.0   2.7526355560531406 
  1880.0   2.8198759563821074 
  1881.0   2.860601291365482 
  1882.0   2.8624077946381457 
  1883.0   2.7098201865249085 
  1884.0   2.779992313011091 
  1885.0   2.867189837310281 
  1886.0   2.7944552715425632 
  1887.0   2.876781474969931 
  1888.0   2.765564892658428 
  1889.0   2.671192918224611 
  1890.0   2.8479706093884682 
  1891.0   2.916422325887917 
  1892.0   2.8568001809428454 
  1893.0   2.7256369605955855 
  1894.0   2.8020094543210123 
  1895.0   2.788664731567611 
  1896.0   2.76843567432968 
  1897.0   2.8581251586440963 
  1898.0   2.7443145733244796 
  1899.0   2.755582908828638 
  1900.0   2.8095418506903562 
  1901.0   2.8284497913401623 
  1902.0   2.7046460921124025 
  1903.0   2.834963034264357 
  1904.0   2.814620899207 
  1905.0   2.8185293913434055 
  1906.0   2.8158759222737864 
  1907.0   2.8075099812339466 
  1908.0   2.769188284648001 
  1909.0   2.7239904520529277 
  1910.0   2.7956437368140703 
  1911.0   2.8629337569023545 
  1912.0   2.6718059910094123 
  1913.0   2.7408189936505787 
  1914.0   2.8716328509964257 
  1915.0   2.931267672498778 
  1916.0   2.732951404050255 
  1917.0   2.73882243805389 
  1918.0   2.7394749362476936 
  1919.0   2.7524094087822566 
  1920.0   2.858870039142883 
  1921.0   2.779611240895358 
  1922.0   2.7454858950413357 
  1923.0   2.7042944354726224 
  1924.0   2.809143093401523 
  1925.0   2.799955202435228 
  1926.0   2.885607539522244 
  1927.0   2.8176081718487587 
  1928.0   2.8213031832937503 
  1929.0   2.797115414835537 
  1930.0   2.7451952878715637 
  1931.0   2.7662355050696914 
  1932.0   2.7704636560797136 
  1933.0   2.7666559250934473 
  1934.0   2.7664047125880145 
  1935.0   2.734611939469699 
  1936.0   2.6728968706305216 
  1937.0   2.7985700258426762 
  1938.0   2.7854413468566555 
  1939.0   2.8231356328000845 
  1940.0   2.7423804100491607 
  1941.0   2.676324386981974 
  1942.0   2.760673339422145 
  1943.0   2.802401881529413 
  1944.0   2.835963301905467 
  1945.0   2.6796813985664727 
  1946.0   2.689442111072916 
  1947.0   2.769949251523843 
  1948.0   2.7986482634222543 
  1949.0   2.8319207231397745 
  1950.0   2.621832661892555 
  1951.0   2.7429788993894886 
  1952.0   2.7182351425171443 
  1953.0   2.7382530763144106 
  1954.0   2.73732635263259 
  1955.0   2.7408687549645916 
  1956.0   2.744559002925856 
  1957.0   2.6487200491621135 
  1958.0   2.6392151753259245 
  1959.0   2.815559223813022 
  1960.0   2.767373741211538 
  1961.0   2.670603932903409 
  1962.0   2.6908719962264476 
  1963.0   2.829453222879448 
  1964.0   2.855955046917428 
  1965.0   2.9367971458680304 
  1966.0   2.7454025212055395 
  1967.0   2.7701893772866373 
  1968.0   2.9082849522115377 
  1969.0   2.934403226904398 
  1970.0   2.765929660645723 
  1971.0   2.800582398783559 
  1972.0   2.7989382720691833 
  1973.0   2.892992445735821 
  1974.0   2.877067791369654 
  1975.0   2.85182124375864 
  1976.0   2.728915584897742 
  1977.0   2.82610856334669 
  1978.0   2.9049044868464 
  1979.0   2.8743140486952017 
  1980.0   2.9155830010646397 
  1981.0   2.794528675520081 
  1982.0   2.859055901215183 
  1983.0   2.920401333315255 
  1984.0   2.9537787770067956 
  1985.0   2.981391914452902 
  1986.0   2.9135138390283775 
  1987.0   2.959188683117698 
  1988.0   2.9708954734499393 
  1989.0   2.9433222589499692 
  1990.0   2.999187749948554 
  1991.0   2.905564998130994 
  1992.0   3.0216717297068425 
  1993.0   3.0767154045092213 
  1994.0   3.024109851991379 
  1995.0   3.1462369354607205 
  1996.0   3.1981703897003615 
  1997.0   2.9960851434276905 
  1998.0   3.0516067901279333 
  1999.0   3.1373436942719706 
  2000.0   3.1426758225879223 
  2001.0   3.198819845659861 
  2002.0   3.1492069045977704 
  2003.0   3.164485676350434 
  2004.0   3.148249351841225 
  2005.0   3.054822323120588 
  2006.0   3.2292514965034878 
  2007.0   3.228785019666856 
  2008.0   3.172971945205983 
  2009.0   3.2152094968901426 
  2010.0   3.1143082289206516 
  2011.0   3.1447362475270957 
  2012.0   3.1793938888786917 
  2013.0   3.155987743291466 
  2014.0   3.2092407387652617 
