  1850.0   7.325298143731184e-14 
  1851.0   1.451705198446653e-13 
  1852.0   1.633716074799118e-13 
  1853.0   1.6491099516883098e-13 
  1854.0   1.6863542257934056e-13 
  1855.0   1.8458404481288853e-13 
  1856.0   1.8080359621361925e-13 
  1857.0   1.6834185629841254e-13 
  1858.0   1.703623865537495e-13 
  1859.0   1.7871211820995816e-13 
  1860.0   1.8586804352577764e-13 
  1861.0   1.8986682588674687e-13 
  1862.0   1.79080824040105e-13 
  1863.0   1.771239734508613e-13 
  1864.0   1.763140571060958e-13 
  1865.0   1.794368726230096e-13 
  1866.0   1.9071800180683784e-13 
  1867.0   1.919858030322264e-13 
  1868.0   1.8675020057594583e-13 
  1869.0   1.9169996461657996e-13 
  1870.0   2.3065427575756913e-13 
  1871.0   2.759159512270796e-13 
  1872.0   2.5271856735702794e-13 
  1873.0   2.163642772079515e-13 
  1874.0   2.2317005925329616e-13 
  1875.0   2.2468166751249384e-13 
  1876.0   2.2771531399550037e-13 
  1877.0   2.2728169010161165e-13 
  1878.0   2.1452332978869612e-13 
  1879.0   2.070964886130787e-13 
  1880.0   2.366120119396458e-13 
  1881.0   3.1000913553163504e-13 
  1882.0   3.2720100686581515e-13 
  1883.0   2.815530930457716e-13 
  1884.0   2.903126216374676e-13 
  1885.0   2.9999795202946205e-13 
  1886.0   3.4169428741460767e-13 
  1887.0   3.6759168246195335e-13 
  1888.0   3.310976210726938e-13 
  1889.0   2.9000479622924237e-13 
  1890.0   3.179090181949236e-13 
  1891.0   3.2754408728788207e-13 
  1892.0   3.215809659824378e-13 
  1893.0   3.545197324881836e-13 
  1894.0   3.7746275786760976e-13 
  1895.0   3.797789125646682e-13 
  1896.0   3.8881896028899677e-13 
  1897.0   3.8886784521201836e-13 
  1898.0   3.845442722874555e-13 
  1899.0   3.860650517139436e-13 
  1900.0   4.3954322215250335e-13 
  1901.0   4.66256058878437e-13 
  1902.0   4.808199247113704e-13 
  1903.0   4.924007577133202e-13 
  1904.0   5.152794791650458e-13 
  1905.0   5.179785666748514e-13 
  1906.0   4.894186414229946e-13 
  1907.0   4.655847649219702e-13 
  1908.0   4.4654676368103933e-13 
  1909.0   4.3612619444090675e-13 
  1910.0   4.872967468530812e-13 
  1911.0   5.572465928992888e-13 
  1912.0   5.76272335816799e-13 
  1913.0   5.102999554295959e-13 
  1914.0   4.975088155880659e-13 
  1915.0   5.145104531461743e-13 
  1916.0   4.850248722184583e-13 
  1917.0   5.059571170981868e-13 
  1918.0   5.23714658692527e-13 
  1919.0   5.051956178101985e-13 
  1920.0   4.617625721980927e-13 
  1921.0   4.1322568545000646e-13 
  1922.0   4.054690143902437e-13 
  1923.0   3.945186156062205e-13 
  1924.0   3.823184985370597e-13 
  1925.0   3.7821347698407903e-13 
  1926.0   3.923453452934565e-13 
  1927.0   4.0609848622824726e-13 
  1928.0   3.904893439529938e-13 
  1929.0   3.794202102623041e-13 
  1930.0   3.661053441798092e-13 
  1931.0   3.9173966255272485e-13 
  1932.0   4.169397195130699e-13 
  1933.0   4.3978742281293165e-13 
  1934.0   4.410470079519887e-13 
  1935.0   4.600127443808233e-13 
  1936.0   4.31410815999695e-13 
  1937.0   4.605084189483841e-13 
  1938.0   4.908278544034846e-13 
  1939.0   5.122522334034215e-13 
  1940.0   5.014944454083503e-13 
  1941.0   5.335821737550959e-13 
  1942.0   5.278833468027329e-13 
  1943.0   5.548296868256923e-13 
  1944.0   5.40317421772869e-13 
  1945.0   5.553410322944826e-13 
  1946.0   5.83712964533283e-13 
  1947.0   5.56132284625997e-13 
  1948.0   5.27705684299225e-13 
  1949.0   5.499384165358406e-13 
  1950.0   8.564620746322567e-13 
  1951.0   1.389412307957158e-12 
  1952.0   1.719642757521591e-12 
  1953.0   1.695743137056869e-12 
  1954.0   3.887473938775862e-12 
  1955.0   6.028381852101396e-12 
  1956.0   7.036458504116295e-12 
  1957.0   7.50241497954834e-12 
  1958.0   7.763589573157191e-12 
  1959.0   8.322851076548266e-12 
  1960.0   9.417176288470761e-12 
  1961.0   1.0013293720316625e-11 
  1962.0   1.0410111060679282e-11 
  1963.0   1.072369066754009e-11 
  1964.0   1.10424928423609e-11 
  1965.0   1.1373467393384715e-11 
  1966.0   1.1724090264826709e-11 
  1967.0   1.2255326219042643e-11 
  1968.0   1.2715889734750922e-11 
  1969.0   1.5403438974907897e-11 
  1970.0   3.4856370852570936e-11 
  1971.0   5.4306624185022926e-11 
  1972.0   6.506129118735068e-11 
  1973.0   8.14466127583559e-11 
  1974.0   9.767442607040159e-11 
  1975.0   1.0791685252465053e-10 
  1976.0   1.214972246717082e-10 
  1977.0   1.3361932750656614e-10 
  1978.0   1.4116033895378708e-10 
  1979.0   1.4683632389888653e-10 
  1980.0   1.2708709231182897e-10 
  1981.0   9.793149115553492e-11 
  1982.0   8.74649103702194e-11 
  1983.0   8.412875921866877e-11 
  1984.0   8.337275436438452e-11 
  1985.0   8.348742882357669e-11 
  1986.0   8.489830047098465e-11 
  1987.0   8.716871812186584e-11 
  1988.0   8.891496423836746e-11 
  1989.0   9.025374180948355e-11 
  1990.0   6.804518845689555e-11 
  1991.0   4.1358663335753745e-11 
  1992.0   3.042361922047681e-11 
  1993.0   2.51189729410726e-11 
  1994.0   2.186407128792019e-11 
  1995.0   1.9686955695762298e-11 
  1996.0   1.79351067612002e-11 
  1997.0   1.6448834624730915e-11 
  1998.0   1.511008147291068e-11 
  1999.0   1.3905168355311034e-11 
  2000.0   1.3945878660368347e-11 
  2001.0   1.3494954844868642e-11 
  2002.0   1.2674518123050269e-11 
  2003.0   3.415701256078711e-11 
  2004.0   5.1272936430701005e-11 
  2005.0   3.0131932779627435e-11 
  2006.0   1.841428220001705e-11 
  2007.0   1.511253910884447e-11 
  2008.0   2.3812068470257252e-11 
  2009.0   7.94662845661623e-11 
  2010.0   1.016601507534762e-10 
  2011.0   6.208649524140175e-11 
  2012.0   8.285422538216956e-11 
  2013.0   1.606236783499767e-10 
  2014.0   2.0186423251733874e-10 
