  1850.0   2.561955832991148 
  1851.0   2.5738237147073724 
  1852.0   2.558555447060478 
  1853.0   2.5803492554830783 
  1854.0   2.5301357840111915 
  1855.0   2.5568139181065366 
  1856.0   2.5809998658579323 
  1857.0   2.5434314013825334 
  1858.0   2.583692576148596 
  1859.0   2.5791421029607973 
  1860.0   2.5785300566030718 
  1861.0   2.551638395050273 
  1862.0   2.584076459401624 
  1863.0   2.583437676906573 
  1864.0   2.564590635857212 
  1865.0   2.5559101125031187 
  1866.0   2.579872176991456 
  1867.0   2.5581892449438373 
  1868.0   2.566287951470965 
  1869.0   2.5620829707259487 
  1870.0   2.5930292733327884 
  1871.0   2.5290045757309256 
  1872.0   2.58888564714786 
  1873.0   2.576592391795147 
  1874.0   2.5650979505015696 
  1875.0   2.5690801967728993 
  1876.0   2.579741744420346 
  1877.0   2.5718970100810643 
  1878.0   2.5853611701791523 
  1879.0   2.581362198566415 
  1880.0   2.5563405445139122 
  1881.0   2.5779590970732804 
  1882.0   2.580179623725095 
  1883.0   2.562604238530421 
  1884.0   2.559990632342864 
  1885.0   2.537281772097707 
  1886.0   2.5878146467298424 
  1887.0   2.5883917468127016 
  1888.0   2.546766922081394 
  1889.0   2.5711498767579295 
  1890.0   2.5811656695382736 
  1891.0   2.5703582892499828 
  1892.0   2.579742258333732 
  1893.0   2.571707583812714 
  1894.0   2.563946361069126 
  1895.0   2.5770424249860735 
  1896.0   2.5807673000870737 
  1897.0   2.575884827820539 
  1898.0   2.582238019448037 
  1899.0   2.5838395872541122 
  1900.0   2.5785816184399573 
  1901.0   2.581772960214655 
  1902.0   2.5799693170769173 
  1903.0   2.5858681504086722 
  1904.0   2.572749039423707 
  1905.0   2.556844320111055 
  1906.0   2.574859598163127 
  1907.0   2.5819245269996838 
  1908.0   2.543995864024671 
  1909.0   2.5763583678281057 
  1910.0   2.5915458986071407 
  1911.0   2.570610733741861 
  1912.0   2.5772112525619253 
  1913.0   2.586226015387939 
  1914.0   2.574766826876058 
  1915.0   2.573004955542879 
  1916.0   2.5847105150173024 
  1917.0   2.58237115840299 
  1918.0   2.572435779402886 
  1919.0   2.5951487617150892 
  1920.0   2.5864029425571604 
  1921.0   2.562096013422451 
  1922.0   2.5898624678182194 
  1923.0   2.5376733853124436 
  1924.0   2.5871499715822095 
  1925.0   2.5729133275725267 
  1926.0   2.567768458658272 
  1927.0   2.5861968722444355 
  1928.0   2.5921358249095245 
  1929.0   2.564892197419623 
  1930.0   2.55571051724886 
  1931.0   2.5884645177495647 
  1932.0   2.5859384483032546 
  1933.0   2.5818389998667013 
  1934.0   2.577999480391228 
  1935.0   2.5504369526950192 
  1936.0   2.5881806686538202 
  1937.0   2.576823347644732 
  1938.0   2.573750074710617 
  1939.0   2.553346603969698 
  1940.0   2.54375359465021 
  1941.0   2.5949366010047275 
  1942.0   2.572035562655459 
  1943.0   2.5738855656473114 
  1944.0   2.5797104236051065 
  1945.0   2.570511151174282 
  1946.0   2.5849054326947334 
  1947.0   2.5776458502015047 
  1948.0   2.570783407880642 
  1949.0   2.582840820315661 
  1950.0   2.565882683819929 
  1951.0   2.5282023044484148 
  1952.0   2.5662979411911517 
  1953.0   2.580789018226886 
  1954.0   2.5598014302099044 
  1955.0   2.6027979999433635 
  1956.0   2.5777496338013415 
  1957.0   2.583340119183917 
  1958.0   2.5458521082766623 
  1959.0   2.5945977003170024 
  1960.0   2.574097532643892 
  1961.0   2.563480432157542 
  1962.0   2.5677485010410814 
  1963.0   2.5800909988644976 
  1964.0   2.595563095397543 
  1965.0   2.5843785830271884 
  1966.0   2.5864021489196483 
  1967.0   2.5171791410004243 
  1968.0   2.5444757415151025 
  1969.0   2.572261946152819 
  1970.0   2.552498764125616 
  1971.0   2.5864959428254575 
  1972.0   2.598867473502755 
  1973.0   2.5662772587417924 
  1974.0   2.5705616697262745 
  1975.0   2.5978813147572324 
  1976.0   2.5729353570312776 
  1977.0   2.5685459095420082 
  1978.0   2.5796901109593815 
  1979.0   2.562866973086986 
  1980.0   2.5979522664273547 
  1981.0   2.5813725412137956 
  1982.0   2.5944688320224016 
  1983.0   2.576664395643804 
  1984.0   2.5693506742021945 
  1985.0   2.5985510222578023 
  1986.0   2.573564265479251 
  1987.0   2.5859893713981768 
  1988.0   2.5926949224876146 
  1989.0   2.5780942554819455 
  1990.0   2.5767439111477572 
  1991.0   2.570135659518624 
  1992.0   2.544319364406997 
  1993.0   2.564488362354129 
  1994.0   2.582613150923751 
  1995.0   2.5601726105204987 
  1996.0   2.5951167528564754 
  1997.0   2.545051444287946 
  1998.0   2.561521339172715 
  1999.0   2.550248699649184 
  2000.0   2.5703063519338762 
  2001.0   2.5966540468031543 
  2002.0   2.5956897718257452 
  2003.0   2.5711342493400537 
  2004.0   2.5599651498044604 
  2005.0   2.5853980724664005 
  2006.0   2.5297543212036446 
  2007.0   2.5751745893747513 
  2008.0   2.5457336134189856 
  2009.0   2.566054273197965 
  2010.0   2.5646022806078954 
  2011.0   2.562001343420708 
  2012.0   2.5723751388721676 
  2013.0   2.572191514456124 
  2014.0   2.585965252629911 
