  1850.0   296.63028893765244 
  1851.0   296.9741022081443 
  1852.0   296.9115310290421 
  1853.0   296.3984878245605 
  1854.0   296.7988839417644 
  1855.0   296.3434337697331 
  1856.0   296.60739745915333 
  1857.0   296.86261517694885 
  1858.0   296.33634123780115 
  1859.0   296.69178275530993 
  1860.0   296.9457245340807 
  1861.0   296.4241207777644 
  1862.0   296.6522840426092 
  1863.0   296.66205314016474 
  1864.0   296.98176225415637 
  1865.0   296.3865069703193 
  1866.0   296.56932216536023 
  1867.0   296.82941465634667 
  1868.0   296.55200020860985 
  1869.0   296.80324297435357 
  1870.0   296.74504821977195 
  1871.0   296.6528253645945 
  1872.0   296.5269759043794 
  1873.0   296.96898844454 
  1874.0   296.78345549580115 
  1875.0   296.3701523183484 
  1876.0   296.66872712739047 
  1877.0   296.86300644430673 
  1878.0   296.9887897878094 
  1879.0   296.50840451308864 
  1880.0   296.4750097549836 
  1881.0   296.75204706976893 
  1882.0   296.6102518810344 
  1883.0   296.8138848909214 
  1884.0   296.3640921994685 
  1885.0   296.23367621653506 
  1886.0   296.5135361342629 
  1887.0   296.4592345376774 
  1888.0   296.63934407299416 
  1889.0   296.2955103630914 
  1890.0   296.4429406842844 
  1891.0   296.9198397461401 
  1892.0   296.34598135497407 
  1893.0   296.9000969786218 
  1894.0   296.8877387502735 
  1895.0   296.51466446418135 
  1896.0   296.5403473377792 
  1897.0   296.40621104778256 
  1898.0   296.7211170232719 
  1899.0   296.58377236767734 
  1900.0   296.59202585247687 
  1901.0   297.16015253599585 
  1902.0   296.63138915067736 
  1903.0   296.6925454398972 
  1904.0   297.0404645067318 
  1905.0   296.213130798191 
  1906.0   296.3919561641444 
  1907.0   296.82072773995935 
  1908.0   296.3640895386907 
  1909.0   296.80459872306443 
  1910.0   296.282544837194 
  1911.0   296.5848490420663 
  1912.0   296.6494348816686 
  1913.0   296.5506071365567 
  1914.0   296.781689428353 
  1915.0   296.60074209927205 
  1916.0   296.72623199346083 
  1917.0   296.59135865966755 
  1918.0   296.5726627446316 
  1919.0   296.7261449404667 
  1920.0   296.88465083560607 
  1921.0   296.92838597235686 
  1922.0   296.664962784519 
  1923.0   296.6876079314492 
  1924.0   296.52028574683044 
  1925.0   296.46547331245466 
  1926.0   296.6152963044994 
  1927.0   296.81272880029076 
  1928.0   297.06656290979015 
  1929.0   296.4079647614801 
  1930.0   296.5978211862309 
  1931.0   296.47855932910477 
  1932.0   296.9234054937137 
  1933.0   296.49777072879004 
  1934.0   296.5279162524575 
  1935.0   296.74267821070447 
  1936.0   296.7538490417747 
  1937.0   296.65629035187914 
  1938.0   296.80871738663586 
  1939.0   296.62823114348055 
  1940.0   296.41470606770696 
  1941.0   296.8818103257603 
  1942.0   296.9102179493887 
  1943.0   296.54419547945133 
  1944.0   296.8831139654203 
  1945.0   296.765997867993 
  1946.0   296.77733684772426 
  1947.0   297.16838221710424 
  1948.0   296.7902951157949 
  1949.0   297.0262319630622 
  1950.0   296.90329740882436 
  1951.0   296.9756554101771 
  1952.0   296.3894083638203 
  1953.0   296.385906248199 
  1954.0   296.9248767288623 
  1955.0   296.8947772120953 
  1956.0   296.4102811416827 
  1957.0   296.62328594341886 
  1958.0   297.0654278035187 
  1959.0   296.7042997525261 
  1960.0   296.742936161249 
  1961.0   296.772123183983 
  1962.0   296.8341272426091 
  1963.0   296.62154717093136 
  1964.0   296.6541113136401 
  1965.0   296.5791516140762 
  1966.0   296.77834093695196 
  1967.0   297.0446075849499 
  1968.0   296.6353546273735 
  1969.0   297.21978350322576 
  1970.0   296.8276343025432 
  1971.0   296.7768998003289 
  1972.0   296.9052845450266 
  1973.0   297.2685232500172 
  1974.0   296.81157234525443 
  1975.0   296.59425731816975 
  1976.0   296.6854084463468 
  1977.0   296.9433854256804 
  1978.0   296.6568259753679 
  1979.0   296.90450633999626 
  1980.0   296.752798260334 
  1981.0   297.0244602741591 
  1982.0   296.649232850607 
  1983.0   296.77231799075844 
  1984.0   296.934936752884 
  1985.0   296.8898567964687 
  1986.0   296.9049507404986 
  1987.0   296.7474588074655 
  1988.0   297.07592300205397 
  1989.0   296.973339381728 
  1990.0   297.0096967533149 
  1991.0   296.8735469622078 
  1992.0   296.8663254329002 
  1993.0   296.9853861120388 
  1994.0   296.69022015768087 
  1995.0   296.8851702997036 
  1996.0   297.03614653413143 
  1997.0   297.33718000239605 
  1998.0   296.87929220531885 
  1999.0   296.9783717367295 
  2000.0   297.15781392361896 
  2001.0   297.28344132153825 
  2002.0   296.67552008782815 
  2003.0   297.1614652221692 
  2004.0   297.2339460297665 
  2005.0   297.1943978895617 
  2006.0   297.3099776131234 
  2007.0   297.6888838302641 
  2008.0   297.693809085218 
  2009.0   297.2065247495626 
  2010.0   297.2914224569252 
  2011.0   297.47284560439954 
  2012.0   297.3699702037153 
  2013.0   297.42438119465174 
  2014.0   297.2302557268105 
