  2015.0   58.559896134 
  2016.0   57.806761265999995 
  2017.0   59.691608855999995 
  2018.0   60.53471199 
  2019.0   60.785021105999995 
  2020.0   59.55482145599999 
  2021.0   59.786406072 
  2022.0   60.030620856 
  2023.0   59.745456575999995 
  2024.0   60.27197768999999 
  2025.0   61.730332415999996 
  2026.0   61.107098273999995 
  2027.0   60.429318677999994 
  2028.0   61.149703409999994 
  2029.0   60.880701329999994 
  2030.0   62.043283853999995 
  2031.0   59.541698538 
  2032.0   64.71176162399999 
  2033.0   62.566836642 
  2034.0   62.694687527999996 
  2035.0   60.093692856 
  2036.0   63.160911809999995 
  2037.0   63.55113039 
  2038.0   63.96228099 
  2039.0   63.63904487399999 
  2040.0   65.465334054 
  2041.0   65.86516323 
  2042.0   63.28545535799999 
  2043.0   62.979993719999996 
  2044.0   63.818346743999996 
  2045.0   65.11779944999999 
  2046.0   65.586743712 
  2047.0   65.180627046 
  2048.0   66.542938884 
  2049.0   66.08628972 
  2050.0   66.559069548 
  2051.0   66.38210528399999 
  2052.0   66.717380268 
  2053.0   69.04009339199999 
  2054.0   70.252045524 
  2055.0   67.07655953999999 
  2056.0   68.195961396 
  2057.0   68.59795867199999 
  2058.0   67.493236824 
  2059.0   67.64187387599999 
  2060.0   68.952896352 
  2061.0   68.98342319999999 
  2062.0   71.734127148 
  2063.0   68.232992544 
  2064.0   71.718832188 
  2065.0   70.71303877199999 
  2066.0   71.161740864 
  2067.0   70.156144548 
  2068.0   70.18513401599999 
  2069.0   73.17804232799999 
  2070.0   71.037331344 
  2071.0   71.978152716 
  2072.0   71.42442786 
  2073.0   72.936910188 
  2074.0   72.46527354 
  2075.0   72.13438206 
  2076.0   74.182022424 
  2077.0   74.39352649199999 
  2078.0   73.71227793599999 
  2079.0   71.303913036 
  2080.0   73.579101408 
  2081.0   74.928164184 
  2082.0   73.91553533999999 
  2083.0   72.398984868 
  2084.0   77.03759934 
  2085.0   74.32104887999999 
  2086.0   74.48655769199999 
  2087.0   77.50751727599999 
  2088.0   72.131181156 
  2089.0   77.94776771999999 
  2090.0   76.41430606799999 
  2091.0   76.25303096399999 
  2092.0   73.45807412399999 
  2093.0   76.90759218 
  2094.0   75.436808328 
  2095.0   78.24467127599999 
  2096.0   75.02318215199999 
  2097.0   79.03043801999999 
  2098.0   77.95819825199999 
  2099.0   78.61180550399999 
  2100.0   75.93997309199999 
