  2015.0   13.358177714176 
  2016.0   15.4097942528 
  2017.0   15.38327576576 
  2018.0   15.461392580607999 
  2019.0   15.596703973376 
  2020.0   15.729659215872 
  2021.0   15.851454464 
  2022.0   15.948959449088 
  2023.0   16.0552976384 
  2024.0   16.166612369408 
  2025.0   16.278610771968 
  2026.0   16.281699876864 
  2027.0   16.301266305024 
  2028.0   16.332838928384 
  2029.0   16.367570911232 
  2030.0   16.409288507392 
  2031.0   16.41348071424 
  2032.0   16.418054602752 
  2033.0   16.426487250944 
  2034.0   16.44169265152 
  2035.0   16.461968965632 
  2036.0   16.475263860736 
  2037.0   16.494353186816 
  2038.0   16.515721068544 
  2039.0   16.53856534528 
  2040.0   16.561915035648 
  2041.0   16.667062042624 
  2042.0   16.74303766528 
  2043.0   16.837911773184 
  2044.0   16.905659219968 
  2045.0   16.993844461568 
  2046.0   17.072876683264 
  2047.0   17.153207042048 
  2048.0   17.21652215808 
  2049.0   17.293670088704 
  2050.0   17.354020880384 
  2051.0   17.611238670336 
  2052.0   17.800254980096 
  2053.0   17.985383170048 
  2054.0   18.143034474495998 
  2055.0   18.319845359616 
  2056.0   18.534904102911998 
  2057.0   18.73273683968 
  2058.0   18.909545627648 
  2059.0   19.101869146112 
  2060.0   19.272780742656 
  2061.0   19.462092750848 
  2062.0   19.63415568384 
  2063.0   19.8155173888 
  2064.0   19.979145576448 
  2065.0   20.14806278144 
  2066.0   20.32892116992 
  2067.0   20.511641829376 
  2068.0   20.677031624704 
  2069.0   20.851736969216 
  2070.0   21.005946847232 
  2071.0   21.129513140224 
  2072.0   21.202412240896 
  2073.0   21.33362475008 
  2074.0   21.408465813503998 
  2075.0   21.504873988095998 
  2076.0   21.554509381632 
  2077.0   21.550333952 
  2078.0   21.574497337344 
  2079.0   21.596282552319998 
  2080.0   21.624057233408 
  2081.0   21.616283090944 
  2082.0   21.641178382336 
  2083.0   21.628855517184 
  2084.0   21.645278314496 
  2085.0   21.638663897087998 
  2086.0   21.623379853312 
  2087.0   21.587786989568 
  2088.0   21.5704141824 
  2089.0   21.546494066688 
  2090.0   21.542870188032 
  2091.0   21.520877355008 
  2092.0   21.50171148288 
  2093.0   21.474043756544 
  2094.0   21.458092818432 
  2095.0   21.428097253376 
  2096.0   21.43601819648 
  2097.0   21.356722782208 
  2098.0   21.287671955456 
  2099.0   21.224432336896 
  2100.0   21.182738857984 
