  2015.0   42.114203262 
  2016.0   43.852554305999995 
  2017.0   42.852271806 
  2018.0   42.543124397999996 
  2019.0   42.786018612 
  2020.0   43.093226556 
  2021.0   42.952075361999995 
  2022.0   43.327949004 
  2023.0   42.513740729999995 
  2024.0   43.215270876 
  2025.0   43.785776825999996 
  2026.0   43.752884777999995 
  2027.0   44.389683342 
  2028.0   42.65071734599999 
  2029.0   44.244791189999994 
  2030.0   43.863749586 
  2031.0   44.128880622 
  2032.0   44.304749009999995 
  2033.0   44.271245951999994 
  2034.0   44.692744301999994 
  2035.0   44.27450992799999 
  2036.0   45.101916018 
  2037.0   45.58523675399999 
  2038.0   45.517611744 
  2039.0   44.878219343999994 
  2040.0   44.765915705999994 
  2041.0   45.871047522 
  2042.0   46.737802656 
  2043.0   46.392514991999995 
  2044.0   46.845107838 
  2045.0   46.221988014 
  2046.0   46.060263522 
  2047.0   47.666896578 
  2048.0   46.938430745999995 
  2049.0   47.090044008 
  2050.0   47.126069945999994 
  2051.0   46.8573714 
  2052.0   47.711496366 
  2053.0   47.535521544 
  2054.0   48.131106497999994 
  2055.0   46.745225442 
  2056.0   47.280190319999996 
  2057.0   48.798282113999996 
  2058.0   47.648172077999995 
  2059.0   47.997125802 
  2060.0   48.51829368 
  2061.0   49.049344151999996 
  2062.0   48.03617131199999 
  2063.0   47.853546335999994 
  2064.0   48.622863114 
  2065.0   48.800260998 
  2066.0   49.16081997 
  2067.0   49.297362965999994 
  2068.0   48.888936288 
  2069.0   49.958341757999996 
  2070.0   47.8101528 
  2071.0   49.98819846599999 
  2072.0   50.000611823999996 
  2073.0   50.266834794 
  2074.0   49.103365319999995 
  2075.0   50.369768298 
  2076.0   49.876458533999994 
  2077.0   50.448612239999996 
  2078.0   50.120460449999996 
  2079.0   50.365258649999994 
  2080.0   50.346325224 
  2081.0   51.232120218 
  2082.0   50.577133266 
  2083.0   51.710142905999994 
  2084.0   51.420693672 
  2085.0   51.60294415799999 
  2086.0   51.853970718 
  2087.0   50.956944965999995 
  2088.0   51.667805826 
  2089.0   52.94929483799999 
  2090.0   52.55531164799999 
  2091.0   51.773837742 
  2092.0   51.552656064 
  2093.0   52.963139141999996 
  2094.0   52.924160646 
  2095.0   52.374842945999994 
  2096.0   53.232953273999996 
  2097.0   52.553809746 
  2098.0   53.132195753999994 
  2099.0   54.032063687999994 
  2100.0   53.110869533999995 
