  2015.0   164.84045378399998 
  2016.0   163.45736366399998 
  2017.0   164.20453034399998 
  2018.0   165.89916460799998 
  2019.0   166.492404072 
  2020.0   167.079415176 
  2021.0   165.531880584 
  2022.0   169.322791608 
  2023.0   168.83404668 
  2024.0   167.978380392 
  2025.0   170.69709895199998 
  2026.0   168.28595099999998 
  2027.0   172.473521832 
  2028.0   174.397217832 
  2029.0   174.167667288 
  2030.0   175.06079834399998 
  2031.0   177.074592696 
  2032.0   178.044797736 
  2033.0   175.531000104 
  2034.0   175.897653408 
  2035.0   176.812717752 
  2036.0   180.29799763199998 
  2037.0   182.904195744 
  2038.0   179.215051392 
  2039.0   178.239642912 
  2040.0   179.94742768799998 
  2041.0   180.304572888 
  2042.0   180.58612629599997 
  2043.0   182.309552928 
  2044.0   180.480007656 
  2045.0   184.21849007999998 
  2046.0   183.490339608 
  2047.0   181.24023024 
  2048.0   185.65274735999998 
  2049.0   187.20685720799997 
  2050.0   182.776648392 
  2051.0   186.44217228 
  2052.0   189.02615328 
  2053.0   185.98408034399998 
  2054.0   188.55746524799997 
  2055.0   188.905985352 
  2056.0   186.47711416799999 
  2057.0   190.24066771199998 
  2058.0   185.92849814399997 
  2059.0   191.470997448 
  2060.0   193.840328664 
  2061.0   193.71245018399998 
  2062.0   193.310744616 
  2063.0   195.821987832 
  2064.0   194.78811160799998 
  2065.0   195.73362396 
  2066.0   194.956308864 
  2067.0   195.153960744 
  2068.0   194.742747072 
  2069.0   196.68101270399998 
  2070.0   192.04775935199999 
  2071.0   196.17506488799998 
  2072.0   194.10212476799998 
  2073.0   196.122336696 
  2074.0   195.45799932 
  2075.0   200.904298056 
  2076.0   202.289579928 
  2077.0   200.34928022399998 
  2078.0   201.404049048 
  2079.0   201.02930676 
  2080.0   202.73037436799999 
  2081.0   199.779361632 
  2082.0   205.26219482399998 
  2083.0   201.126185352 
  2084.0   203.82423206399997 
  2085.0   203.241367944 
  2086.0   202.862242152 
  2087.0   206.14957055999997 
  2088.0   205.085025576 
  2089.0   206.44386451199998 
  2090.0   203.99818463999998 
  2091.0   201.71389024799998 
  2092.0   204.729693696 
  2093.0   205.947614016 
  2094.0   207.241788384 
  2095.0   206.84224303199997 
  2096.0   206.183692512 
  2097.0   204.15733106399998 
  2098.0   209.821985064 
  2099.0   209.57108464799998 
  2100.0   207.24481583999997 
