  2015.0   2.5241838165 
  2016.0   2.7175970609999998 
  2017.0   3.1410385706249997 
  2018.0   3.1431608448749997 
  2019.0   2.7638285906249997 
  2020.0   2.8168733744999996 
  2021.0   3.255135818625 
  2022.0   3.3631232129999997 
  2023.0   3.0568813053749997 
  2024.0   3.1389976001249997 
  2025.0   3.5529928458749995 
  2026.0   3.5689498155 
  2027.0   3.3133374776249997 
  2028.0   3.4981182348749997 
  2029.0   3.671797334625 
  2030.0   3.7027661793749997 
  2031.0   3.5903440349999998 
  2032.0   3.8765145105 
  2033.0   4.0652409633749995 
  2034.0   3.875673879 
  2035.0   3.8166658346249998 
  2036.0   4.117129263 
  2037.0   4.039139503125 
  2038.0   4.20442534575 
  2039.0   4.030122178125 
  2040.0   3.9573765101249996 
  2041.0   4.296381365249999 
  2042.0   4.38003060525 
  2043.0   4.1034621026249996 
  2044.0   4.19045391225 
  2045.0   4.55681846475 
  2046.0   4.404370484249999 
  2047.0   4.545082145249999 
  2048.0   4.67668187325 
  2049.0   4.580322639749999 
  2050.0   4.30855130475 
  2051.0   4.74357958425 
  2052.0   4.62669435675 
  2053.0   4.532384963249999 
  2054.0   4.497032121749999 
  2055.0   4.2909335212499995 
  2056.0   4.59272220075 
  2057.0   4.680699263999999 
  2058.0   4.82803200675 
  2059.0   4.6678320832499995 
  2060.0   4.8362318595 
  2061.0   4.86151436925 
  2062.0   4.89838290975 
  2063.0   4.6530825975 
  2064.0   4.71453492825 
  2065.0   4.96769115375 
  2066.0   4.691206664999999 
  2067.0   4.56093095625 
  2068.0   4.92676728075 
  2069.0   5.110662566249999 
  2070.0   4.8306435817499995 
  2071.0   4.6901373975 
  2072.0   4.79114277075 
  2073.0   5.0168464155 
  2074.0   5.145852800249999 
  2075.0   4.750916138999999 
  2076.0   4.694677596 
  2077.0   4.95954205425 
  2078.0   4.95237845475 
  2079.0   5.057225799749999 
  2080.0   4.79397903975 
  2081.0   5.06969336025 
  2082.0   5.002880895 
  2083.0   5.023055558249999 
  2084.0   5.0379947527499995 
  2085.0   5.15952562725 
  2086.0   5.196456254249999 
  2087.0   5.11603649775 
  2088.0   4.95668410425 
  2089.0   5.1132913874999995 
  2090.0   4.9515294464999995 
  2091.0   4.941803054249999 
  2092.0   4.870802213999999 
  2093.0   5.11432961175 
  2094.0   5.26245518925 
  2095.0   4.92395663475 
  2096.0   5.29097063175 
  2097.0   5.034184316999999 
  2098.0   5.00399007525 
  2099.0   5.11784981775 
  2100.0   5.04548849475 
