  2015.0   2.9382739565335214 
  2016.0   2.946845500264317 
  2017.0   2.956823632121086 
  2018.0   2.95152134494856 
  2019.0   2.939804387278855 
  2020.0   2.9438286437653005 
  2021.0   2.948105928953737 
  2022.0   2.9453804483637214 
  2023.0   2.9385546455159783 
  2024.0   2.9478846467100084 
  2025.0   2.9524265904910862 
  2026.0   2.9626712668687105 
  2027.0   2.949157648254186 
  2028.0   2.9468269553035498 
  2029.0   2.9409689479507506 
  2030.0   2.9385763336904347 
  2031.0   2.954936132300645 
  2032.0   2.9493053792975843 
  2033.0   2.9566636425442994 
  2034.0   2.945106674451381 
  2035.0   2.93719646288082 
  2036.0   2.9561626142822206 
  2037.0   2.9651940101757646 
  2038.0   2.950900874566287 
  2039.0   2.9516074690036476 
  2040.0   2.9581431532278657 
  2041.0   2.9619370121508837 
  2042.0   2.9551071231253445 
  2043.0   2.945073356386274 
  2044.0   2.9575418564490974 
  2045.0   2.947625645902008 
  2046.0   2.9502489720471203 
  2047.0   2.954894327558577 
  2048.0   2.9605687712319195 
  2049.0   2.952889271546155 
  2050.0   2.941121708136052 
  2051.0   2.961057226639241 
  2052.0   2.9468800756148994 
  2053.0   2.962557168211788 
  2054.0   2.974218490999192 
  2055.0   2.9588582343421876 
  2056.0   2.962949755601585 
  2057.0   2.9795748414471745 
  2058.0   2.9680301318876445 
  2059.0   2.952370641287416 
  2060.0   2.970779500901699 
  2061.0   2.960403123870492 
  2062.0   2.9772340902127326 
  2063.0   2.952039975207299 
  2064.0   2.9816679074428976 
  2065.0   2.968509471975267 
  2066.0   2.975545870140195 
  2067.0   2.957571402657777 
  2068.0   2.969606767874211 
  2069.0   2.9870047699660063 
  2070.0   2.9645160189829767 
  2071.0   2.966192609164864 
  2072.0   2.9892087914049625 
  2073.0   2.992571087088436 
  2074.0   3.0130472383461893 
  2075.0   2.985174476634711 
  2076.0   2.980324812233448 
  2077.0   3.0007201828993857 
  2078.0   3.0027205240912735 
  2079.0   2.99867206485942 
  2080.0   3.0026189982891083 
  2081.0   3.0076308525167406 
  2082.0   3.002525959163904 
  2083.0   2.997541136574 
  2084.0   2.97098538139835 
  2085.0   2.997443696949631 
  2086.0   2.983744314406067 
  2087.0   3.00228864653036 
  2088.0   2.9910302837379277 
  2089.0   2.9914146987721324 
  2090.0   2.9951007454656065 
  2091.0   3.0066451407037675 
  2092.0   2.9984875582158566 
  2093.0   3.0218821833841503 
  2094.0   3.0116447363980114 
  2095.0   2.994823199696839 
  2096.0   2.992925327271223 
  2097.0   3.015156334731728 
  2098.0   2.992249222006649 
  2099.0   3.01302052102983 
  2100.0   2.9956658952869475 
