  2015.0   0.841376006144 
  2016.0   0.878648426496 
  2017.0   0.917349793792 
  2018.0   0.962585427968 
  2019.0   0.9899687936 
  2020.0   1.032601731072 
  2021.0   1.022008229888 
  2022.0   1.016995053568 
  2023.0   1.008393453568 
  2024.0   1.008059285504 
  2025.0   1.003074945024 
  2026.0   0.9694581227519999 
  2027.0   0.939594285056 
  2028.0   0.913098735616 
  2029.0   0.892395651072 
  2030.0   0.88014716928 
  2031.0   0.861740269568 
  2032.0   0.845952516096 
  2033.0   0.83101515776 
  2034.0   0.816588324864 
  2035.0   0.8083884605439999 
  2036.0   0.795064991744 
  2037.0   0.78277869568 
  2038.0   0.769847263232 
  2039.0   0.756433092608 
  2040.0   0.7419281408 
  2041.0   0.740253696 
  2042.0   0.7404560711679999 
  2043.0   0.744683798528 
  2044.0   0.750164901888 
  2045.0   0.757107458048 
  2046.0   0.770081488896 
  2047.0   0.781247315968 
  2048.0   0.792540807168 
  2049.0   0.800363446272 
  2050.0   0.805629329408 
  2051.0   0.844283183104 
  2052.0   0.88633933824 
  2053.0   0.927531597824 
  2054.0   0.962519433216 
  2055.0   0.990166188032 
  2056.0   1.0571766169599999 
  2057.0   1.10646132736 
  2058.0   1.141636202496 
  2059.0   1.16416643072 
  2060.0   1.172588199936 
  2061.0   1.169723359232 
  2062.0   1.158621954048 
  2063.0   1.142787670016 
  2064.0   1.126989824 
  2065.0   1.105439490048 
  2066.0   1.100029362176 
  2067.0   1.09484212224 
  2068.0   1.086817501184 
  2069.0   1.072512630784 
  2070.0   1.056110870528 
  2071.0   1.04806842368 
  2072.0   1.037411549184 
  2073.0   1.028096524288 
  2074.0   1.016903696384 
  2075.0   1.00806295552 
  2076.0   1.001661464576 
  2077.0   0.992854409216 
  2078.0   0.984998936576 
  2079.0   0.976495640576 
  2080.0   0.966835306496 
  2081.0   0.955769946112 
  2082.0   0.942749515776 
  2083.0   0.926926700544 
  2084.0   0.909174308864 
  2085.0   0.89003655168 
  2086.0   0.868274208768 
  2087.0   0.846430994432 
  2088.0   0.824269668352 
  2089.0   0.803066085376 
  2090.0   0.7819197808639999 
  2091.0   0.781198229504 
  2092.0   0.778981801984 
  2093.0   0.773904728064 
  2094.0   0.76662964224 
  2095.0   0.759951065088 
  2096.0   0.758741663744 
  2097.0   0.75574444032 
  2098.0   0.74915414016 
  2099.0   0.74123476992 
  2100.0   0.73028009984 
