  2015.0   343.494941999104 
  2016.0   343.878871810048 
  2017.0   344.02620932096 
  2018.0   344.127342379008 
  2019.0   345.936161144832 
  2020.0   347.136134742016 
  2021.0   347.267097690112 
  2022.0   346.616879906816 
  2023.0   347.668844904448 
  2024.0   348.34063818751997 
  2025.0   348.676283170816 
  2026.0   349.414950436864 
  2027.0   350.85067747328 
  2028.0   351.32211724288 
  2029.0   352.274425577472 
  2030.0   352.875419009024 
  2031.0   353.934094893056 
  2032.0   354.072137826304 
  2033.0   356.181772075008 
  2034.0   357.660348121088 
  2035.0   358.185474981888 
  2036.0   358.336436371456 
  2037.0   359.783337033728 
  2038.0   360.916403093504 
  2039.0   362.421889794048 
  2040.0   363.1201910784 
  2041.0   365.91309422592 
  2042.0   367.766540386304 
  2043.0   367.688559886336 
  2044.0   368.0191381504 
  2045.0   369.692095021056 
  2046.0   371.333074518016 
  2047.0   372.953350930432 
  2048.0   373.15350311731197 
  2049.0   374.64479629312 
  2050.0   375.413662547968 
  2051.0   376.7550345216 
  2052.0   377.994333913088 
  2053.0   379.31255332864 
  2054.0   380.179734069248 
  2055.0   383.693151535104 
  2056.0   383.458572500992 
  2057.0   385.819562999808 
  2058.0   387.15455963136 
  2059.0   387.248377823232 
  2060.0   388.155354120192 
  2061.0   388.966733840384 
  2062.0   390.591271665664 
  2063.0   392.91411077529597 
  2064.0   393.343540396032 
  2065.0   396.262373326848 
  2066.0   397.167168585728 
  2067.0   398.827207000064 
  2068.0   398.09833762816 
  2069.0   397.655821778944 
  2070.0   399.13678018969597 
  2071.0   400.606799855616 
  2072.0   402.063330639872 
  2073.0   402.437194121216 
  2074.0   403.283369787392 
  2075.0   405.78666463231997 
  2076.0   406.79524374937597 
  2077.0   408.49215848448 
  2078.0   408.22254862336 
  2079.0   408.584701607936 
  2080.0   407.87586423193596 
  2081.0   409.23307389747197 
  2082.0   411.481623494656 
  2083.0   412.889064144896 
  2084.0   413.889355317248 
  2085.0   415.53087168512 
  2086.0   416.26487488512 
  2087.0   418.213347196928 
  2088.0   419.700714504192 
  2089.0   417.43511925555197 
  2090.0   419.72182024192 
  2091.0   421.418869194752 
  2092.0   423.381233041408 
  2093.0   423.07857206476797 
  2094.0   422.316987121664 
  2095.0   423.333350866944 
  2096.0   427.460915101696 
  2097.0   428.954053771264 
  2098.0   432.107297964032 
  2099.0   434.716993912832 
  2100.0   436.545609793536 
