  2015.0   117.669543588 
  2016.0   116.543085552 
  2017.0   117.52192357199999 
  2018.0   117.219028176 
  2019.0   118.39036982399999 
  2020.0   119.94486598799999 
  2021.0   118.54134054 
  2022.0   118.75712562 
  2023.0   120.41724373199999 
  2024.0   120.31639160399999 
  2025.0   121.262164128 
  2026.0   123.15434778 
  2027.0   123.08738108399999 
  2028.0   125.68325904 
  2029.0   125.42129737199998 
  2030.0   125.09668943999999 
  2031.0   124.62688976399998 
  2032.0   125.27083123199999 
  2033.0   126.42657044399999 
  2034.0   127.847913732 
  2035.0   129.049624548 
  2036.0   128.823164532 
  2037.0   127.47220171199999 
  2038.0   129.118349376 
  2039.0   129.508473348 
  2040.0   131.511017232 
  2041.0   130.514361372 
  2042.0   131.107679676 
  2043.0   131.198203764 
  2044.0   133.31927570399998 
  2045.0   134.616130632 
  2046.0   133.861190328 
  2047.0   135.494849736 
  2048.0   137.191455 
  2049.0   134.87324364 
  2050.0   137.54547813599999 
  2051.0   136.697096664 
  2052.0   136.719061488 
  2053.0   139.7742534 
  2054.0   141.91589469599998 
  2055.0   139.2692832 
  2056.0   140.954267448 
  2057.0   141.93284529599998 
  2058.0   138.94078845599998 
  2059.0   140.68789862399998 
  2060.0   141.346228392 
  2061.0   140.847328872 
  2062.0   141.76868464799998 
  2063.0   144.73529193599998 
  2064.0   148.32981252 
  2065.0   146.53675439999998 
  2066.0   145.58649588 
  2067.0   147.28991291999998 
  2068.0   146.27744964 
  2069.0   147.14234020799998 
  2070.0   148.60948953599998 
  2071.0   145.897157016 
  2072.0   147.160363032 
  2073.0   147.81136067999998 
  2074.0   149.47455355199997 
  2075.0   149.26611635999998 
  2076.0   151.704858312 
  2077.0   149.011542 
  2078.0   151.3996056 
  2079.0   153.36658476 
  2080.0   151.50998159999997 
  2081.0   151.812348768 
  2082.0   154.378827288 
  2083.0   152.19868053599998 
  2084.0   155.103303816 
  2085.0   153.552316032 
  2086.0   155.084886792 
  2087.0   152.59545072 
  2088.0   154.65565029599998 
  2089.0   153.456147 
  2090.0   154.711658232 
  2091.0   156.10517099999998 
  2092.0   157.610636568 
  2093.0   156.434532984 
  2094.0   157.66494156 
  2095.0   158.279751648 
  2096.0   158.400487224 
  2097.0   159.366214152 
  2098.0   158.41616061599998 
  2099.0   161.83707551999998 
  2100.0   161.220814776 
