  2015.0   305.461395980288 
  2016.0   305.7932828672 
  2017.0   306.961446862848 
  2018.0   307.715079405568 
  2019.0   308.15313251532797 
  2020.0   308.140717375488 
  2021.0   308.138133684224 
  2022.0   308.187156709376 
  2023.0   308.085285453824 
  2024.0   307.9441219584 
  2025.0   308.570952302592 
  2026.0   309.908163526656 
  2027.0   310.656024707072 
  2028.0   310.629248270336 
  2029.0   310.90832048128 
  2030.0   311.953339711488 
  2031.0   313.264747577344 
  2032.0   313.3413523456 
  2033.0   313.310314496 
  2034.0   314.597730942976 
  2035.0   316.12905455616 
  2036.0   316.89436404121597 
  2037.0   317.21286270976 
  2038.0   317.827311468544 
  2039.0   318.9969518592 
  2040.0   320.691350011904 
  2041.0   322.260422361088 
  2042.0   322.439200374784 
  2043.0   323.05653481472 
  2044.0   324.611984064512 
  2045.0   325.788268232704 
  2046.0   325.8647052288 
  2047.0   325.827526918144 
  2048.0   327.536521248768 
  2049.0   329.523581157376 
  2050.0   330.05749927936 
  2051.0   330.27204631756797 
  2052.0   331.55486580736 
  2053.0   333.117697032192 
  2054.0   334.41236123647997 
  2055.0   334.083259367424 
  2056.0   333.811804012544 
  2057.0   335.009059700736 
  2058.0   335.936336429056 
  2059.0   335.56831141888 
  2060.0   335.464762441728 
  2061.0   336.547631071232 
  2062.0   337.862159499264 
  2063.0   338.017147420672 
  2064.0   338.50935738367997 
  2065.0   340.35599199436797 
  2066.0   341.912045223936 
  2067.0   341.72031519948797 
  2068.0   342.121626206208 
  2069.0   343.172651679744 
  2070.0   344.580830527488 
  2071.0   344.625457922048 
  2072.0   344.99509354496 
  2073.0   346.841795264512 
  2074.0   348.0441847808 
  2075.0   348.010093477888 
  2076.0   347.159253745664 
  2077.0   347.532077039616 
  2078.0   349.57728677887997 
  2079.0   351.11827406848 
  2080.0   351.59139155968 
  2081.0   351.173001347072 
  2082.0   351.30091084185597 
  2083.0   352.452599611392 
  2084.0   353.2660932608 
  2085.0   353.11157510144 
  2086.0   352.143462629376 
  2087.0   352.58805885337597 
  2088.0   354.515156992 
  2089.0   354.64333492224 
  2090.0   354.121664167936 
  2091.0   355.100547612672 
  2092.0   357.088849035264 
  2093.0   357.181660594176 
  2094.0   357.40469690368 
  2095.0   358.977493794816 
  2096.0   360.540895444992 
  2097.0   360.4492582912 
  2098.0   360.459257511936 
  2099.0   362.119195262976 
  2100.0   363.260717039616 
