  2015.0   2.283760497375 
  2016.0   2.4594746546249997 
  2017.0   2.4190053435 
  2018.0   2.3872431712499997 
  2019.0   2.558784475125 
  2020.0   2.4857670554999998 
  2021.0   2.627303333625 
  2022.0   2.8876598684999997 
  2023.0   2.949327531 
  2024.0   2.7951433458749997 
  2025.0   2.70213210225 
  2026.0   2.801282518125 
  2027.0   2.964648853125 
  2028.0   3.0478802411249997 
  2029.0   3.0727720001249996 
  2030.0   3.117022921125 
  2031.0   3.311947922625 
  2032.0   3.314342687625 
  2033.0   3.120658430625 
  2034.0   3.209365256625 
  2035.0   3.1666329911249997 
  2036.0   3.4677830666249996 
  2037.0   3.4808907093749997 
  2038.0   3.4605347141249996 
  2039.0   3.4751969831249996 
  2040.0   3.5018306133749997 
  2041.0   3.507523354125 
  2042.0   3.625737035625 
  2043.0   3.779623846125 
  2044.0   3.6859858245 
  2045.0   3.5459992451249995 
  2046.0   3.4289211059999998 
  2047.0   3.415371712875 
  2048.0   3.6095839515 
  2049.0   3.759970019625 
  2050.0   3.8072533241249995 
  2051.0   3.6470270384999997 
  2052.0   3.5980139351249996 
  2053.0   3.4805497263749996 
  2054.0   3.8863086558749997 
  2055.0   4.0319120925 
  2056.0   3.8622156446249996 
  2057.0   3.7100162565 
  2058.0   3.7485658136249995 
  2059.0   3.9168034751249996 
  2060.0   4.083160063499999 
  2061.0   3.7783811306249997 
  2062.0   3.8221664028749998 
  2063.0   4.1591401425 
  2064.0   4.077319005 
  2065.0   3.8568668433749997 
  2066.0   3.8617948361249996 
  2067.0   3.8746558574999996 
  2068.0   3.9428189504999995 
  2069.0   4.229945853749999 
  2070.0   4.138630409249999 
  2071.0   4.016870406 
  2072.0   3.988557237375 
  2073.0   4.1129172359999995 
  2074.0   4.165187170499999 
  2075.0   3.9459338696249997 
  2076.0   3.967667593875 
  2077.0   3.899204416125 
  2078.0   4.24316633625 
  2079.0   4.14011555775 
  2080.0   4.006820277 
  2081.0   3.9539095211249995 
  2082.0   4.0547089248749995 
  2083.0   4.174955939249999 
  2084.0   4.28554579275 
  2085.0   3.9172816889999997 
  2086.0   4.005688676625 
  2087.0   3.9460255211249997 
  2088.0   4.102826947874999 
  2089.0   4.31420708925 
  2090.0   4.3583294025 
  2091.0   3.9782824143749997 
  2092.0   4.010195368124999 
  2093.0   3.9976056056249996 
  2094.0   4.2369773962499995 
  2095.0   4.096410850124999 
  2096.0   3.9571973954999997 
  2097.0   4.001236434 
  2098.0   4.1840141625 
  2099.0   4.22063287875 
  2100.0   4.056528157874999 
