  2015.0   1365.7033660170239 
  2016.0   1365.015500161024 
  2017.0   1364.5501672980479 
  2018.0   1364.12993159168 
  2019.0   1363.488505069568 
  2020.0   1363.14276020224 
  2021.0   1362.759165935616 
  2022.0   1362.31061028864 
  2023.0   1361.857088585728 
  2024.0   1361.491076841472 
  2025.0   1361.163585585152 
  2026.0   1360.867098624 
  2027.0   1360.63423086592 
  2028.0   1360.122324451328 
  2029.0   1359.78731700224 
  2030.0   1359.4645233664 
  2031.0   1359.1807870894079 
  2032.0   1358.921344221184 
  2033.0   1358.9114121093119 
  2034.0   1358.873831145472 
  2035.0   1358.77128880128 
  2036.0   1358.49211592704 
  2037.0   1358.216432713728 
  2038.0   1358.0279910236159 
  2039.0   1357.8884045864959 
  2040.0   1357.887330844672 
  2041.0   1358.199252844544 
  2042.0   1358.480304766976 
  2043.0   1358.674383601664 
  2044.0   1359.1189127168 
  2045.0   1359.478884663296 
  2046.0   1359.839393480704 
  2047.0   1360.421227331584 
  2048.0   1360.817974935552 
  2049.0   1361.232439279616 
  2050.0   1361.463159554048 
  2051.0   1361.643950833664 
  2052.0   1362.244038295552 
  2053.0   1362.798089076736 
  2054.0   1363.311606104064 
  2055.0   1363.961756778496 
  2056.0   1364.7847798865919 
  2057.0   1365.547807670272 
  2058.0   1366.3716360847359 
  2059.0   1367.150769995776 
  2060.0   1367.855547285504 
  2061.0   1368.441139232768 
  2062.0   1369.367375773696 
  2063.0   1370.134430089216 
  2064.0   1370.716398157824 
  2065.0   1371.507477446656 
  2066.0   1372.440827527168 
  2067.0   1373.30706874368 
  2068.0   1374.167941251072 
  2069.0   1375.16195774464 
  2070.0   1376.210063982592 
  2071.0   1377.466744569856 
  2072.0   1378.8016740925439 
  2073.0   1380.2014307778559 
  2074.0   1381.348321263616 
  2075.0   1382.591177424896 
  2076.0   1384.112132718592 
  2077.0   1385.394985762816 
  2078.0   1386.8983585341439 
  2079.0   1388.275298205696 
  2080.0   1389.614925348864 
  2081.0   1390.665984376832 
  2082.0   1391.7248280330239 
  2083.0   1393.100693962752 
  2084.0   1394.6639278407679 
  2085.0   1396.03281444864 
  2086.0   1397.567325732864 
  2087.0   1399.074053947392 
  2088.0   1400.445088038912 
  2089.0   1402.096368746496 
  2090.0   1403.544846467072 
  2091.0   1405.200153706496 
  2092.0   1406.625009106944 
  2093.0   1408.372389707776 
  2094.0   1409.746108153856 
  2095.0   1411.440472752128 
  2096.0   1413.077794816 
  2097.0   1414.52868845568 
  2098.0   1416.427064000512 
  2099.0   1418.412815286272 
  2100.0   1420.376957517824 
