  2015.0   289.2255554199219 
  2016.0   288.8304443359375 
  2017.0   288.92645263671875 
  2018.0   289.1341552734375 
  2019.0   289.185791015625 
  2020.0   289.2224426269531 
  2021.0   289.28936767578125 
  2022.0   289.2794494628906 
  2023.0   289.4448547363281 
  2024.0   289.42919921875 
  2025.0   289.1850280761719 
  2026.0   289.2587585449219 
  2027.0   289.3793640136719 
  2028.0   289.6355285644531 
  2029.0   289.3563537597656 
  2030.0   289.2325134277344 
  2031.0   289.3819580078125 
  2032.0   289.7731018066406 
  2033.0   289.5530090332031 
  2034.0   289.2077941894531 
  2035.0   289.39599609375 
  2036.0   289.7461853027344 
  2037.0   289.803466796875 
  2038.0   289.71832275390625 
  2039.0   289.5613708496094 
  2040.0   289.61456298828125 
  2041.0   289.8078918457031 
  2042.0   289.97015380859375 
  2043.0   289.6606750488281 
  2044.0   289.7009582519531 
  2045.0   289.91229248046875 
  2046.0   290.2118835449219 
  2047.0   289.8527526855469 
  2048.0   289.7425231933594 
  2049.0   289.9649353027344 
  2050.0   290.21868896484375 
  2051.0   290.0133056640625 
  2052.0   289.7713928222656 
  2053.0   289.9538879394531 
  2054.0   290.15875244140625 
  2055.0   290.4567565917969 
  2056.0   290.2953796386719 
  2057.0   290.20806884765625 
  2058.0   290.3919372558594 
  2059.0   290.6288146972656 
  2060.0   290.3363342285156 
  2061.0   290.1758117675781 
  2062.0   290.3653564453125 
  2063.0   290.5093688964844 
  2064.0   290.2213134765625 
  2065.0   290.2220764160156 
  2066.0   290.5696716308594 
  2067.0   290.7756652832031 
  2068.0   290.4958190917969 
  2069.0   290.4252014160156 
  2070.0   290.6556701660156 
  2071.0   290.9773254394531 
  2072.0   290.6186828613281 
  2073.0   290.5555725097656 
  2074.0   290.6841735839844 
  2075.0   290.9106140136719 
  2076.0   291.0899353027344 
  2077.0   290.7710266113281 
  2078.0   290.6543273925781 
  2079.0   290.8608093261719 
  2080.0   291.1536865234375 
  2081.0   291.23681640625 
  2082.0   290.9654235839844 
  2083.0   290.9452819824219 
  2084.0   291.15087890625 
  2085.0   291.4940490722656 
  2086.0   291.3297119140625 
  2087.0   291.0818786621094 
  2088.0   291.31927490234375 
  2089.0   291.7196350097656 
  2090.0   291.3598327636719 
  2091.0   291.2381591796875 
  2092.0   291.4278869628906 
  2093.0   291.63201904296875 
  2094.0   291.4095153808594 
  2095.0   291.3797912597656 
  2096.0   291.5669860839844 
  2097.0   291.8803405761719 
  2098.0   291.6172180175781 
  2099.0   291.3326110839844 
  2100.0   291.7102966308594 
