  2015.0   2.931518865408 
  2016.0   2.973310910464 
  2017.0   3.0131494584319998 
  2018.0   3.044174200832 
  2019.0   3.0697584066559997 
  2020.0   3.094143565824 
  2021.0   3.101706944512 
  2022.0   3.108320313344 
  2023.0   3.117201752064 
  2024.0   3.130341982208 
  2025.0   3.14460209152 
  2026.0   3.128191352832 
  2027.0   3.116822167552 
  2028.0   3.108344430592 
  2029.0   3.102175657984 
  2030.0   3.0979960340479997 
  2031.0   3.072181665792 
  2032.0   3.05090920448 
  2033.0   3.03190114304 
  2034.0   3.018541236224 
  2035.0   3.007888490496 
  2036.0   2.993763909632 
  2037.0   2.983301742592 
  2038.0   2.977427095552 
  2039.0   2.974504189952 
  2040.0   2.973441982464 
  2041.0   2.977662500864 
  2042.0   2.979009396736 
  2043.0   2.984011628544 
  2044.0   2.988544360448 
  2045.0   2.994200117248 
  2046.0   2.992562765824 
  2047.0   2.98906681344 
  2048.0   2.986931912704 
  2049.0   2.984606171136 
  2050.0   2.98436395008 
  2051.0   3.003346321408 
  2052.0   3.022470774784 
  2053.0   3.0409325281279997 
  2054.0   3.0555522990079997 
  2055.0   3.0714597212159997 
  2056.0   3.081534963712 
  2057.0   3.090940166144 
  2058.0   3.099125874688 
  2059.0   3.103193300992 
  2060.0   3.1072224542719997 
  2061.0   3.101508763648 
  2062.0   3.09746860032 
  2063.0   3.094975086592 
  2064.0   3.092145504256 
  2065.0   3.0905330565119997 
  2066.0   3.082660610048 
  2067.0   3.076293656576 
  2068.0   3.072604504064 
  2069.0   3.06968133632 
  2070.0   3.06514624512 
  2071.0   3.050215571456 
  2072.0   3.0381291601919997 
  2073.0   3.02748925952 
  2074.0   3.016055062528 
  2075.0   3.008031883264 
  2076.0   2.995327860736 
  2077.0   2.9843521535999997 
  2078.0   2.9721842155519997 
  2079.0   2.9598089216 
  2080.0   2.950210781184 
  2081.0   2.932813856768 
  2082.0   2.918036013056 
  2083.0   2.901264826368 
  2084.0   2.888848375808 
  2085.0   2.87755862016 
  2086.0   2.87304450048 
  2087.0   2.86923554816 
  2088.0   2.864694689792 
  2089.0   2.85847846912 
  2090.0   2.852287676416 
  2091.0   2.842568163328 
  2092.0   2.829882753024 
  2093.0   2.820000186368 
  2094.0   2.80947326976 
  2095.0   2.798522990592 
  2096.0   2.786790473728 
  2097.0   2.7732816691199997 
  2098.0   2.760577122304 
  2099.0   2.74459394048 
  2100.0   2.7319743283199998 
