  2015.0   553.253393661952 
  2016.0   553.7912376524799 
  2017.0   554.0913149378559 
  2018.0   554.417732452352 
  2019.0   554.869811314688 
  2020.0   555.365343166464 
  2021.0   555.7964505088 
  2022.0   556.369258217472 
  2023.0   557.047594614784 
  2024.0   557.73489004544 
  2025.0   558.2034776883199 
  2026.0   558.508185485312 
  2027.0   559.08126162944 
  2028.0   559.4986787635199 
  2029.0   559.780166893568 
  2030.0   560.143896936448 
  2031.0   560.761264930816 
  2032.0   561.4151401472 
  2033.0   561.923590455296 
  2034.0   562.500491804672 
  2035.0   563.142891405312 
  2036.0   563.669964423168 
  2037.0   564.22347833344 
  2038.0   564.721023451136 
  2039.0   565.112066801664 
  2040.0   565.578137862144 
  2041.0   566.097292034048 
  2042.0   566.5924212326399 
  2043.0   567.131372519424 
  2044.0   567.674685882368 
  2045.0   568.168741339136 
  2046.0   568.735274369024 
  2047.0   569.173562359808 
  2048.0   569.6701679534079 
  2049.0   570.183684980736 
  2050.0   570.554394345472 
  2051.0   570.96187936768 
  2052.0   571.22461057024 
  2053.0   571.511635181568 
  2054.0   572.034144796672 
  2055.0   572.5830953041919 
  2056.0   573.052723134464 
  2057.0   573.58717812736 
  2058.0   574.152704524288 
  2059.0   574.6330697728 
  2060.0   575.1279976448 
  2061.0   575.6408435834879 
  2062.0   576.232139784192 
  2063.0   576.62855184384 
  2064.0   576.973222969344 
  2065.0   577.43016722432 
  2066.0   577.830538706944 
  2067.0   578.147762307072 
  2068.0   578.471159922688 
  2069.0   578.778786955264 
  2070.0   579.124062060544 
  2071.0   579.386994589696 
  2072.0   579.603756220416 
  2073.0   579.883063312384 
  2074.0   580.161363771392 
  2075.0   580.414229970944 
  2076.0   580.612536664064 
  2077.0   580.8152725422079 
  2078.0   581.035523833856 
  2079.0   581.1503471001599 
  2080.0   581.292013912064 
  2081.0   581.451531681792 
  2082.0   581.616351051776 
  2083.0   581.69191563264 
  2084.0   581.745334288384 
  2085.0   581.7692250439679 
  2086.0   581.729093943296 
  2087.0   581.854520410112 
  2088.0   582.088596127744 
  2089.0   582.206573510656 
  2090.0   582.21066715136 
  2091.0   582.1914740162559 
  2092.0   582.310390923264 
  2093.0   582.373339037696 
  2094.0   582.25965662208 
  2095.0   582.11939909632 
  2096.0   582.046653087744 
  2097.0   581.889618345984 
  2098.0   581.599573835776 
  2099.0   581.427775143936 
  2100.0   581.322414227456 
