  2015.0   61.623445086 
  2016.0   59.625556704 
  2017.0   59.967659231999995 
  2018.0   60.780042359999996 
  2019.0   60.91490606399999 
  2020.0   61.35007527 
  2021.0   61.558713503999996 
  2022.0   61.60275746999999 
  2023.0   62.422421471999996 
  2024.0   62.160723917999995 
  2025.0   61.280167842 
  2026.0   61.377081911999994 
  2027.0   62.300838365999994 
  2028.0   63.74172608999999 
  2029.0   62.536372865999994 
  2030.0   61.609411566 
  2031.0   62.31988216799999 
  2032.0   64.819453122 
  2033.0   63.738229536 
  2034.0   62.32147473599999 
  2035.0   63.04735461599999 
  2036.0   65.221939206 
  2037.0   65.345619456 
  2038.0   64.442617632 
  2039.0   63.980426015999996 
  2040.0   64.229934906 
  2041.0   65.168497512 
  2042.0   66.605790132 
  2043.0   65.260058346 
  2044.0   64.971003312 
  2045.0   66.16911114 
  2046.0   68.509642104 
  2047.0   66.434904432 
  2048.0   65.54012167799999 
  2049.0   66.61583434799999 
  2050.0   68.63605416 
  2051.0   67.59965505599999 
  2052.0   66.630813948 
  2053.0   67.35800257199999 
  2054.0   68.106320316 
  2055.0   70.91040682799999 
  2056.0   69.17320684799999 
  2057.0   68.479194096 
  2058.0   69.83531305199999 
  2059.0   71.713912572 
  2060.0   69.786022284 
  2061.0   69.23305429199999 
  2062.0   70.03778994 
  2063.0   71.349474672 
  2064.0   70.020476676 
  2065.0   69.457945392 
  2066.0   71.982473148 
  2067.0   73.117769148 
  2068.0   71.819479332 
  2069.0   71.673254784 
  2070.0   72.332317764 
  2071.0   74.96998092 
  2072.0   72.709385832 
  2073.0   72.45644345999999 
  2074.0   73.56766960799999 
  2075.0   75.59396009999999 
  2076.0   76.30022458799999 
  2077.0   74.37534598799999 
  2078.0   73.240775316 
  2079.0   74.69992238399999 
  2080.0   76.5207243 
  2081.0   77.577330096 
  2082.0   75.72554405999999 
  2083.0   75.676907664 
  2084.0   76.53642134399999 
  2085.0   78.756886872 
  2086.0   78.39592581599999 
  2087.0   76.45493232 
  2088.0   76.88938014 
  2089.0   80.334341244 
  2090.0   78.69130776 
  2091.0   77.812683264 
  2092.0   78.230046456 
  2093.0   80.9105355 
  2094.0   78.91664824799999 
  2095.0   78.640858044 
  2096.0   79.75180036799999 
  2097.0   82.381279932 
  2098.0   80.44935303599999 
  2099.0   79.419442464 
  2100.0   80.76717284399999 
