  2015.0   1780.95717875712 
  2016.0   1782.096150396928 
  2017.0   1782.586045104128 
  2018.0   1783.26840803328 
  2019.0   1783.25095972864 
  2020.0   1783.40933664768 
  2021.0   1784.44549750784 
  2022.0   1786.086711885824 
  2023.0   1787.667528286208 
  2024.0   1788.864481984512 
  2025.0   1788.4272006266879 
  2026.0   1788.08011358208 
  2027.0   1787.922005098496 
  2028.0   1788.051390988288 
  2029.0   1788.366802649088 
  2030.0   1789.896347877376 
  2031.0   1789.9104407388159 
  2032.0   1789.0127925739519 
  2033.0   1790.370002239488 
  2034.0   1791.416363646976 
  2035.0   1791.04632537088 
  2036.0   1791.748552523776 
  2037.0   1792.816388767744 
  2038.0   1793.443588210688 
  2039.0   1793.58304043008 
  2040.0   1793.975224631296 
  2041.0   1795.050845503488 
  2042.0   1796.260147232768 
  2043.0   1797.0143166464 
  2044.0   1797.6247388733439 
  2045.0   1797.780834091008 
  2046.0   1797.59749267456 
  2047.0   1797.6015192063999 
  2048.0   1798.14912753664 
  2049.0   1798.415012855808 
  2050.0   1798.536748335104 
  2051.0   1799.4581530378239 
  2052.0   1801.0263529717759 
  2053.0   1801.008233578496 
  2054.0   1801.467526643712 
  2055.0   1801.992586395648 
  2056.0   1802.907011776512 
  2057.0   1803.793922523136 
  2058.0   1803.307383259136 
  2059.0   1803.067938832384 
  2060.0   1803.8963306496 
  2061.0   1804.728212127744 
  2062.0   1805.256895758336 
  2063.0   1806.424455774208 
  2064.0   1806.98132512768 
  2065.0   1806.1640733818879 
  2066.0   1807.060379369472 
  2067.0   1807.9099775877119 
  2068.0   1808.6119363051519 
  2069.0   1808.789103706112 
  2070.0   1808.389134876672 
  2071.0   1809.4032840294399 
  2072.0   1809.677490847744 
  2073.0   1808.1180150661119 
  2074.0   1808.662670606336 
  2075.0   1809.449454927872 
  2076.0   1809.510389776384 
  2077.0   1809.84083382272 
  2078.0   1809.434959413248 
  2079.0   1808.630592569344 
  2080.0   1809.508242292736 
  2081.0   1807.813609259008 
  2082.0   1807.359684902912 
  2083.0   1808.635827060736 
  2084.0   1807.911319764992 
  2085.0   1806.660276322304 
  2086.0   1807.04239419392 
  2087.0   1807.727709913088 
  2088.0   1808.453827821568 
  2089.0   1808.0753338286079 
  2090.0   1807.034878001152 
  2091.0   1804.976514924544 
  2092.0   1805.271928143872 
  2093.0   1805.373933617152 
  2094.0   1804.417363869696 
  2095.0   1802.3377943920639 
  2096.0   1802.03875729408 
  2097.0   1801.211439218688 
  2098.0   1799.92617025536 
  2099.0   1799.2980312883199 
  2100.0   1798.032089677824 
