  2015.0   2.876724803354591 
  2016.0   2.8629556414671242 
  2017.0   2.847608586307615 
  2018.0   2.8676553745754063 
  2019.0   2.889718220103532 
  2020.0   2.8457471751607955 
  2021.0   2.84290382405743 
  2022.0   2.8243293170817196 
  2023.0   2.8478034655563533 
  2024.0   2.849967882502824 
  2025.0   2.8597850818187 
  2026.0   2.834265644196421 
  2027.0   2.8791017015464604 
  2028.0   2.8868572670035064 
  2029.0   2.862139348872006 
  2030.0   2.8503991314209998 
  2031.0   2.847151563037187 
  2032.0   2.873581903986633 
  2033.0   2.8578095720149577 
  2034.0   2.8303334838710725 
  2035.0   2.8536020661704242 
  2036.0   2.866562793496996 
  2037.0   2.892969560343772 
  2038.0   2.8616317198611796 
  2039.0   2.853897528257221 
  2040.0   2.847122016828507 
  2041.0   2.8596461517736316 
  2042.0   2.892564085777849 
  2043.0   2.8619274962693453 
  2044.0   2.864596399012953 
  2045.0   2.85962006310001 
  2046.0   2.85678991349414 
  2047.0   2.900136716198176 
  2048.0   2.8759421431459486 
  2049.0   2.8587022447027266 
  2050.0   2.8605674277059734 
  2051.0   2.89357682922855 
  2052.0   2.8895572875626385 
  2053.0   2.887368353549391 
  2054.0   2.866791619453579 
  2055.0   2.8788213268853724 
  2056.0   2.9007232398726046 
  2057.0   2.9257837682962418 
  2058.0   2.885210223030299 
  2059.0   2.865606627892703 
  2060.0   2.8892432805150747 
  2061.0   2.8885049396194518 
  2062.0   2.8731207945384085 
  2063.0   2.8569030691869557 
  2064.0   2.8848864720202982 
  2065.0   2.9299101792275906 
  2066.0   2.912846300750971 
  2067.0   2.8886982472613454 
  2068.0   2.901094767730683 
  2069.0   2.9002530151046813 
  2070.0   2.8849285910837352 
  2071.0   2.903787244576961 
  2072.0   2.9182859463617206 
  2073.0   2.903711807448417 
  2074.0   2.886430418584496 
  2075.0   2.9234995949082077 
  2076.0   2.944966801442206 
  2077.0   2.8968919767066836 
  2078.0   2.8622305020689964 
  2079.0   2.890049514826387 
  2080.0   2.9426279361359775 
  2081.0   2.904717007186264 
  2082.0   2.9193329508416355 
  2083.0   2.9258840368129313 
  2084.0   2.9111319920048118 
  2085.0   2.9354287195019424 
  2086.0   2.9189218184910715 
  2087.0   2.8974065207876265 
  2088.0   2.9412776115350425 
  2089.0   2.9547789716161788 
  2090.0   2.943985490128398 
  2091.0   2.925601147580892 
  2092.0   2.9204503633081913 
  2093.0   2.9124046792276204 
  2094.0   2.9375309008173645 
  2095.0   2.955113409552723 
  2096.0   2.918222139123827 
  2097.0   2.9107676935382187 
  2098.0   2.9425493557937443 
  2099.0   2.9683771426789463 
  2100.0   2.9469130793586373 
