  2015.0   2.8272641357034445 
  2016.0   2.8487693751230836 
  2017.0   2.8410663013346493 
  2018.0   2.8354217181913555 
  2019.0   2.8482614317908883 
  2020.0   2.858363406267017 
  2021.0   2.8435544692911208 
  2022.0   2.842956001404673 
  2023.0   2.8344448073767126 
  2024.0   2.857354434672743 
  2025.0   2.8532682568766177 
  2026.0   2.8601647820323706 
  2027.0   2.852981595788151 
  2028.0   2.862616174388677 
  2029.0   2.859051455743611 
  2030.0   2.861774421762675 
  2031.0   2.846502175088972 
  2032.0   2.861392206978053 
  2033.0   2.8607157873921096 
  2034.0   2.8597781667485833 
  2035.0   2.8489274787716568 
  2036.0   2.8408494195900857 
  2037.0   2.8571554692462087 
  2038.0   2.8534559067338705 
  2039.0   2.873323217500001 
  2040.0   2.852999826427549 
  2041.0   2.8604410705156624 
  2042.0   2.865774475503713 
  2043.0   2.8618702897801995 
  2044.0   2.8603423736058176 
  2045.0   2.8733643935993314 
  2046.0   2.872563502751291 
  2047.0   2.85543518839404 
  2048.0   2.864420064724982 
  2049.0   2.8726059361360967 
  2050.0   2.874594333115965 
  2051.0   2.8765607276000082 
  2052.0   2.8785450384020805 
  2053.0   2.887667273171246 
  2054.0   2.8640277916565537 
  2055.0   2.875725261401385 
  2056.0   2.88702700054273 
  2057.0   2.8750186669640243 
  2058.0   2.8721825452521443 
  2059.0   2.8696689172647893 
  2060.0   2.889606636017561 
  2061.0   2.893025509547442 
  2062.0   2.887004369404167 
  2063.0   2.87394494516775 
  2064.0   2.892927755601704 
  2065.0   2.8843257226981223 
  2066.0   2.8897590818814933 
  2067.0   2.890185930300504 
  2068.0   2.8736079926602542 
  2069.0   2.886556461453438 
  2070.0   2.908706374000758 
  2071.0   2.894914895296097 
  2072.0   2.874155540484935 
  2073.0   2.888232108671218 
  2074.0   2.9094887198880315 
  2075.0   2.893685584422201 
  2076.0   2.910004835575819 
  2077.0   2.897394576575607 
  2078.0   2.905224950518459 
  2079.0   2.9068298754282296 
  2080.0   2.910999662708491 
  2081.0   2.9144377098418772 
  2082.0   2.9061748296953738 
  2083.0   2.9146941960789263 
  2084.0   2.920405729673803 
  2085.0   2.9144446249119937 
  2086.0   2.9213703819550574 
  2087.0   2.9200653196312487 
  2088.0   2.9124688007868826 
  2089.0   2.935655659530312 
  2090.0   2.9262847965583205 
  2091.0   2.934575651306659 
  2092.0   2.9376556864008307 
  2093.0   2.9272428480908275 
  2094.0   2.935384714510292 
  2095.0   2.9313997481949627 
  2096.0   2.925347804557532 
  2097.0   2.94905926566571 
  2098.0   2.954965049866587 
  2099.0   2.946434367913753 
  2100.0   2.9324835282750428 
