  2015.0   276.164736188416 
  2016.0   276.29647088844797 
  2017.0   276.46531679027197 
  2018.0   276.712344518656 
  2019.0   277.305788203008 
  2020.0   277.69949913088 
  2021.0   278.056065302528 
  2022.0   278.859660394496 
  2023.0   279.35270921830397 
  2024.0   279.592707293184 
  2025.0   280.060674179072 
  2026.0   280.00779239423997 
  2027.0   280.882321555456 
  2028.0   282.221898366976 
  2029.0   282.071205412864 
  2030.0   281.81880897536 
  2031.0   282.668340084736 
  2032.0   283.404390105088 
  2033.0   284.209293819904 
  2034.0   284.68606874419197 
  2035.0   285.019163590656 
  2036.0   285.655892492288 
  2037.0   286.198970974208 
  2038.0   286.724735369216 
  2039.0   286.952368635904 
  2040.0   286.982768951296 
  2041.0   287.951149858816 
  2042.0   288.8986263552 
  2043.0   289.946766147584 
  2044.0   291.124593819648 
  2045.0   291.23062582476797 
  2046.0   290.81622858956797 
  2047.0   290.84193128448 
  2048.0   291.801151832064 
  2049.0   292.323258793984 
  2050.0   292.920225693696 
  2051.0   293.234328731648 
  2052.0   293.644430999552 
  2053.0   294.352429514752 
  2054.0   295.078580977664 
  2055.0   296.12188893184 
  2056.0   296.349421535232 
  2057.0   296.753081352192 
  2058.0   297.132749750272 
  2059.0   298.196660125696 
  2060.0   298.98834339430397 
  2061.0   299.421329784832 
  2062.0   299.586350481408 
  2063.0   299.027836960768 
  2064.0   299.36106602496 
  2065.0   300.267304124416 
  2066.0   301.221793497088 
  2067.0   301.729472053248 
  2068.0   302.355597754368 
  2069.0   302.486795583488 
  2070.0   302.81603167027197 
  2071.0   303.2204967936 
  2072.0   303.565302136832 
  2073.0   304.443018969088 
  2074.0   305.540047568896 
  2075.0   305.299260964864 
  2076.0   304.653170376704 
  2077.0   305.13786414694397 
  2078.0   305.723523203072 
  2079.0   306.926449590272 
  2080.0   307.733802778624 
  2081.0   307.699275268096 
  2082.0   307.696020488192 
  2083.0   307.475802750976 
  2084.0   307.904896827392 
  2085.0   308.803081863168 
  2086.0   308.75211268096 
  2087.0   308.447505547264 
  2088.0   309.29136595763197 
  2089.0   310.255317680128 
  2090.0   310.181229494272 
  2091.0   310.073888866304 
  2092.0   310.480602136576 
  2093.0   310.952243232768 
  2094.0   311.52937946316797 
  2095.0   311.98256562176 
  2096.0   312.503598841856 
  2097.0   312.80867573759997 
  2098.0   312.920210669568 
  2099.0   312.752874717184 
  2100.0   313.19069294592 
