  2015.0   1875.307812356096 
  2016.0   1875.74039609344 
  2017.0   1875.9472256122879 
  2018.0   1876.376856559616 
  2019.0   1876.800447709184 
  2020.0   1877.2100802150399 
  2021.0   1877.619578503168 
  2022.0   1877.98585868288 
  2023.0   1878.403812687872 
  2024.0   1878.849415544832 
  2025.0   1879.2343519887359 
  2026.0   1879.7649146675199 
  2027.0   1880.234542497792 
  2028.0   1880.6288741826559 
  2029.0   1881.06749771776 
  2030.0   1881.481693626368 
  2031.0   1882.004203241472 
  2032.0   1882.5652333445119 
  2033.0   1883.099419901952 
  2034.0   1883.53643282432 
  2035.0   1883.97129826304 
  2036.0   1884.560782524416 
  2037.0   1885.237239873536 
  2038.0   1885.765655068672 
  2039.0   1886.134351167488 
  2040.0   1886.584383209472 
  2041.0   1887.049716072448 
  2042.0   1887.48310511616 
  2043.0   1888.02131820544 
  2044.0   1888.6024809676799 
  2045.0   1889.16082671616 
  2046.0   1889.819969978368 
  2047.0   1890.291342639104 
  2048.0   1890.913441808384 
  2049.0   1891.61969549312 
  2050.0   1892.137239052288 
  2051.0   1892.702564122624 
  2052.0   1893.221181423616 
  2053.0   1893.56518146048 
  2054.0   1894.051452289024 
  2055.0   1894.72750698496 
  2056.0   1895.388260859904 
  2057.0   1895.718570688512 
  2058.0   1896.430327300096 
  2059.0   1897.0059871354879 
  2060.0   1897.50782722048 
  2061.0   1898.185492529152 
  2062.0   1898.690016968704 
  2063.0   1898.9546943283199 
  2064.0   1899.329430224896 
  2065.0   1899.779328049152 
  2066.0   1900.46397267968 
  2067.0   1901.0055412121599 
  2068.0   1901.494899048448 
  2069.0   1902.050023571456 
  2070.0   1902.419122323456 
  2071.0   1903.013572640768 
  2072.0   1903.498769727488 
  2073.0   1904.041009348608 
  2074.0   1904.295754596352 
  2075.0   1904.620561498112 
  2076.0   1904.846986805248 
  2077.0   1905.329633755136 
  2078.0   1905.774297088 
  2079.0   1905.914957266944 
  2080.0   1906.411428642816 
  2081.0   1906.961050238976 
  2082.0   1907.237807194112 
  2083.0   1907.691328897024 
  2084.0   1908.036000022528 
  2085.0   1908.518781190144 
  2086.0   1908.85325176832 
  2087.0   1909.2702662492159 
  2088.0   1909.554942050304 
  2089.0   1909.930751688704 
  2090.0   1910.411788025856 
  2091.0   1910.742500507648 
  2092.0   1910.755251191808 
  2093.0   1911.145153691648 
  2094.0   1911.5020386304 
  2095.0   1911.887646162944 
  2096.0   1912.1817172049919 
  2097.0   1912.402236932096 
  2098.0   1912.674027831296 
  2099.0   1912.918975184896 
  2100.0   1913.353840623616 
