  2015.0   2073.624571805696 
  2016.0   2075.278671085568 
  2017.0   2078.647133405184 
  2018.0   2081.937615224832 
  2019.0   2083.1913430220798 
  2020.0   2084.082280300544 
  2021.0   2085.99380918272 
  2022.0   2088.051501170688 
  2023.0   2090.013093265408 
  2024.0   2091.178371579904 
  2025.0   2093.45497268224 
  2026.0   2097.49358411776 
  2027.0   2101.143232577536 
  2028.0   2103.764639023104 
  2029.0   2105.335120658432 
  2030.0   2109.24233293824 
  2031.0   2114.802033885184 
  2032.0   2118.579726057472 
  2033.0   2119.907139387392 
  2034.0   2124.1564726558718 
  2035.0   2130.531412082688 
  2036.0   2135.232656441344 
  2037.0   2137.563481505792 
  2038.0   2141.325872857088 
  2039.0   2145.9341043302397 
  2040.0   2151.98598168576 
  2041.0   2157.625676398592 
  2042.0   2161.74629486592 
  2043.0   2165.93925668864 
  2044.0   2171.30662363136 
  2045.0   2177.132746768384 
  2046.0   2180.490069016576 
  2047.0   2182.3036189573118 
  2048.0   2187.668033110016 
  2049.0   2194.12229521408 
  2050.0   2197.557732179968 
  2051.0   2199.592741371904 
  2052.0   2204.809784459264 
  2053.0   2211.242034855936 
  2054.0   2216.253993254912 
  2055.0   2219.495082950656 
  2056.0   2221.218572795904 
  2057.0   2225.99900561408 
  2058.0   2231.746074509312 
  2059.0   2234.582363537408 
  2060.0   2236.292700045312 
  2061.0   2241.367203905536 
  2062.0   2247.681342701568 
  2063.0   2250.57695596544 
  2064.0   2254.709385592832 
  2065.0   2261.6266988584957 
  2066.0   2268.236116656128 
  2067.0   2270.989995999232 
  2068.0   2274.398857854976 
  2069.0   2280.892579971072 
  2070.0   2287.423346180096 
  2071.0   2291.26841565184 
  2072.0   2293.714399526912 
  2073.0   2299.749365448704 
  2074.0   2305.3524187217918 
  2075.0   2310.486246817792 
  2076.0   2312.782443708416 
  2077.0   2315.750534545408 
  2078.0   2321.564309651456 
  2079.0   2328.49101815808 
  2080.0   2333.629946527744 
  2081.0   2336.077809451008 
  2082.0   2339.815504740352 
  2083.0   2345.565660643328 
  2084.0   2350.682308870144 
  2085.0   2354.3338363781118 
  2086.0   2355.611589148672 
  2087.0   2359.783076134912 
  2088.0   2365.120915177472 
  2089.0   2367.726081277952 
  2090.0   2370.3266839756798 
  2091.0   2376.496941367296 
  2092.0   2382.713906528256 
  2093.0   2385.447921647616 
  2094.0   2389.0285821951998 
  2095.0   2395.354800586752 
  2096.0   2401.707325652992 
  2097.0   2405.009618632704 
  2098.0   2407.311989538816 
  2099.0   2412.9112847155197 
  2100.0   2418.919675527168 
