  2015.0   9.506671990360854 
  2016.0   9.784646811078622 
  2017.0   10.062621614968663 
  2018.0   10.340596422098002 
  2019.0   10.618571230870922 
  2020.0   10.89654608735615 
  2021.0   11.114810533653744 
  2022.0   11.332993123835076 
  2023.0   11.551175696256683 
  2024.0   11.769358293885661 
  2025.0   11.987540834936466 
  2026.0   12.205723431982404 
  2027.0   12.423905990340648 
  2028.0   12.642088562987803 
  2029.0   12.860271145650023 
  2030.0   13.078453702069458 
  2031.0   13.232194359813636 
  2032.0   13.385846525863696 
  2033.0   13.539498733161963 
  2034.0   13.693150968835262 
  2035.0   13.846803167161381 
  2036.0   14.0004553788439 
  2037.0   14.154107589821779 
  2038.0   14.30775978783155 
  2039.0   14.46141202306916 
  2040.0   14.61506426909228 
  2041.0   14.733729949658112 
  2042.0   14.852347658259081 
  2043.0   14.970965407369086 
  2044.0   15.089583114447747 
  2045.0   15.208200819066093 
  2046.0   15.32681856080295 
  2047.0   15.445436244269974 
  2048.0   15.56405399423792 
  2049.0   15.682671713013399 
  2050.0   15.801289434505415 
  2051.0   15.885799799908746 
  2052.0   15.970263462948912 
  2053.0   16.05472705433722 
  2054.0   16.139190708887707 
  2055.0   16.223654289930895 
  2056.0   16.308117903061312 
  2057.0   16.39258150242997 
  2058.0   16.47704516437504 
  2059.0   16.561508758571993 
  2060.0   16.645972370206252 
  2061.0   16.734060897462708 
  2062.0   16.822154423468806 
  2063.0   16.910247947043292 
  2064.0   16.998341414517608 
  2065.0   17.08643494491815 
  2066.0   17.17452847669161 
  2067.0   17.262622013279618 
  2068.0   17.35071550432344 
  2069.0   17.438809033403842 
  2070.0   17.526902557452356 
  2071.0   17.614558988749103 
  2072.0   17.7022148350923 
  2073.0   17.78987067952425 
  2074.0   17.877526534283035 
  2075.0   17.965182378319117 
  2076.0   18.052838205609085 
  2077.0   18.140494083062332 
  2078.0   18.228149906041903 
  2079.0   18.315805759238323 
  2080.0   18.403461606450616 
  2081.0   18.526599021730974 
  2082.0   18.649785170819662 
  2083.0   18.772971299287416 
  2084.0   18.89615743499135 
  2085.0   19.01934356391234 
  2086.0   19.14252973352684 
  2087.0   19.265715811057245 
  2088.0   19.38890193158349 
  2089.0   19.51208802586706 
  2090.0   19.635274160944956 
  2091.0   19.762859652185163 
  2092.0   19.890450986846314 
  2093.0   20.01804243930063 
  2094.0   20.14563384454037 
  2095.0   20.273225296401595 
  2096.0   20.400816707269325 
  2097.0   20.52840809855218 
  2098.0   20.655999564006116 
  2099.0   20.783590947917446 
  2100.0   20.911182400208375 
