  2015.0   -1.1993643547603628e-10 
  2016.0   8.852974876815801e-10 
  2017.0   1.1289967315481833e-09 
  2018.0   -5.20538753756454e-09 
  2019.0   -3.998570680229077e-09 
  2020.0   3.2462066449912815e-09 
  2021.0   2.031158335371969e-09 
  2022.0   4.55259299279937e-09 
  2023.0   -3.6143928281510904e-09 
  2024.0   -4.975536792428367e-09 
  2025.0   8.418910261406859e-10 
  2026.0   1.1569731837008376e-09 
  2027.0   5.710310639177909e-09 
  2028.0   -3.6291867213009705e-09 
  2029.0   -7.0704151372117585e-09 
  2030.0   1.5658740310408695e-09 
  2031.0   6.089784235607049e-09 
  2032.0   -3.342704226798395e-09 
  2033.0   -7.376971027113978e-09 
  2034.0   2.7443577101210983e-10 
  2035.0   2.1283472595834473e-09 
  2036.0   3.0358724823718884e-09 
  2037.0   -5.180677470736572e-09 
  2038.0   -4.800746875144557e-09 
  2039.0   -1.2488127396929266e-10 
  2040.0   -5.178356402071952e-10 
  2041.0   -9.765052839494649e-10 
  2042.0   -2.5857458099811033e-09 
  2043.0   2.6986415799215946e-09 
  2044.0   -4.820768643519488e-09 
  2045.0   -6.256478250338105e-09 
  2046.0   -2.3946244932492884e-09 
  2047.0   1.2294773914221e-09 
  2048.0   -1.5495829094932857e-11 
  2049.0   -2.406508150962669e-10 
  2050.0   -6.150083093329318e-09 
  2051.0   -6.004762705737524e-09 
  2052.0   -4.554773453533597e-10 
  2053.0   4.801105509882067e-11 
  2054.0   3.978344185228058e-09 
  2055.0   -2.309122071644122e-09 
  2056.0   -7.869954483189882e-09 
  2057.0   -3.308801324319002e-09 
  2058.0   -1.0374938954036085e-09 
  2059.0   4.8170717209278704e-09 
  2060.0   -2.9129704536634926e-09 
  2061.0   -9.023611661558595e-09 
  2062.0   -9.401506646950142e-10 
  2063.0   9.852190542600608e-09 
  2064.0   -4.6883399816254305e-09 
  2065.0   -8.960340345365868e-09 
  2066.0   -1.0594735695826682e-09 
  2067.0   5.381770654050955e-10 
  2068.0   2.8628784472296694e-09 
  2069.0   -4.353842943473571e-09 
  2070.0   -6.026476278607894e-09 
  2071.0   -6.264854394281645e-09 
  2072.0   3.174158425946199e-09 
  2073.0   2.9780604056708753e-09 
  2074.0   -4.636082162747064e-09 
  2075.0   -8.616284772031366e-09 
  2076.0   -1.485748137971653e-09 
  2077.0   -7.208082953627871e-11 
  2078.0   4.115519247448847e-09 
  2079.0   -5.348347547890592e-09 
  2080.0   -8.487399550346318e-09 
  2081.0   -1.1732207847459376e-09 
  2082.0   2.036183087155188e-09 
  2083.0   2.7231213843160464e-09 
  2084.0   -5.696051263166111e-09 
  2085.0   -6.696246917101466e-09 
  2086.0   5.203009931271862e-10 
  2087.0   -3.842808637468425e-10 
  2088.0   -1.5433867614557411e-09 
  2089.0   -2.268001750428681e-09 
  2090.0   -2.9947545199678166e-09 
  2091.0   -5.415554868777406e-09 
  2092.0   -3.303298934215295e-09 
  2093.0   1.3241440603116329e-09 
  2094.0   4.670241388781674e-10 
  2095.0   -7.805753898316424e-09 
  2096.0   -2.6758771579700883e-09 
  2097.0   3.4215929324666915e-10 
  2098.0   5.253318949638593e-09 
  2099.0   -4.722368345775935e-09 
  2100.0   -8.310369468277665e-09 
