  2015.0   101.03747793843773 
  2016.0   100.98837595698045 
  2017.0   101.06953706896586 
  2018.0   101.29072582769544 
  2019.0   101.46134310021978 
  2020.0   101.73869370972601 
  2021.0   101.95285283239461 
  2022.0   102.0557835606882 
  2023.0   102.18287172083562 
  2024.0   102.13723319991821 
  2025.0   102.39014597314296 
  2026.0   102.57867964024767 
  2027.0   102.77324598896989 
  2028.0   102.98410691672409 
  2029.0   103.30802639722559 
  2030.0   103.69761940797149 
  2031.0   103.94061202450085 
  2032.0   104.10421519220301 
  2033.0   104.42901880864635 
  2034.0   104.8921016367811 
  2035.0   105.37301746207268 
  2036.0   105.73010298427808 
  2037.0   106.01274481239348 
  2038.0   106.3702547070004 
  2039.0   106.67462754925931 
  2040.0   106.9750063817361 
  2041.0   107.30521209438707 
  2042.0   107.73712179897453 
  2043.0   108.22251911513933 
  2044.0   108.75084787081292 
  2045.0   109.27051722666104 
  2046.0   109.65239596264095 
  2047.0   110.25403933465392 
  2048.0   110.8585894642521 
  2049.0   111.30370189218199 
  2050.0   111.78953426896143 
  2051.0   112.26966165811692 
  2052.0   112.61085227709904 
  2053.0   113.17511289040502 
  2054.0   113.83431611268881 
  2055.0   114.33818924488232 
  2056.0   114.65258283668003 
  2057.0   115.24351507649355 
  2058.0   115.7264854107023 
  2059.0   115.94750197998468 
  2060.0   116.5424733476755 
  2061.0   117.11790178922445 
  2062.0   117.40541980176415 
  2063.0   117.84145098152919 
  2064.0   118.41532760656874 
  2065.0   118.93797689502891 
  2066.0   119.37245218295152 
  2067.0   119.7384865088034 
  2068.0   120.30534641642606 
  2069.0   120.76036055327913 
  2070.0   121.27478579300625 
  2071.0   121.7393685185932 
  2072.0   122.19331377403759 
  2073.0   122.68905383930716 
  2074.0   123.1334400219262 
  2075.0   123.46870574272775 
  2076.0   123.98685740028037 
  2077.0   124.41858037810512 
  2078.0   124.73198668019552 
  2079.0   125.30024084915708 
  2080.0   125.85004969490704 
  2081.0   125.97991031733164 
  2082.0   126.25977540398402 
  2083.0   126.47010316794656 
  2084.0   126.70628367591033 
  2085.0   126.88275861132777 
  2086.0   127.31807215984028 
  2087.0   127.73241289227815 
  2088.0   128.1223930047866 
  2089.0   128.54569844473068 
  2090.0   129.10243072970417 
  2091.0   129.4881805944339 
  2092.0   130.15013944905533 
  2093.0   130.77449658119698 
  2094.0   131.23840011741922 
  2095.0   131.750535389607 
  2096.0   132.25304035154272 
  2097.0   132.88279429303208 
  2098.0   133.35008714416534 
  2099.0   133.98163468984507 
  2100.0   134.6206604874471 
