  2015.0   3.9956512774138835 
  2016.0   3.9939316496244244 
  2017.0   3.9960050539080236 
  2018.0   3.9858004032084917 
  2019.0   3.9880464278396577 
  2020.0   3.9775205213487586 
  2021.0   3.9923469821777386 
  2022.0   3.9987921707194136 
  2023.0   3.9938280505756367 
  2024.0   3.988631994424728 
  2025.0   3.970736170292985 
  2026.0   3.9736693325037664 
  2027.0   3.9673059521016243 
  2028.0   3.9650278639402634 
  2029.0   3.983819346246794 
  2030.0   3.97757959247165 
  2031.0   3.955522427912618 
  2032.0   3.9565946904146942 
  2033.0   3.970374891704488 
  2034.0   3.9497961614474555 
  2035.0   3.9448547842118504 
  2036.0   3.9594261549426095 
  2037.0   3.956187686806098 
  2038.0   3.961685192727786 
  2039.0   3.963058696955947 
  2040.0   3.9433750506082115 
  2041.0   3.9625040729946326 
  2042.0   3.9709140016724227 
  2043.0   3.955848899553 
  2044.0   3.966296676477997 
  2045.0   3.9606947527110274 
  2046.0   3.940775611267823 
  2047.0   3.967437848035041 
  2048.0   3.934331439920172 
  2049.0   3.947134664356731 
  2050.0   3.946622246477229 
  2051.0   3.949664435316376 
  2052.0   3.938181351428659 
  2053.0   3.930897814178304 
  2054.0   3.9448436885607348 
  2055.0   3.963781665506925 
  2056.0   3.962039522321436 
  2057.0   3.9545759451611757 
  2058.0   3.9421777042355775 
  2059.0   3.9704574467011007 
  2060.0   3.966501555371433 
  2061.0   3.9393088235418077 
  2062.0   3.954986235578818 
  2063.0   3.9762596447048986 
  2064.0   3.9446383642298257 
  2065.0   3.953723726334025 
  2066.0   3.9812445032594517 
  2067.0   3.984447377653893 
  2068.0   3.9867547993355177 
  2069.0   3.979253699156446 
  2070.0   3.972659080262627 
  2071.0   3.988796775898838 
  2072.0   3.9724046634970134 
  2073.0   3.9913811628518605 
  2074.0   4.007259141488018 
  2075.0   3.978391308048663 
  2076.0   3.9823951839377383 
  2077.0   4.002293954349567 
  2078.0   3.971048448853147 
  2079.0   4.002159612002761 
  2080.0   3.9924413453486816 
  2081.0   3.9723970707616663 
  2082.0   4.007458095331985 
  2083.0   3.9997618642790638 
  2084.0   3.978944217337866 
  2085.0   3.99959292888486 
  2086.0   4.008907034195108 
  2087.0   4.035223800929611 
  2088.0   4.0165158245085175 
  2089.0   3.994933458038693 
  2090.0   3.9991703261546587 
  2091.0   4.017188325166434 
  2092.0   4.040724695015214 
  2093.0   4.003636567122666 
  2094.0   4.008852532084478 
  2095.0   4.03868695466813 
  2096.0   4.03650501245669 
  2097.0   4.022008198813971 
  2098.0   4.038795309800256 
  2099.0   4.0323560590255125 
  2100.0   4.022472572256196 
