  2015.0   96.80202937541344 
  2016.0   96.81228560289676 
  2017.0   96.84394582313725 
  2018.0   96.94681440668812 
  2019.0   97.04839174657587 
  2020.0   97.14291352196761 
  2021.0   97.17578295360639 
  2022.0   97.15019064390097 
  2023.0   97.27418357852757 
  2024.0   97.38357515928905 
  2025.0   97.42332026347802 
  2026.0   97.52370432191165 
  2027.0   97.59293954462514 
  2028.0   97.60181110660957 
  2029.0   97.65124437489094 
  2030.0   97.681539197254 
  2031.0   97.76558235648831 
  2032.0   97.84769622169479 
  2033.0   97.8598163178853 
  2034.0   97.90808704602087 
  2035.0   98.01575086484111 
  2036.0   98.15853470925316 
  2037.0   98.38047728245441 
  2038.0   98.46489089791648 
  2039.0   98.33395650611747 
  2040.0   98.48588700294572 
  2041.0   98.56782829547998 
  2042.0   98.72593949191736 
  2043.0   98.83318208205914 
  2044.0   98.94447184209415 
  2045.0   99.16320970910168 
  2046.0   99.20093186288318 
  2047.0   99.19409025850501 
  2048.0   99.42460105876553 
  2049.0   99.56653712312183 
  2050.0   99.6174680108039 
  2051.0   99.76800729809942 
  2052.0   99.97655061511752 
  2053.0   100.12576658707411 
  2054.0   100.25858771723566 
  2055.0   100.37785879414378 
  2056.0   100.61970930276814 
  2057.0   100.68941859368458 
  2058.0   100.70593088139175 
  2059.0   100.89366075170277 
  2060.0   101.02119976883665 
  2061.0   101.21785608605579 
  2062.0   101.32284605005006 
  2063.0   101.40923220563563 
  2064.0   101.52141987328588 
  2065.0   101.60171835804958 
  2066.0   101.69207589187585 
  2067.0   101.65887303960271 
  2068.0   101.79266891189306 
  2069.0   101.83967786496196 
  2070.0   101.98115861185272 
  2071.0   102.05103207791295 
  2072.0   102.2861686174996 
  2073.0   102.33213082442737 
  2074.0   102.35357895925807 
  2075.0   102.4631009853862 
  2076.0   102.47819679071459 
  2077.0   102.53800694307648 
  2078.0   102.57002340117798 
  2079.0   102.69106207895976 
  2080.0   102.71962714100935 
  2081.0   102.80465240720049 
  2082.0   102.8726065464528 
  2083.0   102.938689163786 
  2084.0   102.80251301126432 
  2085.0   102.9390417263049 
  2086.0   102.95502990636622 
  2087.0   103.00328379328003 
  2088.0   102.97261057804589 
  2089.0   103.07363994740041 
  2090.0   103.12118803870094 
  2091.0   103.2499158067801 
  2092.0   103.3235966058221 
  2093.0   103.21608479003847 
  2094.0   103.15874053739213 
  2095.0   103.27006529518205 
  2096.0   103.41867689743827 
  2097.0   103.25466574964562 
  2098.0   103.3319547685794 
  2099.0   103.35837996411942 
  2100.0   103.31921869049913 
