  2015.0   5.002396876724207 
  2016.0   5.0543461939013055 
  2017.0   4.948323432792744 
  2018.0   4.909184952359092 
  2019.0   5.045433166031447 
  2020.0   5.192938179851178 
  2021.0   5.109307715288319 
  2022.0   5.041294378807253 
  2023.0   5.199837675027255 
  2024.0   5.234530605896841 
  2025.0   5.158494597270279 
  2026.0   5.2652935753481565 
  2027.0   5.114556483987901 
  2028.0   5.285375986571773 
  2029.0   5.377308431766907 
  2030.0   5.301094868597674 
  2031.0   5.273604697087298 
  2032.0   5.341285330886124 
  2033.0   5.3865885709302574 
  2034.0   5.3695707938032164 
  2035.0   5.315803946648187 
  2036.0   5.427871777916821 
  2037.0   5.353251463528659 
  2038.0   5.534115328137002 
  2039.0   5.612132705898805 
  2040.0   5.44133546927939 
  2041.0   5.533980419162774 
  2042.0   5.558451410730644 
  2043.0   5.566077156307856 
  2044.0   5.465186634552582 
  2045.0   5.553092741423513 
  2046.0   5.846777110295215 
  2047.0   5.885577723904112 
  2048.0   5.651542909502236 
  2049.0   5.633415343135465 
  2050.0   5.569062005462037 
  2051.0   6.008736540339412 
  2052.0   5.800639155408504 
  2053.0   5.960234626608694 
  2054.0   5.8752553476928 
  2055.0   5.838443939293047 
  2056.0   5.845277207984796 
  2057.0   5.916819579834411 
  2058.0   6.057493707982013 
  2059.0   5.998177838732485 
  2060.0   6.103881478771882 
  2061.0   6.059560067313103 
  2062.0   6.069699051379183 
  2063.0   6.0743408015081615 
  2064.0   6.053955196574167 
  2065.0   6.145319903351849 
  2066.0   6.259747075656995 
  2067.0   6.097578169637951 
  2068.0   6.34511146723539 
  2069.0   6.358123078242745 
  2070.0   6.330234651925277 
  2071.0   6.2868848379418125 
  2072.0   6.381137853165614 
  2073.0   6.354461975659609 
  2074.0   6.342494074737945 
  2075.0   6.577666587902342 
  2076.0   6.39173281482925 
  2077.0   6.668755457675978 
  2078.0   6.552913800208672 
  2079.0   6.583936833223703 
  2080.0   6.562515164476228 
  2081.0   6.656148316622351 
  2082.0   6.855179281531742 
  2083.0   6.855985022381525 
  2084.0   6.6360142148688706 
  2085.0   6.951134503415821 
  2086.0   6.717327125878816 
  2087.0   6.8466905052487705 
  2088.0   7.04099188674622 
  2089.0   6.916249846448161 
  2090.0   7.005317128590456 
  2091.0   6.938142987035548 
  2092.0   7.172733010942594 
  2093.0   7.133747518587538 
  2094.0   7.058938193794387 
  2095.0   7.440040902229011 
  2096.0   7.232925859193799 
  2097.0   7.0852359052482745 
  2098.0   7.136942216888224 
  2099.0   7.36350559786599 
  2100.0   7.287740447885973 
