  2015.0   1.1454074440354298 
  2016.0   1.118014359392403 
  2017.0   1.171379347796537 
  2018.0   1.1988942308777888 
  2019.0   1.1341470888126504 
  2020.0   1.153998260263501 
  2021.0   1.2171511984344616 
  2022.0   1.1847614854623996 
  2023.0   1.1311553621764598 
  2024.0   1.1595882554253625 
  2025.0   1.1906489397438993 
  2026.0   1.202827186332058 
  2027.0   1.2091593129892866 
  2028.0   1.1936578346103182 
  2029.0   1.1646774677743794 
  2030.0   1.1867321251630003 
  2031.0   1.2038360779561015 
  2032.0   1.201900535261536 
  2033.0   1.2212401289495294 
  2034.0   1.2392172560090593 
  2035.0   1.2047546121507777 
  2036.0   1.206196090758929 
  2037.0   1.2065828192256556 
  2038.0   1.184178459453168 
  2039.0   1.2252956529955996 
  2040.0   1.2333249882865742 
  2041.0   1.2394499541068664 
  2042.0   1.2634022576870931 
  2043.0   1.2242606091977257 
  2044.0   1.2552490916516184 
  2045.0   1.2340276368312748 
  2046.0   1.2453280830974736 
  2047.0   1.2468254296564198 
  2048.0   1.2643139007465372 
  2049.0   1.2857623011994275 
  2050.0   1.2558594205048945 
  2051.0   1.2622228513801381 
  2052.0   1.3004041689821688 
  2053.0   1.329188092768141 
  2054.0   1.3045412761327861 
  2055.0   1.259159831169212 
  2056.0   1.3167731177645206 
  2057.0   1.2886052045901562 
  2058.0   1.3189357535302029 
  2059.0   1.2729274660699492 
  2060.0   1.3013824766320696 
  2061.0   1.3648143152683363 
  2062.0   1.3455021966224785 
  2063.0   1.294226103395814 
  2064.0   1.3170535280724542 
  2065.0   1.3794282808635403 
  2066.0   1.3460764336334832 
  2067.0   1.3182404754549173 
  2068.0   1.347103899105264 
  2069.0   1.3753472242060527 
  2070.0   1.3742803274220816 
  2071.0   1.3888608388399106 
  2072.0   1.3662076701963408 
  2073.0   1.3545031741111027 
  2074.0   1.3670629621057873 
  2075.0   1.4295652294244303 
  2076.0   1.3786543246627554 
  2077.0   1.345331926908708 
  2078.0   1.4018874886770505 
  2079.0   1.4640593447161898 
  2080.0   1.4462340241144036 
  2081.0   1.3864775820914743 
  2082.0   1.4163476729390412 
  2083.0   1.4337175535845224 
  2084.0   1.4301700186428523 
  2085.0   1.4017367249313426 
  2086.0   1.4078005602614585 
  2087.0   1.4618593070622294 
  2088.0   1.5044169195327781 
  2089.0   1.4474354488047165 
  2090.0   1.4209966683803825 
  2091.0   1.4485395063695983 
  2092.0   1.479595080648653 
  2093.0   1.4617131247915958 
  2094.0   1.4085607812470453 
  2095.0   1.4553219782847586 
  2096.0   1.5107547381114728 
  2097.0   1.488616198774686 
  2098.0   1.4605908373928533 
  2099.0   1.4915927957827317 
  2100.0   1.5071085253997514 
