  2015.0   4.0844387501043e-10 
  2016.0   4.4166474259001585e-10 
  2017.0   4.5138770604575967e-10 
  2018.0   4.6352044278139777e-10 
  2019.0   4.780172965018898e-10 
  2020.0   4.987776856898336e-10 
  2021.0   5.370494060578711e-10 
  2022.0   5.389282361486229e-10 
  2023.0   5.266742077746484e-10 
  2024.0   5.171006021185554e-10 
  2025.0   5.092963340500165e-10 
  2026.0   5.065676360279565e-10 
  2027.0   5.024339605968854e-10 
  2028.0   4.995874394161043e-10 
  2029.0   4.991405386215584e-10 
  2030.0   4.959563197905529e-10 
  2031.0   4.980362042473948e-10 
  2032.0   4.999807783003052e-10 
  2033.0   5.019797202277435e-10 
  2034.0   5.034561323498007e-10 
  2035.0   5.013833217017747e-10 
  2036.0   5.016236174434628e-10 
  2037.0   5.002054604149726e-10 
  2038.0   5.036298001260299e-10 
  2039.0   5.024128645165403e-10 
  2040.0   5.0320617559703e-10 
  2041.0   5.044953551037818e-10 
  2042.0   5.089500548141222e-10 
  2043.0   5.097779965096455e-10 
  2044.0   5.027202397768809e-10 
  2045.0   5.038580390053312e-10 
  2046.0   5.066155393344752e-10 
  2047.0   5.052781388070745e-10 
  2048.0   5.345452716499793e-10 
  2049.0   5.328153258871548e-10 
  2050.0   5.098722597468133e-10 
  2051.0   5.12502533131863e-10 
  2052.0   5.132003148075659e-10 
  2053.0   5.141506546863029e-10 
  2054.0   5.153701760298683e-10 
  2055.0   5.153364917265911e-10 
  2056.0   5.165273084123517e-10 
  2057.0   5.16161682125229e-10 
  2058.0   5.163784735715766e-10 
  2059.0   5.154487611404259e-10 
  2060.0   5.180526635351752e-10 
  2061.0   5.196234229560524e-10 
  2062.0   5.179025666964469e-10 
  2063.0   5.159635732823158e-10 
  2064.0   5.18685780141804e-10 
  2065.0   5.222094567938453e-10 
  2066.0   5.232948355060363e-10 
  2067.0   5.220685224641006e-10 
  2068.0   5.228999163801074e-10 
  2069.0   5.220271174614115e-10 
  2070.0   5.234375138588419e-10 
  2071.0   5.2362775875722e-10 
  2072.0   5.202951155233261e-10 
  2073.0   5.18697389048343e-10 
  2074.0   5.219414071216779e-10 
  2075.0   5.235472867768369e-10 
  2076.0   5.226141441503493e-10 
  2077.0   5.225024856605862e-10 
  2078.0   5.2344906159675e-10 
  2079.0   5.23947241697829e-10 
  2080.0   5.214083988495989e-10 
  2081.0   5.206393755007277e-10 
  2082.0   5.216359441023146e-10 
  2083.0   5.208948379664695e-10 
  2084.0   5.246179779692938e-10 
  2085.0   5.259636823405195e-10 
  2086.0   5.254545406779558e-10 
  2087.0   5.210713596536892e-10 
  2088.0   5.232802275180689e-10 
  2089.0   5.247194198006281e-10 
  2090.0   5.237867359884285e-10 
  2091.0   5.222169428521273e-10 
  2092.0   5.214557419123643e-10 
  2093.0   5.237238456766931e-10 
  2094.0   5.275646623193255e-10 
  2095.0   5.285508573739571e-10 
  2096.0   5.2721042227522e-10 
  2097.0   5.316897553327735e-10 
  2098.0   5.348619381581655e-10 
  2099.0   5.603580248164042e-10 
  2100.0   0.0 
