  2015.0   55.96247533682951 
  2016.0   55.357867996887485 
  2017.0   56.611874949914544 
  2018.0   57.002295367574064 
  2019.0   56.11476449499167 
  2020.0   55.510225088319146 
  2021.0   56.89340029183617 
  2022.0   57.389597206145005 
  2023.0   56.80435830278904 
  2024.0   56.570450664647254 
  2025.0   56.25542673527133 
  2026.0   56.81442505520378 
  2027.0   57.02254322298184 
  2028.0   57.44373506994237 
  2029.0   56.36299911221201 
  2030.0   55.841276531787585 
  2031.0   57.49530369961216 
  2032.0   57.827025095024915 
  2033.0   57.17146016356965 
  2034.0   57.250934420757716 
  2035.0   57.602978483943005 
  2036.0   57.42210666683905 
  2037.0   57.712339967071195 
  2038.0   58.487680613922386 
  2039.0   57.50920141729805 
  2040.0   57.07320925683229 
  2041.0   58.564990816402286 
  2042.0   59.09613431234863 
  2043.0   58.33068779633974 
  2044.0   57.4397861487746 
  2045.0   58.73194226906486 
  2046.0   59.30680560302715 
  2047.0   58.33636977870811 
  2048.0   58.07554287179848 
  2049.0   59.5973419969943 
  2050.0   60.111339469444616 
  2051.0   59.578554297832085 
  2052.0   58.73161168603514 
  2053.0   58.90834168589584 
  2054.0   59.57814273992045 
  2055.0   59.921988977055854 
  2056.0   59.878477506596 
  2057.0   59.299898398976836 
  2058.0   59.0408927178384 
  2059.0   59.20048914777521 
  2060.0   60.5984391685275 
  2061.0   60.67534447554354 
  2062.0   59.56592721337685 
  2063.0   59.0338529754906 
  2064.0   60.7120779142655 
  2065.0   61.65256845773628 
  2066.0   60.57419655236026 
  2067.0   59.77254146140859 
  2068.0   61.296794181066765 
  2069.0   61.31618095318352 
  2070.0   60.59219687757097 
  2071.0   60.89142619224393 
  2072.0   61.0814149672612 
  2073.0   60.89830231223152 
  2074.0   61.99702955199973 
  2075.0   61.47462196112053 
  2076.0   61.17076527632981 
  2077.0   61.51094120743985 
  2078.0   61.63289303812373 
  2079.0   61.680284500944964 
  2080.0   61.56453023603194 
  2081.0   61.982575094593074 
  2082.0   61.60324537996667 
  2083.0   61.48389002912904 
  2084.0   62.82485592672153 
  2085.0   62.29139208279977 
  2086.0   61.281368877352435 
  2087.0   61.71193709324015 
  2088.0   62.546818838414204 
  2089.0   62.619198248663594 
  2090.0   61.7084244261743 
  2091.0   61.23525960502547 
  2092.0   62.691013070308166 
  2093.0   63.5936710719626 
  2094.0   62.86465627502905 
  2095.0   62.3692865555513 
  2096.0   62.39898188021689 
  2097.0   63.4263733509658 
  2098.0   63.264096843891274 
  2099.0   62.59890955737184 
  2100.0   62.95841807174525 
