  2015.0   6.088156481786524 
  2016.0   6.012500034498208 
  2017.0   6.030730692849078 
  2018.0   5.889730231774066 
  2019.0   6.210318199140961 
  2020.0   6.113833251748212 
  2021.0   6.323280305995984 
  2022.0   5.9181261786310175 
  2023.0   6.029323821985933 
  2024.0   6.057524627309968 
  2025.0   6.335724452955819 
  2026.0   6.181739364636654 
  2027.0   6.139539851597897 
  2028.0   6.308885946683118 
  2029.0   6.225347978100896 
  2030.0   6.3939562789802835 
  2031.0   6.238423613168773 
  2032.0   6.285817923731527 
  2033.0   6.295987846158047 
  2034.0   6.483020307871746 
  2035.0   6.412258826053106 
  2036.0   6.222044449771304 
  2037.0   6.501206570885103 
  2038.0   6.395014070549659 
  2039.0   6.369795341129116 
  2040.0   6.672074973983827 
  2041.0   6.6013586221462885 
  2042.0   6.579551330405446 
  2043.0   6.466022767336877 
  2044.0   6.296036767654423 
  2045.0   6.4489894110873704 
  2046.0   6.525550306710276 
  2047.0   6.573718839685019 
  2048.0   6.51631623668714 
  2049.0   6.508537773216726 
  2050.0   6.780374984036808 
  2051.0   6.6326079977670735 
  2052.0   6.809364119623166 
  2053.0   6.65253701661352 
  2054.0   6.730612827057305 
  2055.0   6.734964421611461 
  2056.0   6.80995833264139 
  2057.0   6.943114150932309 
  2058.0   6.71372662076726 
  2059.0   6.990234296038476 
  2060.0   6.764109431534619 
  2061.0   7.123474062732216 
  2062.0   6.840990810284979 
  2063.0   6.5965408206436615 
  2064.0   6.78063365235289 
  2065.0   7.137272958188267 
  2066.0   6.788780003879309 
  2067.0   6.831775952006454 
  2068.0   6.981804636345826 
  2069.0   6.724773802483564 
  2070.0   6.907499495114432 
  2071.0   6.9434792126127824 
  2072.0   6.97917024684171 
  2073.0   6.927884634594621 
  2074.0   6.8373151905033325 
  2075.0   7.05516858500405 
  2076.0   6.890910250113984 
  2077.0   7.053972780857498 
  2078.0   6.88074431080589 
  2079.0   7.30402657493255 
  2080.0   7.068708160289704 
  2081.0   6.916898896864167 
  2082.0   7.159218793647702 
  2083.0   7.064534854048994 
  2084.0   7.204500580392572 
  2085.0   6.940271633290815 
  2086.0   6.9721515196247505 
  2087.0   7.37303504001978 
  2088.0   6.98845268302103 
  2089.0   7.289022567564294 
  2090.0   7.199220694739382 
  2091.0   7.09318253106698 
  2092.0   6.892887077857017 
  2093.0   7.06642109524262 
  2094.0   7.372212377356079 
  2095.0   7.242997990041686 
  2096.0   7.303965955256756 
  2097.0   6.771739980826767 
  2098.0   7.294593529898906 
  2099.0   7.091808561720229 
  2100.0   6.747905875150121 
