  2015.0   0.45739861687544975 
  2016.0   0.4522179180128829 
  2017.0   0.4487335684951125 
  2018.0   0.44696818114472225 
  2019.0   0.44611588933357704 
  2020.0   0.4434706256204154 
  2021.0   0.43907226365803564 
  2022.0   0.4355308217301809 
  2023.0   0.43200608047911204 
  2024.0   0.42822205427666465 
  2025.0   0.42184422516394804 
  2026.0   0.41373766093972736 
  2027.0   0.4066611807968739 
  2028.0   0.4006199596813945 
  2029.0   0.39574930370182426 
  2030.0   0.39006926039988365 
  2031.0   0.3839812762349334 
  2032.0   0.37931045478226827 
  2033.0   0.37561637815793886 
  2034.0   0.37251621315100003 
  2035.0   0.3699690535064429 
  2036.0   0.36793974215506375 
  2037.0   0.36642690330142197 
  2038.0   0.3653521817828947 
  2039.0   0.36449743324473 
  2040.0   0.3613043292924155 
  2041.0   0.356540378752853 
  2042.0   0.35290327339844246 
  2043.0   0.3501211515604254 
  2044.0   0.3479162743427029 
  2045.0   0.34594184623725 
  2046.0   0.34419559103423 
  2047.0   0.34287971877964857 
  2048.0   0.34190988004319944 
  2049.0   0.34184026941369117 
  2050.0   0.3442066864085683 
  2051.0   0.34751790781308217 
  2052.0   0.35001638065133794 
  2053.0   0.3521207216485635 
  2054.0   0.35374800325168665 
  2055.0   0.3538961936727109 
  2056.0   0.3530383004587336 
  2057.0   0.3524825128653619 
  2058.0   0.3522735070333954 
  2059.0   0.35224250266594187 
  2060.0   0.3502084850971487 
  2061.0   0.34639181008420367 
  2062.0   0.34321386036527585 
  2063.0   0.34063513543716334 
  2064.0   0.3385873610020466 
  2065.0   0.3363537385812251 
  2066.0   0.3338704957083237 
  2067.0   0.3317912419049514 
  2068.0   0.33007323620220136 
  2069.0   0.32858192749276804 
  2070.0   0.32865995973728196 
  2071.0   0.3298318759574083 
  2072.0   0.3307166926408556 
  2073.0   0.3314516418780248 
  2074.0   0.33196400474037485 
  2075.0   0.3322674373844923 
  2076.0   0.3327078277009364 
  2077.0   0.3331108616175758 
  2078.0   0.3335589551541516 
  2079.0   0.33407120123145295 
  2080.0   0.3363179494636582 
  2081.0   0.33934988978745867 
  2082.0   0.341532152495347 
  2083.0   0.343210326162897 
  2084.0   0.3446294314322964 
  2085.0   0.3461470864561331 
  2086.0   0.347520221533717 
  2087.0   0.34850259012513407 
  2088.0   0.3492571056174837 
  2089.0   0.34989791285695193 
  2090.0   0.3495237889015471 
  2091.0   0.3482030917534995 
  2092.0   0.346986149307684 
  2093.0   0.34603936539048463 
  2094.0   0.3453853861707311 
  2095.0   0.3451917482602093 
  2096.0   0.34525095338772105 
  2097.0   0.3451301891610334 
  2098.0   0.34501585377768584 
  2099.0   0.34500641758833217 
  2100.0   0.31395316435295456 
