  2015.0   4.056960043389184 
  2016.0   4.108910878836183 
  2017.0   4.117121113353827 
  2018.0   4.038302426533777 
  2019.0   3.9587855171041455 
  2020.0   4.339587028865125 
  2021.0   4.214910616057442 
  2022.0   4.229101590735673 
  2023.0   4.28503341777205 
  2024.0   4.12570051285786 
  2025.0   4.27035801747743 
  2026.0   4.226177462464872 
  2027.0   4.256871370185058 
  2028.0   4.002668907486259 
  2029.0   4.305709986706935 
  2030.0   4.398164504993008 
  2031.0   4.2975696008582105 
  2032.0   4.213036018077758 
  2033.0   4.12428721208216 
  2034.0   4.346678134240527 
  2035.0   4.398179220830706 
  2036.0   4.351798478134998 
  2037.0   4.179416365138631 
  2038.0   4.202407299550992 
  2039.0   4.400651801026154 
  2040.0   4.508664517100756 
  2041.0   4.347110937717172 
  2042.0   4.3161864863170685 
  2043.0   4.268550811782667 
  2044.0   4.4272979533815215 
  2045.0   4.297202770899129 
  2046.0   4.387377613094888 
  2047.0   4.537271769192466 
  2048.0   4.460623033879735 
  2049.0   4.32831113762821 
  2050.0   4.527188649744716 
  2051.0   4.536963617285957 
  2052.0   4.483317686443943 
  2053.0   4.484928316105068 
  2054.0   4.463907654110321 
  2055.0   4.379477374047734 
  2056.0   4.548489059669897 
  2057.0   4.6697901098165 
  2058.0   4.571574206781285 
  2059.0   4.638100493892594 
  2060.0   4.332659017167519 
  2061.0   4.306053767792097 
  2062.0   4.750656464941807 
  2063.0   4.790903706583906 
  2064.0   4.565382834456875 
  2065.0   4.588825528370426 
  2066.0   4.57743127357037 
  2067.0   4.655273234878002 
  2068.0   4.7467501136361765 
  2069.0   4.4506180159618545 
  2070.0   4.532724246977848 
  2071.0   4.7283367559816405 
  2072.0   4.877773995386754 
  2073.0   4.606237361722017 
  2074.0   4.592821136592899 
  2075.0   4.8905799744766725 
  2076.0   4.956609284084514 
  2077.0   4.825955999126065 
  2078.0   4.715523531283367 
  2079.0   4.671164969142131 
  2080.0   4.902280513095221 
  2081.0   4.749005573177373 
  2082.0   4.739706823414561 
  2083.0   4.750709101295818 
  2084.0   4.754602055414523 
  2085.0   4.662111657728416 
  2086.0   4.7000668664470195 
  2087.0   4.905796209462928 
  2088.0   4.861654568497363 
  2089.0   4.628041203362066 
  2090.0   4.982232325152261 
  2091.0   5.006490156418612 
  2092.0   5.0731288052857515 
  2093.0   4.966748480878409 
  2094.0   4.6734947340144295 
  2095.0   4.946300221903321 
  2096.0   4.922002805260878 
  2097.0   4.923419401719354 
  2098.0   4.952990638724107 
  2099.0   5.112426798854487 
  2100.0   5.01490487202433 
