  2015.0   5.994073709385489 
  2016.0   6.816782048006989 
  2017.0   6.154475999614595 
  2018.0   5.880223483189654 
  2019.0   6.594246878773325 
  2020.0   6.146463401688799 
  2021.0   6.646940162933276 
  2022.0   6.507191429008674 
  2023.0   6.58580019292624 
  2024.0   5.801713465245644 
  2025.0   6.57071104653406 
  2026.0   6.030848238814083 
  2027.0   6.19226847847323 
  2028.0   6.347741795387228 
  2029.0   6.962223143338751 
  2030.0   6.2330470969983 
  2031.0   5.8260013616853366 
  2032.0   6.773797892259564 
  2033.0   6.277607437034097 
  2034.0   5.89903083460208 
  2035.0   6.100084445259665 
  2036.0   6.282025721843771 
  2037.0   6.4176271792423085 
  2038.0   7.128987147433985 
  2039.0   6.185170706181631 
  2040.0   6.080421665297755 
  2041.0   7.343064050381696 
  2042.0   6.6472690218194135 
  2043.0   6.225041765041729 
  2044.0   6.647143021443514 
  2045.0   6.193802900814895 
  2046.0   6.187028814850106 
  2047.0   6.60086149229444 
  2048.0   5.730454240041745 
  2049.0   6.198042160585076 
  2050.0   6.207678088194458 
  2051.0   6.644226281676508 
  2052.0   5.703699504911233 
  2053.0   6.880255077780908 
  2054.0   6.72028475673718 
  2055.0   7.045898014704323 
  2056.0   6.614341916072997 
  2057.0   6.119659428722104 
  2058.0   6.371013413676814 
  2059.0   7.012743457454779 
  2060.0   6.448809197556478 
  2061.0   5.937711792680956 
  2062.0   6.74528439706838 
  2063.0   6.469499881877744 
  2064.0   5.988442312058501 
  2065.0   6.763771460219088 
  2066.0   6.963986359897152 
  2067.0   6.628640116290258 
  2068.0   6.639845923550517 
  2069.0   6.2074473548805305 
  2070.0   6.625943980556083 
  2071.0   6.484169648950483 
  2072.0   6.021631275095502 
  2073.0   7.2371499937159705 
  2074.0   7.142084180734918 
  2075.0   6.21862333495107 
  2076.0   6.911115176786868 
  2077.0   6.573203118936678 
  2078.0   5.926820759278706 
  2079.0   7.1060201265863085 
  2080.0   5.749258774702646 
  2081.0   6.5175401199076335 
  2082.0   7.1943560917012235 
  2083.0   6.409791688688017 
  2084.0   6.181876939066372 
  2085.0   6.6426166590937274 
  2086.0   7.397465047499678 
  2087.0   6.9736921974961925 
  2088.0   6.678501679766084 
  2089.0   5.681328918817768 
  2090.0   5.912962473414405 
  2091.0   7.1620246878952125 
  2092.0   7.450673290802904 
  2093.0   5.862966731825388 
  2094.0   6.468838630355591 
  2095.0   8.182828230156355 
  2096.0   6.8473151412029845 
  2097.0   6.5440762731763105 
  2098.0   7.270893017718115 
  2099.0   6.809264352872148 
  2100.0   6.542229963901689 
