  2015.0   298.9534012153146 
  2016.0   299.37956949514836 
  2017.0   298.9875080595397 
  2018.0   298.590487546524 
  2019.0   298.913543852725 
  2020.0   299.21263191684596 
  2021.0   299.4197941198432 
  2022.0   299.2665118751335 
  2023.0   298.92307224263374 
  2024.0   298.7350852960565 
  2025.0   298.93246676460404 
  2026.0   299.42008092412954 
  2027.0   300.0944661090367 
  2028.0   299.04081145766474 
  2029.0   298.99983538991586 
  2030.0   298.8320557451055 
  2031.0   299.09352568040237 
  2032.0   299.5002390476898 
  2033.0   299.6583231658336 
  2034.0   299.8673010935456 
  2035.0   299.10717215785866 
  2036.0   299.15973704064373 
  2037.0   298.91595267752 
  2038.0   299.72375531111084 
  2039.0   299.97193216368703 
  2040.0   299.3238454368391 
  2041.0   299.1398884900757 
  2042.0   299.4652251328167 
  2043.0   299.67857233767484 
  2044.0   300.1860331524444 
  2045.0   299.9305812884916 
  2046.0   299.47626486275703 
  2047.0   299.4877475675411 
  2048.0   299.60411687338353 
  2049.0   300.35862114343786 
  2050.0   300.149813620925 
  2051.0   299.8446306645791 
  2052.0   300.13579487608695 
  2053.0   300.36096214075326 
  2054.0   300.46095592496926 
  2055.0   299.93194675631156 
  2056.0   299.67653283905497 
  2057.0   299.98375273213566 
  2058.0   300.16656726335066 
  2059.0   300.1449512776677 
  2060.0   300.5233136194206 
  2061.0   300.597642200089 
  2062.0   300.30387469895675 
  2063.0   300.33592014637236 
  2064.0   300.22774099644516 
  2065.0   300.06577092516227 
  2066.0   300.13282764468397 
  2067.0   300.44463090211894 
  2068.0   300.6887060958539 
  2069.0   301.08925798721225 
  2070.0   300.51615359648423 
  2071.0   300.173254088671 
  2072.0   300.310227884634 
  2073.0   300.5241415784639 
  2074.0   300.5124114686138 
  2075.0   301.1133062468452 
  2076.0   300.9269686705281 
  2077.0   300.2745883992436 
  2078.0   300.59529995973656 
  2079.0   300.68641625131573 
  2080.0   301.0110827731073 
  2081.0   301.4933154792672 
  2082.0   301.151631993254 
  2083.0   300.7353799918684 
  2084.0   300.6880282626638 
  2085.0   301.28455162007356 
  2086.0   301.58088021214934 
  2087.0   301.1383594376272 
  2088.0   300.8194543418533 
  2089.0   300.9464032230202 
  2090.0   301.50287228172675 
  2091.0   301.63778316773266 
  2092.0   301.1515254750489 
  2093.0   301.11550452417515 
  2094.0   301.06526857416657 
  2095.0   301.13664978482126 
  2096.0   301.38926215028624 
  2097.0   301.4529262580929 
  2098.0   301.51864962158504 
  2099.0   301.57416353338635 
  2100.0   301.6297317088945 
