  2015.0   1.2301770474991267 
  2016.0   1.272045635418145 
  2017.0   1.2159331804859417 
  2018.0   1.222278835930505 
  2019.0   1.2318593139358913 
  2020.0   1.2224821842721305 
  2021.0   1.2454995745527537 
  2022.0   1.2317166374325348 
  2023.0   1.29028234107166 
  2024.0   1.2606025894236597 
  2025.0   1.20342987027957 
  2026.0   1.2435477374815171 
  2027.0   1.2417367788145612 
  2028.0   1.245766313001556 
  2029.0   1.2325469618525509 
  2030.0   1.2332346614675076 
  2031.0   1.2709700133607595 
  2032.0   1.2534899959735994 
  2033.0   1.2265381015692658 
  2034.0   1.244406915102594 
  2035.0   1.2668104687732986 
  2036.0   1.3163153747793 
  2037.0   1.3024147509742083 
  2038.0   1.285457641052312 
  2039.0   1.307873528455383 
  2040.0   1.274268328814456 
  2041.0   1.2870526457733036 
  2042.0   1.2590851145411428 
  2043.0   1.2761555314527913 
  2044.0   1.2678756440793753 
  2045.0   1.3409499310780288 
  2046.0   1.303603917339627 
  2047.0   1.2889782067711844 
  2048.0   1.336197619432559 
  2049.0   1.3261956204197087 
  2050.0   1.3336784851318637 
  2051.0   1.3487071311725936 
  2052.0   1.3373858684692523 
  2053.0   1.2955347898386151 
  2054.0   1.339421507160741 
  2055.0   1.4381413102646154 
  2056.0   1.3480988416118294 
  2057.0   1.3353163134714785 
  2058.0   1.4123627010594213 
  2059.0   1.3914351279472947 
  2060.0   1.3344501993351383 
  2061.0   1.405768505419729 
  2062.0   1.4061571935247363 
  2063.0   1.3566793212452235 
  2064.0   1.356689731616757 
  2065.0   1.3898854560898337 
  2066.0   1.4552214119254907 
  2067.0   1.384925346661948 
  2068.0   1.3930064795015713 
  2069.0   1.4337258933075034 
  2070.0   1.3939981967618789 
  2071.0   1.445291167300448 
  2072.0   1.3934719168482461 
  2073.0   1.4109245424364751 
  2074.0   1.4380282742314634 
  2075.0   1.4116143792191411 
  2076.0   1.4077760023607877 
  2077.0   1.455369634963702 
  2078.0   1.4529038438335369 
  2079.0   1.4134638410694116 
  2080.0   1.4490852479478589 
  2081.0   1.4865887370864537 
  2082.0   1.4334630142776323 
  2083.0   1.46338117675437 
  2084.0   1.461999320078654 
  2085.0   1.4558504475904046 
  2086.0   1.4302884195929946 
  2087.0   1.4564501882436232 
  2088.0   1.4441639127246995 
  2089.0   1.4523622351132257 
  2090.0   1.493165268807975 
  2091.0   1.4697232911902596 
  2092.0   1.42687475572038 
  2093.0   1.5121501146075147 
  2094.0   1.4927189782771852 
  2095.0   1.494520242174432 
  2096.0   1.473747362213513 
  2097.0   1.4961940283397104 
  2098.0   1.5295309437450673 
  2099.0   1.468252718379774 
  2100.0   1.5382283114948985 
