  2015.0   297.555509187363 
  2016.0   297.4798613079732 
  2017.0   298.21423425380686 
  2018.0   297.76432208760104 
  2019.0   297.81047041255727 
  2020.0   297.70164600639197 
  2021.0   297.957451856143 
  2022.0   297.72749062121414 
  2023.0   297.8404487387068 
  2024.0   297.7541068701406 
  2025.0   298.170119002483 
  2026.0   297.9957679515679 
  2027.0   297.8048662568479 
  2028.0   298.2077414265651 
  2029.0   298.3547079519643 
  2030.0   298.2805192203782 
  2031.0   297.8559316906023 
  2032.0   297.9356845140723 
  2033.0   298.16366034447947 
  2034.0   298.1530554704847 
  2035.0   298.520656046359 
  2036.0   298.5415340230159 
  2037.0   298.3649639507335 
  2038.0   298.50741173241806 
  2039.0   298.8075123229352 
  2040.0   298.6110033643991 
  2041.0   298.7347820880844 
  2042.0   298.62111334542004 
  2043.0   298.53980826873436 
  2044.0   298.78538219576956 
  2045.0   298.679132509491 
  2046.0   298.93382653267383 
  2047.0   299.0613445020463 
  2048.0   299.01281413285705 
  2049.0   299.22049294139003 
  2050.0   299.0530814513071 
  2051.0   299.1954001867698 
  2052.0   299.4804227232297 
  2053.0   299.1608834767776 
  2054.0   298.8570118975732 
  2055.0   299.0457334075709 
  2056.0   299.4097110280269 
  2057.0   299.2002449821535 
  2058.0   299.1820445341766 
  2059.0   299.2467316839145 
  2060.0   299.19864541928035 
  2061.0   299.2791748438395 
  2062.0   299.40394110515166 
  2063.0   299.6592999711102 
  2064.0   299.45100504848403 
  2065.0   299.56793975668114 
  2066.0   299.73319606837583 
  2067.0   299.7217179288735 
  2068.0   299.6671244799403 
  2069.0   299.74183412469364 
  2070.0   299.679511348706 
  2071.0   299.72221764113175 
  2072.0   300.0466137346566 
  2073.0   299.63479899761035 
  2074.0   299.8424179269946 
  2075.0   299.9615844969057 
  2076.0   300.302924736363 
  2077.0   300.08800832404296 
  2078.0   300.2589674092981 
  2079.0   300.3535579933328 
  2080.0   300.28447187791784 
  2081.0   300.48038795020545 
  2082.0   300.614088950709 
  2083.0   300.5113002448805 
  2084.0   300.80357407638996 
  2085.0   301.0279965866337 
  2086.0   300.77355647727967 
  2087.0   300.2420861571792 
  2088.0   300.5869644557797 
  2089.0   300.8252250940596 
  2090.0   301.06919568710543 
  2091.0   300.90947639972626 
  2092.0   300.7036852819867 
  2093.0   300.97715607919065 
  2094.0   301.1231146002034 
  2095.0   301.06345461219144 
  2096.0   300.9039325688285 
  2097.0   301.5618180244681 
  2098.0   301.30560177174885 
  2099.0   301.35923941124867 
  2100.0   301.4655969553136 
