  2015.0   299.1494930777251 
  2016.0   298.9168352847497 
  2017.0   298.48771001943504 
  2018.0   298.81356919455806 
  2019.0   299.0183715705073 
  2020.0   298.6561829603602 
  2021.0   298.4439608745461 
  2022.0   298.39924991292565 
  2023.0   298.5765933681091 
  2024.0   298.8235657537363 
  2025.0   298.8238484729471 
  2026.0   298.5375506443379 
  2027.0   298.9998246551051 
  2028.0   299.3627844142888 
  2029.0   298.8373349906205 
  2030.0   298.6969811918108 
  2031.0   298.7001908028963 
  2032.0   298.9742867390287 
  2033.0   298.8754217801226 
  2034.0   298.74455157698804 
  2035.0   298.71185047795296 
  2036.0   299.2920243094528 
  2037.0   299.6150061025762 
  2038.0   299.2518795957578 
  2039.0   298.7584129353705 
  2040.0   298.72100443420993 
  2041.0   299.0020271375125 
  2042.0   299.51431060472663 
  2043.0   299.3247474155595 
  2044.0   299.2282725363624 
  2045.0   299.3646003830892 
  2046.0   299.30742382336473 
  2047.0   299.88736885220436 
  2048.0   299.2800722508721 
  2049.0   299.1439791423925 
  2050.0   299.2619016662117 
  2051.0   299.6730528653984 
  2052.0   299.5140973350929 
  2053.0   299.8127823636206 
  2054.0   299.41663704083044 
  2055.0   299.78358496743 
  2056.0   299.8525480858728 
  2057.0   300.4019033580747 
  2058.0   299.7119071419576 
  2059.0   299.3852842184938 
  2060.0   299.99750609561556 
  2061.0   299.90894734169206 
  2062.0   299.54724507809374 
  2063.0   299.3712887199214 
  2064.0   299.9510274871372 
  2065.0   300.3090177058701 
  2066.0   300.4656828429324 
  2067.0   299.9108968806317 
  2068.0   300.0877045372812 
  2069.0   299.96886890287317 
  2070.0   299.94899284367693 
  2071.0   300.0085023137475 
  2072.0   300.4505548428456 
  2073.0   300.1844644216452 
  2074.0   300.0978947383208 
  2075.0   300.484146934045 
  2076.0   300.8606916029572 
  2077.0   300.148907265064 
  2078.0   299.68894556039845 
  2079.0   300.25620435053906 
  2080.0   300.9421150424572 
  2081.0   300.44635688110486 
  2082.0   300.57434454257736 
  2083.0   300.81947739128515 
  2084.0   300.33856226668655 
  2085.0   300.4634268394939 
  2086.0   300.5312694206846 
  2087.0   300.4266465189998 
  2088.0   300.92862662309216 
  2089.0   301.3243520570462 
  2090.0   300.98417248609417 
  2091.0   300.70781665372454 
  2092.0   300.62684162475085 
  2093.0   300.70807135038217 
  2094.0   301.3000016408733 
  2095.0   301.3338729979667 
  2096.0   300.83122680806457 
  2097.0   300.6135049553983 
  2098.0   301.2003080580266 
  2099.0   301.77411341435305 
  2100.0   301.40510014860223 
