  2015.0   8.059879777398272e-11 
  2016.0   8.61512423901541e-11 
  2017.0   8.148716204038001e-11 
  2018.0   9.297543997104466e-11 
  2019.0   8.555659741541377e-11 
  2020.0   8.760325033503901e-11 
  2021.0   8.687093441474698e-11 
  2022.0   8.824174336726596e-11 
  2023.0   9.028994857016911e-11 
  2024.0   9.346457726066576e-11 
  2025.0   9.185036264801908e-11 
  2026.0   9.388846564963407e-11 
  2027.0   9.18095291683497e-11 
  2028.0   8.303728871303772e-11 
  2029.0   8.906685033064995e-11 
  2030.0   8.814340625254401e-11 
  2031.0   8.975418458156944e-11 
  2032.0   8.373584077632121e-11 
  2033.0   9.003773106412746e-11 
  2034.0   9.163829091599973e-11 
  2035.0   8.461539598532593e-11 
  2036.0   9.229922297914253e-11 
  2037.0   8.873011577365787e-11 
  2038.0   9.45208332857514e-11 
  2039.0   8.867254876444955e-11 
  2040.0   8.747739328520186e-11 
  2041.0   9.107924594403913e-11 
  2042.0   9.39705356706831e-11 
  2043.0   8.838581343039763e-11 
  2044.0   9.10654444993391e-11 
  2045.0   9.041002032010397e-11 
  2046.0   8.983468024239003e-11 
  2047.0   8.716768693196539e-11 
  2048.0   9.069260946633269e-11 
  2049.0   8.974397874309398e-11 
  2050.0   8.898628645564521e-11 
  2051.0   8.79582497611589e-11 
  2052.0   8.903772694870637e-11 
  2053.0   8.595474682633389e-11 
  2054.0   8.793341036302481e-11 
  2055.0   8.759708863297312e-11 
  2056.0   8.009006311853564e-11 
  2057.0   8.592569895466675e-11 
  2058.0   8.563338967998711e-11 
  2059.0   8.77273204694068e-11 
  2060.0   8.606198092308135e-11 
  2061.0   8.86776361814882e-11 
  2062.0   8.809327674847401e-11 
  2063.0   8.798411114289e-11 
  2064.0   8.405302385859358e-11 
  2065.0   8.468669979727827e-11 
  2066.0   8.538134855702727e-11 
  2067.0   8.343965420643058e-11 
  2068.0   8.417973595347559e-11 
  2069.0   8.533091962432042e-11 
  2070.0   8.686429538915153e-11 
  2071.0   7.841119483194787e-11 
  2072.0   8.488649828988418e-11 
  2073.0   7.979248574741998e-11 
  2074.0   8.421170666044326e-11 
  2075.0   8.427728530232737e-11 
  2076.0   8.204795235604446e-11 
  2077.0   8.523008412585688e-11 
  2078.0   8.155196838449275e-11 
  2079.0   7.59127860639435e-11 
  2080.0   7.703571901350551e-11 
  2081.0   8.501538565017455e-11 
  2082.0   7.888906991339599e-11 
  2083.0   7.88659495387516e-11 
  2084.0   7.89879370749997e-11 
  2085.0   8.170156342712322e-11 
  2086.0   8.136422459631426e-11 
  2087.0   8.029247788370368e-11 
  2088.0   8.045095773464626e-11 
  2089.0   7.895231733709953e-11 
  2090.0   8.370379742331407e-11 
  2091.0   8.07989445214717e-11 
  2092.0   7.319790404079919e-11 
  2093.0   7.911485726106964e-11 
  2094.0   7.929636189710383e-11 
  2095.0   7.939636155799242e-11 
  2096.0   8.22411808171411e-11 
  2097.0   8.058821143483323e-11 
  2098.0   8.094266899526836e-11 
  2099.0   8.036627899611959e-11 
  2100.0   7.597974633640753e-11 
