  2015.0   1.7702399362968295 
  2016.0   1.7590674255072842 
  2017.0   1.752891156408694 
  2018.0   1.7471946172376622 
  2019.0   1.7456387023104625 
  2020.0   1.743593154872095 
  2021.0   1.7473907875855175 
  2022.0   1.7539066067802465 
  2023.0   1.7610771830007388 
  2024.0   1.7699320200045954 
  2025.0   1.7780047573043476 
  2026.0   1.7844407562387783 
  2027.0   1.7940777634599754 
  2028.0   1.8048331018738615 
  2029.0   1.815381500540938 
  2030.0   1.8146284952738507 
  2031.0   1.8151645130049054 
  2032.0   1.8156632296787467 
  2033.0   1.8218138660878946 
  2034.0   1.830269588909795 
  2035.0   1.8329642324337236 
  2036.0   1.834352624109585 
  2037.0   1.8422022912288571 
  2038.0   1.852991187648082 
  2039.0   1.8657345812378459 
  2040.0   1.8700572600198602 
  2041.0   1.8722575723189396 
  2042.0   1.880179152712431 
  2043.0   1.890018085548521 
  2044.0   1.8954040224831454 
  2045.0   1.8999194865712143 
  2046.0   1.9078713381975498 
  2047.0   1.9169873614082555 
  2048.0   1.924908844491593 
  2049.0   1.9304633112261504 
  2050.0   1.9397086755048267 
  2051.0   1.9477310945033124 
  2052.0   1.95406618661423 
  2053.0   1.9594268955114518 
  2054.0   1.964111558233815 
  2055.0   1.9701761674710068 
  2056.0   1.9774764911925997 
  2057.0   1.9819783987252255 
  2058.0   1.9831330835768735 
  2059.0   1.9869526675808538 
  2060.0   1.9937272963623218 
  2061.0   2.0006889822376905 
  2062.0   2.003187048629833 
  2063.0   2.00328295535494 
  2064.0   2.0036096574495206 
  2065.0   2.0068293457741593 
  2066.0   2.0083083236412502 
  2067.0   2.011554501073299 
  2068.0   2.0152617935538752 
  2069.0   2.0192340949182426 
  2070.0   2.02741066162225 
  2071.0   2.0341154994141863 
  2072.0   2.0415244143885616 
  2073.0   2.0498101284999155 
  2074.0   2.0560053846507595 
  2075.0   2.0555515271891527 
  2076.0   2.0544836360464647 
  2077.0   2.054555709432001 
  2078.0   2.0564333337701486 
  2079.0   2.0575013106122433 
  2080.0   2.0553896178017013 
  2081.0   2.05612181913016 
  2082.0   2.061383288547381 
  2083.0   2.06271097292908 
  2084.0   2.0637954521237236 
  2085.0   2.0646966577420556 
  2086.0   2.0675444062926642 
  2087.0   2.0725614650630115 
  2088.0   2.0712683228035167 
  2089.0   2.066034030790673 
  2090.0   2.069432945574285 
  2091.0   2.074666287025842 
  2092.0   2.076620424967854 
  2093.0   2.0790602262017406 
  2094.0   2.0829266966777262 
  2095.0   2.0853903016409725 
  2096.0   2.0806459429606785 
  2097.0   2.075921170662921 
  2098.0   2.0739811732999853 
  2099.0   2.07494921668812 
  2100.0   2.077169184997458 
