  2015.0   3.5339866199465804 
  2016.0   3.568217163786575 
  2017.0   3.610440930513816 
  2018.0   3.6486789960144512 
  2019.0   3.5810303893407642 
  2020.0   3.7137350093462778 
  2021.0   3.7324530094884865 
  2022.0   3.732928624490988 
  2023.0   3.703497867688327 
  2024.0   3.760215062565322 
  2025.0   3.7362146988966907 
  2026.0   3.760312403462296 
  2027.0   3.618343249200205 
  2028.0   3.6758565274125092 
  2029.0   3.7537113260856683 
  2030.0   3.810285955645313 
  2031.0   3.7575649834487774 
  2032.0   3.788503388725211 
  2033.0   3.8622678079066075 
  2034.0   3.8753236127785002 
  2035.0   3.8385564241061103 
  2036.0   3.838827932111981 
  2037.0   3.7423821326793565 
  2038.0   3.9519240486949996 
  2039.0   3.9420249435154835 
  2040.0   3.935358828998985 
  2041.0   3.8513069719034942 
  2042.0   3.930019284515129 
  2043.0   4.022104199223934 
  2044.0   4.005411686359294 
  2045.0   4.055351164143987 
  2046.0   3.946812630535473 
  2047.0   4.003386172970022 
  2048.0   4.115568415994663 
  2049.0   4.121536669300123 
  2050.0   4.06742547797858 
  2051.0   4.032904678360228 
  2052.0   4.047853445520015 
  2053.0   4.097191075231303 
  2054.0   4.1337674777841755 
  2055.0   4.137393810645174 
  2056.0   3.971667703336018 
  2057.0   4.135543015439344 
  2058.0   4.30215415796434 
  2059.0   4.245723681405973 
  2060.0   4.232355784240044 
  2061.0   4.337639575209619 
  2062.0   4.315286612469294 
  2063.0   4.379067527151528 
  2064.0   4.302875091817803 
  2065.0   4.300535253942165 
  2066.0   4.293486219546812 
  2067.0   4.279291027951309 
  2068.0   4.263627608297494 
  2069.0   4.282455847948595 
  2070.0   4.4074408587606175 
  2071.0   4.311255501390035 
  2072.0   4.270168189897984 
  2073.0   4.468383078522202 
  2074.0   4.4660012224965815 
  2075.0   4.370219592045972 
  2076.0   4.470523438053612 
  2077.0   4.608338325266512 
  2078.0   4.629916014816168 
  2079.0   4.496244443647472 
  2080.0   4.573171092363368 
  2081.0   4.546925298952995 
  2082.0   4.48702961372858 
  2083.0   4.559587048088028 
  2084.0   4.69738686751521 
  2085.0   4.721412829660958 
  2086.0   4.731170280490511 
  2087.0   4.75131303632615 
  2088.0   4.587216097495342 
  2089.0   4.757976510733454 
  2090.0   4.719616312116099 
  2091.0   4.790397780739705 
  2092.0   4.804879963185394 
  2093.0   4.8018026979184425 
  2094.0   4.751288178313744 
  2095.0   4.836071970595843 
  2096.0   4.848251660774714 
  2097.0   4.909426571126697 
  2098.0   4.795145325490974 
  2099.0   4.863939036416755 
  2100.0   4.779668067846443 
