  2015.0   57.901139237851226 
  2016.0   57.95525046631322 
  2017.0   58.162087593665824 
  2018.0   58.340649747675194 
  2019.0   58.386240297531984 
  2020.0   58.57446614067844 
  2021.0   58.862185275245594 
  2022.0   58.97436444627231 
  2023.0   59.07722978338847 
  2024.0   59.21164033988197 
  2025.0   59.34766118195863 
  2026.0   59.62855021618963 
  2027.0   59.61982714919128 
  2028.0   59.585580906699796 
  2029.0   59.80643316040677 
  2030.0   60.2023874496308 
  2031.0   60.45888791898544 
  2032.0   60.57971282582438 
  2033.0   60.937571697014484 
  2034.0   61.32233010158604 
  2035.0   61.54954540988897 
  2036.0   61.781406137870306 
  2037.0   61.87779125935897 
  2038.0   62.21851732483227 
  2039.0   62.71967427423412 
  2040.0   63.10543666629188 
  2041.0   63.40852125133353 
  2042.0   63.64498098243952 
  2043.0   64.07046881517705 
  2044.0   64.54110298310219 
  2045.0   64.9677842525005 
  2046.0   65.29482491781543 
  2047.0   65.47310973214059 
  2048.0   66.03059419350424 
  2049.0   66.517200433003 
  2050.0   66.88441642587954 
  2051.0   67.07862957438857 
  2052.0   67.41199671391084 
  2053.0   67.75562420174806 
  2054.0   68.26623294866269 
  2055.0   68.65398537232595 
  2056.0   68.87215204216889 
  2057.0   69.0455478085417 
  2058.0   69.69795316968141 
  2059.0   70.25407424314902 
  2060.0   70.53273354330443 
  2061.0   70.99898426556345 
  2062.0   71.48384862550778 
  2063.0   71.96998232140345 
  2064.0   72.372527529515 
  2065.0   72.630257969708 
  2066.0   72.94945515758725 
  2067.0   73.37890856438781 
  2068.0   73.73673215287997 
  2069.0   74.06059751401602 
  2070.0   74.55060177755745 
  2071.0   74.98509022833288 
  2072.0   75.11558282764413 
  2073.0   75.5126848564744 
  2074.0   76.07682050787244 
  2075.0   76.3583702649621 
  2076.0   76.60214791868236 
  2077.0   77.1979778771186 
  2078.0   77.8773802517809 
  2079.0   78.22915200337442 
  2080.0   78.39859790303534 
  2081.0   78.86029535485424 
  2082.0   79.18151284440722 
  2083.0   79.39891175000041 
  2084.0   79.9493733496848 
  2085.0   80.49762943731997 
  2086.0   80.95887761092813 
  2087.0   81.45637735975838 
  2088.0   81.71444167744733 
  2089.0   81.9388024843401 
  2090.0   82.32830966727761 
  2091.0   82.85390555706226 
  2092.0   83.38138436104076 
  2093.0   83.76937261848757 
  2094.0   84.06754585385289 
  2095.0   84.31696945228626 
  2096.0   84.76044390786278 
  2097.0   85.1953861655059 
  2098.0   85.52011627912803 
  2099.0   85.6357928580354 
  2100.0   86.00694070726149 
