  2015.0   1.1221745602209272 
  2016.0   0.8005816670918618 
  2017.0   0.5700389441751057 
  2018.0   0.6401997315600493 
  2019.0   0.8710078076141539 
  2020.0   0.6278078784109443 
  2021.0   0.3884548716774777 
  2022.0   0.5408170446594333 
  2023.0   0.6825193350437715 
  2024.0   0.604033062817152 
  2025.0   0.6488293423875465 
  2026.0   0.5024110319874284 
  2027.0   0.6136101630166753 
  2028.0   0.497524257789804 
  2029.0   0.9585568957187278 
  2030.0   0.5729861510029901 
  2031.0   0.4064616046992652 
  2032.0   0.5900637687211812 
  2033.0   0.6793630001641296 
  2034.0   0.5420391026864315 
  2035.0   0.5327329541156739 
  2036.0   0.6515459264344431 
  2037.0   0.4969851513984372 
  2038.0   0.4738578272987554 
  2039.0   0.9543126871507582 
  2040.0   0.6020261247863536 
  2041.0   0.39137450387381534 
  2042.0   0.5293772391167906 
  2043.0   0.854658256417991 
  2044.0   0.6804252766083448 
  2045.0   0.41791989487159564 
  2046.0   0.5422466244071887 
  2047.0   0.9168556442253698 
  2048.0   0.532855517933 
  2049.0   0.46886948204174017 
  2050.0   0.5188810214166731 
  2051.0   0.6615449657327105 
  2052.0   0.7553703735962474 
  2053.0   0.5126774848616065 
  2054.0   0.5117433399535458 
  2055.0   0.5314075209850396 
  2056.0   0.6667933924457694 
  2057.0   0.7522533186323938 
  2058.0   0.613440887991452 
  2059.0   0.5759681399478823 
  2060.0   0.41644448074502355 
  2061.0   0.6129075456320678 
  2062.0   0.9139610903764566 
  2063.0   0.6128606019404708 
  2064.0   0.43923126838949805 
  2065.0   0.4488524508451302 
  2066.0   0.9196406878411231 
  2067.0   0.6834677526065079 
  2068.0   0.39904283386096173 
  2069.0   0.7591243981362292 
  2070.0   0.7014768933311601 
  2071.0   0.5395558790418606 
  2072.0   0.5906373069866541 
  2073.0   0.5970688636336818 
  2074.0   0.4026581685374541 
  2075.0   0.8743126457020676 
  2076.0   0.6272164573553194 
  2077.0   0.5640961770835862 
  2078.0   0.6467966125135318 
  2079.0   0.5909680966722417 
  2080.0   0.5927887481918652 
  2081.0   0.527283507902901 
  2082.0   0.7679225193668229 
  2083.0   0.5468031261029986 
  2084.0   0.4037181804390724 
  2085.0   0.9292927769323108 
  2086.0   0.6804074841316081 
  2087.0   0.48511864776040764 
  2088.0   0.5440116410101443 
  2089.0   0.5888349109239482 
  2090.0   0.8379687966137241 
  2091.0   0.597893094795871 
  2092.0   0.416027989032018 
  2093.0   0.4557439659780549 
  2094.0   0.7399942871697809 
  2095.0   0.61224656801004 
  2096.0   0.6158841377445385 
  2097.0   0.4481801360724215 
  2098.0   0.7683146893802422 
  2099.0   0.6536764930374855 
  2100.0   0.6392718122766604 
