  2015.0   298.93615335046036 
  2016.0   299.5749612291562 
  2017.0   299.167283585704 
  2018.0   299.0967072577518 
  2019.0   299.052067918443 
  2020.0   298.8970151641658 
  2021.0   299.1485946081492 
  2022.0   299.0788726570395 
  2023.0   298.9799894707773 
  2024.0   299.50260249469807 
  2025.0   299.25161204690716 
  2026.0   299.3559542832967 
  2027.0   299.27006188050365 
  2028.0   299.5605859775055 
  2029.0   299.45791728926827 
  2030.0   299.2091706211962 
  2031.0   299.5031711744687 
  2032.0   299.65606845710636 
  2033.0   299.42965910931923 
  2034.0   299.10209850320456 
  2035.0   299.12876736087554 
  2036.0   299.17584720637973 
  2037.0   299.45283193054547 
  2038.0   299.6756717853838 
  2039.0   299.9177865129082 
  2040.0   300.0111547944895 
  2041.0   300.105336354689 
  2042.0   299.9776308443845 
  2043.0   299.90979681462983 
  2044.0   299.73104754895195 
  2045.0   299.6552796487449 
  2046.0   299.95216361878465 
  2047.0   299.76200356076697 
  2048.0   299.55899983983545 
  2049.0   300.16628608952124 
  2050.0   299.97129325162837 
  2051.0   300.1108428374428 
  2052.0   300.37322573436 
  2053.0   300.0543884650144 
  2054.0   299.55140620274693 
  2055.0   300.25528384661055 
  2056.0   300.3526165604464 
  2057.0   300.17344101798756 
  2058.0   300.44493927520773 
  2059.0   300.6123827332339 
  2060.0   300.2702251714205 
  2061.0   300.42371231094967 
  2062.0   300.7962064029322 
  2063.0   300.6763860717087 
  2064.0   300.56762032623755 
  2065.0   300.661020877058 
  2066.0   300.8705092855878 
  2067.0   300.9045734538912 
  2068.0   300.62248745531474 
  2069.0   300.9802231894557 
  2070.0   300.8180755040926 
  2071.0   301.2866890241565 
  2072.0   300.96275610963755 
  2073.0   301.0765412412218 
  2074.0   301.2096139458932 
  2075.0   301.49154751225126 
  2076.0   300.85222739891327 
  2077.0   301.4933711125535 
  2078.0   301.55908573782756 
  2079.0   300.95360276694805 
  2080.0   301.2942643920217 
  2081.0   301.56904981269145 
  2082.0   301.20178784273895 
  2083.0   301.5944179495406 
  2084.0   301.66254488873835 
  2085.0   301.86516007261315 
  2086.0   301.42887559793826 
  2087.0   301.8102363873284 
  2088.0   301.9467990655761 
  2089.0   301.67021159537256 
  2090.0   301.9517434433086 
  2091.0   302.2074909949031 
  2092.0   301.5731507053068 
  2093.0   301.98189640179754 
  2094.0   302.06881543665924 
  2095.0   302.21796853962775 
  2096.0   302.2813858005673 
  2097.0   302.17332902654914 
  2098.0   302.39721215353467 
  2099.0   302.24820400017137 
  2100.0   302.2516652296592 
