  2015.0   3.095887310505368e-11 
  2016.0   2.7868976594165947e-11 
  2017.0   2.3759173935553995e-11 
  2018.0   2.0074491087404365e-11 
  2019.0   1.8641676166440486e-11 
  2020.0   1.663062792944167e-11 
  2021.0   1.3944945545245682e-11 
  2022.0   1.1910573384253225e-11 
  2023.0   1.2234372148921398e-11 
  2024.0   1.1609179491685482e-11 
  2025.0   9.532646890382291e-12 
  2026.0   9.81074605533134e-12 
  2027.0   9.783460606320429e-12 
  2028.0   9.905795588631326e-12 
  2029.0   9.978046796883824e-12 
  2030.0   8.11053308651401e-12 
  2031.0   7.697415831456461e-12 
  2032.0   7.62798425722335e-12 
  2033.0   7.672253237706451e-12 
  2034.0   7.703977013011026e-12 
  2035.0   6.594788198409504e-12 
  2036.0   6.5928566055757195e-12 
  2037.0   6.513036427105882e-12 
  2038.0   6.418168529231718e-12 
  2039.0   6.606646670538366e-12 
  2040.0   7.535480607233539e-12 
  2041.0   7.2461656320731914e-12 
  2042.0   7.066940985284948e-12 
  2043.0   7.015416695339441e-12 
  2044.0   7.42746841391923e-12 
  2045.0   6.7176496663722865e-12 
  2046.0   6.364922635154092e-12 
  2047.0   6.326923970526352e-12 
  2048.0   6.352189299979377e-12 
  2049.0   6.227913868634178e-12 
  2050.0   5.440601306405792e-12 
  2051.0   5.508148305904525e-12 
  2052.0   5.579742799249144e-12 
  2053.0   5.767296719844498e-12 
  2054.0   5.5047276582278605e-12 
  2055.0   4.7066579441266886e-12 
  2056.0   4.643594044540151e-12 
  2057.0   4.783226792866857e-12 
  2058.0   4.806835453438e-12 
  2059.0   4.672577056233694e-12 
  2060.0   5.256601237542743e-12 
  2061.0   5.08984053959919e-12 
  2062.0   5.1207613121872195e-12 
  2063.0   5.368518733450187e-12 
  2064.0   5.332031006226458e-12 
  2065.0   5.3141096380713605e-12 
  2066.0   5.1694424558516005e-12 
  2067.0   5.678299388647538e-12 
  2068.0   5.775243678722281e-12 
  2069.0   5.524763589944066e-12 
  2070.0   5.212224101441927e-12 
  2071.0   5.198835564210153e-12 
  2072.0   5.043527061949085e-12 
  2073.0   5.033269870606918e-12 
  2074.0   4.9654132101367125e-12 
  2075.0   4.947328666676699e-12 
  2076.0   4.9944784258933694e-12 
  2077.0   5.063369354698435e-12 
  2078.0   5.024947107667495e-12 
  2079.0   5.078844374851362e-12 
  2080.0   5.733438762603388e-12 
  2081.0   5.686726654294311e-12 
  2082.0   5.724278647596823e-12 
  2083.0   5.917687178776928e-12 
  2084.0   5.8687193154735245e-12 
  2085.0   6.15842151061712e-12 
  2086.0   6.544554358783308e-12 
  2087.0   6.361006952839015e-12 
  2088.0   6.159334187189898e-12 
  2089.0   6.443147891761628e-12 
  2090.0   6.340449453231889e-12 
  2091.0   6.399980485421182e-12 
  2092.0   6.3716550158573434e-12 
  2093.0   6.261999737430502e-12 
  2094.0   6.203835733836521e-12 
  2095.0   6.4393417816760016e-12 
  2096.0   6.358194132526553e-12 
  2097.0   6.184507460419079e-12 
  2098.0   6.338677044940984e-12 
  2099.0   6.347763934840832e-12 
  2100.0   3.186245713651068e-12 
