  2015.0   0.30160963064084717 
  2016.0   0.30298012793035833 
  2017.0   0.3045520579921839 
  2018.0   0.30714666488787157 
  2019.0   0.3089290796838578 
  2020.0   0.3086748639628405 
  2021.0   0.30801740051346643 
  2022.0   0.3083254657858505 
  2023.0   0.3096690277404439 
  2024.0   0.3106815138713823 
  2025.0   0.31106785474265386 
  2026.0   0.3160395107154334 
  2027.0   0.3220799736109559 
  2028.0   0.3259533093876239 
  2029.0   0.32791216846265064 
  2030.0   0.32708238701924575 
  2031.0   0.32772756691708677 
  2032.0   0.33075210335273375 
  2033.0   0.3342927162573982 
  2034.0   0.33486088568140215 
  2035.0   0.33377542123663234 
  2036.0   0.3348494165175845 
  2037.0   0.3354260135330812 
  2038.0   0.33537462819441893 
  2039.0   0.33582183492213546 
  2040.0   0.33572349505322135 
  2041.0   0.3372439635452308 
  2042.0   0.3407089209343404 
  2043.0   0.34397480866145325 
  2044.0   0.346491215865902 
  2045.0   0.34969518746985656 
  2046.0   0.35367781999138226 
  2047.0   0.35720193928496424 
  2048.0   0.359948229395767 
  2049.0   0.3624288458417768 
  2050.0   0.3658896411648118 
  2051.0   0.3693089336581907 
  2052.0   0.37015454422359073 
  2053.0   0.3688776052933427 
  2054.0   0.3665433472191494 
  2055.0   0.36301609059155016 
  2056.0   0.36154271011413147 
  2057.0   0.361442066380307 
  2058.0   0.3628691164804846 
  2059.0   0.36517295689081203 
  2060.0   0.3682146428725535 
  2061.0   0.3698630512156011 
  2062.0   0.37066291818213487 
  2063.0   0.37188573791786145 
  2064.0   0.37361142680664144 
  2065.0   0.3757539349659823 
  2066.0   0.3762390910463246 
  2067.0   0.37629897398060064 
  2068.0   0.37614628441129844 
  2069.0   0.37567554648035945 
  2070.0   0.3761595109331524 
  2071.0   0.377008913764828 
  2072.0   0.3774291157218089 
  2073.0   0.37536088521826205 
  2074.0   0.37206108025584134 
  2075.0   0.37157955825626365 
  2076.0   0.3772384199673941 
  2077.0   0.3832802315499066 
  2078.0   0.38683901741695204 
  2079.0   0.3888604108365261 
  2080.0   0.391535510896581 
  2081.0   0.3959351202756598 
  2082.0   0.40034431069646903 
  2083.0   0.4022299546178422 
  2084.0   0.40290849488030533 
  2085.0   0.40483873859739616 
  2086.0   0.40891840500219767 
  2087.0   0.4126077698482556 
  2088.0   0.4147235635168923 
  2089.0   0.41547122911384177 
  2090.0   0.41474155284227104 
  2091.0   0.4125701247679912 
  2092.0   0.40842989774951166 
  2093.0   0.4060874363602315 
  2094.0   0.40651551682569204 
  2095.0   0.4070807569900487 
  2096.0   0.4077767009001615 
  2097.0   0.4086738991876817 
  2098.0   0.4128374742985951 
  2099.0   0.4172025537504166 
  2100.0   0.41656671500882614 
