  2015.0   0.0290944865855374 
  2016.0   0.03228540316939123 
  2017.0   0.0326992226215036 
  2018.0   0.032471868736528624 
  2019.0   0.03285605716590794 
  2020.0   0.03053511640245401 
  2021.0   0.0330735992021815 
  2022.0   0.032649359183831245 
  2023.0   0.03334881997356675 
  2024.0   0.03800462944652639 
  2025.0   0.033958269340055344 
  2026.0   0.03594275834410687 
  2027.0   0.0350848887954534 
  2028.0   0.03452189613528348 
  2029.0   0.03513760632615159 
  2030.0   0.03461883710012583 
  2031.0   0.03821861072949316 
  2032.0   0.039554666035587216 
  2033.0   0.03479043811386903 
  2034.0   0.035060208145588925 
  2035.0   0.03492668638482996 
  2036.0   0.03740178508970131 
  2037.0   0.039886093694727245 
  2038.0   0.04087749010037315 
  2039.0   0.04421965208611754 
  2040.0   0.04370027251179134 
  2041.0   0.046778886579608825 
  2042.0   0.043768938174296904 
  2043.0   0.04035440950791589 
  2044.0   0.04149431720724585 
  2045.0   0.045279406676188974 
  2046.0   0.05075201111731101 
  2047.0   0.04435122695967104 
  2048.0   0.042125005362611455 
  2049.0   0.045626184442506504 
  2050.0   0.04644132553943376 
  2051.0   0.043288224604403305 
  2052.0   0.05226374191063077 
  2053.0   0.04918005725593989 
  2054.0   0.03944179741138757 
  2055.0   0.04742444837077397 
  2056.0   0.05834907721686436 
  2057.0   0.04727169118618321 
  2058.0   0.04964005781058175 
  2059.0   0.05455248206055994 
  2060.0   0.04862787181119663 
  2061.0   0.045908838066095886 
  2062.0   0.059022350923122135 
  2063.0   0.05810739146819607 
  2064.0   0.054846685187550696 
  2065.0   0.04956198359033778 
  2066.0   0.05390498337675654 
  2067.0   0.053680496919233614 
  2068.0   0.04724048177521434 
  2069.0   0.062428029849883535 
  2070.0   0.05569341633082972 
  2071.0   0.062290582430451276 
  2072.0   0.0643541997134284 
  2073.0   0.05292904439068563 
  2074.0   0.05380448687769922 
  2075.0   0.06039785224515519 
  2076.0   0.054983815611209706 
  2077.0   0.05593518986084651 
  2078.0   0.05882272846774173 
  2079.0   0.05064324700532197 
  2080.0   0.05270264197491029 
  2081.0   0.06273275286577183 
  2082.0   0.06265285972338978 
  2083.0   0.06430967471619013 
  2084.0   0.061313196283225936 
  2085.0   0.06850901972715126 
  2086.0   0.06741334264590924 
  2087.0   0.06689059891944354 
  2088.0   0.07347816688497917 
  2089.0   0.0725842383215463 
  2090.0   0.06912711622678709 
  2091.0   0.06825225621343868 
  2092.0   0.05429275046277054 
  2093.0   0.06192966995112109 
  2094.0   0.06636223048258855 
  2095.0   0.06410390722950864 
  2096.0   0.06650263440609006 
  2097.0   0.06318261038823962 
  2098.0   0.07253712196358196 
  2099.0   0.07489451672161816 
  2100.0   0.06595786786471065 
