  2015.0   1.6635842395238707e-10 
  2016.0   1.8042280058228048e-10 
  2017.0   1.5856011957913832e-10 
  2018.0   1.194363881313525e-10 
  2019.0   1.7923551249201632e-10 
  2020.0   1.7825119695874573e-10 
  2021.0   1.4370884797743976e-10 
  2022.0   1.4832030338217617e-10 
  2023.0   1.222293885184058e-10 
  2024.0   1.5607260659276794e-10 
  2025.0   1.5802079451425226e-10 
  2026.0   1.6511130695757256e-10 
  2027.0   2.0837703829550703e-10 
  2028.0   1.8231108543257057e-10 
  2029.0   1.8740118758902214e-10 
  2030.0   1.4348287344096642e-10 
  2031.0   1.3243900974098327e-10 
  2032.0   2.075069898822789e-10 
  2033.0   2.0607049530939352e-10 
  2034.0   2.075094051592993e-10 
  2035.0   1.695282903800462e-10 
  2036.0   1.7815128769640382e-10 
  2037.0   1.7011083368629674e-10 
  2038.0   1.8792620734396318e-10 
  2039.0   2.1794623127418828e-10 
  2040.0   1.6684162156802435e-10 
  2041.0   1.3862110525005263e-10 
  2042.0   1.6008543136294358e-10 
  2043.0   2.0435894241381525e-10 
  2044.0   1.9316367872464397e-10 
  2045.0   1.9705751442483636e-10 
  2046.0   1.7383672963653483e-10 
  2047.0   1.7283232167785781e-10 
  2048.0   1.7364362152358302e-10 
  2049.0   1.9250679223362447e-10 
  2050.0   1.8216319124768996e-10 
  2051.0   1.8389814735549382e-10 
  2052.0   1.6849899441290379e-10 
  2053.0   1.591506107223631e-10 
  2054.0   1.237490359266051e-10 
  2055.0   1.873867732970845e-10 
  2056.0   2.0056603466673131e-10 
  2057.0   1.501380206535314e-10 
  2058.0   1.5961710623038677e-10 
  2059.0   1.689225680829135e-10 
  2060.0   1.9802942165144284e-10 
  2061.0   2.253400542352074e-10 
  2062.0   2.1643052466598533e-10 
  2063.0   1.4296366075247523e-10 
  2064.0   1.9848207014821992e-10 
  2065.0   1.947828543840534e-10 
  2066.0   1.830393079405939e-10 
  2067.0   1.6264545114169464e-10 
  2068.0   1.720003658637076e-10 
  2069.0   1.8084942668456182e-10 
  2070.0   2.0109313691552216e-10 
  2071.0   1.8681983552084073e-10 
  2072.0   1.2488188797315914e-10 
  2073.0   1.9342326190906837e-10 
  2074.0   2.0915264618588127e-10 
  2075.0   1.8473486546418341e-10 
  2076.0   1.819801157328643e-10 
  2077.0   1.828632098961915e-10 
  2078.0   1.9231964868255273e-10 
  2079.0   2.001069114419243e-10 
  2080.0   1.9437544751459518e-10 
  2081.0   1.9509990343848498e-10 
  2082.0   2.0562317435081003e-10 
  2083.0   1.703366031034677e-10 
  2084.0   2.2682126754023718e-10 
  2085.0   1.6931420820762482e-10 
  2086.0   1.9124134172477655e-10 
  2087.0   1.940407147767904e-10 
  2088.0   2.0084954174373905e-10 
  2089.0   2.2217340054689847e-10 
  2090.0   2.3157836734140837e-10 
  2091.0   1.7369329385942316e-10 
  2092.0   1.9480114718930257e-10 
  2093.0   1.9179670548345215e-10 
  2094.0   2.2585133752418724e-10 
  2095.0   2.3757202945417255e-10 
  2096.0   2.017702590013665e-10 
  2097.0   2.2354296710493399e-10 
  2098.0   2.679527069468757e-10 
  2099.0   2.0627109457110977e-10 
  2100.0   1.9033912643715064e-10 
