  2015.0   -0.039715646733056616 
  2016.0   -0.0025966033764144064 
  2017.0   0.08440768369425465 
  2018.0   -0.07897838460534025 
  2019.0   0.04857408500460327 
  2020.0   0.03745144148971997 
  2021.0   0.0010060994136695941 
  2022.0   -0.03258299311121238 
  2023.0   -0.10140878667436656 
  2024.0   0.002079567174260385 
  2025.0   0.03729353123545918 
  2026.0   0.06336979708650117 
  2027.0   -0.027655237050326093 
  2028.0   0.0004079438978258897 
  2029.0   -0.07350075355926358 
  2030.0   -0.10448027521998758 
  2031.0   -0.08331984423241416 
  2032.0   -0.008772270513496404 
  2033.0   0.0015153872357126894 
  2034.0   -0.06921773137896141 
  2035.0   -0.016188500709055666 
  2036.0   0.004730380383612175 
  2037.0   -0.044717544273185854 
  2038.0   0.04167107508971137 
  2039.0   -0.05681300779826132 
  2040.0   0.07406337043759095 
  2041.0   0.0930994961638451 
  2042.0   0.043306374447391216 
  2043.0   -0.12180323534890751 
  2044.0   0.003266284136700231 
  2045.0   -0.026092332503791966 
  2046.0   -0.020622300930995197 
  2047.0   -0.017153483176183724 
  2048.0   0.005470092943282923 
  2049.0   -0.06158040402875688 
  2050.0   -0.12241833210944511 
  2051.0   -0.00962941069302077 
  2052.0   -0.05816735779625278 
  2053.0   0.11068859170382493 
  2054.0   0.0188256567619612 
  2055.0   -0.07610679824789666 
  2056.0   0.034199136736816384 
  2057.0   0.021933411181573048 
  2058.0   0.04876703857984917 
  2059.0   0.017590216353977048 
  2060.0   0.09252435892402121 
  2061.0   0.006270025488495892 
  2062.0   0.07018070086861315 
  2063.0   -0.14705155000398532 
  2064.0   0.0024554397100087647 
  2065.0   0.11642623309302093 
  2066.0   -0.11677077268501208 
  2067.0   -0.05997543400886017 
  2068.0   -0.16577904725316084 
  2069.0   0.11234458085770088 
  2070.0   -0.06926641612357673 
  2071.0   0.018505144301572435 
  2072.0   0.044952757882825045 
  2073.0   0.234394408460161 
  2074.0   0.09755248007613626 
  2075.0   -0.005111388183196759 
  2076.0   -0.17092111960484085 
  2077.0   0.059561708915742334 
  2078.0   0.06263240713308503 
  2079.0   -0.022454837557911722 
  2080.0   0.12724495432054314 
  2081.0   0.08464902946095032 
  2082.0   0.11342084429603813 
  2083.0   -0.04199208362659075 
  2084.0   -0.07458188643013554 
  2085.0   0.1331915231503672 
  2086.0   0.013251177260435516 
  2087.0   -0.01861601659985223 
  2088.0   0.21463282522881263 
  2089.0   0.0872275976117872 
  2090.0   0.15613314187557228 
  2091.0   0.026983351314388074 
  2092.0   -0.2905942531553373 
  2093.0   0.0270457475324684 
  2094.0   0.059413957700815236 
  2095.0   0.008496268403363821 
  2096.0   -0.07685278681082494 
  2097.0   0.1402695916959709 
  2098.0   0.1289664968535527 
  2099.0   0.024756759880579605 
  2100.0   0.1377404321140141 
