  2015.0   2.475413370178041e-12 
  2016.0   9.989270700645176e-13 
  2017.0   1.0702824654786513e-12 
  2018.0   1.1547002919611826e-12 
  2019.0   9.99609212975346e-13 
  2020.0   8.577430381408919e-13 
  2021.0   7.46045850876746e-13 
  2022.0   6.938458294241274e-13 
  2023.0   6.679100802632023e-13 
  2024.0   7.134990419891561e-13 
  2025.0   9.813993718545582e-13 
  2026.0   9.586261400216857e-13 
  2027.0   1.0800854804646464e-12 
  2028.0   1.0786903936649827e-12 
  2029.0   1.1205661244104282e-12 
  2030.0   1.055612269143065e-12 
  2031.0   2.69859531756008e-12 
  2032.0   2.7633737301967346e-12 
  2033.0   2.634356471400252e-12 
  2034.0   2.495983551565368e-12 
  2035.0   2.39000310859387e-12 
  2036.0   2.2621556961739573e-12 
  2037.0   2.15854355055838e-12 
  2038.0   2.297216155553756e-12 
  2039.0   2.5289749916858674e-12 
  2040.0   2.6007641802184615e-12 
  2041.0   2.7000254515903997e-12 
  2042.0   2.5862978520515703e-12 
  2043.0   2.527016213999146e-12 
  2044.0   2.475165820952344e-12 
  2045.0   2.699440650915252e-12 
  2046.0   3.060991978691581e-12 
  2047.0   3.207681938399965e-12 
  2048.0   2.7056331749674805e-12 
  2049.0   2.6681307220657883e-12 
  2050.0   3.0653373893598115e-12 
  2051.0   1.935786423407849e-12 
  2052.0   1.7694817744143414e-12 
  2053.0   2.0881368571069527e-12 
  2054.0   1.833143533507056e-12 
  2055.0   1.6730157875849598e-12 
  2056.0   2.1904862184972542e-12 
  2057.0   2.5131847299629984e-12 
  2058.0   2.3603778205015196e-12 
  2059.0   2.4350224182652514e-12 
  2060.0   2.7025223304656656e-12 
  2061.0   1.7293957094746582e-12 
  2062.0   1.695147858265741e-12 
  2063.0   1.7620347614462967e-12 
  2064.0   1.6677662744684195e-12 
  2065.0   1.695088310746687e-12 
  2066.0   1.5389305051251544e-12 
  2067.0   1.6999801105438328e-12 
  2068.0   1.638357375346632e-12 
  2069.0   1.523238083364109e-12 
  2070.0   1.657663053208089e-12 
  2071.0   1.4350459596331357e-12 
  2072.0   1.4978724115142135e-12 
  2073.0   1.683629098069843e-12 
  2074.0   1.511347485109506e-12 
  2075.0   1.5766871429945682e-12 
  2076.0   1.949416381361416e-12 
  2077.0   1.943202057224192e-12 
  2078.0   1.9797210118979096e-12 
  2079.0   2.170633479138483e-12 
  2080.0   2.100547125684294e-12 
  2081.0   2.565132692047311e-12 
  2082.0   2.966859751573742e-12 
  2083.0   2.8847897165122166e-12 
  2084.0   3.1174393630948856e-12 
  2085.0   3.2506566167355443e-12 
  2086.0   2.2654956007112625e-12 
  2087.0   2.241465926137892e-12 
  2088.0   2.2763886668633286e-12 
  2089.0   2.4172503131248435e-12 
  2090.0   2.4714772679837554e-12 
  2091.0   2.4197199096890505e-12 
  2092.0   2.7505752004660317e-12 
  2093.0   2.4873556490301912e-12 
  2094.0   2.7092452432176655e-12 
  2095.0   2.6902375199771633e-12 
  2096.0   3.435252460478496e-12 
  2097.0   3.74794918881989e-12 
  2098.0   3.491388983358837e-12 
  2099.0   3.814965299929091e-12 
  2100.0   3.690762875355493e-12 
