  2015.0   52.72525674365828 
  2016.0   52.729914629045325 
  2017.0   52.73550596813833 
  2018.0   52.75728915472204 
  2019.0   52.79200948207447 
  2020.0   52.789668662714824 
  2021.0   52.786003293089685 
  2022.0   52.792243798737324 
  2023.0   52.814450502700645 
  2024.0   52.84139068856111 
  2025.0   52.873237077728795 
  2026.0   52.88590753818736 
  2027.0   52.887957411186896 
  2028.0   52.90783189099495 
  2029.0   52.939001014935734 
  2030.0   52.968447173886666 
  2031.0   52.993013780230044 
  2032.0   52.983203472935436 
  2033.0   52.97859932488 
  2034.0   52.98924829625497 
  2035.0   53.004085036763215 
  2036.0   53.03607873393048 
  2037.0   53.05389792817122 
  2038.0   53.06497769823153 
  2039.0   53.05419765011858 
  2040.0   53.09822579534959 
  2041.0   53.14819724192714 
  2042.0   53.159548174353674 
  2043.0   53.18986065220945 
  2044.0   53.20899174723639 
  2045.0   53.22688588328091 
  2046.0   53.26256840712444 
  2047.0   53.307001194433184 
  2048.0   53.329946833617264 
  2049.0   53.34122652980337 
  2050.0   53.339820708095715 
  2051.0   53.37372120916326 
  2052.0   53.408783932991625 
  2053.0   53.43844256462148 
  2054.0   53.44142599942668 
  2055.0   53.45185859622081 
  2056.0   53.50331160651352 
  2057.0   53.531187687317 
  2058.0   53.56140083325694 
  2059.0   53.60292864874036 
  2060.0   53.635920611467355 
  2061.0   53.647453396042465 
  2062.0   53.647912537784194 
  2063.0   53.679275688850716 
  2064.0   53.722920554222185 
  2065.0   53.75366327824624 
  2066.0   53.748830172261876 
  2067.0   53.76788405537445 
  2068.0   53.76940330672781 
  2069.0   53.78185231924719 
  2070.0   53.81077353996049 
  2071.0   53.84321246743194 
  2072.0   53.90358379715014 
  2073.0   53.96133809508365 
  2074.0   53.98404386572003 
  2075.0   54.01194228774403 
  2076.0   54.0351057401882 
  2077.0   54.08133803705815 
  2078.0   54.108966801415164 
  2079.0   54.149705544105124 
  2080.0   54.17404844227225 
  2081.0   54.18764062775139 
  2082.0   54.23175391156257 
  2083.0   54.281413196962795 
  2084.0   54.32360744281043 
  2085.0   54.34689438649744 
  2086.0   54.33135093932277 
  2087.0   54.363164153400625 
  2088.0   54.428937807801105 
  2089.0   54.48382311000049 
  2090.0   54.515838396165236 
  2091.0   54.54059982201917 
  2092.0   54.57701176921523 
  2093.0   54.604017516751064 
  2094.0   54.66240307424153 
  2095.0   54.73526497910836 
  2096.0   54.78030194857855 
  2097.0   54.805274133614496 
  2098.0   54.853427936699646 
  2099.0   54.895877695648295 
  2100.0   54.894724205006575 
