  2015.0   0.004697867348873045 
  2016.0   0.004560452801847176 
  2017.0   0.004444408654264574 
  2018.0   0.004345616675862247 
  2019.0   0.004260590216241708 
  2020.0   0.004170582920611712 
  2021.0   0.004077028427227378 
  2022.0   0.0039968420733493175 
  2023.0   0.003927591268936423 
  2024.0   0.0038678071218587544 
  2025.0   0.0038135752953107134 
  2026.0   0.0037644201226452825 
  2027.0   0.0044156874890630814 
  2028.0   0.006134967180179672 
  2029.0   0.008087057083041204 
  2030.0   0.009744336910290842 
  2031.0   0.01114290953081636 
  2032.0   0.01224599890651651 
  2033.0   0.013113090875467538 
  2034.0   0.013795949020222057 
  2035.0   0.014246543417492744 
  2036.0   0.014421642544372615 
  2037.0   0.014388886068184923 
  2038.0   0.01422856471689475 
  2039.0   0.013991859843892866 
  2040.0   0.013724403107575767 
  2041.0   0.01342410465822667 
  2042.0   0.013088027539654901 
  2043.0   0.012774134422907006 
  2044.0   0.012502873295882488 
  2045.0   0.012275943633652956 
  2046.0   0.012087421725683237 
  2047.0   0.01192828776059515 
  2048.0   0.011778540720140725 
  2049.0   0.011609658130301183 
  2050.0   0.011359160151621441 
  2051.0   0.011033967219956826 
  2052.0   0.01068203248689232 
  2053.0   0.010353110730261652 
  2054.0   0.010057661775658693 
  2055.0   0.009788288362747298 
  2056.0   0.009542812120471542 
  2057.0   0.009318243019152645 
  2058.0   0.009113695993398457 
  2059.0   0.008930202927122897 
  2060.0   0.008777121183859456 
  2061.0   0.008645443908177095 
  2062.0   0.008523523787214441 
  2063.0   0.008410547625224706 
  2064.0   0.008304592788518727 
  2065.0   0.008205893648356511 
  2066.0   0.008114271110584086 
  2067.0   0.008030283398379169 
  2068.0   0.007952343827885885 
  2069.0   0.007879239107480257 
  2070.0   0.007797721123550889 
  2071.0   0.007715721317582941 
  2072.0   0.007641068118422062 
  2073.0   0.0075629066441800195 
  2074.0   0.007466499499591916 
  2075.0   0.007386509163314631 
  2076.0   0.007317987434567757 
  2077.0   0.007277734750897768 
  2078.0   0.007262108918362024 
  2079.0   0.007224863825101786 
  2080.0   0.007172356479804793 
  2081.0   0.007117265742497282 
  2082.0   0.007067346748821461 
  2083.0   0.007024609517572177 
  2084.0   0.006981181444507179 
  2085.0   0.0069493791017400264 
  2086.0   0.006925448562534957 
  2087.0   0.006899348212336191 
  2088.0   0.006872672176451719 
  2089.0   0.0068484689642440135 
  2090.0   0.006843857230344355 
  2091.0   0.006847385451449176 
  2092.0   0.006843239379136582 
  2093.0   0.006845222664306649 
  2094.0   0.006860434469376621 
  2095.0   0.006866117344849882 
  2096.0   0.006847892181957867 
  2097.0   0.0068199389866341435 
  2098.0   0.006790795178949528 
  2099.0   0.0067618089129489 
  2100.0   0.006536062683372624 
