  2015.0   1.6756198865441496 
  2016.0   1.5418594264117849 
  2017.0   1.6350164064936257 
  2018.0   1.755106421119835 
  2019.0   1.4959175478578761 
  2020.0   1.7342458010993513 
  2021.0   1.469170027560566 
  2022.0   1.7491583073403316 
  2023.0   1.5973764658296963 
  2024.0   1.611668968170892 
  2025.0   1.5179726667856375 
  2026.0   1.5268989790447514 
  2027.0   1.6395107225834389 
  2028.0   1.70194987582504 
  2029.0   1.4854749543807928 
  2030.0   1.5160171288566924 
  2031.0   1.8528218811516397 
  2032.0   2.0961988591716034 
  2033.0   1.7064378407020087 
  2034.0   1.2633012995186246 
  2035.0   1.6812510718440157 
  2036.0   1.7878679979291492 
  2037.0   1.481954244419621 
  2038.0   1.7641507645014702 
  2039.0   1.5117500382255717 
  2040.0   1.7947414723001283 
  2041.0   1.8018908194291985 
  2042.0   2.031530859906669 
  2043.0   1.747767707130867 
  2044.0   1.848299100107027 
  2045.0   2.045944657421628 
  2046.0   2.0467658007073366 
  2047.0   1.8183219567718196 
  2048.0   1.6958390503551963 
  2049.0   1.9848762399621007 
  2050.0   2.1617304000286843 
  2051.0   1.8265382788229938 
  2052.0   1.7188802871133784 
  2053.0   1.6855448877863677 
  2054.0   1.6406654002376573 
  2055.0   1.9735404971586952 
  2056.0   1.88189524879937 
  2057.0   2.0206410499832526 
  2058.0   1.8475147821499185 
  2059.0   2.2393854625864797 
  2060.0   1.992643632640049 
  2061.0   1.7600496071083 
  2062.0   1.8694805110241381 
  2063.0   2.0791968913891465 
  2064.0   1.7452611393736406 
  2065.0   1.8304237975138684 
  2066.0   1.837084638286891 
  2067.0   1.9907885388294495 
  2068.0   1.6533891786560824 
  2069.0   1.807901702466714 
  2070.0   1.8062664646600566 
  2071.0   2.1628506634283298 
  2072.0   1.6878393457262997 
  2073.0   1.6279429182458482 
  2074.0   1.6146085148404032 
  2075.0   2.395009807981565 
  2076.0   2.5910477303712303 
  2077.0   1.7942445586876277 
  2078.0   1.9783523037305664 
  2079.0   1.8550778801394896 
  2080.0   2.208263352319404 
  2081.0   2.279487567763791 
  2082.0   2.0202071441954903 
  2083.0   1.809634346755044 
  2084.0   1.8665287651143605 
  2085.0   2.5014533496350015 
  2086.0   2.3629334154409105 
  2087.0   2.1564860755138433 
  2088.0   1.9814369531559006 
  2089.0   2.1566801523614014 
  2090.0   2.0355457179469236 
  2091.0   1.7622723935475864 
  2092.0   2.0617819200806093 
  2093.0   2.394816567068656 
  2094.0   2.140761619502057 
  2095.0   2.000258387843373 
  2096.0   2.0694851898861146 
  2097.0   2.5905362937195173 
  2098.0   2.6488724922651956 
  2099.0   2.0280067564515694 
  2100.0   1.8557395327577357 
