  2015.0   1.284986948861276 
  2016.0   1.3655169641298013 
  2017.0   1.4904124516251092 
  2018.0   1.4434640154627734 
  2019.0   1.3214022054939563 
  2020.0   1.251517046110629 
  2021.0   1.4636681485423324 
  2022.0   1.4781785619581194 
  2023.0   1.4433054626191586 
  2024.0   1.509030926047431 
  2025.0   1.5303917111013448 
  2026.0   1.6380295025261 
  2027.0   1.6005093852790013 
  2028.0   1.3992168166323034 
  2029.0   1.4211722985088258 
  2030.0   1.4532551029009468 
  2031.0   1.2576021765811114 
  2032.0   1.2382254450777628 
  2033.0   1.533044138135853 
  2034.0   1.4213619358405105 
  2035.0   1.4591274755432262 
  2036.0   1.8525290306409798 
  2037.0   1.6848430891981172 
  2038.0   1.6035194661447358 
  2039.0   1.3722466312050228 
  2040.0   1.3871877779868105 
  2041.0   1.4076850095553404 
  2042.0   1.4993169920069982 
  2043.0   1.5733301692254276 
  2044.0   1.482380688185617 
  2045.0   1.6172160855784476 
  2046.0   1.4977574997921794 
  2047.0   1.6453556948376973 
  2048.0   1.513907015408121 
  2049.0   1.909386815422355 
  2050.0   1.649769668240659 
  2051.0   1.5221150025096317 
  2052.0   1.5202717850855498 
  2053.0   1.5278897769002282 
  2054.0   1.6602972915391316 
  2055.0   2.059566503038048 
  2056.0   1.7894678318520747 
  2057.0   1.9456852791565151 
  2058.0   1.6417673943644702 
  2059.0   1.4813349477977675 
  2060.0   1.6067648657707354 
  2061.0   1.522212544052962 
  2062.0   1.768368150051331 
  2063.0   1.7533096603437746 
  2064.0   1.949505359054776 
  2065.0   1.8920266353620376 
  2066.0   1.7965291851428087 
  2067.0   1.735148255467784 
  2068.0   1.8862348836460756 
  2069.0   1.7879258631148405 
  2070.0   1.7649991649958878 
  2071.0   1.8463716334311226 
  2072.0   1.933412685991069 
  2073.0   1.956464395762278 
  2074.0   1.9561654321698576 
  2075.0   1.980325287287677 
  2076.0   1.7907757633567531 
  2077.0   2.0213176006568814 
  2078.0   1.9165538193493412 
  2079.0   1.79718595292982 
  2080.0   1.718391877342083 
  2081.0   2.085545754401885 
  2082.0   1.832823160798775 
  2083.0   1.8503145869240718 
  2084.0   1.8884259576169753 
  2085.0   1.8884982269228812 
  2086.0   1.785154085987008 
  2087.0   1.9715402426626443 
  2088.0   1.8539181278843209 
  2089.0   1.9578111408825754 
  2090.0   1.8957246893835553 
  2091.0   2.0655795661048058 
  2092.0   2.1191048621726116 
  2093.0   2.066947370838856 
  2094.0   2.0861642888037455 
  2095.0   2.004768676195324 
  2096.0   2.0459839991267303 
  2097.0   2.0526909373249675 
  2098.0   1.9030390593704865 
  2099.0   2.036130546466836 
  2100.0   2.296323204568105 
