  2015.0   0.1856317885042429 
  2016.0   0.18450408890274309 
  2017.0   0.18420072188924952 
  2018.0   0.18344752047382182 
  2019.0   0.1916971123195449 
  2020.0   0.19330566931740104 
  2021.0   0.1837814859363964 
  2022.0   0.1912426991216345 
  2023.0   0.1992711338993284 
  2024.0   0.19059813156531893 
  2025.0   0.20297976035028154 
  2026.0   0.19054782680785853 
  2027.0   0.19391744069826294 
  2028.0   0.21410843577728372 
  2029.0   0.19886860898019038 
  2030.0   0.20425993177541948 
  2031.0   0.20466726822019213 
  2032.0   0.21251564862255345 
  2033.0   0.20070243308762503 
  2034.0   0.20666837468275534 
  2035.0   0.21040991302007978 
  2036.0   0.21825217273422223 
  2037.0   0.22186509474691693 
  2038.0   0.21235986269224938 
  2039.0   0.21237952116610612 
  2040.0   0.20400494045348072 
  2041.0   0.21096953312802635 
  2042.0   0.2228517908222992 
  2043.0   0.21229410383028077 
  2044.0   0.22823099238605776 
  2045.0   0.22782043639702934 
  2046.0   0.232019350167012 
  2047.0   0.23750083739802774 
  2048.0   0.22840347401269506 
  2049.0   0.24308697823857078 
  2050.0   0.24117279878474376 
  2051.0   0.23463524238436026 
  2052.0   0.23497804045887294 
  2053.0   0.23979866582131468 
  2054.0   0.23833099780663994 
  2055.0   0.2480241555584765 
  2056.0   0.25523898981725873 
  2057.0   0.25685742824942737 
  2058.0   0.2397628333649262 
  2059.0   0.26585518271919817 
  2060.0   0.24555951028999862 
  2061.0   0.2667890158822478 
  2062.0   0.2609138505362657 
  2063.0   0.2733809443542107 
  2064.0   0.25872032214781043 
  2065.0   0.26556450047965574 
  2066.0   0.275614735976637 
  2067.0   0.2872313744412536 
  2068.0   0.2904745477727745 
  2069.0   0.2724980715997564 
  2070.0   0.2762715611421454 
  2071.0   0.2557708494814339 
  2072.0   0.2766573782383746 
  2073.0   0.28562347795939347 
  2074.0   0.28769935598091606 
  2075.0   0.32587093247401033 
  2076.0   0.30531549903996613 
  2077.0   0.3051093517375974 
  2078.0   0.2795897811890324 
  2079.0   0.3038389731155261 
  2080.0   0.31443553524086515 
  2081.0   0.3205298222431009 
  2082.0   0.2896274365234112 
  2083.0   0.28849814675782126 
  2084.0   0.29123009271297656 
  2085.0   0.3034844296130042 
  2086.0   0.31763523659296317 
  2087.0   0.32073410626185295 
  2088.0   0.3210426245404045 
  2089.0   0.3117365548543565 
  2090.0   0.3122882025437891 
  2091.0   0.3229127896821115 
  2092.0   0.36129324404321583 
  2093.0   0.35183061442892605 
  2094.0   0.33921436295077523 
  2095.0   0.3235266544153019 
  2096.0   0.3103683093034915 
  2097.0   0.32549285949973006 
  2098.0   0.34893016263875515 
  2099.0   0.33957068458481643 
  2100.0   0.3360096338592287 
