  2015.0   0.08811336615811306 
  2016.0   0.031707064504935406 
  2017.0   0.08576765434411064 
  2018.0   0.12521388582016682 
  2019.0   -0.0511001447596649 
  2020.0   0.12398723199881938 
  2021.0   -0.06157982777665371 
  2022.0   0.10309586609943296 
  2023.0   0.02392153733347553 
  2024.0   0.020945252953116007 
  2025.0   -0.04229105702264467 
  2026.0   -0.05224506760686526 
  2027.0   0.009283605859966746 
  2028.0   0.04322391508869003 
  2029.0   -0.06056933072169482 
  2030.0   -0.0802745824755121 
  2031.0   0.17934952102792778 
  2032.0   0.2842594631738949 
  2033.0   0.060981410637271555 
  2034.0   -0.23406667464439335 
  2035.0   0.051331744353888396 
  2036.0   0.08617088345699161 
  2037.0   -0.11890671650167334 
  2038.0   0.07145021046964317 
  2039.0   -0.09384331251347132 
  2040.0   0.07719255019656299 
  2041.0   0.0978156429789171 
  2042.0   0.23920700686268964 
  2043.0   0.05594556765111267 
  2044.0   0.07655821191603675 
  2045.0   0.21273868191718964 
  2046.0   0.1681916683745489 
  2047.0   0.04707279463843212 
  2048.0   -0.026283554779917326 
  2049.0   0.16600553487814773 
  2050.0   0.25718507779072763 
  2051.0   0.03634467203457897 
  2052.0   -0.0347729975062631 
  2053.0   -0.0588096626602213 
  2054.0   -0.09141178072294566 
  2055.0   0.11405781244295407 
  2056.0   0.04682634659427068 
  2057.0   0.12768850058984954 
  2058.0   0.029216368045836688 
  2059.0   0.2647317596728571 
  2060.0   0.10922176919170261 
  2061.0   -0.0753828609061904 
  2062.0   -0.000713882078795299 
  2063.0   0.16288403083432468 
  2064.0   -0.06051553920610108 
  2065.0   -0.024557361086846495 
  2066.0   -0.030366048062497396 
  2067.0   0.03146807550626413 
  2068.0   -0.13133835523746376 
  2069.0   -0.05470643408643042 
  2070.0   -0.07330455213606747 
  2071.0   0.16478678245632927 
  2072.0   -0.12414852111880545 
  2073.0   -0.19459242447222674 
  2074.0   -0.1709594420101111 
  2075.0   0.34334994177569017 
  2076.0   0.42382052651438035 
  2077.0   -0.07893497482543754 
  2078.0   0.053874088515212235 
  2079.0   -0.05566501445457195 
  2080.0   0.17429416738362807 
  2081.0   0.18931214410041358 
  2082.0   0.03552722042944772 
  2083.0   -0.10944518549762493 
  2084.0   -0.06468457045471457 
  2085.0   0.3095540485389079 
  2086.0   0.19967569337479638 
  2087.0   0.06971672051287983 
  2088.0   -0.08078332187635712 
  2089.0   0.04173477562849515 
  2090.0   -0.01384053407480292 
  2091.0   -0.19214865762990538 
  2092.0   -0.015902946149796985 
  2093.0   0.21282074887452906 
  2094.0   0.07452365285511905 
  2095.0   -0.02704117180950095 
  2096.0   -0.013667059569538507 
  2097.0   0.3170154696413408 
  2098.0   0.3641629331911143 
  2099.0   -0.050919089815868984 
  2100.0   -0.2008615478061455 
