  2015.0   0.9956340802035036 
  2016.0   1.0134830659795373 
  2017.0   0.9740234649200806 
  2018.0   0.9953866575800949 
  2019.0   0.9929645108534713 
  2020.0   1.027067829478399 
  2021.0   1.0651259836657587 
  2022.0   0.9872706843560439 
  2023.0   0.9676886977530339 
  2024.0   1.0764181031278308 
  2025.0   1.0669414603432106 
  2026.0   1.0558155227250356 
  2027.0   1.0466331123699204 
  2028.0   1.0345507222020467 
  2029.0   0.9601224349169933 
  2030.0   0.9220828566864576 
  2031.0   0.9307616037629787 
  2032.0   1.0070879715015522 
  2033.0   1.0435713409142577 
  2034.0   1.0547898294032305 
  2035.0   1.0346651247174332 
  2036.0   1.0401566534919318 
  2037.0   1.008616208455475 
  2038.0   1.0180913255891577 
  2039.0   0.9904873698907461 
  2040.0   1.0618328091468288 
  2041.0   1.0014515623531983 
  2042.0   0.9475701709082504 
  2043.0   1.00835283241894 
  2044.0   1.0209277771033363 
  2045.0   1.0216237252857063 
  2046.0   1.0330156961472432 
  2047.0   1.051369168944945 
  2048.0   1.0493623940142134 
  2049.0   1.0813704543011566 
  2050.0   1.0724276948154998 
  2051.0   1.0697184097395567 
  2052.0   1.1081780455677663 
  2053.0   1.147701554180278 
  2054.0   1.0569269102618082 
  2055.0   1.0096499135565349 
  2056.0   1.0141191634013829 
  2057.0   1.0232764462793786 
  2058.0   1.0876976568874588 
  2059.0   1.0349053837552726 
  2060.0   1.0028298015431887 
  2061.0   1.0470041067144045 
  2062.0   1.100458338034922 
  2063.0   1.05938770403805 
  2064.0   1.0579964299531261 
  2065.0   1.160359140115092 
  2066.0   1.078961063109579 
  2067.0   1.0635102350858545 
  2068.0   1.050675441174798 
  2069.0   1.1032521816078271 
  2070.0   1.0448155973231785 
  2071.0   0.9965810027687017 
  2072.0   1.0696500327926453 
  2073.0   1.0707715558232886 
  2074.0   1.0216173741194956 
  2075.0   1.0405622432106438 
  2076.0   1.125474975634442 
  2077.0   1.0707232296292355 
  2078.0   1.044280364324192 
  2079.0   1.0492630696099003 
  2080.0   1.066328630068928 
  2081.0   1.1543206641428412 
  2082.0   1.1204481508977993 
  2083.0   1.073808504823592 
  2084.0   1.1137670805109616 
  2085.0   1.158836372202102 
  2086.0   1.1331938107021036 
  2087.0   1.0620441551845288 
  2088.0   1.0632076289877501 
  2089.0   1.1052602979307176 
  2090.0   1.1690035866732975 
  2091.0   1.15440128894638 
  2092.0   1.0810119710186255 
  2093.0   1.0748784750474603 
  2094.0   1.120036360629593 
  2095.0   1.1540944843977792 
  2096.0   1.0877948967566418 
  2097.0   1.1542042724551873 
  2098.0   1.1982138389967383 
  2099.0   1.1874774275593196 
  2100.0   1.2161136683609133 
