  2015.0   1.565560390523459 
  2016.0   1.6229035447483846 
  2017.0   1.4503172609651245 
  2018.0   1.2177056633968786 
  2019.0   1.649457279296235 
  2020.0   1.6277567014821401 
  2021.0   1.3869746328529147 
  2022.0   1.3667333111921836 
  2023.0   1.2354511318200885 
  2024.0   1.5239637359412008 
  2025.0   1.4524523954382045 
  2026.0   1.5560561979469312 
  2027.0   1.8834325221338997 
  2028.0   1.6896285973584115 
  2029.0   1.6366299053445497 
  2030.0   1.294463866405173 
  2031.0   1.350713605840469 
  2032.0   1.8689296274530154 
  2033.0   1.8264666283541267 
  2034.0   1.7737398956617487 
  2035.0   1.5276526362926468 
  2036.0   1.6728512676343805 
  2037.0   1.6204591532892556 
  2038.0   1.7091542852039496 
  2039.0   1.910155476666691 
  2040.0   1.4882976430559056 
  2041.0   1.2817320001488075 
  2042.0   1.5736757852404193 
  2043.0   1.8609681952793677 
  2044.0   1.7314801374427076 
  2045.0   1.7892416446969246 
  2046.0   1.592936501701031 
  2047.0   1.6365361786420134 
  2048.0   1.571366803145838 
  2049.0   1.7363949233766716 
  2050.0   1.649631871673898 
  2051.0   1.6992504874131455 
  2052.0   1.5788711696342583 
  2053.0   1.5492332454265532 
  2054.0   1.2617271391367078 
  2055.0   1.7635582990176133 
  2056.0   1.8122721600425067 
  2057.0   1.3785759036817322 
  2058.0   1.5107974054726956 
  2059.0   1.572234480144602 
  2060.0   1.8255109378935752 
  2061.0   1.9809582035555218 
  2062.0   1.935821287828238 
  2063.0   1.3223373306090973 
  2064.0   1.8794291061221386 
  2065.0   1.750431617553335 
  2066.0   1.7059683696656935 
  2067.0   1.5226621768356092 
  2068.0   1.6047726934178457 
  2069.0   1.6744188173219 
  2070.0   1.808526229494643 
  2071.0   1.758500578898361 
  2072.0   1.2412172065806846 
  2073.0   1.8485362869975945 
  2074.0   1.9365829337031186 
  2075.0   1.7280833471112425 
  2076.0   1.6568188198407412 
  2077.0   1.6860211147911477 
  2078.0   1.7682515571014357 
  2079.0   1.8839687138950068 
  2080.0   1.7819089789068945 
  2081.0   1.8234309585674364 
  2082.0   1.8947553215339412 
  2083.0   1.5533671938934714 
  2084.0   2.0214716986787344 
  2085.0   1.5450322262777234 
  2086.0   1.8187985713803545 
  2087.0   1.8149661158524981 
  2088.0   1.87905009495633 
  2089.0   2.09374913848136 
  2090.0   2.0845704702364842 
  2091.0   1.5862517825437226 
  2092.0   1.7926008788694614 
  2093.0   1.8140372787957249 
  2094.0   2.108381815942933 
  2095.0   2.0709606481473943 
  2096.0   1.853162107962587 
  2097.0   2.024225931723103 
  2098.0   2.327650716856518 
  2099.0   1.7161302141554504 
  2100.0   1.662522647100762 
