  2015.0   6.074047053529282e-14 
  2016.0   9.317406096654677e-14 
  2017.0   1.2232249935913554e-13 
  2018.0   1.0992381782476449e-13 
  2019.0   1.3234222122294087e-13 
  2020.0   1.799837214528533e-13 
  2021.0   2.0344106215206455e-13 
  2022.0   1.884666413444248e-13 
  2023.0   1.800026531056081e-13 
  2024.0   2.1311456966187847e-13 
  2025.0   2.637216777772194e-13 
  2026.0   1.9609221795030256e-13 
  2027.0   1.5143981508876715e-13 
  2028.0   1.191327265730004e-13 
  2029.0   8.300098450849753e-14 
  2030.0   4.740395626327486e-14 
  2031.0   5.1131778531362854e-14 
  2032.0   4.6306615096949476e-14 
  2033.0   4.2238435099275396e-14 
  2034.0   6.635966428700607e-14 
  2035.0   6.676224960067781e-14 
  2036.0   6.026468892206003e-14 
  2037.0   7.290679774619001e-14 
  2038.0   8.397026516237417e-14 
  2039.0   7.171023727859227e-14 
  2040.0   9.331969233723481e-14 
  2041.0   1.3536132692013694e-13 
  2042.0   9.36445559144163e-14 
  2043.0   9.020472122213764e-14 
  2044.0   9.778252556762889e-14 
  2045.0   9.391893202166412e-14 
  2046.0   1.0857164200224175e-13 
  2047.0   1.0559128726271418e-13 
  2048.0   1.0239846532713995e-13 
  2049.0   1.1438366046423463e-13 
  2050.0   1.0743937841731824e-13 
  2051.0   8.980882949716804e-14 
  2052.0   9.172491737693993e-14 
  2053.0   1.169718155490073e-13 
  2054.0   1.0024996418844142e-13 
  2055.0   8.401268156620915e-14 
  2056.0   5.343514826947439e-14 
  2057.0   4.71410515619903e-14 
  2058.0   6.465843923252354e-14 
  2059.0   6.523411808176786e-14 
  2060.0   5.450093791008592e-14 
  2061.0   6.585709518215026e-14 
  2062.0   8.794784791713574e-14 
  2063.0   1.0362965160842773e-13 
  2064.0   8.392964932286524e-14 
  2065.0   8.911205853037597e-14 
  2066.0   9.971585779669655e-14 
  2067.0   1.0864379306867058e-13 
  2068.0   1.0544518753064008e-13 
  2069.0   1.2497827822402977e-13 
  2070.0   1.097370690819268e-13 
  2071.0   9.761696563101933e-14 
  2072.0   1.2171354926993384e-13 
  2073.0   1.304430324399332e-13 
  2074.0   1.1986404492129943e-13 
  2075.0   1.1052550974408901e-13 
  2076.0   1.1837025223809335e-13 
  2077.0   8.37044945359856e-14 
  2078.0   6.12623705805679e-14 
  2079.0   6.362565100836731e-14 
  2080.0   6.187956862205499e-14 
  2081.0   9.671630781930222e-14 
  2082.0   1.1090722350654353e-13 
  2083.0   1.1043147917253428e-13 
  2084.0   1.1301229809379187e-13 
  2085.0   1.1193645286627263e-13 
  2086.0   1.037494241402833e-13 
  2087.0   7.273914529222381e-14 
  2088.0   6.19745280252039e-14 
  2089.0   6.361647981007011e-14 
  2090.0   9.693476597806422e-14 
  2091.0   1.374464160776613e-13 
  2092.0   1.1205952504183031e-13 
  2093.0   8.559688485651995e-14 
  2094.0   1.0707662971486937e-13 
  2095.0   1.4312089067336779e-13 
  2096.0   1.4675602157026548e-13 
  2097.0   1.726650857937653e-13 
  2098.0   1.862243243015524e-13 
  2099.0   1.8320018414943942e-13 
  2100.0   1.8157416256688375e-13 
