  2015.0   288.058152012246 
  2016.0   288.0335768092749 
  2017.0   287.57516370510405 
  2018.0   287.85602964216463 
  2019.0   287.7651449328777 
  2020.0   287.75831290131 
  2021.0   288.14449474236403 
  2022.0   287.6392648616442 
  2023.0   287.92474298068896 
  2024.0   288.29193598978236 
  2025.0   288.06594197895123 
  2026.0   288.3432958098757 
  2027.0   287.88461577947277 
  2028.0   288.2545756030278 
  2029.0   288.08392601463885 
  2030.0   287.8052823807307 
  2031.0   288.0502267514871 
  2032.0   288.249828755657 
  2033.0   288.7146671763527 
  2034.0   288.6241046556554 
  2035.0   288.5382962559877 
  2036.0   289.46962321459756 
  2037.0   288.6230502845181 
  2038.0   289.328182289447 
  2039.0   288.7254279384624 
  2040.0   289.30148570780847 
  2041.0   289.1733237955854 
  2042.0   289.4007191600981 
  2043.0   288.87001537616703 
  2044.0   289.15529294224405 
  2045.0   289.1266089165365 
  2046.0   288.9378029549253 
  2047.0   289.32663497949966 
  2048.0   288.57894916664185 
  2049.0   289.79304868393893 
  2050.0   289.9829255416872 
  2051.0   289.39213110516005 
  2052.0   289.8805673630376 
  2053.0   290.17544587054505 
  2054.0   289.9890193695814 
  2055.0   290.7390694678815 
  2056.0   290.2063269607791 
  2057.0   288.98561903527036 
  2058.0   290.46491149161614 
  2059.0   290.83830472587215 
  2060.0   289.784891687972 
  2061.0   290.4444576285201 
  2062.0   290.8775816533712 
  2063.0   291.46239339668904 
  2064.0   289.8768016186523 
  2065.0   290.55285600006516 
  2066.0   291.0752231426471 
  2067.0   290.72094333806723 
  2068.0   290.67665336555456 
  2069.0   291.02896476681315 
  2070.0   291.0813598821292 
  2071.0   290.84291253691487 
  2072.0   291.14768414803115 
  2073.0   291.99198958858904 
  2074.0   291.8169325855393 
  2075.0   291.56860058377345 
  2076.0   291.53790571122966 
  2077.0   292.14123956909555 
  2078.0   290.9772197817146 
  2079.0   291.74953945425665 
  2080.0   291.5186875823985 
  2081.0   291.9223991122811 
  2082.0   291.9302593349925 
  2083.0   292.5818447658706 
  2084.0   291.6375552562797 
  2085.0   292.317222835213 
  2086.0   292.28769838401007 
  2087.0   291.27339916621463 
  2088.0   292.218598312991 
  2089.0   292.5211376016013 
  2090.0   292.94151866967223 
  2091.0   292.22018028035205 
  2092.0   292.7459449663372 
  2093.0   293.8950961380582 
  2094.0   293.4916206237171 
  2095.0   293.37685066843454 
  2096.0   294.18536533852273 
  2097.0   294.18749419259325 
  2098.0   294.10653368621627 
  2099.0   293.26955779836595 
  2100.0   293.5394548776632 
