  2015.0   1.2145226777287281 
  2016.0   1.2009009431680995 
  2017.0   1.18802751235618 
  2018.0   1.1770399134983482 
  2019.0   1.1657692343838701 
  2020.0   1.1169624654743413 
  2021.0   1.229217135117656 
  2022.0   1.10522942073774 
  2023.0   1.2150034067823956 
  2024.0   1.283677617124157 
  2025.0   1.3173284787725765 
  2026.0   1.1516907112782022 
  2027.0   1.251243821993628 
  2028.0   1.2158669060921425 
  2029.0   1.2377837744794342 
  2030.0   1.1305057391902706 
  2031.0   1.2179588218908561 
  2032.0   1.3578587282644887 
  2033.0   1.4381768616230028 
  2034.0   1.3295387806576089 
  2035.0   1.3113205872247802 
  2036.0   1.3283346416980581 
  2037.0   1.4528865820158368 
  2038.0   1.3845561421529422 
  2039.0   1.2841690362665386 
  2040.0   1.2228149716617325 
  2041.0   1.2943431228126523 
  2042.0   1.2798942806909284 
  2043.0   1.2554802902731372 
  2044.0   1.2906900198180222 
  2045.0   1.2600337395126437 
  2046.0   1.3471197320257713 
  2047.0   1.3523673595928938 
  2048.0   1.459621225582118 
  2049.0   1.4640483945591214 
  2050.0   1.3888469630218292 
  2051.0   1.183641046994683 
  2052.0   1.3502073787128464 
  2053.0   1.3761209730131079 
  2054.0   1.4989164780809339 
  2055.0   1.4426394682141124 
  2056.0   1.478625322987339 
  2057.0   1.5100993029077168 
  2058.0   1.5279041634110184 
  2059.0   1.2577544888737764 
  2060.0   1.3039249461881905 
  2061.0   1.486223718014386 
  2062.0   1.4225514978371177 
  2063.0   1.5239069712941495 
  2064.0   1.471553717105925 
  2065.0   1.5127305195508278 
  2066.0   1.5708046470546728 
  2067.0   1.5320098268445845 
  2068.0   1.4644281807328519 
  2069.0   1.5150176518319416 
  2070.0   1.4729249042338428 
  2071.0   1.5127528536830126 
  2072.0   1.6121981517494506 
  2073.0   1.5052499653775204 
  2074.0   1.4853125804818736 
  2075.0   1.4607156843321019 
  2076.0   1.3782770268106932 
  2077.0   1.5258053112854835 
  2078.0   1.510744401205456 
  2079.0   1.5961833383552866 
  2080.0   1.509338607649567 
  2081.0   1.543892798473249 
  2082.0   1.451390516986262 
  2083.0   1.4211907579973477 
  2084.0   1.6073006655790527 
  2085.0   1.5285164355217968 
  2086.0   1.56153972601935 
  2087.0   1.5743115318409668 
  2088.0   1.544093939651356 
  2089.0   1.6026064432391116 
  2090.0   1.6376085693649336 
  2091.0   1.3884859896499537 
  2092.0   1.4787181232391597 
  2093.0   1.7147489939781835 
  2094.0   1.6353488498741742 
  2095.0   1.6427696495953348 
  2096.0   1.5565646811449865 
  2097.0   1.718482808531626 
  2098.0   1.65680239017495 
  2099.0   1.5543807807324375 
  2100.0   1.6266650817002082 
