  2015.0   0.7035913540856396 
  2016.0   0.6658716543268358 
  2017.0   0.5075395015551984 
  2018.0   0.5969419439159587 
  2019.0   0.6502285265496205 
  2020.0   0.5067666397417886 
  2021.0   0.5285463481815513 
  2022.0   0.48591642170234134 
  2023.0   0.5251678682041433 
  2024.0   0.5863931194494919 
  2025.0   0.5622865239319021 
  2026.0   0.6158794961515203 
  2027.0   0.685481110294817 
  2028.0   0.6254020979673804 
  2029.0   0.540703863400769 
  2030.0   0.5423832049442076 
  2031.0   0.5359016868479352 
  2032.0   0.5333078219061467 
  2033.0   0.44389252710696525 
  2034.0   0.4580825655307843 
  2035.0   0.5634254165779069 
  2036.0   0.6283868410023228 
  2037.0   0.6066954734550843 
  2038.0   0.48148794526131145 
  2039.0   0.43993005239251115 
  2040.0   0.47404106874526647 
  2041.0   0.683156329007885 
  2042.0   0.665276833410853 
  2043.0   0.569759605261938 
  2044.0   0.5765371404664656 
  2045.0   0.4659427118726074 
  2046.0   0.490390364988639 
  2047.0   0.5872906234110987 
  2048.0   0.496389219485199 
  2049.0   0.4963026980553559 
  2050.0   0.5114798969098462 
  2051.0   0.6238008193407281 
  2052.0   0.5649890736895605 
  2053.0   0.6545125398148198 
  2054.0   0.5083690876391492 
  2055.0   0.633559458410058 
  2056.0   0.6781749144609294 
  2057.0   0.716130444016787 
  2058.0   0.6001809156924417 
  2059.0   0.4286194149148339 
  2060.0   0.5799595294633035 
  2061.0   0.5019607804644116 
  2062.0   0.5612328346603813 
  2063.0   0.3388391719087551 
  2064.0   0.5811191281415908 
  2065.0   0.6158955560010686 
  2066.0   0.5752480554238293 
  2067.0   0.4910240025901925 
  2068.0   0.588665359916559 
  2069.0   0.48381826104556935 
  2070.0   0.5000614715315364 
  2071.0   0.5839681463483125 
  2072.0   0.7232126910666367 
  2073.0   0.5451472291446333 
  2074.0   0.6210237330548075 
  2075.0   0.6707298106203848 
  2076.0   0.5954342302634725 
  2077.0   0.4053903302810743 
  2078.0   0.37190791715093746 
  2079.0   0.5813478582924688 
  2080.0   0.6250029748256891 
  2081.0   0.59991147088716 
  2082.0   0.7134239742988034 
  2083.0   0.7052835905673182 
  2084.0   0.4982073205055874 
  2085.0   0.5702052661272008 
  2086.0   0.5077619264909884 
  2087.0   0.5251295866355133 
  2088.0   0.6891258033985014 
  2089.0   0.6679917970593896 
  2090.0   0.5837803969912918 
  2091.0   0.480696714241777 
  2092.0   0.5407604125083268 
  2093.0   0.6271835837923951 
  2094.0   0.5591588724149464 
  2095.0   0.7924392246300325 
  2096.0   0.48749373380998273 
  2097.0   0.5254430730364399 
  2098.0   0.6567957701442443 
  2099.0   0.6483154361837302 
  2100.0   0.5003189038189725 
