  2015.0   0.5962796772563731 
  2016.0   0.5465068455758214 
  2017.0   0.47196795574972294 
  2018.0   0.4680466459642016 
  2019.0   0.5597195820958913 
  2020.0   0.5498491206559818 
  2021.0   0.45935777953181867 
  2022.0   0.49292296046116324 
  2023.0   0.5115642410682548 
  2024.0   0.4890549222159179 
  2025.0   0.5541175018710763 
  2026.0   0.5209859865740275 
  2027.0   0.5034205037275994 
  2028.0   0.5278598295715606 
  2029.0   0.5758508305300672 
  2030.0   0.5965244322630412 
  2031.0   0.4872714855686184 
  2032.0   0.5103423793955312 
  2033.0   0.5417908700752166 
  2034.0   0.5365235744303067 
  2035.0   0.5336681002367643 
  2036.0   0.6141067603505358 
  2037.0   0.5173978806041469 
  2038.0   0.5365051514926057 
  2039.0   0.596004690293508 
  2040.0   0.5628908095055188 
  2041.0   0.5763875280864923 
  2042.0   0.5604208843364288 
  2043.0   0.5215740161868179 
  2044.0   0.6733496486941966 
  2045.0   0.5790473536349964 
  2046.0   0.5193808245553588 
  2047.0   0.592278672785663 
  2048.0   0.6137113053573848 
  2049.0   0.5281683382789537 
  2050.0   0.5316053296550916 
  2051.0   0.5835578535929047 
  2052.0   0.6123708333022417 
  2053.0   0.6308167223670377 
  2054.0   0.6468153046630363 
  2055.0   0.5613386912392376 
  2056.0   0.605231889261931 
  2057.0   0.6511637909198547 
  2058.0   0.6468852865265978 
  2059.0   0.6929537329542266 
  2060.0   0.5454998531347732 
  2061.0   0.568982582190348 
  2062.0   0.6573668097099995 
  2063.0   0.7570236694174297 
  2064.0   0.610768366259764 
  2065.0   0.5456285898731218 
  2066.0   0.6560799021101685 
  2067.0   0.7894119536206002 
  2068.0   0.573308094731213 
  2069.0   0.6155573925617055 
  2070.0   0.7107116808455638 
  2071.0   0.7098786035214408 
  2072.0   0.5877574187113996 
  2073.0   0.6632473956897663 
  2074.0   0.6099904246933091 
  2075.0   0.6992175472306953 
  2076.0   0.6964205951856512 
  2077.0   0.7401558613220532 
  2078.0   0.6055214709801569 
  2079.0   0.7087965567046884 
  2080.0   0.6540795670127508 
  2081.0   0.6951379889403313 
  2082.0   0.6777307953350713 
  2083.0   0.7221105922002333 
  2084.0   0.6831558396880977 
  2085.0   0.6439795165420511 
  2086.0   0.783689245833888 
  2087.0   0.6510489336010384 
  2088.0   0.6757691034175691 
  2089.0   0.7000265555284254 
  2090.0   0.7166373657984826 
  2091.0   0.7053782970624727 
  2092.0   0.7524280415598524 
  2093.0   0.6663157075372435 
  2094.0   0.665500449710733 
  2095.0   0.699213933269255 
  2096.0   0.6725194087021228 
  2097.0   0.6717713052421793 
  2098.0   0.7431321092159656 
  2099.0   0.7923820185925629 
  2100.0   0.6340658378837286 
