  2015.0   31.52307872740833 
  2016.0   31.554336034232282 
  2017.0   31.619062074991866 
  2018.0   31.71150736596879 
  2019.0   31.68945732564759 
  2020.0   31.7309239700656 
  2021.0   31.812195491066955 
  2022.0   31.880305278524947 
  2023.0   31.945982439381687 
  2024.0   31.92683646712148 
  2025.0   31.935863558468334 
  2026.0   31.95624812818531 
  2027.0   31.941579778816422 
  2028.0   32.0164874054214 
  2029.0   32.059548857009325 
  2030.0   32.15444952969751 
  2031.0   32.19146056209054 
  2032.0   32.15487432098007 
  2033.0   32.207616670635126 
  2034.0   32.25829004582684 
  2035.0   32.34508950012559 
  2036.0   32.39845251075234 
  2037.0   32.43082759326627 
  2038.0   32.44428717754333 
  2039.0   32.47377321196752 
  2040.0   32.58442792989378 
  2041.0   32.651125240450654 
  2042.0   32.636862478964346 
  2043.0   32.63699471305919 
  2044.0   32.715357518937516 
  2045.0   32.76877827774869 
  2046.0   32.80647902472666 
  2047.0   32.83613853085662 
  2048.0   32.918760548693186 
  2049.0   32.9328545660576 
  2050.0   32.97544469486438 
  2051.0   33.033938047206085 
  2052.0   33.059800033292596 
  2053.0   33.12665749948102 
  2054.0   33.20034316249363 
  2055.0   33.14658044027761 
  2056.0   33.172041350387715 
  2057.0   33.28620134547331 
  2058.0   33.336050386786255 
  2059.0   33.37589070641648 
  2060.0   33.365082459326295 
  2061.0   33.362751694148606 
  2062.0   33.42041077226092 
  2063.0   33.50905985559096 
  2064.0   33.51705244250529 
  2065.0   33.56963672497566 
  2066.0   33.6513089930632 
  2067.0   33.70597587141883 
  2068.0   33.69948289665484 
  2069.0   33.67269960140525 
  2070.0   33.68858969179019 
  2071.0   33.80740388251937 
  2072.0   33.9074073307832 
  2073.0   33.874908635450794 
  2074.0   33.84916686457274 
  2075.0   33.899805366260956 
  2076.0   33.9094932610823 
  2077.0   33.94566968203788 
  2078.0   33.97350949456112 
  2079.0   33.99271017075831 
  2080.0   34.078061327357 
  2081.0   34.135300225080215 
  2082.0   34.14944621648885 
  2083.0   34.23733941735137 
  2084.0   34.2687192312963 
  2085.0   34.411855421280194 
  2086.0   34.46216317041554 
  2087.0   34.462258062814385 
  2088.0   34.482510974395346 
  2089.0   34.50481779065663 
  2090.0   34.532111384716146 
  2091.0   34.67381875940682 
  2092.0   34.72491627770534 
  2093.0   34.80000055058696 
  2094.0   34.79573492024976 
  2095.0   34.7914047706819 
  2096.0   34.90635802286683 
  2097.0   34.89435835700926 
  2098.0   34.90518120985582 
  2099.0   34.99219771522922 
  2100.0   35.089483622782176 
