  2015.0   4.550049299474363 
  2016.0   4.556877030018661 
  2017.0   4.556893960306592 
  2018.0   4.561442022912861 
  2019.0   4.581718780412252 
  2020.0   4.607449168114209 
  2021.0   4.624331483131704 
  2022.0   4.634087931716806 
  2023.0   4.683396972459648 
  2024.0   4.719525436484787 
  2025.0   4.77273048634548 
  2026.0   4.791203240068742 
  2027.0   4.807404548210688 
  2028.0   4.874084070971356 
  2029.0   4.915549360906592 
  2030.0   4.9475055908624865 
  2031.0   4.964426524805577 
  2032.0   5.014340476347111 
  2033.0   5.024604095533022 
  2034.0   5.058425838036419 
  2035.0   5.081909001080681 
  2036.0   5.1357317498798025 
  2037.0   5.1908597729093815 
  2038.0   5.225963522522162 
  2039.0   5.265250087262328 
  2040.0   5.271318714215046 
  2041.0   5.261780659112853 
  2042.0   5.295422418518129 
  2043.0   5.344292291001538 
  2044.0   5.403216450121143 
  2045.0   5.473227216859822 
  2046.0   5.578644252581644 
  2047.0   5.633036005436203 
  2048.0   5.6449873449548145 
  2049.0   5.70206924316726 
  2050.0   5.773904180950737 
  2051.0   5.821408042684489 
  2052.0   5.8381292907001665 
  2053.0   5.849199586031067 
  2054.0   5.903180665419127 
  2055.0   5.959143630821772 
  2056.0   6.03279595119708 
  2057.0   6.152097041116727 
  2058.0   6.186736941204208 
  2059.0   6.235599871443781 
  2060.0   6.270309783320185 
  2061.0   6.32867499883316 
  2062.0   6.402452578247723 
  2063.0   6.516075850018464 
  2064.0   6.569848254191126 
  2065.0   6.594512058238926 
  2066.0   6.6254497162794435 
  2067.0   6.692816993297955 
  2068.0   6.7993845976157505 
  2069.0   6.81074773067048 
  2070.0   6.808289053102794 
  2071.0   6.741909623575733 
  2072.0   6.767485418073647 
  2073.0   6.819067228677906 
  2074.0   6.861713886750556 
  2075.0   7.01910954423444 
  2076.0   7.152522657770526 
  2077.0   7.209151861347692 
  2078.0   7.1983172848431 
  2079.0   7.28698413043687 
  2080.0   7.393397554852599 
  2081.0   7.468498560974696 
  2082.0   7.422355309881434 
  2083.0   7.398707525121301 
  2084.0   7.396817800568008 
  2085.0   7.4389336176036895 
  2086.0   7.515242275286377 
  2087.0   7.54794314920973 
  2088.0   7.656682379489496 
  2089.0   7.697098300125052 
  2090.0   7.710462347047909 
  2091.0   7.769082717684234 
  2092.0   7.985276997559131 
  2093.0   8.10581433224055 
  2094.0   8.141708828741002 
  2095.0   8.151220488649315 
  2096.0   8.118327639333241 
  2097.0   8.081331459568421 
  2098.0   8.148033988925599 
  2099.0   8.215144301163093 
  2100.0   8.257710848020494 
