  2015.0   291.2700521469867 
  2016.0   291.5512862239057 
  2017.0   290.5008669378738 
  2018.0   291.4437166757232 
  2019.0   291.52825761935196 
  2020.0   291.48911587024907 
  2021.0   291.3933355176227 
  2022.0   291.32853363405764 
  2023.0   291.69811295540535 
  2024.0   291.5172262142071 
  2025.0   291.6848661714066 
  2026.0   291.83304127734357 
  2027.0   290.25157206057963 
  2028.0   290.9041371720419 
  2029.0   291.75936473485905 
  2030.0   291.9876871671727 
  2031.0   291.56715804764144 
  2032.0   291.508954184937 
  2033.0   291.30767637308674 
  2034.0   291.18299264134475 
  2035.0   291.65572671580213 
  2036.0   292.12224099436463 
  2037.0   291.7499718191902 
  2038.0   291.49327637513755 
  2039.0   292.2995467040545 
  2040.0   292.0071188479759 
  2041.0   292.16824516111404 
  2042.0   292.63795436085786 
  2043.0   292.3389876221263 
  2044.0   292.49487265363007 
  2045.0   292.46384707653056 
  2046.0   293.12392720428676 
  2047.0   293.1525137979122 
  2048.0   291.8643478537206 
  2049.0   292.98450829755734 
  2050.0   292.98173226500006 
  2051.0   292.75717668107677 
  2052.0   292.68403048882095 
  2053.0   293.12776582108216 
  2054.0   293.40186267897593 
  2055.0   292.67676592333424 
  2056.0   293.7547216311795 
  2057.0   293.6883759361421 
  2058.0   293.80805987879154 
  2059.0   293.64007820848263 
  2060.0   293.87011678855725 
  2061.0   294.2209410486841 
  2062.0   294.6226548596112 
  2063.0   293.7394147929851 
  2064.0   293.65171134235175 
  2065.0   293.9631663020926 
  2066.0   294.541523939018 
  2067.0   294.25191251751585 
  2068.0   293.8186378774719 
  2069.0   294.69665280610513 
  2070.0   294.2172889014362 
  2071.0   294.34050401482364 
  2072.0   293.77983465955265 
  2073.0   294.4066010853749 
  2074.0   294.9347587198354 
  2075.0   294.9690837108535 
  2076.0   294.1240622042392 
  2077.0   295.19040702157696 
  2078.0   295.89698138683923 
  2079.0   295.35515416471975 
  2080.0   294.5400277102998 
  2081.0   295.3420569722318 
  2082.0   295.0360743023671 
  2083.0   294.8666966697918 
  2084.0   294.97857024983864 
  2085.0   295.4975710883209 
  2086.0   295.3543915282043 
  2087.0   295.87731639284567 
  2088.0   295.4973996584287 
  2089.0   295.4404331699981 
  2090.0   295.6106535841328 
  2091.0   296.1514982190276 
  2092.0   295.65689590164345 
  2093.0   295.82163289904526 
  2094.0   295.2409572662371 
  2095.0   296.07227979848744 
  2096.0   296.1822861320573 
  2097.0   296.16469192456697 
  2098.0   296.03399662083575 
  2099.0   296.56234129761515 
  2100.0   296.9300319454063 
