  2015.0   0.5745906905373538 
  2016.0   0.6646471086824681 
  2017.0   0.6778307962622646 
  2018.0   0.6486068254860504 
  2019.0   0.6292755420129369 
  2020.0   0.6322563650095325 
  2021.0   0.7097535725114096 
  2022.0   0.7201358328440456 
  2023.0   0.6658251249156742 
  2024.0   0.6812536072028456 
  2025.0   0.6696703674856606 
  2026.0   0.772262375622524 
  2027.0   0.7471451855106883 
  2028.0   0.6125797422965995 
  2029.0   0.6609119209237422 
  2030.0   0.6386570442945566 
  2031.0   0.5906567727640916 
  2032.0   0.666772460059418 
  2033.0   0.5818575429138145 
  2034.0   0.6448791566287938 
  2035.0   0.6655697941598272 
  2036.0   0.8560113673463798 
  2037.0   0.6872106810129331 
  2038.0   0.7300517948822416 
  2039.0   0.6002681025386096 
  2040.0   0.5584850329990425 
  2041.0   0.6521168531829443 
  2042.0   0.6560962829590168 
  2043.0   0.6624924602921675 
  2044.0   0.6707829920668783 
  2045.0   0.6644066146783558 
  2046.0   0.6519910760243501 
  2047.0   0.7049740768981949 
  2048.0   0.6777813877015407 
  2049.0   0.8376167764296187 
  2050.0   0.679417392784506 
  2051.0   0.5996339872149375 
  2052.0   0.6375443408006549 
  2053.0   0.659621907354911 
  2054.0   0.6551063877051878 
  2055.0   0.9403400713460267 
  2056.0   0.7166106970964292 
  2057.0   0.8907701821948991 
  2058.0   0.6683593549500575 
  2059.0   0.5656930075601989 
  2060.0   0.6157694027970256 
  2061.0   0.6209424346985382 
  2062.0   0.6863920321798775 
  2063.0   0.7320281704161533 
  2064.0   0.7454620914941418 
  2065.0   0.7914708333631049 
  2066.0   0.7200967725053159 
  2067.0   0.6575093017583495 
  2068.0   0.8177004938823051 
  2069.0   0.5867201846962976 
  2070.0   0.6587268210686238 
  2071.0   0.7535790470402665 
  2072.0   0.8330512346389863 
  2073.0   0.7201888259692399 
  2074.0   0.7812472530297496 
  2075.0   0.7505775771390513 
  2076.0   0.6782952692052255 
  2077.0   0.7869831501097976 
  2078.0   0.7298475705605819 
  2079.0   0.6315270862189538 
  2080.0   0.6898065961645504 
  2081.0   0.8044570433952233 
  2082.0   0.6423779706617628 
  2083.0   0.7170323956299857 
  2084.0   0.6632707849863878 
  2085.0   0.7039050604740877 
  2086.0   0.678670584181043 
  2087.0   0.7005298310349242 
  2088.0   0.7568652898653616 
  2089.0   0.6779837291103253 
  2090.0   0.7122610614426694 
  2091.0   0.8393844784499619 
  2092.0   0.7903268905389548 
  2093.0   0.7611672255813278 
  2094.0   0.7819802999369636 
  2095.0   0.6915815510895125 
  2096.0   0.7569201209273689 
  2097.0   0.7196867772587056 
  2098.0   0.6852231901004253 
  2099.0   0.7254756927107945 
  2100.0   0.8217260823813741 
