  2015.0   47.76053688291261 
  2016.0   47.7941797811057 
  2017.0   47.88532490383312 
  2018.0   47.92199668395851 
  2019.0   47.82996437744042 
  2020.0   47.801713229088996 
  2021.0   47.87451520676435 
  2022.0   47.92321583574733 
  2023.0   47.85933100586442 
  2024.0   47.75052158983785 
  2025.0   47.792122385131314 
  2026.0   47.88321036404586 
  2027.0   47.81921080595303 
  2028.0   47.75729660738199 
  2029.0   47.75932538114515 
  2030.0   47.83929800562631 
  2031.0   47.825628606066005 
  2032.0   47.93736454614145 
  2033.0   48.015159102568184 
  2034.0   48.09598859808965 
  2035.0   48.03199039090105 
  2036.0   48.0182139580725 
  2037.0   48.1090989036465 
  2038.0   48.12627141599372 
  2039.0   48.147644179078554 
  2040.0   48.346281295342514 
  2041.0   48.49569347705338 
  2042.0   48.52918106142594 
  2043.0   48.53724448207863 
  2044.0   48.56160277833656 
  2045.0   48.42520242937602 
  2046.0   48.36614976069949 
  2047.0   48.60368290123841 
  2048.0   48.85435487926403 
  2049.0   48.895466862288266 
  2050.0   48.81415564940333 
  2051.0   48.808807448609336 
  2052.0   49.043069685338914 
  2053.0   49.15343593596561 
  2054.0   49.16073815482309 
  2055.0   49.24446969150517 
  2056.0   49.28633765763728 
  2057.0   49.305654118344 
  2058.0   49.41723728665059 
  2059.0   49.45585426671377 
  2060.0   49.460943796165424 
  2061.0   49.61310409717456 
  2062.0   49.793735141137454 
  2063.0   49.808157168868036 
  2064.0   49.94600814669696 
  2065.0   50.104581589504626 
  2066.0   50.30063741906678 
  2067.0   50.31152807479327 
  2068.0   50.46459468778126 
  2069.0   50.578427885108184 
  2070.0   50.811913632607826 
  2071.0   51.019651216027704 
  2072.0   51.077481287873056 
  2073.0   51.15815805588866 
  2074.0   51.189959041317344 
  2075.0   51.17176171782392 
  2076.0   51.3002780504757 
  2077.0   51.41803681976193 
  2078.0   51.63797777154966 
  2079.0   51.603186186028125 
  2080.0   51.77511447365106 
  2081.0   52.1203662811289 
  2082.0   52.085285735996614 
  2083.0   52.25233839575295 
  2084.0   52.4789467297404 
  2085.0   52.45168823368417 
  2086.0   52.60222640745932 
  2087.0   52.61233784189392 
  2088.0   52.6516065181734 
  2089.0   52.766265396535736 
  2090.0   52.858165604761254 
  2091.0   52.920212049162856 
  2092.0   53.054223508823846 
  2093.0   53.303362160648966 
  2094.0   53.41669266313763 
  2095.0   53.46255708311428 
  2096.0   53.780439739344665 
  2097.0   53.88453884151446 
  2098.0   54.04971323066261 
  2099.0   54.09640607738309 
  2100.0   54.134796384769125 
