  2015.0   -4.554527679108614e-10 
  2016.0   -4.2011602816011616e-10 
  2017.0   -5.262185736753921e-10 
  2018.0   -5.217551122921945e-10 
  2019.0   -5.26492870017919e-10 
  2020.0   -5.487887695593434e-10 
  2021.0   -5.183159443753066e-10 
  2022.0   -4.806942553650608e-10 
  2023.0   -5.484124237858661e-10 
  2024.0   -4.686099969193636e-10 
  2025.0   -5.054615193180494e-10 
  2026.0   -5.465146312627341e-10 
  2027.0   -5.094853134405231e-10 
  2028.0   -5.287922604817563e-10 
  2029.0   -5.771492352962578e-10 
  2030.0   -4.92715776192337e-10 
  2031.0   -4.2500491267063996e-10 
  2032.0   -4.748697866217717e-10 
  2033.0   -5.419256768817635e-10 
  2034.0   -5.789737115047088e-10 
  2035.0   -6.128034718915551e-10 
  2036.0   -5.436464595750981e-10 
  2037.0   -4.693191367048022e-10 
  2038.0   -6.127864923848491e-10 
  2039.0   -6.581897968188581e-10 
  2040.0   -5.979680977735872e-10 
  2041.0   -6.780967274904519e-10 
  2042.0   -5.765588198746406e-10 
  2043.0   -5.245887603013429e-10 
  2044.0   -5.56394110434555e-10 
  2045.0   -6.0173235463679e-10 
  2046.0   -6.129985841444845e-10 
  2047.0   -6.674715426609748e-10 
  2048.0   -6.975665691639987e-10 
  2049.0   -5.653994066329433e-10 
  2050.0   -5.793231183973859e-10 
  2051.0   -5.937713538483327e-10 
  2052.0   -6.787247153246337e-10 
  2053.0   -6.186473232983352e-10 
  2054.0   -5.961038162291619e-10 
  2055.0   -7.425893349592063e-10 
  2056.0   -7.01979525585373e-10 
  2057.0   -6.275658990087706e-10 
  2058.0   -6.48593360971794e-10 
  2059.0   -5.85068461531935e-10 
  2060.0   -6.175518217348415e-10 
  2061.0   -6.077363430460545e-10 
  2062.0   -6.557762616088437e-10 
  2063.0   -6.514917712403663e-10 
  2064.0   -6.059958043705362e-10 
  2065.0   -7.366873883935713e-10 
  2066.0   -6.513811978191131e-10 
  2067.0   -6.692245217964769e-10 
  2068.0   -6.48169758118302e-10 
  2069.0   -7.003631342849591e-10 
  2070.0   -6.379226715038496e-10 
  2071.0   -7.265868756151919e-10 
  2072.0   -7.364580263920866e-10 
  2073.0   -6.725806626298617e-10 
  2074.0   -7.573521044803935e-10 
  2075.0   -7.313404556176513e-10 
  2076.0   -8.251253377704748e-10 
  2077.0   -6.276712102759653e-10 
  2078.0   -6.792453968046019e-10 
  2079.0   -7.531471499816425e-10 
  2080.0   -6.988773238974572e-10 
  2081.0   -6.975598648843838e-10 
  2082.0   -7.386057263936253e-10 
  2083.0   -7.36593095878835e-10 
  2084.0   -7.797150861193957e-10 
  2085.0   -8.724919556658431e-10 
  2086.0   -8.171086140368965e-10 
  2087.0   -7.208497290336377e-10 
  2088.0   -6.783977292288158e-10 
  2089.0   -7.437949127065533e-10 
  2090.0   -7.803708887484878e-10 
  2091.0   -6.065229858008734e-10 
  2092.0   -8.931111778800525e-10 
  2093.0   -9.575450957836815e-10 
  2094.0   -9.732960866413317e-10 
  2095.0   -8.431778161387723e-10 
  2096.0   -8.41874419775445e-10 
  2097.0   -9.2059385044979e-10 
  2098.0   -8.751008478902397e-10 
  2099.0   -8.545393116980296e-10 
  2100.0   -7.674514933521547e-10 
