  2015.0   6.543424134642736e-11 
  2016.0   6.742310563256922e-11 
  2017.0   6.230515092671039e-11 
  2018.0   7.435398631928905e-11 
  2019.0   6.432469405158756e-11 
  2020.0   7.511198278467783e-11 
  2021.0   6.499014294459707e-11 
  2022.0   1.0013652051928535e-10 
  2023.0   1.1902316045172388e-10 
  2024.0   6.938945695379529e-11 
  2025.0   7.933480736635161e-11 
  2026.0   5.5725538229269244e-11 
  2027.0   7.644325710658496e-11 
  2028.0   7.419075698806749e-11 
  2029.0   7.79940062328781e-11 
  2030.0   8.597608972150699e-11 
  2031.0   9.27605349008105e-11 
  2032.0   7.091918310917886e-11 
  2033.0   7.911563167677362e-11 
  2034.0   9.841510196674559e-11 
  2035.0   8.958060316970494e-11 
  2036.0   6.567345593872147e-11 
  2037.0   8.524661205619313e-11 
  2038.0   8.930240454899497e-11 
  2039.0   8.83441551879988e-11 
  2040.0   5.10271594465527e-11 
  2041.0   7.08462904053732e-11 
  2042.0   8.067872565691547e-11 
  2043.0   8.193703601485558e-11 
  2044.0   6.702906799224817e-11 
  2045.0   7.373048016594086e-11 
  2046.0   8.090066398572082e-11 
  2047.0   8.747871645745886e-11 
  2048.0   1.0950616650545688e-10 
  2049.0   1.334633302111094e-10 
  2050.0   1.0360675280514001e-10 
  2051.0   9.476325933500063e-11 
  2052.0   1.197549774628333e-10 
  2053.0   6.326597652946679e-11 
  2054.0   8.794251036266961e-11 
  2055.0   1.0211275650722392e-10 
  2056.0   6.78491250119851e-11 
  2057.0   8.026555236310882e-11 
  2058.0   1.0315813184766977e-10 
  2059.0   1.340029274534949e-10 
  2060.0   8.762469764228812e-11 
  2061.0   1.0087361071655976e-10 
  2062.0   9.680671487783571e-11 
  2063.0   1.3647919900220148e-10 
  2064.0   9.331378774694676e-11 
  2065.0   1.0231962242298809e-10 
  2066.0   1.3805490749677e-10 
  2067.0   1.4977877243180267e-10 
  2068.0   1.059635915862143e-10 
  2069.0   6.569665629485712e-11 
  2070.0   1.1078437184591345e-10 
  2071.0   1.0014982692482704e-10 
  2072.0   8.428482679200623e-11 
  2073.0   8.535741153923418e-11 
  2074.0   9.804740017718184e-11 
  2075.0   1.288671460850663e-10 
  2076.0   1.611136920348875e-10 
  2077.0   1.0282842098597471e-10 
  2078.0   1.0981056445180777e-10 
  2079.0   1.3215257596037483e-10 
  2080.0   1.0425409599579719e-10 
  2081.0   1.3535274314737057e-10 
  2082.0   1.2348768989912786e-10 
  2083.0   1.810877828628025e-10 
  2084.0   1.677336855743651e-10 
  2085.0   1.3389723273484505e-10 
  2086.0   1.5512734230024504e-10 
  2087.0   1.5785717693460192e-10 
  2088.0   1.2373019460639279e-10 
  2089.0   1.8227581225682048e-10 
  2090.0   1.8577687160960858e-10 
  2091.0   1.600378667741622e-10 
  2092.0   2.4134392216839985e-10 
  2093.0   1.7129963268362413e-10 
  2094.0   1.420063396888406e-10 
  2095.0   1.7430099632446965e-10 
  2096.0   2.0497511465003878e-10 
  2097.0   1.521786917342012e-10 
  2098.0   1.5996507614766437e-10 
  2099.0   2.0766718574828546e-10 
  2100.0   2.0189198748159851e-10 
