  2015.0   0.5088600828178071 
  2016.0   0.5128853640053876 
  2017.0   0.5401900914717409 
  2018.0   0.5135041850910577 
  2019.0   0.5124513892847362 
  2020.0   0.5345758148440711 
  2021.0   0.533724396566513 
  2022.0   0.5311835714854494 
  2023.0   0.5161330956353631 
  2024.0   0.5408181883549372 
  2025.0   0.5283052918979924 
  2026.0   0.5473624071736255 
  2027.0   0.5485529062411858 
  2028.0   0.5472518868697823 
  2029.0   0.5376029163607801 
  2030.0   0.5203891285908676 
  2031.0   0.526372109770727 
  2032.0   0.524150985243688 
  2033.0   0.5257640256119518 
  2034.0   0.5183611246291714 
  2035.0   0.5274956987091869 
  2036.0   0.5481285961764625 
  2037.0   0.5263568024748774 
  2038.0   0.5568172579642326 
  2039.0   0.5440081959770624 
  2040.0   0.5572686325151118 
  2041.0   0.5989373330204024 
  2042.0   0.5899536918712909 
  2043.0   0.5779555604592419 
  2044.0   0.5838433993257293 
  2045.0   0.5893695611487358 
  2046.0   0.5826756286617022 
  2047.0   0.5872724104042981 
  2048.0   0.5784551611497827 
  2049.0   0.5744622151941107 
  2050.0   0.5813585376879239 
  2051.0   0.5707489421625572 
  2052.0   0.5639233798996443 
  2053.0   0.6031078493237936 
  2054.0   0.5652864036648574 
  2055.0   0.5685815925928288 
  2056.0   0.6108200456873046 
  2057.0   0.610888634429035 
  2058.0   0.6235668564342852 
  2059.0   0.6309258239584226 
  2060.0   0.6504841411340624 
  2061.0   0.6551115691778874 
  2062.0   0.6542426951797539 
  2063.0   0.6468701353327593 
  2064.0   0.663232279305082 
  2065.0   0.6644140202560662 
  2066.0   0.6324406116215608 
  2067.0   0.624419624997447 
  2068.0   0.6300603252056443 
  2069.0   0.6428905511563575 
  2070.0   0.6103018719651275 
  2071.0   0.6278908508710792 
  2072.0   0.6679867364416077 
  2073.0   0.7163020041407631 
  2074.0   0.7222332768944392 
  2075.0   0.7180412114237407 
  2076.0   0.6824349855568957 
  2077.0   0.7113418909423782 
  2078.0   0.6843876065221437 
  2079.0   0.6962938500059456 
  2080.0   0.7264498471920567 
  2081.0   0.7375822360400376 
  2082.0   0.7556546688478188 
  2083.0   0.7453933618779613 
  2084.0   0.7389651228371538 
  2085.0   0.7694515926751198 
  2086.0   0.7750122285173889 
  2087.0   0.7820947471935034 
  2088.0   0.7952010970058154 
  2089.0   0.8139455699487425 
  2090.0   0.8413485251672905 
  2091.0   0.8187678891326123 
  2092.0   0.8185123213967481 
  2093.0   0.8563927277402866 
  2094.0   0.8404827219511736 
  2095.0   0.8305983246505821 
  2096.0   0.8330367546368478 
  2097.0   0.8545714116536638 
  2098.0   0.8682448104464294 
  2099.0   0.879544518659254 
  2100.0   0.8847769314268952 
